245.000000	84954.398567	18307.889200	187500.000000	187500.000000	82691.150330	99266.756984	107671.191713	130056.486136	0.000000	0.000000	0.000000	192.000000	0.000000	0.000000	0.000000	0.000000	0.000000	0.000000	0.000000	0.000000	0.000000	1733433141.775724	0.000000
246.000000	84944.206172	18305.184639	187500.000000	187500.000000	82689.630412	99293.467318	107659.635861	130026.400688	0.000000	0.000000	0.000000	192.000000	0.000000	0.000000	0.000000	0.000000	0.000000	0.000000	0.000000	0.000000	0.000000	1733433141.776109	0.000000
247.000000	84950.576419	18343.204956	187500.000000	187500.000000	82693.586671	99296.373045	107687.128507	130039.588218	0.000000	0.000000	0.000000	192.000000	0.000000	0.000000	0.000000	0.000000	0.000000	0.000000	0.000000	0.000000	0.000000	1733433141.776442	0.000000
248.000000	84957.371349	18324.362436	187500.000000	187500.000000	82709.299947	99294.406092	107706.149841	130054.005093	0.000000	0.000000	0.000000	192.000000	0.000000	0.000000	0.000000	0.000000	0.000000	0.000000	0.000000	0.000000	0.000000	1733433141.776608	0.000000
0.000000	0.000000	0.000000	0.000000	0.000000	0.000000	0.000000	0.000000	0.000000	0.000000	0.000000	0.000000	192.000000	0.000000	0.000000	0.000000	0.000000	0.000000	0.000000	0.000000	0.000000	0.000000	1733433141.842825	0.000000
1.000000	84985.959230	17048.658973	187500.000000	187500.000000	83131.345586	99227.417913	107635.987715	130138.315873	-0.146000	0.912000	0.212000	192.000000	251.000000	112.000000	28.000000	128.000000	6.000000	160.000000	0.000000	0.000000	0.000000	1733433141.858461	0.000000
2.000000	84982.695875	17044.635659	187500.000000	187500.000000	83129.311577	99232.402352	107631.271497	130135.454850	-0.146000	0.912000	0.212000	192.000000	0.000000	0.000000	0.000000	0.000000	0.000000	0.000000	0.000000	0.000000	0.000000	1733433141.861710	0.000000
3.000000	84989.133178	17050.894147	187500.000000	187500.000000	83130.295054	99242.952376	107638.580518	130134.963111	-0.146000	0.912000	0.212000	192.000000	0.000000	0.000000	0.000000	0.000000	0.000000	0.000000	0.000000	0.000000	0.000000	1733433141.865492	0.000000
4.000000	84993.849396	17064.752229	187500.000000	187500.000000	83135.771231	99253.658861	107642.603832	130153.135080	-0.146000	0.912000	0.212000	192.000000	0.000000	0.000000	0.000000	0.000000	0.000000	0.000000	0.000000	0.000000	0.000000	1733433141.869493	0.000000
5.000000	84984.863995	17059.745438	187500.000000	187500.000000	83130.563275	99237.006812	107633.461968	130163.439234	-0.146000	0.912000	0.212000	192.000000	0.000000	0.000000	0.000000	0.000000	0.000000	0.000000	0.000000	0.000000	0.000000	1733433141.873503	0.000000
6.000000	84980.572460	17046.870833	187500.000000	187500.000000	83129.222170	99230.278937	107635.294811	130168.311914	-0.146000	0.912000	0.212000	192.000000	0.000000	0.000000	0.000000	0.000000	0.000000	0.000000	0.000000	0.000000	0.000000	1733433141.877062	0.000000
7.000000	84990.340172	17050.558871	187500.000000	187500.000000	83129.803315	99226.233271	107630.936221	130178.258440	-0.146000	0.912000	0.212000	192.000000	0.000000	0.000000	0.000000	0.000000	0.000000	0.000000	0.000000	0.000000	0.000000	1733433141.880844	0.000000
8.000000	84994.318783	17057.756133	187500.000000	187500.000000	83133.714871	99227.172044	107631.852643	130172.111711	-0.140000	0.932000	0.116000	192.000000	251.000000	160.000000	29.000000	32.000000	3.000000	160.000000	0.000000	0.000000	0.000000	1733433141.885537	0.000000
9.000000	84990.295469	17059.007831	187500.000000	187500.000000	83138.341682	99233.005849	107640.480416	130155.414957	-0.140000	0.932000	0.116000	192.000000	0.000000	0.000000	0.000000	0.000000	0.000000	0.000000	0.000000	0.000000	0.000000	1733433141.889761	0.000000
10.000000	84989.870785	17063.478179	187500.000000	187500.000000	83141.739147	99237.699716	107642.425018	130165.964981	-0.140000	0.932000	0.116000	192.000000	0.000000	0.000000	0.000000	0.000000	0.000000	0.000000	0.000000	0.000000	0.000000	1733433141.893705	0.000000
11.000000	84990.742503	17086.947511	187500.000000	187500.000000	83149.741071	99248.316794	107635.294811	130172.111711	-0.140000	0.932000	0.116000	192.000000	0.000000	0.000000	0.000000	0.000000	0.000000	0.000000	0.000000	0.000000	0.000000	1733433141.897555	0.000000
12.000000	84993.938803	17062.606461	187500.000000	187500.000000	83153.831441	99250.730783	107652.505654	130160.958190	-0.140000	0.932000	0.116000	192.000000	0.000000	0.000000	0.000000	0.000000	0.000000	0.000000	0.000000	0.000000	0.000000	1733433141.901517	0.000000
13.000000	84995.861053	17058.739610	187500.000000	187500.000000	83154.300827	99258.576245	107660.373468	130169.518908	-0.140000	0.932000	0.116000	192.000000	0.000000	0.000000	0.000000	0.000000	0.000000	0.000000	0.000000	0.000000	0.000000	1733433141.904510	0.000000
14.000000	84996.889233	17067.300328	187500.000000	187500.000000	83151.305694	99261.705489	107654.360849	130173.877498	-0.140000	0.932000	0.116000	192.000000	0.000000	0.000000	0.000000	0.000000	0.000000	0.000000	0.000000	0.000000	0.000000	1733433141.908534	0.000000
15.000000	84994.430541	17068.887302	187500.000000	187500.000000	83149.226981	99265.080603	107659.904082	130195.737504	-0.140000	0.932000	0.116000	192.000000	0.000000	0.000000	0.000000	0.000000	0.000000	0.000000	0.000000	0.000000	0.000000	1733433141.913528	0.000000
16.000000	84995.838701	17074.922273	187500.000000	187500.000000	83151.037473	99266.533466	107664.441486	130213.596548	-0.140000	0.932000	0.116000	192.000000	0.000000	0.000000	0.000000	0.000000	0.000000	0.000000	0.000000	0.000000	0.000000	1733433141.917562	0.000000
17.000000	84992.530643	17067.769714	187500.000000	187500.000000	83156.379540	99267.427536	107653.891463	130142.093318	-0.140000	0.932000	0.116000	192.000000	0.000000	0.000000	0.000000	0.000000	0.000000	0.000000	0.000000	0.000000	0.000000	1733433141.921835	0.000000
18.000000	84995.279908	17073.044726	187500.000000	187500.000000	83155.485470	99265.929969	107653.735000	130174.011609	-0.142000	0.944000	0.076000	192.000000	251.000000	144.000000	29.000000	128.000000	2.000000	96.000000	0.000000	0.000000	0.000000	1733433141.925819	0.000000
19.000000	85003.728867	17080.867837	187500.000000	187500.000000	83159.642894	99273.931894	107664.285024	130174.011609	-0.142000	0.944000	0.076000	192.000000	0.000000	0.000000	0.000000	0.000000	0.000000	0.000000	0.000000	0.000000	0.000000	1733433141.929731	0.000000
20.000000	85001.069009	17074.698755	187500.000000	187500.000000	83156.759519	99269.416841	107664.061506	130157.963056	-0.142000	0.944000	0.076000	192.000000	0.000000	0.000000	0.000000	0.000000	0.000000	0.000000	0.000000	0.000000	0.000000	1733433141.932820	0.000000
21.000000	85001.404286	17083.192418	187500.000000	187500.000000	83156.491298	99277.754042	107666.408439	130164.355655	-0.142000	0.944000	0.076000	192.000000	0.000000	0.000000	0.000000	0.000000	0.000000	0.000000	0.000000	0.000000	0.000000	1733433141.936731	0.000000
22.000000	85011.551978	17094.725918	187500.000000	187500.000000	83171.422264	99297.021246	107675.080916	130185.410999	-0.142000	0.944000	0.076000	192.000000	0.000000	0.000000	0.000000	0.000000	0.000000	0.000000	0.000000	0.000000	0.000000	1733433141.941574	0.000000
23.000000	85016.044678	17093.116593	187500.000000	187500.000000	83178.351304	99284.906600	107673.069259	130190.440141	-0.142000	0.944000	0.076000	192.000000	0.000000	0.000000	0.000000	0.000000	0.000000	0.000000	0.000000	0.000000	0.000000	1733433141.945907	0.000000
24.000000	85009.070934	17082.410107	187500.000000	187500.000000	83169.030627	99265.840562	107660.261710	130180.426559	-0.142000	0.944000	0.076000	192.000000	0.000000	0.000000	0.000000	0.000000	0.000000	0.000000	0.000000	0.000000	0.000000	1733433141.949597	0.000000
25.000000	85006.232262	17081.560741	187500.000000	187500.000000	83161.408682	99267.986330	107669.425925	130191.937708	-0.142000	0.944000	0.076000	192.000000	0.000000	0.000000	0.000000	0.000000	0.000000	0.000000	0.000000	0.000000	0.000000	1733433141.952590	0.000000
26.000000	85005.896986	17083.952377	187500.000000	187500.000000	83155.485470	99265.170010	107661.781628	130187.623821	-0.142000	0.944000	0.076000	192.000000	0.000000	0.000000	0.000000	0.000000	0.000000	0.000000	0.000000	0.000000	0.000000	1733433141.956590	0.000000
27.000000	85012.870731	17097.028148	187500.000000	187500.000000	83164.604981	99283.319626	107670.007070	130201.325441	-0.142000	0.944000	0.076000	192.000000	0.000000	0.000000	0.000000	0.000000	0.000000	0.000000	0.000000	0.000000	0.000000	1733433141.960612	0.000000
28.000000	85022.102001	17107.131136	187500.000000	187500.000000	83175.602040	99296.507155	107679.663024	130202.577138	-0.132000	0.940000	0.056000	192.000000	251.000000	224.000000	29.000000	96.000000	1.000000	192.000000	0.000000	0.000000	0.000000	1733433141.965029	0.000000
29.000000	85023.666623	17108.338131	187500.000000	187500.000000	83177.010200	99299.926972	107686.592065	130213.507141	-0.132000	0.940000	0.056000	192.000000	0.000000	0.000000	0.000000	0.000000	0.000000	0.000000	0.000000	0.000000	0.000000	1733433141.969814	0.000000
30.000000	85020.313861	17100.380909	187500.000000	187500.000000	83169.231793	99283.341978	107683.574579	130204.812313	-0.132000	0.940000	0.056000	192.000000	0.000000	0.000000	0.000000	0.000000	0.000000	0.000000	0.000000	0.000000	0.000000	1733433141.973748	0.000000
31.000000	85018.704536	17099.509191	187500.000000	187500.000000	83164.739092	99281.442080	107672.421059	130179.465434	-0.132000	0.940000	0.056000	192.000000	0.000000	0.000000	0.000000	0.000000	0.000000	0.000000	0.000000	0.000000	0.000000	1733433141.977926	0.000000
32.000000	85018.168094	17105.700625	187500.000000	187500.000000	83168.449482	99286.538277	107676.690242	130189.836644	-0.132000	0.940000	0.056000	192.000000	0.000000	0.000000	0.000000	0.000000	0.000000	0.000000	0.000000	0.000000	0.000000	1733433141.980682	0.000000
33.000000	85024.672452	17118.709340	187500.000000	187500.000000	83178.530118	99293.802594	107699.265504	130203.560615	-0.132000	0.940000	0.056000	192.000000	0.000000	0.000000	0.000000	0.000000	0.000000	0.000000	0.000000	0.000000	0.000000	1733433141.984649	0.000000
34.000000	85027.734641	17110.439194	187500.000000	187500.000000	83185.325049	99297.647094	107701.388920	130208.813275	-0.132000	0.940000	0.056000	192.000000	0.000000	0.000000	0.000000	0.000000	0.000000	0.000000	0.000000	0.000000	0.000000	1733433141.988656	0.000000
35.000000	85023.934844	17097.028148	187500.000000	187500.000000	83188.186072	99301.581001	107693.163478	130215.138819	-0.132000	0.940000	0.056000	192.000000	0.000000	0.000000	0.000000	0.000000	0.000000	0.000000	0.000000	0.000000	0.000000	1733433141.992664	0.000000
36.000000	85027.421716	17105.946494	187500.000000	187500.000000	83189.750694	99304.866708	107699.444318	130224.303034	-0.132000	0.940000	0.056000	192.000000	0.000000	0.000000	0.000000	0.000000	0.000000	0.000000	0.000000	0.000000	0.000000	1733433141.996689	0.000000
37.000000	85037.211780	17122.151509	187500.000000	187500.000000	83202.200616	99318.367162	107710.240210	130238.675206	-0.132000	0.940000	0.056000	192.000000	0.000000	0.000000	0.000000	0.000000	0.000000	0.000000	0.000000	0.000000	0.000000	1733433142.001728	0.000000
38.000000	85040.721004	17132.656828	187500.000000	187500.000000	83205.195749	99318.925955	107718.935039	130228.885141	-0.136000	0.940000	0.044000	192.000000	251.000000	192.000000	29.000000	96.000000	1.000000	96.000000	0.000000	0.000000	0.000000	1733433142.005722	0.000000
39.000000	85043.984359	17125.325456	187500.000000	187500.000000	83202.871168	99308.331228	107716.722216	130241.089194	-0.136000	0.940000	0.044000	192.000000	0.000000	0.000000	0.000000	0.000000	0.000000	0.000000	0.000000	0.000000	0.000000	1733433142.008883	0.000000
40.000000	85038.217609	17125.191346	187500.000000	187500.000000	83206.179226	99323.284545	107705.345178	130227.856961	-0.136000	0.940000	0.044000	192.000000	0.000000	0.000000	0.000000	0.000000	0.000000	0.000000	0.000000	0.000000	0.000000	1733433142.012871	0.000000
41.000000	85041.413908	17138.133006	187500.000000	187500.000000	83217.288043	99328.246633	107705.099309	130215.585854	-0.136000	0.940000	0.044000	192.000000	0.000000	0.000000	0.000000	0.000000	0.000000	0.000000	0.000000	0.000000	0.000000	1733433142.016907	0.000000
42.000000	85046.688920	17128.991142	187500.000000	187500.000000	83212.728287	99312.667467	107717.146899	130249.001711	-0.136000	0.940000	0.044000	192.000000	0.000000	0.000000	0.000000	0.000000	0.000000	0.000000	0.000000	0.000000	0.000000	1733433142.020952	0.000000
43.000000	85043.626731	17110.863878	187500.000000	187500.000000	83206.156874	99310.834624	107722.980705	130246.453613	-0.136000	0.940000	0.044000	192.000000	0.000000	0.000000	0.000000	0.000000	0.000000	0.000000	0.000000	0.000000	0.000000	1733433142.025018	0.000000
44.000000	85032.607321	17099.062157	187500.000000	187500.000000	83196.880900	99298.272943	107703.422928	130218.044545	-0.136000	0.940000	0.044000	192.000000	0.000000	0.000000	0.000000	0.000000	0.000000	0.000000	0.000000	0.000000	0.000000	1733433142.030096	0.000000
45.000000	85037.390594	17109.634532	187500.000000	187500.000000	83211.387183	99303.011513	107714.352931	130202.644193	-0.136000	0.940000	0.044000	192.000000	0.000000	0.000000	0.000000	0.000000	0.000000	0.000000	0.000000	0.000000	0.000000	1733433142.033771	0.000000
46.000000	85043.447917	17117.457642	187500.000000	187500.000000	83213.823523	99313.494481	107718.823280	130204.231167	-0.136000	0.940000	0.044000	192.000000	0.000000	0.000000	0.000000	0.000000	0.000000	0.000000	0.000000	0.000000	0.000000	1733433142.036763	0.000000
47.000000	85044.096118	17117.502346	187500.000000	187500.000000	83210.180188	99307.191289	107711.514260	130218.670394	-0.136000	0.940000	0.044000	192.000000	0.000000	0.000000	0.000000	0.000000	0.000000	0.000000	0.000000	0.000000	0.000000	1733433142.040828	0.000000
48.000000	85042.218571	17123.045578	187500.000000	187500.000000	83213.242377	99307.683028	107712.788309	130238.563447	-0.136000	0.946000	0.040000	192.000000	251.000000	192.000000	29.000000	144.000000	1.000000	64.000000	0.000000	0.000000	0.000000	1733433142.044774	0.000000
49.000000	85047.448879	17134.310858	187500.000000	187500.000000	83218.807962	99313.561536	107716.029312	130233.690767	-0.136000	0.946000	0.040000	192.000000	0.000000	0.000000	0.000000	0.000000	0.000000	0.000000	0.000000	0.000000	0.000000	1733433142.048875	0.000000
50.000000	85055.339045	17136.814253	187500.000000	187500.000000	83230.408517	99325.184444	107725.081769	130231.924979	-0.136000	0.946000	0.040000	192.000000	0.000000	0.000000	0.000000	0.000000	0.000000	0.000000	0.000000	0.000000	0.000000	1733433142.053011	0.000000
51.000000	85059.362359	17154.427428	187500.000000	187500.000000	83232.576636	99335.332136	107718.510356	130240.351586	-0.136000	0.946000	0.040000	192.000000	0.000000	0.000000	0.000000	0.000000	0.000000	0.000000	0.000000	0.000000	0.000000	1733433142.058020	0.000000
52.000000	85060.815222	17163.770457	187500.000000	187500.000000	83231.593160	99351.760668	107718.376245	130274.348590	-0.136000	0.946000	0.040000	192.000000	0.000000	0.000000	0.000000	0.000000	0.000000	0.000000	0.000000	0.000000	0.000000	1733433142.060818	0.000000
53.000000	85066.470214	17158.763666	187500.000000	187500.000000	83243.707805	99345.032793	107729.999152	130249.627560	-0.136000	0.946000	0.040000	192.000000	0.000000	0.000000	0.000000	0.000000	0.000000	0.000000	0.000000	0.000000	0.000000	1733433142.064910	0.000000
54.000000	85062.826879	17135.339038	187500.000000	187500.000000	83253.386110	99338.550787	107736.078827	130244.084328	-0.136000	0.946000	0.040000	192.000000	0.000000	0.000000	0.000000	0.000000	0.000000	0.000000	0.000000	0.000000	0.000000	1733433142.068810	0.000000
55.000000	85053.707368	17125.303105	187500.000000	187500.000000	83247.999340	99326.436141	107724.992362	130231.723813	-0.136000	0.946000	0.040000	192.000000	0.000000	0.000000	0.000000	0.000000	0.000000	0.000000	0.000000	0.000000	0.000000	1733433142.072803	0.000000
56.000000	85056.568391	17132.410959	187500.000000	187500.000000	83243.216067	99317.629554	107716.453995	130240.642159	-0.136000	0.946000	0.040000	192.000000	0.000000	0.000000	0.000000	0.000000	0.000000	0.000000	0.000000	0.000000	0.000000	1733433142.076872	0.000000
57.000000	85059.317655	17134.534375	187500.000000	187500.000000	83240.667968	99325.542072	107730.960277	130227.432278	-0.136000	0.946000	0.040000	192.000000	0.000000	0.000000	0.000000	0.000000	0.000000	0.000000	0.000000	0.000000	0.000000	1733433142.081068	0.000000
58.000000	85062.826879	17135.696666	187500.000000	187500.000000	83241.494982	99326.324383	107732.860176	130262.368055	-0.142000	0.946000	0.038000	192.000000	251.000000	144.000000	29.000000	144.000000	1.000000	48.000000	0.000000	0.000000	0.000000	1733433142.086004	0.000000
59.000000	85058.870621	17134.713189	187500.000000	187500.000000	83240.131526	99323.016324	107726.556984	130255.640180	-0.142000	0.946000	0.038000	192.000000	0.000000	0.000000	0.000000	0.000000	0.000000	0.000000	0.000000	0.000000	0.000000	1733433142.089164	0.000000
60.000000	85062.603362	17141.374009	187500.000000	187500.000000	83252.179116	99330.101827	107732.413141	130243.011444	-0.142000	0.946000	0.038000	192.000000	0.000000	0.000000	0.000000	0.000000	0.000000	0.000000	0.000000	0.000000	0.000000	1733433142.092054	0.000000
61.000000	85068.817147	17153.600413	187500.000000	187500.000000	83257.923515	99337.969641	107740.459769	130255.304903	-0.142000	0.946000	0.038000	192.000000	0.000000	0.000000	0.000000	0.000000	0.000000	0.000000	0.000000	0.000000	0.000000	1733433142.097372	0.000000
62.000000	85077.824900	17170.140704	187500.000000	187500.000000	83259.085805	99369.865581	107761.135132	130255.774290	-0.142000	0.946000	0.038000	192.000000	0.000000	0.000000	0.000000	0.000000	0.000000	0.000000	0.000000	0.000000	0.000000	1733433142.100888	0.000000
63.000000	85073.175737	17172.755858	187500.000000	187500.000000	83250.480384	99358.175618	107770.455810	130277.746055	-0.142000	0.946000	0.038000	192.000000	0.000000	0.000000	0.000000	0.000000	0.000000	0.000000	0.000000	0.000000	0.000000	1733433142.104867	0.000000
64.000000	85068.951257	17172.130009	187500.000000	187500.000000	83234.387128	99331.577043	107752.932042	130301.237738	-0.142000	0.946000	0.038000	192.000000	0.000000	0.000000	0.000000	0.000000	0.000000	0.000000	0.000000	0.000000	0.000000	1733433142.108921	0.000000
65.000000	85074.494490	17156.237919	187500.000000	187500.000000	83236.532895	99319.730618	107738.559871	130279.333029	-0.142000	0.946000	0.038000	192.000000	0.000000	0.000000	0.000000	0.000000	0.000000	0.000000	0.000000	0.000000	0.000000	1733433142.112910	0.000000
66.000000	85082.719932	17161.937614	187500.000000	187500.000000	83251.642674	99331.599394	107749.914557	130239.435165	-0.142000	0.946000	0.038000	192.000000	0.000000	0.000000	0.000000	0.000000	0.000000	0.000000	0.000000	0.000000	0.000000	1733433142.117031	0.000000
67.000000	85079.478929	17161.289413	187500.000000	187500.000000	83252.939076	99320.825853	107745.600670	130228.728679	-0.142000	0.946000	0.038000	192.000000	0.000000	0.000000	0.000000	0.000000	0.000000	0.000000	0.000000	0.000000	0.000000	1733433142.120020	0.000000
68.000000	85086.139749	17170.543035	187500.000000	187500.000000	83256.537706	99321.965792	107756.977708	130246.095985	-0.146000	0.948000	0.038000	192.000000	251.000000	112.000000	29.000000	160.000000	1.000000	48.000000	0.000000	0.000000	0.000000	1733433142.125146	0.000000
69.000000	85088.240813	17172.040602	187500.000000	187500.000000	83261.700959	99322.301069	107764.532598	130253.472060	-0.146000	0.948000	0.038000	192.000000	0.000000	0.000000	0.000000	0.000000	0.000000	0.000000	0.000000	0.000000	0.000000	1733433142.129148	0.000000
70.000000	85083.502243	17169.492503	187500.000000	187500.000000	83263.623209	99327.687839	107765.650185	130267.352494	-0.146000	0.948000	0.038000	192.000000	0.000000	0.000000	0.000000	0.000000	0.000000	0.000000	0.000000	0.000000	0.000000	1733433142.133239	0.000000
71.000000	85082.541118	17170.498332	187500.000000	187500.000000	83267.154785	99326.771417	107760.643394	130299.628413	-0.146000	0.948000	0.038000	192.000000	0.000000	0.000000	0.000000	0.000000	0.000000	0.000000	0.000000	0.000000	0.000000	1733433142.136913	0.000000
72.000000	85090.610098	17181.651852	187500.000000	187500.000000	83275.402579	99340.875368	107771.640452	130287.737285	-0.146000	0.948000	0.038000	192.000000	0.000000	0.000000	0.000000	0.000000	0.000000	0.000000	0.000000	0.000000	0.000000	1733433142.141943	0.000000
73.000000	85090.654801	17185.965739	187500.000000	187500.000000	83282.801006	99363.942369	107777.295444	130273.186299	-0.146000	0.948000	0.038000	192.000000	0.000000	0.000000	0.000000	0.000000	0.000000	0.000000	0.000000	0.000000	0.000000	1733433142.145183	0.000000
74.000000	85099.059057	17198.192143	187500.000000	187500.000000	83278.151843	99321.094074	107760.911615	130279.355380	-0.146000	0.948000	0.038000	192.000000	0.000000	0.000000	0.000000	0.000000	0.000000	0.000000	0.000000	0.000000	0.000000	1733433142.147914	0.000000
75.000000	85099.528444	17189.653777	187500.000000	187500.000000	83287.539576	99320.736446	107773.875627	130278.930697	-0.146000	0.948000	0.038000	192.000000	0.000000	0.000000	0.000000	0.000000	0.000000	0.000000	0.000000	0.000000	0.000000	1733433142.153231	0.000000
76.000000	85091.995906	17182.523570	187500.000000	187500.000000	83288.813625	99327.106694	107780.894075	130284.205709	-0.146000	0.948000	0.038000	192.000000	0.000000	0.000000	0.000000	0.000000	0.000000	0.000000	0.000000	0.000000	0.000000	1733433142.157099	0.000000
77.000000	85093.985211	17195.107602	187500.000000	187500.000000	83288.143073	99328.447798	107779.016528	130296.320354	-0.146000	0.948000	0.038000	192.000000	0.000000	0.000000	0.000000	0.000000	0.000000	0.000000	0.000000	0.000000	0.000000	1733433142.161073	0.000000
78.000000	85088.419627	17176.846227	187500.000000	187500.000000	83282.219861	99323.888042	107772.780391	130296.499168	-0.138000	0.944000	0.046000	192.000000	251.000000	176.000000	29.000000	128.000000	1.000000	112.000000	0.000000	0.000000	0.000000	1733433142.165100	0.000000
79.000000	85088.620792	17175.058088	187500.000000	187500.000000	83284.008000	99329.051295	107772.646281	130286.999677	-0.138000	0.944000	0.046000	192.000000	0.000000	0.000000	0.000000	0.000000	0.000000	0.000000	0.000000	0.000000	0.000000	1733433142.169172	0.000000
80.000000	85093.292307	17188.692652	187500.000000	187500.000000	83285.773788	99345.569235	107786.124383	130291.268860	-0.138000	0.944000	0.046000	192.000000	0.000000	0.000000	0.000000	0.000000	0.000000	0.000000	0.000000	0.000000	0.000000	1733433142.172951	0.000000
81.000000	85098.477912	17204.227114	187500.000000	187500.000000	83281.929288	99337.232034	107776.647243	130283.781026	-0.138000	0.944000	0.046000	192.000000	0.000000	0.000000	0.000000	0.000000	0.000000	0.000000	0.000000	0.000000	0.000000	1733433142.175940	0.000000
82.000000	85101.271880	17218.554582	187500.000000	187500.000000	83281.750474	99330.973545	107771.372231	130276.092026	-0.138000	0.944000	0.046000	192.000000	0.000000	0.000000	0.000000	0.000000	0.000000	0.000000	0.000000	0.000000	0.000000	1733433142.180953	0.000000
83.000000	85108.960880	17226.936487	187500.000000	187500.000000	83295.206224	99344.362240	107797.859049	130329.467992	-0.138000	0.944000	0.046000	192.000000	0.000000	0.000000	0.000000	0.000000	0.000000	0.000000	0.000000	0.000000	0.000000	1733433142.184977	0.000000
84.000000	85105.541063	17197.476887	187500.000000	187500.000000	83295.966184	99354.308767	107800.407147	130308.725573	-0.138000	0.944000	0.046000	192.000000	0.000000	0.000000	0.000000	0.000000	0.000000	0.000000	0.000000	0.000000	0.000000	1733433142.189179	0.000000
85.000000	85106.032801	17193.833553	187500.000000	187500.000000	83300.660050	99356.275720	107804.184592	130284.272764	-0.138000	0.944000	0.046000	192.000000	0.000000	0.000000	0.000000	0.000000	0.000000	0.000000	0.000000	0.000000	0.000000	1733433142.193255	0.000000
86.000000	85115.487589	17198.907399	187500.000000	187500.000000	83306.784428	99353.325290	107810.130156	130322.717765	-0.138000	0.944000	0.046000	192.000000	0.000000	0.000000	0.000000	0.000000	0.000000	0.000000	0.000000	0.000000	0.000000	1733433142.197476	0.000000
87.000000	85118.259206	17206.998731	187500.000000	187500.000000	83312.975861	99351.917130	107798.417842	130307.675041	-0.138000	0.944000	0.046000	192.000000	0.000000	0.000000	0.000000	0.000000	0.000000	0.000000	0.000000	0.000000	0.000000	1733433142.200291	0.000000
88.000000	85117.968633	17213.614847	187500.000000	187500.000000	83311.031259	99341.680031	107792.338168	130286.999677	-0.128000	0.948000	0.048000	192.000000	252.000000	0.000000	29.000000	160.000000	1.000000	128.000000	0.000000	0.000000	0.000000	1733433142.204021	0.000000
89.000000	85112.693621	17210.329140	187500.000000	187500.000000	83308.460809	99351.403040	107805.235124	130291.291212	-0.128000	0.948000	0.048000	192.000000	0.000000	0.000000	0.000000	0.000000	0.000000	0.000000	0.000000	0.000000	0.000000	1733433142.208995	0.000000
90.000000	85107.418610	17195.241713	187500.000000	187500.000000	83300.414181	99350.128990	107792.382871	130295.493340	-0.128000	0.948000	0.048000	192.000000	0.000000	0.000000	0.000000	0.000000	0.000000	0.000000	0.000000	0.000000	0.000000	1733433142.213006	0.000000
91.000000	85112.291290	17196.828687	187500.000000	187500.000000	83295.809721	99350.397211	107795.154488	130291.022991	-0.128000	0.948000	0.048000	192.000000	0.000000	0.000000	0.000000	0.000000	0.000000	0.000000	0.000000	0.000000	0.000000	1733433142.216031	0.000000
92.000000	85123.645976	17221.169737	187500.000000	187500.000000	83306.538559	99370.737299	107808.096148	130308.747924	-0.128000	0.948000	0.048000	192.000000	0.000000	0.000000	0.000000	0.000000	0.000000	0.000000	0.000000	0.000000	0.000000	1733433142.220296	0.000000
93.000000	85126.931682	17232.837347	187500.000000	187500.000000	83307.142056	99374.112412	107815.226354	130326.964596	-0.128000	0.948000	0.048000	192.000000	0.000000	0.000000	0.000000	0.000000	0.000000	0.000000	0.000000	0.000000	0.000000	1733433142.225142	0.000000
94.000000	85130.239741	17232.479719	187500.000000	187500.000000	83310.919501	99378.269837	107814.667560	130347.729367	-0.128000	0.948000	0.048000	192.000000	0.000000	0.000000	0.000000	0.000000	0.000000	0.000000	0.000000	0.000000	0.000000	1733433142.229336	0.000000
95.000000	85131.938473	17222.890821	187500.000000	187500.000000	83306.873835	99389.468061	107812.678255	130324.014166	-0.128000	0.948000	0.048000	192.000000	0.000000	0.000000	0.000000	0.000000	0.000000	0.000000	0.000000	0.000000	0.000000	1733433142.233327	0.000000
96.000000	85128.406898	17209.636236	187500.000000	187500.000000	83313.311137	99417.027762	107836.907546	130316.191055	-0.128000	0.948000	0.048000	192.000000	0.000000	0.000000	0.000000	0.000000	0.000000	0.000000	0.000000	0.000000	0.000000	1733433142.237117	0.000000
97.000000	85132.407860	17223.896649	187500.000000	187500.000000	83319.837847	99385.534154	107851.145607	130337.045233	-0.128000	0.948000	0.048000	192.000000	0.000000	0.000000	0.000000	0.000000	0.000000	0.000000	0.000000	0.000000	0.000000	1733433142.241045	0.000000
98.000000	85132.653729	17218.174603	187500.000000	187500.000000	83314.138152	99369.642063	107845.915299	130325.042346	-0.142000	0.952000	0.050000	192.000000	251.000000	144.000000	29.000000	192.000000	1.000000	144.000000	0.000000	0.000000	0.000000	1733433142.244073	0.000000
99.000000	85127.713994	17206.261123	187500.000000	187500.000000	83298.156655	99362.690671	107830.358485	130316.749849	-0.142000	0.952000	0.050000	192.000000	0.000000	0.000000	0.000000	0.000000	0.000000	0.000000	0.000000	0.000000	0.000000	1733433142.248196	0.000000
100.000000	85124.785915	17214.732434	187500.000000	187500.000000	83287.696038	99359.181447	107815.226354	130312.435962	-0.142000	0.952000	0.050000	192.000000	0.000000	0.000000	0.000000	0.000000	0.000000	0.000000	0.000000	0.000000	0.000000	1733433142.252097	0.000000
101.000000	85125.612930	17226.690617	187500.000000	187500.000000	83293.619250	99369.284435	107819.964924	130317.710974	-0.142000	0.952000	0.050000	192.000000	0.000000	0.000000	0.000000	0.000000	0.000000	0.000000	0.000000	0.000000	0.000000	1733433142.257272	0.000000
102.000000	85123.690680	17228.456405	187500.000000	187500.000000	83296.480274	99376.995787	107823.898831	130317.018070	-0.142000	0.952000	0.050000	192.000000	0.000000	0.000000	0.000000	0.000000	0.000000	0.000000	0.000000	0.000000	0.000000	1733433142.261328	0.000000
103.000000	85122.573092	17235.966591	187500.000000	187500.000000	83287.897204	99363.383575	107814.064063	130336.911122	-0.142000	0.952000	0.050000	192.000000	0.000000	0.000000	0.000000	0.000000	0.000000	0.000000	0.000000	0.000000	0.000000	1733433142.264277	0.000000
104.000000	85129.211560	17250.919908	187500.000000	187500.000000	83288.031314	99359.114392	107821.261325	130342.387300	-0.142000	0.952000	0.050000	192.000000	0.000000	0.000000	0.000000	0.000000	0.000000	0.000000	0.000000	0.000000	0.000000	1733433142.268382	0.000000
105.000000	85132.005528	17251.746923	187500.000000	187500.000000	83297.709620	99388.395177	107839.813273	130319.074430	-0.142000	0.952000	0.050000	192.000000	0.000000	0.000000	0.000000	0.000000	0.000000	0.000000	0.000000	0.000000	0.000000	1733433142.272150	0.000000
106.000000	85130.776183	17243.119150	187500.000000	187500.000000	83307.790256	99405.494261	107848.016363	130342.990797	-0.142000	0.952000	0.050000	192.000000	0.000000	0.000000	0.000000	0.000000	0.000000	0.000000	0.000000	0.000000	0.000000	1733433142.276161	0.000000
107.000000	85132.743136	17225.505975	187500.000000	187500.000000	83314.249911	99374.917075	107841.891985	130344.421309	-0.142000	0.952000	0.050000	192.000000	0.000000	0.000000	0.000000	0.000000	0.000000	0.000000	0.000000	0.000000	0.000000	1733433142.280173	0.000000
108.000000	85136.252360	17223.136690	187500.000000	187500.000000	83317.535617	99378.269837	107848.753971	130319.454410	-0.132000	0.944000	0.052000	192.000000	251.000000	224.000000	29.000000	128.000000	1.000000	160.000000	0.000000	0.000000	0.000000	1733433142.285196	0.000000
109.000000	85135.939435	17224.835423	187500.000000	187500.000000	83315.389850	99373.821840	107858.767552	130342.476707	-0.132000	0.944000	0.052000	192.000000	0.000000	0.000000	0.000000	0.000000	0.000000	0.000000	0.000000	0.000000	0.000000	1733433142.289148	0.000000
110.000000	85130.306796	17219.739225	187500.000000	187500.000000	83314.786352	99369.127973	107853.425485	130340.867381	-0.132000	0.944000	0.052000	192.000000	0.000000	0.000000	0.000000	0.000000	0.000000	0.000000	0.000000	0.000000	0.000000	1733433142.292276	0.000000
111.000000	85134.799497	17227.450577	187500.000000	187500.000000	83314.518132	99361.841305	107840.081494	130339.034538	-0.132000	0.944000	0.052000	192.000000	0.000000	0.000000	0.000000	0.000000	0.000000	0.000000	0.000000	0.000000	0.000000	1733433142.296241	0.000000
112.000000	85139.940398	17238.849966	187500.000000	187500.000000	83320.664861	99372.145459	107849.916261	130338.006358	-0.132000	0.944000	0.052000	192.000000	0.000000	0.000000	0.000000	0.000000	0.000000	0.000000	0.000000	0.000000	0.000000	1733433142.300316	0.000000
113.000000	85145.394223	17262.274595	187500.000000	187500.000000	83327.973882	99381.980226	107856.398267	130337.872247	-0.132000	0.944000	0.052000	192.000000	0.000000	0.000000	0.000000	0.000000	0.000000	0.000000	0.000000	0.000000	0.000000	1733433142.304507	0.000000
114.000000	85149.909276	17260.218234	187500.000000	187500.000000	83329.359690	99389.468061	107852.665526	130351.193887	-0.132000	0.944000	0.052000	192.000000	0.000000	0.000000	0.000000	0.000000	0.000000	0.000000	0.000000	0.000000	0.000000	1733433142.308194	0.000000
115.000000	85156.078357	17252.462179	187500.000000	187500.000000	83342.681330	99407.617677	107865.674241	130354.390187	-0.132000	0.944000	0.052000	192.000000	0.000000	0.000000	0.000000	0.000000	0.000000	0.000000	0.000000	0.000000	0.000000	1733433142.313213	0.000000
116.000000	85149.283427	17246.002525	187500.000000	187500.000000	83339.395623	99405.494261	107849.804503	130320.817866	-0.132000	0.944000	0.052000	192.000000	0.000000	0.000000	0.000000	0.000000	0.000000	0.000000	0.000000	0.000000	0.000000	1733433142.317204	0.000000
117.000000	85150.646883	17259.458275	187500.000000	187500.000000	83340.960245	99411.685695	107848.709267	130322.471896	-0.132000	0.944000	0.052000	192.000000	0.000000	0.000000	0.000000	0.000000	0.000000	0.000000	0.000000	0.000000	0.000000	1733433142.320197	0.000000
118.000000	85160.168726	17260.486455	187500.000000	187500.000000	83347.777527	99383.522497	107850.989145	130337.112288	-0.126000	0.930000	0.050000	192.000000	252.000000	16.000000	29.000000	16.000000	1.000000	144.000000	0.000000	0.000000	0.000000	1733433142.324178	0.000000
119.000000	85156.435985	17247.187167	187500.000000	187500.000000	83344.201248	99356.253368	107855.034811	130348.109346	-0.126000	0.930000	0.050000	192.000000	0.000000	0.000000	0.000000	0.000000	0.000000	0.000000	0.000000	0.000000	0.000000	1733433142.328254	0.000000
120.000000	85151.183325	17241.487472	187500.000000	187500.000000	83335.931103	99352.431220	107846.563500	130366.527184	-0.126000	0.930000	0.050000	192.000000	0.000000	0.000000	0.000000	0.000000	0.000000	0.000000	0.000000	0.000000	0.000000	1733433142.332446	0.000000
121.000000	85151.451546	17239.766388	187500.000000	187500.000000	83332.913617	99355.001671	107846.451741	130363.710864	-0.126000	0.930000	0.050000	192.000000	0.000000	0.000000	0.000000	0.000000	0.000000	0.000000	0.000000	0.000000	0.000000	1733433142.336539	0.000000
122.000000	85150.110441	17241.822748	187500.000000	187500.000000	83341.295521	99363.405927	107844.775360	130338.632207	-0.126000	0.930000	0.050000	192.000000	0.000000	0.000000	0.000000	0.000000	0.000000	0.000000	0.000000	0.000000	0.000000	1733433142.341489	0.000000
123.000000	85139.448659	17229.819862	187500.000000	187500.000000	83342.681330	99368.189200	107845.669430	130324.371794	-0.126000	0.930000	0.050000	192.000000	0.000000	0.000000	0.000000	0.000000	0.000000	0.000000	0.000000	0.000000	0.000000	1733433142.345420	0.000000
124.000000	85148.478764	17258.564205	187500.000000	187500.000000	83350.727958	99379.052148	107856.532378	130337.671082	-0.126000	0.930000	0.050000	192.000000	0.000000	0.000000	0.000000	0.000000	0.000000	0.000000	0.000000	0.000000	0.000000	1733433142.348425	0.000000
125.000000	85160.839279	17280.938301	187500.000000	187500.000000	83359.065158	99388.484584	107867.238863	130368.874117	-0.126000	0.930000	0.050000	192.000000	0.000000	0.000000	0.000000	0.000000	0.000000	0.000000	0.000000	0.000000	0.000000	1733433142.352229	0.000000
126.000000	85167.254229	17266.543778	187500.000000	187500.000000	83363.870783	99392.753767	107870.949253	130380.653486	-0.126000	0.930000	0.050000	192.000000	0.000000	0.000000	0.000000	0.000000	0.000000	0.000000	0.000000	0.000000	0.000000	1733433142.356213	0.000000
127.000000	85166.650732	17263.883920	187500.000000	187500.000000	83371.693894	99402.655590	107871.776268	130381.502853	-0.126000	0.930000	0.050000	192.000000	0.000000	0.000000	0.000000	0.000000	0.000000	0.000000	0.000000	0.000000	0.000000	1733433142.360265	0.000000
128.000000	85163.297971	17263.839217	187500.000000	187500.000000	83379.092321	99411.752750	107870.256349	130379.491196	-0.128000	0.948000	0.048000	192.000000	252.000000	0.000000	29.000000	160.000000	1.000000	128.000000	0.000000	0.000000	0.000000	1733433142.364257	0.000000
129.000000	85162.493308	17265.247377	187500.000000	187500.000000	83372.811481	99412.356247	107886.573122	130393.796312	-0.128000	0.948000	0.048000	192.000000	0.000000	0.000000	0.000000	0.000000	0.000000	0.000000	0.000000	0.000000	0.000000	1733433142.368314	0.000000
130.000000	85166.427215	17269.136580	187500.000000	187500.000000	83375.672504	99412.512709	107888.405965	130380.877004	-0.128000	0.948000	0.048000	192.000000	0.000000	0.000000	0.000000	0.000000	0.000000	0.000000	0.000000	0.000000	0.000000	1733433142.373584	0.000000
131.000000	85170.137604	17271.259996	187500.000000	187500.000000	83381.640420	99417.810073	107882.728622	130372.584507	-0.128000	0.948000	0.048000	192.000000	0.000000	0.000000	0.000000	0.000000	0.000000	0.000000	0.000000	0.000000	0.000000	1733433142.376661	0.000000
132.000000	85177.759549	17279.753659	187500.000000	187500.000000	83382.489786	99414.591421	107877.699480	130422.406545	-0.128000	0.948000	0.048000	192.000000	0.000000	0.000000	0.000000	0.000000	0.000000	0.000000	0.000000	0.000000	0.000000	1733433142.380515	0.000000
133.000000	85173.691532	17285.341595	187500.000000	187500.000000	83377.348885	99418.882956	107863.886102	130422.048917	-0.128000	0.948000	0.048000	192.000000	0.000000	0.000000	0.000000	0.000000	0.000000	0.000000	0.000000	0.000000	0.000000	1733433142.385025	0.000000
134.000000	85173.400959	17300.965464	187500.000000	187500.000000	83382.802711	99408.221174	107859.929843	130347.170573	-0.128000	0.948000	0.048000	192.000000	0.000000	0.000000	0.000000	0.000000	0.000000	0.000000	0.000000	0.000000	0.000000	1733433142.388307	0.000000
135.000000	85166.360160	17272.265824	187500.000000	187500.000000	83375.091359	99399.056959	107868.356451	130344.130736	-0.128000	0.948000	0.048000	192.000000	0.000000	0.000000	0.000000	0.000000	0.000000	0.000000	0.000000	0.000000	0.000000	1733433142.392287	0.000000
136.000000	85181.179366	17277.317319	187500.000000	187500.000000	83375.247821	99393.692540	107877.543018	130357.944114	-0.128000	0.948000	0.048000	192.000000	0.000000	0.000000	0.000000	0.000000	0.000000	0.000000	0.000000	0.000000	0.000000	1733433142.396322	0.000000
137.000000	85187.951945	17285.341595	187500.000000	187500.000000	83376.566574	99397.179413	107878.861770	130364.895506	-0.128000	0.948000	0.048000	192.000000	0.000000	0.000000	0.000000	0.000000	0.000000	0.000000	0.000000	0.000000	0.000000	1733433142.401340	0.000000
138.000000	85183.012209	17279.708955	187500.000000	187500.000000	83379.829929	99403.281439	107879.174695	130370.215222	-0.118000	0.960000	0.044000	192.000000	252.000000	80.000000	30.000000	0.000000	1.000000	96.000000	0.000000	0.000000	0.000000	1733433142.404312	0.000000
139.000000	85185.694419	17286.705051	187500.000000	187500.000000	83391.966926	99424.269727	107885.254369	130377.837167	-0.118000	0.960000	0.044000	192.000000	0.000000	0.000000	0.000000	0.000000	0.000000	0.000000	0.000000	0.000000	0.000000	1733433142.408338	0.000000
140.000000	85180.620573	17294.550514	187500.000000	187500.000000	83385.171996	99422.034552	107884.673224	130375.311419	-0.118000	0.960000	0.044000	192.000000	0.000000	0.000000	0.000000	0.000000	0.000000	0.000000	0.000000	0.000000	0.000000	1733433142.412518	0.000000
141.000000	85186.588488	17303.267694	187500.000000	187500.000000	83385.171996	99403.706122	107885.477887	130391.427027	-0.118000	0.960000	0.044000	192.000000	0.000000	0.000000	0.000000	0.000000	0.000000	0.000000	0.000000	0.000000	0.000000	1733433142.416340	0.000000
142.000000	85192.623459	17297.031557	187500.000000	187500.000000	83385.171996	99410.948087	107872.357413	130400.635946	-0.118000	0.960000	0.044000	192.000000	0.000000	0.000000	0.000000	0.000000	0.000000	0.000000	0.000000	0.000000	0.000000	1733433142.420453	0.000000
143.000000	85193.092846	17305.949903	187500.000000	187500.000000	83390.134083	99418.793549	107879.532323	130387.984859	-0.118000	0.960000	0.044000	192.000000	0.000000	0.000000	0.000000	0.000000	0.000000	0.000000	0.000000	0.000000	0.000000	1733433142.424502	0.000000
144.000000	85195.596241	17307.738043	187500.000000	187500.000000	83399.454760	99425.141445	107899.380672	130385.727332	-0.118000	0.960000	0.044000	192.000000	0.000000	0.000000	0.000000	0.000000	0.000000	0.000000	0.000000	0.000000	0.000000	1733433142.428612	0.000000
145.000000	85200.692439	17314.957656	187500.000000	187500.000000	83394.000935	99426.639012	107903.560448	130404.905129	-0.118000	0.960000	0.044000	192.000000	0.000000	0.000000	0.000000	0.000000	0.000000	0.000000	0.000000	0.000000	0.000000	1733433142.431777	0.000000
146.000000	85198.792541	17309.146203	187500.000000	187500.000000	83384.702609	99416.223099	107885.969625	130410.984804	-0.118000	0.960000	0.044000	192.000000	0.000000	0.000000	0.000000	0.000000	0.000000	0.000000	0.000000	0.000000	0.000000	1733433142.436655	0.000000
147.000000	85205.453361	17317.885735	187500.000000	187500.000000	83398.247766	99425.767294	107891.602265	130416.013946	-0.118000	0.960000	0.044000	192.000000	0.000000	0.000000	0.000000	0.000000	0.000000	0.000000	0.000000	0.000000	0.000000	1733433142.440438	0.000000
148.000000	85200.468922	17308.162726	187500.000000	187500.000000	83393.464493	99428.069523	107911.607076	130412.571777	-0.118000	0.960000	0.044000	192.000000	0.000000	0.000000	0.000000	0.000000	0.000000	0.000000	0.000000	0.000000	0.000000	1733433142.444441	0.000000
149.000000	85197.093808	17314.488270	187500.000000	187500.000000	83392.369257	99427.443674	107914.915134	130397.529053	-0.112000	0.950000	0.052000	192.000000	252.000000	128.000000	29.000000	176.000000	1.000000	160.000000	0.000000	0.000000	0.000000	1733433142.448431	0.000000
150.000000	85192.846977	17313.191868	187500.000000	187500.000000	83395.923185	99422.772160	107912.791719	130385.973202	-0.112000	0.950000	0.052000	192.000000	0.000000	0.000000	0.000000	0.000000	0.000000	0.000000	0.000000	0.000000	0.000000	1733433142.452477	0.000000
151.000000	85201.385343	17312.856592	187500.000000	187500.000000	83401.980508	99431.399933	107915.295114	130410.090734	-0.112000	0.950000	0.052000	192.000000	0.000000	0.000000	0.000000	0.000000	0.000000	0.000000	0.000000	0.000000	0.000000	1733433142.456430	0.000000
152.000000	85207.934404	17326.491156	187500.000000	187500.000000	83401.645231	99425.409666	107911.852945	130402.155864	-0.112000	0.950000	0.052000	192.000000	0.000000	0.000000	0.000000	0.000000	0.000000	0.000000	0.000000	0.000000	0.000000	1733433142.459414	0.000000
153.000000	85213.231768	17338.158767	187500.000000	187500.000000	83407.635499	99426.013163	107917.574992	130398.266661	-0.112000	0.950000	0.052000	192.000000	0.000000	0.000000	0.000000	0.000000	0.000000	0.000000	0.000000	0.000000	0.000000	1733433142.464411	0.000000
154.000000	85210.773076	17340.237479	187500.000000	187500.000000	83406.160284	99427.667192	107916.770329	130392.097579	-0.112000	0.950000	0.052000	192.000000	0.000000	0.000000	0.000000	0.000000	0.000000	0.000000	0.000000	0.000000	0.000000	1733433142.468510	0.000000
155.000000	85223.535922	17363.282128	187500.000000	187500.000000	83407.322575	99432.182244	107918.871393	130401.842940	-0.112000	0.950000	0.052000	192.000000	0.000000	0.000000	0.000000	0.000000	0.000000	0.000000	0.000000	0.000000	0.000000	1733433142.472674	0.000000
156.000000	85227.872160	17356.375439	187500.000000	187500.000000	83407.903720	99435.982041	107922.380617	130413.801123	-0.112000	0.950000	0.052000	192.000000	0.000000	0.000000	0.000000	0.000000	0.000000	0.000000	0.000000	0.000000	0.000000	1733433142.476456	0.000000
157.000000	85224.564102	17340.572755	187500.000000	187500.000000	83397.577214	99440.988832	107912.411739	130442.701929	-0.112000	0.950000	0.052000	192.000000	0.000000	0.000000	0.000000	0.000000	0.000000	0.000000	0.000000	0.000000	0.000000	1733433142.480535	0.000000
158.000000	85227.939216	17339.030485	187500.000000	187500.000000	83404.461551	99433.277480	107902.465213	130420.305481	-0.112000	0.950000	0.052000	192.000000	0.000000	0.000000	0.000000	0.000000	0.000000	0.000000	0.000000	0.000000	0.000000	1733433142.484584	0.000000
159.000000	85230.196742	17341.690343	187500.000000	187500.000000	83411.792923	99424.269727	107908.656646	130409.487237	-0.120000	0.950000	0.058000	192.000000	252.000000	64.000000	29.000000	176.000000	1.000000	208.000000	0.000000	0.000000	0.000000	1733433142.487647	0.000000
160.000000	85232.856599	17352.910918	187500.000000	187500.000000	83418.721964	99443.335765	107929.376713	130411.051859	-0.120000	0.950000	0.058000	192.000000	0.000000	0.000000	0.000000	0.000000	0.000000	0.000000	0.000000	0.000000	0.000000	1733433142.491869	0.000000
161.000000	85235.963492	17353.626174	187500.000000	187500.000000	83421.962967	99452.611739	107928.817919	130409.129609	-0.120000	0.950000	0.058000	192.000000	0.000000	0.000000	0.000000	0.000000	0.000000	0.000000	0.000000	0.000000	0.000000	1733433142.499050	0.000000
162.000000	85251.654417	17368.624195	187500.000000	187500.000000	83428.467325	99459.250207	107935.545794	130425.133458	-0.120000	0.950000	0.058000	192.000000	0.000000	0.000000	0.000000	0.000000	0.000000	0.000000	0.000000	0.000000	0.000000	1733433142.500519	0.000000
163.000000	85246.289998	17366.120799	187500.000000	187500.000000	83422.432354	99462.334748	107921.128919	130415.902187	-0.120000	0.950000	0.058000	192.000000	0.000000	0.000000	0.000000	0.000000	0.000000	0.000000	0.000000	0.000000	0.000000	1733433142.504509	0.000000
164.000000	85241.439669	17361.337526	187500.000000	187500.000000	83421.493581	99439.826541	107929.935507	130427.323929	-0.120000	0.950000	0.058000	192.000000	0.000000	0.000000	0.000000	0.000000	0.000000	0.000000	0.000000	0.000000	0.000000	1733433142.508636	0.000000
165.000000	85245.462983	17365.271433	187500.000000	187500.000000	83429.294339	99437.434904	107935.478739	130423.412373	-0.120000	0.950000	0.058000	192.000000	0.000000	0.000000	0.000000	0.000000	0.000000	0.000000	0.000000	0.000000	0.000000	1733433142.512490	0.000000
166.000000	85245.373576	17362.522168	187500.000000	187500.000000	83430.367223	99452.254111	107936.551623	130414.225807	-0.120000	0.950000	0.058000	192.000000	0.000000	0.000000	0.000000	0.000000	0.000000	0.000000	0.000000	0.000000	0.000000	1733433142.515493	0.000000
167.000000	85245.708852	17351.703924	187500.000000	187500.000000	83433.943502	99454.444582	107947.749847	130435.370557	-0.120000	0.950000	0.058000	192.000000	0.000000	0.000000	0.000000	0.000000	0.000000	0.000000	0.000000	0.000000	0.000000	1733433142.519500	0.000000
168.000000	85242.311387	17349.513453	187500.000000	187500.000000	83426.723889	99445.503884	107942.810111	130420.216074	-0.120000	0.950000	0.058000	192.000000	0.000000	0.000000	0.000000	0.000000	0.000000	0.000000	0.000000	0.000000	0.000000	1733433142.524521	0.000000
169.000000	85250.737995	17361.628099	187500.000000	187500.000000	83432.937674	99452.522332	107945.581728	130418.204417	-0.104000	0.934000	0.048000	192.000000	252.000000	192.000000	29.000000	48.000000	1.000000	128.000000	0.000000	0.000000	0.000000	1733433142.528807	0.000000
170.000000	85254.157812	17367.372497	187500.000000	187500.000000	83430.747203	99455.115134	107944.464140	130420.439591	-0.104000	0.934000	0.048000	192.000000	0.000000	0.000000	0.000000	0.000000	0.000000	0.000000	0.000000	0.000000	0.000000	1733433142.532520	0.000000
171.000000	85250.536829	17361.516340	187500.000000	187500.000000	83429.808429	99454.377527	107940.105550	130431.257836	-0.104000	0.934000	0.048000	192.000000	0.000000	0.000000	0.000000	0.000000	0.000000	0.000000	0.000000	0.000000	0.000000	1733433142.535506	0.000000
172.000000	85240.456193	17351.301593	187500.000000	187500.000000	83423.594644	99455.070431	107921.285381	130431.928388	-0.104000	0.934000	0.048000	192.000000	0.000000	0.000000	0.000000	0.000000	0.000000	0.000000	0.000000	0.000000	0.000000	1733433142.539520	0.000000
173.000000	85247.049957	17363.013907	187500.000000	187500.000000	83437.296264	99467.900332	107937.177472	130436.398737	-0.104000	0.934000	0.048000	192.000000	0.000000	0.000000	0.000000	0.000000	0.000000	0.000000	0.000000	0.000000	0.000000	1733433142.543541	0.000000
174.000000	85245.641797	17368.065401	187500.000000	187500.000000	83434.926979	99464.905198	107935.925774	130446.211153	-0.104000	0.934000	0.048000	192.000000	0.000000	0.000000	0.000000	0.000000	0.000000	0.000000	0.000000	0.000000	0.000000	1733433142.547721	0.000000
175.000000	85246.826440	17382.839904	187500.000000	187500.000000	83439.397328	99482.116041	107960.892673	130453.073138	-0.104000	0.934000	0.048000	192.000000	0.000000	0.000000	0.000000	0.000000	0.000000	0.000000	0.000000	0.000000	0.000000	1733433142.551715	0.000000
176.000000	85249.933332	17383.175180	187500.000000	187500.000000	83436.960988	99464.458163	107962.189074	130458.661074	-0.104000	0.934000	0.048000	192.000000	0.000000	0.000000	0.000000	0.000000	0.000000	0.000000	0.000000	0.000000	0.000000	1733433142.556884	0.000000
177.000000	85253.151983	17363.930328	187500.000000	187500.000000	83433.563523	99463.273521	107956.198806	130460.449214	-0.104000	0.934000	0.048000	192.000000	0.000000	0.000000	0.000000	0.000000	0.000000	0.000000	0.000000	0.000000	0.000000	1733433142.560730	0.000000
178.000000	85257.130594	17373.608634	187500.000000	187500.000000	83436.312787	99466.782745	107964.938338	130476.855394	-0.104000	0.934000	0.048000	192.000000	0.000000	0.000000	0.000000	0.000000	0.000000	0.000000	0.000000	0.000000	0.000000	1733433142.563697	0.000000
179.000000	85260.528059	17387.891398	187500.000000	187500.000000	83439.218514	99481.981931	107965.251263	130458.258743	-0.096000	0.950000	0.040000	192.000000	253.000000	0.000000	29.000000	176.000000	1.000000	64.000000	0.000000	0.000000	0.000000	1733433142.567563	0.000000
180.000000	85248.949855	17371.842846	187500.000000	187500.000000	83435.843400	99476.125774	107950.834388	130438.589208	-0.096000	0.950000	0.040000	192.000000	0.000000	0.000000	0.000000	0.000000	0.000000	0.000000	0.000000	0.000000	0.000000	1733433142.571559	0.000000
181.000000	85252.436728	17379.934177	187500.000000	187500.000000	83438.123278	99463.809963	107960.222120	130440.377348	-0.096000	0.950000	0.040000	192.000000	0.000000	0.000000	0.000000	0.000000	0.000000	0.000000	0.000000	0.000000	0.000000	1733433142.575552	0.000000
182.000000	85275.168452	17405.951608	187500.000000	187500.000000	83456.094081	99478.875038	107980.025766	130456.269438	-0.096000	0.950000	0.040000	192.000000	0.000000	0.000000	0.000000	0.000000	0.000000	0.000000	0.000000	0.000000	0.000000	1733433142.581573	0.000000
183.000000	85274.162623	17394.708680	187500.000000	187500.000000	83465.660628	99495.303571	107985.926626	130455.129499	-0.096000	0.950000	0.040000	192.000000	0.000000	0.000000	0.000000	0.000000	0.000000	0.000000	0.000000	0.000000	0.000000	1733433142.584579	0.000000
184.000000	85275.615487	17401.145983	187500.000000	187500.000000	83473.461386	99506.859423	107988.184153	130458.012874	-0.096000	0.950000	0.040000	192.000000	0.000000	0.000000	0.000000	0.000000	0.000000	0.000000	0.000000	0.000000	0.000000	1733433142.588614	0.000000
185.000000	85281.203423	17414.489974	187500.000000	187500.000000	83478.937564	99509.720446	107995.426118	130462.952609	-0.096000	0.950000	0.040000	192.000000	0.000000	0.000000	0.000000	0.000000	0.000000	0.000000	0.000000	0.000000	0.000000	1733433142.591790	0.000000
186.000000	85274.676713	17413.662960	187500.000000	187500.000000	83476.814148	99514.838995	107999.337673	130465.388950	-0.096000	0.950000	0.040000	192.000000	0.000000	0.000000	0.000000	0.000000	0.000000	0.000000	0.000000	0.000000	0.000000	1733433142.595868	0.000000
187.000000	85275.615487	17406.868029	187500.000000	187500.000000	83479.764578	99497.426986	107992.341577	130499.631822	-0.096000	0.950000	0.040000	192.000000	0.000000	0.000000	0.000000	0.000000	0.000000	0.000000	0.000000	0.000000	0.000000	1733433142.599861	0.000000
188.000000	85272.039207	17386.684404	187500.000000	187500.000000	83474.310753	99493.001341	107985.278426	130522.140029	-0.096000	0.950000	0.040000	192.000000	0.000000	0.000000	0.000000	0.000000	0.000000	0.000000	0.000000	0.000000	0.000000	1733433142.603685	0.000000
189.000000	85268.485280	17385.298596	187500.000000	187500.000000	83476.568279	99501.047969	107995.873153	130492.702781	-0.100000	0.958000	0.036000	192.000000	252.000000	224.000000	29.000000	240.000000	1.000000	32.000000	0.000000	0.000000	0.000000	1733433142.607705	0.000000
190.000000	85269.312295	17393.412279	187500.000000	187500.000000	83477.775273	99506.524146	107997.638941	130462.729092	-0.100000	0.958000	0.036000	192.000000	0.000000	0.000000	0.000000	0.000000	0.000000	0.000000	0.000000	0.000000	0.000000	1733433142.612770	0.000000
191.000000	85261.779757	17387.019680	187500.000000	187500.000000	83466.845270	99493.671893	107990.911065	130462.215002	-0.100000	0.958000	0.036000	192.000000	0.000000	0.000000	0.000000	0.000000	0.000000	0.000000	0.000000	0.000000	0.000000	1733433142.616595	0.000000
192.000000	85267.233582	17393.032300	187500.000000	187500.000000	83467.895802	99505.451263	108003.919781	130481.795130	-0.100000	0.958000	0.036000	192.000000	0.000000	0.000000	0.000000	0.000000	0.000000	0.000000	0.000000	0.000000	0.000000	1733433142.619611	0.000000
193.000000	85271.122786	17394.261646	187500.000000	187500.000000	83465.235944	99509.049894	107999.337673	130465.992447	-0.100000	0.958000	0.036000	192.000000	0.000000	0.000000	0.000000	0.000000	0.000000	0.000000	0.000000	0.000000	0.000000	1733433142.623626	0.000000
194.000000	85270.452234	17399.000215	187500.000000	187500.000000	83461.190279	99512.760283	107995.962560	130470.909830	-0.100000	0.958000	0.036000	192.000000	0.000000	0.000000	0.000000	0.000000	0.000000	0.000000	0.000000	0.000000	0.000000	1733433142.627631	0.000000
195.000000	85269.513460	17406.599809	187500.000000	187500.000000	83454.060072	99506.322981	107990.911065	130477.950630	-0.100000	0.958000	0.036000	192.000000	0.000000	0.000000	0.000000	0.000000	0.000000	0.000000	0.000000	0.000000	0.000000	1733433142.631811	0.000000
196.000000	85280.935202	17415.898134	187500.000000	187500.000000	83461.816128	99511.061551	107991.335749	130486.243127	-0.100000	0.958000	0.036000	192.000000	0.000000	0.000000	0.000000	0.000000	0.000000	0.000000	0.000000	0.000000	0.000000	1733433142.635716	0.000000
197.000000	85291.440522	17420.971980	187500.000000	187500.000000	83465.392407	99513.989629	107981.121001	130490.199386	-0.100000	0.958000	0.036000	192.000000	0.000000	0.000000	0.000000	0.000000	0.000000	0.000000	0.000000	0.000000	0.000000	1733433142.640905	0.000000
198.000000	85279.303524	17408.052672	187500.000000	187500.000000	83458.262200	99498.142242	107972.068545	130484.298525	-0.100000	0.958000	0.036000	192.000000	0.000000	0.000000	0.000000	0.000000	0.000000	0.000000	0.000000	0.000000	0.000000	1733433142.643842	0.000000
199.000000	85278.521213	17411.986579	187500.000000	187500.000000	83460.810299	99509.362818	107989.704071	130476.475415	-0.116000	0.964000	0.040000	192.000000	252.000000	96.000000	30.000000	32.000000	1.000000	64.000000	0.000000	0.000000	0.000000	1733433142.648052	0.000000
200.000000	85285.070274	17424.212983	187500.000000	187500.000000	83454.328293	99508.535803	107990.173458	130481.281040	-0.116000	0.964000	0.040000	192.000000	0.000000	0.000000	0.000000	0.000000	0.000000	0.000000	0.000000	0.000000	0.000000	1733433142.651692	0.000000
201.000000	85294.212138	17431.633762	187500.000000	187500.000000	83461.927886	99513.520242	107989.748775	130462.639685	-0.116000	0.964000	0.040000	192.000000	0.000000	0.000000	0.000000	0.000000	0.000000	0.000000	0.000000	0.000000	0.000000	1733433142.655685	0.000000
202.000000	85296.492016	17438.294582	187500.000000	187500.000000	83463.336046	99517.476501	107988.966464	130457.454080	-0.116000	0.964000	0.040000	192.000000	0.000000	0.000000	0.000000	0.000000	0.000000	0.000000	0.000000	0.000000	0.000000	1733433142.659675	0.000000
203.000000	85291.529929	17432.751350	187500.000000	187500.000000	83458.686883	99516.157748	107978.125868	130451.307351	-0.116000	0.964000	0.040000	192.000000	0.000000	0.000000	0.000000	0.000000	0.000000	0.000000	0.000000	0.000000	0.000000	1733433142.663676	0.000000
204.000000	85299.040115	17435.277097	187500.000000	187500.000000	83470.578011	99533.145074	107998.242438	130475.916621	-0.116000	0.964000	0.040000	192.000000	0.000000	0.000000	0.000000	0.000000	0.000000	0.000000	0.000000	0.000000	0.000000	1733433142.668713	0.000000
205.000000	85307.176150	17450.833911	187500.000000	187500.000000	83484.726666	99549.215978	108014.425101	130502.805770	-0.116000	0.964000	0.040000	192.000000	0.000000	0.000000	0.000000	0.000000	0.000000	0.000000	0.000000	0.000000	0.000000	1733433142.671816	0.000000
206.000000	85308.360792	17458.724077	187500.000000	187500.000000	83487.855910	99562.604673	108017.353179	130500.369430	-0.116000	0.964000	0.040000	192.000000	0.000000	0.000000	0.000000	0.000000	0.000000	0.000000	0.000000	0.000000	0.000000	1733433142.675893	0.000000
207.000000	85311.177112	17461.450989	187500.000000	187500.000000	83495.611965	99559.654243	108018.426063	130505.711497	-0.116000	0.964000	0.040000	192.000000	0.000000	0.000000	0.000000	0.000000	0.000000	0.000000	0.000000	0.000000	0.000000	1733433142.680005	0.000000
208.000000	85307.444371	17453.761989	187500.000000	187500.000000	83490.538119	99537.950699	108003.450394	130520.955386	-0.116000	0.964000	0.040000	192.000000	0.000000	0.000000	0.000000	0.000000	0.000000	0.000000	0.000000	0.000000	0.000000	1733433142.683855	0.000000
209.000000	85310.886539	17456.265385	187500.000000	187500.000000	83502.608061	99550.646490	108009.060682	130501.866997	-0.120000	0.960000	0.056000	192.000000	252.000000	64.000000	30.000000	0.000000	1.000000	192.000000	0.000000	0.000000	0.000000	1733433142.687740	0.000000
210.000000	85320.318975	17468.134161	187500.000000	187500.000000	83514.298023	99573.467621	108026.450339	130509.064258	-0.120000	0.960000	0.056000	192.000000	0.000000	0.000000	0.000000	0.000000	0.000000	0.000000	0.000000	0.000000	0.000000	1733433142.691790	0.000000
211.000000	85313.769914	17461.205120	187500.000000	187500.000000	83507.078410	99566.538580	108029.624287	130504.817427	-0.120000	0.960000	0.056000	192.000000	0.000000	0.000000	0.000000	0.000000	0.000000	0.000000	0.000000	0.000000	0.000000	1733433142.696795	0.000000
212.000000	85322.375336	17469.877597	187500.000000	187500.000000	83514.879169	99576.663920	108037.201528	130514.942767	-0.120000	0.960000	0.056000	192.000000	0.000000	0.000000	0.000000	0.000000	0.000000	0.000000	0.000000	0.000000	0.000000	1733433142.699759	0.000000
213.000000	85318.866112	17469.207045	187500.000000	187500.000000	83508.285404	99574.182877	108031.613592	130525.604549	-0.120000	0.960000	0.056000	192.000000	0.000000	0.000000	0.000000	0.000000	0.000000	0.000000	0.000000	0.000000	0.000000	1733433142.702784	0.000000
214.000000	85310.215987	17464.669641	187500.000000	187500.000000	83493.175625	99560.704775	108018.023731	130517.602625	-0.120000	0.960000	0.056000	192.000000	0.000000	0.000000	0.000000	0.000000	0.000000	0.000000	0.000000	0.000000	0.000000	1733433142.708003	0.000000
215.000000	85315.669813	17469.810542	187500.000000	187500.000000	83497.377753	99564.370461	108023.477557	130502.179921	-0.120000	0.960000	0.056000	192.000000	0.000000	0.000000	0.000000	0.000000	0.000000	0.000000	0.000000	0.000000	0.000000	1733433142.711920	0.000000
216.000000	85324.543455	17479.645309	187500.000000	187500.000000	83503.412724	99565.845676	108016.190888	130511.992337	-0.120000	0.960000	0.056000	192.000000	0.000000	0.000000	0.000000	0.000000	0.000000	0.000000	0.000000	0.000000	0.000000	1733433142.716108	0.000000
217.000000	85323.112944	17477.834818	187500.000000	187500.000000	83500.506997	99559.318967	108011.586429	130513.869883	-0.120000	0.960000	0.056000	192.000000	0.000000	0.000000	0.000000	0.000000	0.000000	0.000000	0.000000	0.000000	0.000000	1733433142.719939	0.000000
218.000000	85325.437525	17486.127315	187500.000000	187500.000000	83511.459352	99576.082775	108040.420179	130531.863038	-0.120000	0.960000	0.056000	192.000000	0.000000	0.000000	0.000000	0.000000	0.000000	0.000000	0.000000	0.000000	0.000000	1733433142.724785	0.000000
219.000000	85349.912685	17514.759900	187500.000000	187500.000000	83533.855800	99602.413130	108056.401677	130535.998110	-0.114000	0.942000	0.068000	192.000000	252.000000	112.000000	29.000000	112.000000	2.000000	32.000000	0.000000	0.000000	0.000000	1733433142.727852	0.000000
220.000000	85349.823278	17510.825993	187500.000000	187500.000000	83531.240646	99592.801880	108043.929403	130545.050567	-0.114000	0.942000	0.068000	192.000000	0.000000	0.000000	0.000000	0.000000	0.000000	0.000000	0.000000	0.000000	0.000000	1733433142.730941	0.000000
221.000000	85357.422871	17512.390615	187500.000000	187500.000000	83543.131774	99601.899040	108063.733049	130547.665721	-0.114000	0.942000	0.068000	192.000000	0.000000	0.000000	0.000000	0.000000	0.000000	0.000000	0.000000	0.000000	0.000000	1733433142.735762	0.000000
222.000000	85354.271275	17511.071862	187500.000000	187500.000000	83540.673082	99600.692046	108066.974052	130547.285741	-0.114000	0.942000	0.068000	192.000000	0.000000	0.000000	0.000000	0.000000	0.000000	0.000000	0.000000	0.000000	0.000000	1733433142.739796	0.000000
223.000000	85341.508429	17503.494621	187500.000000	187500.000000	83516.376736	99592.533659	108046.835130	130530.052546	-0.114000	0.942000	0.068000	192.000000	0.000000	0.000000	0.000000	0.000000	0.000000	0.000000	0.000000	0.000000	0.000000	1733433142.743817	0.000000
224.000000	85342.648368	17501.594722	187500.000000	187500.000000	83501.781047	99593.003046	108045.382267	130531.907741	-0.114000	0.942000	0.068000	192.000000	0.000000	0.000000	0.000000	0.000000	0.000000	0.000000	0.000000	0.000000	0.000000	1733433142.747815	0.000000
225.000000	85344.436508	17495.917379	187500.000000	187500.000000	83501.646936	99589.739691	108048.131531	130551.309055	-0.114000	0.942000	0.068000	192.000000	0.000000	0.000000	0.000000	0.000000	0.000000	0.000000	0.000000	0.000000	0.000000	1733433142.751904	0.000000
226.000000	85338.602702	17484.093307	187500.000000	187500.000000	83507.078410	99596.959304	108053.138322	130556.673474	-0.114000	0.942000	0.068000	192.000000	0.000000	0.000000	0.000000	0.000000	0.000000	0.000000	0.000000	0.000000	0.000000	1733433142.756036	0.000000
227.000000	85344.302397	17490.105926	187500.000000	187500.000000	83505.089105	99598.680389	108060.045011	130572.990247	-0.114000	0.942000	0.068000	192.000000	0.000000	0.000000	0.000000	0.000000	0.000000	0.000000	0.000000	0.000000	0.000000	1733433142.759073	0.000000
228.000000	85348.191601	17495.827972	187500.000000	187500.000000	83504.575015	99597.048711	108060.916729	130581.372152	-0.114000	0.942000	0.068000	192.000000	0.000000	0.000000	0.000000	0.000000	0.000000	0.000000	0.000000	0.000000	0.000000	1733433142.764123	0.000000
229.000000	85356.908781	17504.165173	187500.000000	187500.000000	83515.996756	99603.486014	108068.628081	130574.264297	-0.106000	0.932000	0.070000	192.000000	252.000000	176.000000	29.000000	32.000000	2.000000	48.000000	0.000000	0.000000	0.000000	1733433142.767880	0.000000
230.000000	85360.127432	17508.993150	187500.000000	187500.000000	83521.316471	99605.385912	108074.283072	130578.846404	-0.106000	0.932000	0.070000	192.000000	0.000000	0.000000	0.000000	0.000000	0.000000	0.000000	0.000000	0.000000	0.000000	1733433142.771843	0.000000
231.000000	85365.223630	17514.268162	187500.000000	187500.000000	83528.334919	99616.427674	108083.022604	130584.367285	-0.106000	0.932000	0.070000	192.000000	0.000000	0.000000	0.000000	0.000000	0.000000	0.000000	0.000000	0.000000	0.000000	1733433142.775877	0.000000
232.000000	85364.664836	17516.190412	187500.000000	187500.000000	83533.118192	99616.315915	108085.280131	130596.504283	-0.106000	0.932000	0.070000	192.000000	0.000000	0.000000	0.000000	0.000000	0.000000	0.000000	0.000000	0.000000	0.000000	1733433142.779195	0.000000
233.000000	85362.474366	17515.631618	187500.000000	187500.000000	83535.129849	99611.733808	108083.000253	130589.329373	-0.106000	0.932000	0.070000	192.000000	0.000000	0.000000	0.000000	0.000000	0.000000	0.000000	0.000000	0.000000	0.000000	1733433142.782851	0.000000
234.000000	85367.257639	17532.440130	187500.000000	187500.000000	83544.025844	99619.042828	108084.743689	130586.893032	-0.106000	0.932000	0.070000	192.000000	0.000000	0.000000	0.000000	0.000000	0.000000	0.000000	0.000000	0.000000	0.000000	1733433142.786860	0.000000
235.000000	85386.591898	17556.691773	187500.000000	187500.000000	83563.360103	99646.736639	108109.352959	130600.929928	-0.106000	0.932000	0.070000	192.000000	0.000000	0.000000	0.000000	0.000000	0.000000	0.000000	0.000000	0.000000	0.000000	1733433142.790891	0.000000
236.000000	85384.803758	17546.342915	187500.000000	187500.000000	83560.476728	99644.277947	108104.636741	130600.058210	-0.106000	0.932000	0.070000	192.000000	0.000000	0.000000	0.000000	0.000000	0.000000	0.000000	0.000000	0.000000	0.000000	1733433142.795890	0.000000
237.000000	85379.618154	17533.870641	187500.000000	187500.000000	83540.851896	99620.830968	108081.145058	130591.922175	-0.106000	0.932000	0.070000	192.000000	0.000000	0.000000	0.000000	0.000000	0.000000	0.000000	0.000000	0.000000	0.000000	1733433142.800154	0.000000
238.000000	85388.894127	17545.180624	187500.000000	187500.000000	83549.680835	99627.581194	108105.910791	130597.286594	-0.106000	0.932000	0.070000	192.000000	0.000000	0.000000	0.000000	0.000000	0.000000	0.000000	0.000000	0.000000	0.000000	1733433142.803992	0.000000
239.000000	85397.521901	17553.942508	187500.000000	187500.000000	83557.861573	99638.064163	108109.107090	130604.550911	-0.112000	0.928000	0.062000	192.000000	252.000000	128.000000	29.000000	0.000000	1.000000	240.000000	0.000000	0.000000	0.000000	1733433142.808591	0.000000
240.000000	85410.664727	17568.426438	187500.000000	187500.000000	83573.798367	99641.193407	108110.090567	130596.861910	-0.112000	0.928000	0.062000	192.000000	0.000000	0.000000	0.000000	0.000000	0.000000	0.000000	0.000000	0.000000	0.000000	1733433142.812284	0.000000
241.000000	85416.364421	17577.903578	187500.000000	187500.000000	83580.056856	99645.172017	108117.109015	130619.615986	-0.112000	0.928000	0.062000	192.000000	0.000000	0.000000	0.000000	0.000000	0.000000	0.000000	0.000000	0.000000	0.000000	1733433142.815223	0.000000
242.000000	85414.375116	17577.702412	187500.000000	187500.000000	83581.241498	99651.989299	108121.914640	130631.663577	-0.112000	0.928000	0.062000	192.000000	0.000000	0.000000	0.000000	0.000000	0.000000	0.000000	0.000000	0.000000	0.000000	1733433142.819915	0.000000
243.000000	85418.487837	17581.591616	187500.000000	187500.000000	83596.127760	99661.891122	108126.787320	130639.531391	-0.112000	0.928000	0.062000	192.000000	0.000000	0.000000	0.000000	0.000000	0.000000	0.000000	0.000000	0.000000	0.000000	1733433142.823936	0.000000
244.000000	85427.897922	17589.325319	187500.000000	187500.000000	83605.895472	99664.439221	108124.730960	130643.353539	-0.112000	0.928000	0.062000	192.000000	0.000000	0.000000	0.000000	0.000000	0.000000	0.000000	0.000000	0.000000	0.000000	1733433142.828220	0.000000
245.000000	85434.446983	17598.109555	187500.000000	187500.000000	83613.763286	99674.765727	108135.102169	130654.685873	-0.112000	0.928000	0.062000	192.000000	0.000000	0.000000	0.000000	0.000000	0.000000	0.000000	0.000000	0.000000	0.000000	1733433142.831948	0.000000
246.000000	85437.665634	17604.882134	187500.000000	187500.000000	83632.248179	99691.931867	108144.646364	130639.889019	-0.112000	0.928000	0.062000	192.000000	0.000000	0.000000	0.000000	0.000000	0.000000	0.000000	0.000000	0.000000	0.000000	1733433142.834950	0.000000
247.000000	85438.984387	17615.141584	187500.000000	187500.000000	83635.042147	99703.219498	108143.506425	130647.466260	-0.112000	0.928000	0.062000	192.000000	0.000000	0.000000	0.000000	0.000000	0.000000	0.000000	0.000000	0.000000	0.000000	1733433142.838965	0.000000
248.000000	85441.085451	17614.180459	187500.000000	187500.000000	83631.443516	99701.833689	108151.128370	130647.935647	-0.112000	0.928000	0.062000	192.000000	0.000000	0.000000	0.000000	0.000000	0.000000	0.000000	0.000000	0.000000	0.000000	1733433142.842974	0.000000
249.000000	85445.153468	17605.753852	187500.000000	187500.000000	83636.942045	99700.693750	108161.097248	130648.136812	-0.120000	0.948000	0.058000	192.000000	252.000000	64.000000	29.000000	160.000000	1.000000	208.000000	0.000000	0.000000	0.000000	1733433142.846971	0.000000
250.000000	85467.058178	17624.439910	187500.000000	187500.000000	83655.941028	99719.625678	108178.106925	130684.994839	-0.120000	0.948000	0.058000	192.000000	0.000000	0.000000	0.000000	0.000000	0.000000	0.000000	0.000000	0.000000	0.000000	1733433142.851959	0.000000
251.000000	85474.322495	17629.714922	187500.000000	187500.000000	83659.025569	99731.315640	108196.055376	130721.294072	-0.120000	0.948000	0.058000	192.000000	0.000000	0.000000	0.000000	0.000000	0.000000	0.000000	0.000000	0.000000	0.000000	1733433142.856017	0.000000
252.000000	85468.421634	17623.411730	187500.000000	187500.000000	83649.794298	99722.486701	108189.394556	130712.956871	-0.120000	0.948000	0.058000	192.000000	0.000000	0.000000	0.000000	0.000000	0.000000	0.000000	0.000000	0.000000	0.000000	1733433142.860387	0.000000
253.000000	85469.807442	17631.257192	187500.000000	187500.000000	83645.055729	99730.198053	108187.718175	130685.754798	-0.120000	0.948000	0.058000	192.000000	0.000000	0.000000	0.000000	0.000000	0.000000	0.000000	0.000000	0.000000	0.000000	1733433142.863234	0.000000
254.000000	85470.410940	17637.895660	187500.000000	187500.000000	83638.372557	99725.213614	108183.538399	130676.031789	-0.120000	0.948000	0.058000	192.000000	0.000000	0.000000	0.000000	0.000000	0.000000	0.000000	0.000000	0.000000	0.000000	1733433142.867021	0.000000
255.000000	85464.666541	17636.889832	187500.000000	187500.000000	83632.494048	99713.590707	108167.892178	130655.982275	-0.120000	0.948000	0.058000	192.000000	0.000000	0.000000	0.000000	0.000000	0.000000	0.000000	0.000000	0.000000	0.000000	1733433142.871230	0.000000
0.000000	85466.879364	17649.250346	187500.000000	187500.000000	83634.617464	99713.054265	108172.518989	130656.585772	-0.120000	0.948000	0.058000	192.000000	0.000000	0.000000	0.000000	0.000000	0.000000	0.000000	0.000000	0.000000	0.000000	1733433142.875206	0.000000
1.000000	85477.608201	17657.118160	187500.000000	187500.000000	83643.200534	99720.251527	108183.761917	130663.447757	-0.120000	0.948000	0.058000	192.000000	0.000000	0.000000	0.000000	0.000000	0.000000	0.000000	0.000000	0.000000	0.000000	1733433142.880133	0.000000
2.000000	85478.234050	17647.506910	187500.000000	187500.000000	83634.058670	99712.003733	108173.144838	130655.222315	-0.120000	0.948000	0.058000	192.000000	0.000000	0.000000	0.000000	0.000000	0.000000	0.000000	0.000000	0.000000	0.000000	1733433142.884010	0.000000
3.000000	85483.821986	17649.362105	187500.000000	187500.000000	83639.981883	99719.603326	108180.878542	130693.734371	-0.110000	0.946000	0.060000	192.000000	252.000000	144.000000	29.000000	144.000000	1.000000	224.000000	0.000000	0.000000	0.000000	1733433142.888015	0.000000
4.000000	85495.489597	17660.292108	187500.000000	187500.000000	83665.775796	99741.463332	108213.579144	130721.405831	-0.110000	0.946000	0.060000	192.000000	0.000000	0.000000	0.000000	0.000000	0.000000	0.000000	0.000000	0.000000	0.000000	1733433142.891037	0.000000
5.000000	85504.497350	17671.982070	187500.000000	187500.000000	83673.755368	99748.750001	108219.055321	130704.709077	-0.110000	0.946000	0.060000	192.000000	0.000000	0.000000	0.000000	0.000000	0.000000	0.000000	0.000000	0.000000	0.000000	1733433142.895030	0.000000
6.000000	85514.935614	17683.426164	187500.000000	187500.000000	83679.812691	99754.896731	108219.010618	130706.251348	-0.110000	0.946000	0.060000	192.000000	0.000000	0.000000	0.000000	0.000000	0.000000	0.000000	0.000000	0.000000	0.000000	1733433142.899021	0.000000
7.000000	85516.187312	17689.192914	187500.000000	187500.000000	83680.639706	99755.567283	108227.146653	130705.022002	-0.110000	0.946000	0.060000	192.000000	0.000000	0.000000	0.000000	0.000000	0.000000	0.000000	0.000000	0.000000	0.000000	1733433142.903211	0.000000
8.000000	85521.059992	17697.574818	187500.000000	187500.000000	83683.612488	99760.305853	108241.965859	130721.361127	-0.110000	0.946000	0.060000	192.000000	0.000000	0.000000	0.000000	0.000000	0.000000	0.000000	0.000000	0.000000	0.000000	1733433142.908069	0.000000
9.000000	85534.538094	17705.688501	187500.000000	187500.000000	83692.709648	99779.506001	108253.879339	130730.391232	-0.110000	0.946000	0.060000	192.000000	0.000000	0.000000	0.000000	0.000000	0.000000	0.000000	0.000000	0.000000	0.000000	1733433142.912288	0.000000
10.000000	85536.326234	17711.298789	187500.000000	187500.000000	83696.107113	99783.864592	108255.958051	130738.393156	-0.110000	0.946000	0.060000	192.000000	0.000000	0.000000	0.000000	0.000000	0.000000	0.000000	0.000000	0.000000	0.000000	1733433142.915135	0.000000
11.000000	85536.840324	17711.231734	187500.000000	187500.000000	83696.688258	99774.745080	108246.302098	130743.087023	-0.110000	0.946000	0.060000	192.000000	0.000000	0.000000	0.000000	0.000000	0.000000	0.000000	0.000000	0.000000	0.000000	1733433142.919236	0.000000
12.000000	85541.869467	17715.702083	187500.000000	187500.000000	83704.399610	99782.925818	108254.661650	130741.298883	-0.110000	0.946000	0.060000	192.000000	0.000000	0.000000	0.000000	0.000000	0.000000	0.000000	0.000000	0.000000	0.000000	1733433142.923392	0.000000
13.000000	85546.228057	17722.608772	187500.000000	187500.000000	83710.322822	99793.185269	108271.425458	130751.603037	-0.108000	0.936000	0.064000	192.000000	252.000000	160.000000	29.000000	64.000000	2.000000	0.000000	0.000000	0.000000	0.000000	1733433142.927089	0.000000
14.000000	85546.384519	17733.002333	187500.000000	187500.000000	83719.576445	99800.561345	108278.130982	130746.819764	-0.108000	0.936000	0.064000	192.000000	0.000000	0.000000	0.000000	0.000000	0.000000	0.000000	0.000000	0.000000	0.000000	1733433142.931162	0.000000
15.000000	85551.391310	17742.099493	187500.000000	187500.000000	83723.778573	99802.796519	108278.600368	130746.059805	-0.108000	0.936000	0.064000	192.000000	0.000000	0.000000	0.000000	0.000000	0.000000	0.000000	0.000000	0.000000	0.000000	1733433142.935085	0.000000
16.000000	85552.933580	17748.134464	187500.000000	187500.000000	83720.381107	99800.270772	108273.168894	130747.177392	-0.108000	0.936000	0.064000	192.000000	0.000000	0.000000	0.000000	0.000000	0.000000	0.000000	0.000000	0.000000	0.000000	1733433142.940102	0.000000
17.000000	85560.220249	17751.867205	187500.000000	187500.000000	83723.063317	99808.406807	108279.315624	130762.197764	-0.108000	0.936000	0.064000	192.000000	0.000000	0.000000	0.000000	0.000000	0.000000	0.000000	0.000000	0.000000	0.000000	1733433142.943100	0.000000
18.000000	85562.611885	17746.636897	187500.000000	187500.000000	83719.598796	99790.011321	108271.984252	130775.117072	-0.108000	0.936000	0.064000	192.000000	0.000000	0.000000	0.000000	0.000000	0.000000	0.000000	0.000000	0.000000	0.000000	1733433142.947113	0.000000
19.000000	85571.999618	17752.269537	187500.000000	187500.000000	83731.825201	99797.923839	108280.567322	130768.322142	-0.108000	0.936000	0.064000	192.000000	0.000000	0.000000	0.000000	0.000000	0.000000	0.000000	0.000000	0.000000	0.000000	1733433142.951150	0.000000
20.000000	85582.951973	17764.674755	187500.000000	187500.000000	83747.583180	99812.877156	108297.889924	130782.426093	-0.108000	0.936000	0.064000	192.000000	0.000000	0.000000	0.000000	0.000000	0.000000	0.000000	0.000000	0.000000	0.000000	1733433142.955131	0.000000
21.000000	85588.316392	17771.782609	187500.000000	187500.000000	83751.226515	99819.381514	108303.097880	130783.208404	-0.108000	0.936000	0.064000	192.000000	0.000000	0.000000	0.000000	0.000000	0.000000	0.000000	0.000000	0.000000	0.000000	1733433142.959397	0.000000
22.000000	85594.463121	17797.218895	187500.000000	187500.000000	83751.025349	99825.662354	108304.729558	130789.399837	-0.108000	0.936000	0.064000	192.000000	0.000000	0.000000	0.000000	0.000000	0.000000	0.000000	0.000000	0.000000	0.000000	1733433142.963446	0.000000
23.000000	85596.094799	17803.745604	187500.000000	187500.000000	83758.937867	99859.033508	108310.742177	130814.702012	-0.110000	0.940000	0.060000	192.000000	252.000000	144.000000	29.000000	96.000000	1.000000	224.000000	0.000000	0.000000	0.000000	1733433142.968365	0.000000
24.000000	85601.213348	17785.238360	187500.000000	187500.000000	83771.633657	99857.312424	108325.471976	130834.259788	-0.110000	0.940000	0.060000	192.000000	0.000000	0.000000	0.000000	0.000000	0.000000	0.000000	0.000000	0.000000	0.000000	1733433142.971461	0.000000
25.000000	85604.610813	17779.091630	187500.000000	187500.000000	83770.851346	99831.116179	108312.329151	130821.116963	-0.110000	0.940000	0.060000	192.000000	0.000000	0.000000	0.000000	0.000000	0.000000	0.000000	0.000000	0.000000	0.000000	1733433142.975439	0.000000
26.000000	85605.795456	17781.639729	187500.000000	187500.000000	83774.315867	99837.687592	108313.737311	130797.893500	-0.110000	0.940000	0.060000	192.000000	0.000000	0.000000	0.000000	0.000000	0.000000	0.000000	0.000000	0.000000	0.000000	1733433142.979389	0.000000
27.000000	85605.683697	17781.170342	187500.000000	187500.000000	83778.987381	99846.427124	108332.356314	130794.317221	-0.110000	0.940000	0.060000	192.000000	0.000000	0.000000	0.000000	0.000000	0.000000	0.000000	0.000000	0.000000	0.000000	1733433142.983153	0.000000
28.000000	85609.058810	17787.384127	187500.000000	187500.000000	83784.016524	99853.154999	108339.352410	130805.493093	-0.110000	0.940000	0.060000	192.000000	0.000000	0.000000	0.000000	0.000000	0.000000	0.000000	0.000000	0.000000	0.000000	1733433142.987192	0.000000
29.000000	85612.746848	17791.809772	187500.000000	187500.000000	83793.627774	99858.564122	108344.940346	130797.088837	-0.110000	0.940000	0.060000	192.000000	0.000000	0.000000	0.000000	0.000000	0.000000	0.000000	0.000000	0.000000	0.000000	1733433142.991163	0.000000
30.000000	85616.211369	17803.566790	187500.000000	187500.000000	83792.107855	99864.934369	108349.589509	130810.321070	-0.110000	0.940000	0.060000	192.000000	0.000000	0.000000	0.000000	0.000000	0.000000	0.000000	0.000000	0.000000	0.000000	1733433142.996234	0.000000
31.000000	85617.261901	17800.884581	187500.000000	187500.000000	83785.938774	99872.533962	108350.863558	130813.651480	-0.110000	0.940000	0.060000	192.000000	0.000000	0.000000	0.000000	0.000000	0.000000	0.000000	0.000000	0.000000	0.000000	1733433142.999184	0.000000
32.000000	85616.479590	17793.441450	187500.000000	187500.000000	83772.773596	99865.001424	108341.878157	130811.975099	-0.110000	0.940000	0.060000	192.000000	0.000000	0.000000	0.000000	0.000000	0.000000	0.000000	0.000000	0.000000	0.000000	1733433143.003386	0.000000
33.000000	85631.276444	17824.376264	187500.000000	187500.000000	83773.801777	99869.851753	108352.405829	130832.203428	-0.110000	0.960000	0.064000	192.000000	252.000000	144.000000	30.000000	0.000000	2.000000	0.000000	0.000000	0.000000	0.000000	1733433143.007344	0.000000
34.000000	85641.066508	17846.236270	187500.000000	187500.000000	83779.277954	99870.008215	108362.464114	130833.812753	-0.110000	0.960000	0.064000	192.000000	0.000000	0.000000	0.000000	0.000000	0.000000	0.000000	0.000000	0.000000	0.000000	1733433143.011284	0.000000
35.000000	85641.737061	17825.180927	187500.000000	187500.000000	83779.769692	99870.567008	108363.089962	130830.080012	-0.110000	0.960000	0.064000	192.000000	0.000000	0.000000	0.000000	0.000000	0.000000	0.000000	0.000000	0.000000	0.000000	1733433143.015610	0.000000
36.000000	85647.369700	17828.868965	187500.000000	187500.000000	83785.156463	99878.166601	108369.795486	130847.804945	-0.110000	0.960000	0.064000	192.000000	0.000000	0.000000	0.000000	0.000000	0.000000	0.000000	0.000000	0.000000	0.000000	1733433143.019383	0.000000
37.000000	85655.371625	17837.005000	187500.000000	187500.000000	83794.991230	99893.119918	108380.569027	130839.937131	-0.110000	0.960000	0.064000	192.000000	0.000000	0.000000	0.000000	0.000000	0.000000	0.000000	0.000000	0.000000	0.000000	1733433143.024231	0.000000
38.000000	85665.787538	17848.046762	187500.000000	187500.000000	83809.899844	99902.977038	108397.221076	130852.342350	-0.110000	0.960000	0.064000	192.000000	0.000000	0.000000	0.000000	0.000000	0.000000	0.000000	0.000000	0.000000	0.000000	1733433143.027246	0.000000
39.000000	85670.056721	17852.807683	187500.000000	187500.000000	83813.900806	99908.162642	108400.015044	130863.562925	-0.110000	0.960000	0.064000	192.000000	0.000000	0.000000	0.000000	0.000000	0.000000	0.000000	0.000000	0.000000	0.000000	1733433143.031213	0.000000
40.000000	85675.443491	17861.927195	187500.000000	187500.000000	83819.801667	99928.301564	108409.805108	130884.282992	-0.110000	0.960000	0.064000	192.000000	0.000000	0.000000	0.000000	0.000000	0.000000	0.000000	0.000000	0.000000	0.000000	1733433143.035261	0.000000
41.000000	85676.963410	17866.218730	187500.000000	187500.000000	83824.786106	99925.127617	108409.112204	130907.327641	-0.110000	0.960000	0.064000	192.000000	0.000000	0.000000	0.000000	0.000000	0.000000	0.000000	0.000000	0.000000	0.000000	1733433143.039289	0.000000
42.000000	85683.423064	17875.002965	187500.000000	187500.000000	83842.153411	99936.482303	108423.797300	130916.693022	-0.110000	0.960000	0.064000	192.000000	0.000000	0.000000	0.000000	0.000000	0.000000	0.000000	0.000000	0.000000	0.000000	1733433143.043333	0.000000
43.000000	85681.187890	17871.314927	187500.000000	187500.000000	83844.165068	99954.430754	108439.264707	130904.801894	-0.098000	0.956000	0.064000	192.000000	252.000000	240.000000	29.000000	224.000000	2.000000	0.000000	0.000000	0.000000	0.000000	1733433143.047538	0.000000
44.000000	85684.607707	17867.112800	187500.000000	187500.000000	83840.029995	99953.179056	108443.377428	130935.826115	-0.098000	0.956000	0.064000	192.000000	0.000000	0.000000	0.000000	0.000000	0.000000	0.000000	0.000000	0.000000	0.000000	1733433143.050494	0.000000
45.000000	85704.724277	17892.347919	187500.000000	187500.000000	83859.520717	99953.782553	108447.154873	130927.354804	-0.098000	0.956000	0.064000	192.000000	0.000000	0.000000	0.000000	0.000000	0.000000	0.000000	0.000000	0.000000	0.000000	1733433143.054479	0.000000
46.000000	85698.622250	17893.152582	187500.000000	187500.000000	83845.059138	99938.069277	108435.464911	130879.812644	-0.098000	0.956000	0.064000	192.000000	0.000000	0.000000	0.000000	0.000000	0.000000	0.000000	0.000000	0.000000	0.000000	1733433143.058540	0.000000
47.000000	85700.566852	17892.549085	187500.000000	187500.000000	83847.003740	99946.965271	108445.880824	130888.932155	-0.098000	0.956000	0.064000	192.000000	0.000000	0.000000	0.000000	0.000000	0.000000	0.000000	0.000000	0.000000	0.000000	1733433143.063391	0.000000
48.000000	85683.132491	17871.426686	187500.000000	187500.000000	83829.368213	99934.425942	108434.503786	130901.739705	-0.098000	0.956000	0.064000	192.000000	0.000000	0.000000	0.000000	0.000000	0.000000	0.000000	0.000000	0.000000	0.000000	1733433143.067298	0.000000
49.000000	85676.382265	17865.168198	187500.000000	187500.000000	83824.584940	99926.915756	108425.048998	130909.205187	-0.098000	0.956000	0.064000	192.000000	0.000000	0.000000	0.000000	0.000000	0.000000	0.000000	0.000000	0.000000	0.000000	1733433143.071292	0.000000
50.000000	85693.816625	17884.636567	187500.000000	187500.000000	83844.165068	99936.549358	108435.219042	130900.376248	-0.098000	0.956000	0.064000	192.000000	0.000000	0.000000	0.000000	0.000000	0.000000	0.000000	0.000000	0.000000	0.000000	1733433143.075300	0.000000
51.000000	85710.133399	17899.232256	187500.000000	187500.000000	83860.459490	99955.570692	108455.670888	130902.477312	-0.098000	0.956000	0.064000	192.000000	0.000000	0.000000	0.000000	0.000000	0.000000	0.000000	0.000000	0.000000	0.000000	1733433143.078564	0.000000
52.000000	85721.823361	17910.050501	187500.000000	187500.000000	83863.275810	99963.572617	108464.611586	130922.079792	-0.098000	0.956000	0.064000	192.000000	0.000000	0.000000	0.000000	0.000000	0.000000	0.000000	0.000000	0.000000	0.000000	1733433143.082521	0.000000
53.000000	85734.139172	17924.646190	187500.000000	187500.000000	83875.502214	99980.269370	108479.251978	130931.132249	-0.068000	0.942000	0.060000	192.000000	253.000000	224.000000	29.000000	112.000000	1.000000	224.000000	0.000000	0.000000	0.000000	1733433143.086401	0.000000
54.000000	85732.529847	17916.577210	187500.000000	187500.000000	83890.813159	100000.408292	108483.699975	130943.783336	-0.068000	0.942000	0.060000	192.000000	0.000000	0.000000	0.000000	0.000000	0.000000	0.000000	0.000000	0.000000	0.000000	1733433143.091512	0.000000
55.000000	85728.171257	17916.152527	187500.000000	187500.000000	83887.862729	99987.779556	108474.356946	130957.619066	-0.068000	0.942000	0.060000	192.000000	0.000000	0.000000	0.000000	0.000000	0.000000	0.000000	0.000000	0.000000	0.000000	1733433143.095529	0.000000
56.000000	85729.288844	17917.918315	187500.000000	187500.000000	83887.795673	99985.186754	108474.491057	130945.660883	-0.068000	0.942000	0.060000	192.000000	0.000000	0.000000	0.000000	0.000000	0.000000	0.000000	0.000000	0.000000	0.000000	1733433143.099395	0.000000
57.000000	85728.573588	17919.371178	187500.000000	187500.000000	83890.343772	99989.992379	108480.816600	130937.055461	-0.068000	0.942000	0.060000	192.000000	0.000000	0.000000	0.000000	0.000000	0.000000	0.000000	0.000000	0.000000	0.000000	1733433143.103383	0.000000
58.000000	85737.626044	17961.459513	187500.000000	187500.000000	83903.710115	100004.677475	108493.445336	130937.100165	-0.068000	0.942000	0.060000	192.000000	0.000000	0.000000	0.000000	0.000000	0.000000	0.000000	0.000000	0.000000	0.000000	1733433143.106430	0.000000
59.000000	85752.847582	17981.441972	187500.000000	187500.000000	83915.243616	100020.122530	108504.487098	130945.504420	-0.068000	0.942000	0.060000	192.000000	0.000000	0.000000	0.000000	0.000000	0.000000	0.000000	0.000000	0.000000	0.000000	1733433143.110418	0.000000
60.000000	85750.366539	17941.700571	187500.000000	187500.000000	83909.253348	100009.840728	108500.687301	130957.037921	-0.068000	0.942000	0.060000	192.000000	0.000000	0.000000	0.000000	0.000000	0.000000	0.000000	0.000000	0.000000	0.000000	1733433143.114420	0.000000
61.000000	85744.108050	17920.421710	187500.000000	187500.000000	83912.650813	100009.930135	108497.334540	130955.808575	-0.068000	0.942000	0.060000	192.000000	0.000000	0.000000	0.000000	0.000000	0.000000	0.000000	0.000000	0.000000	0.000000	1733433143.119649	0.000000
62.000000	85740.978806	17908.083547	187500.000000	187500.000000	83910.817970	100019.295516	108505.180002	130958.133156	-0.068000	0.942000	0.060000	192.000000	0.000000	0.000000	0.000000	0.000000	0.000000	0.000000	0.000000	0.000000	0.000000	1733433143.123558	0.000000
63.000000	85746.209114	17918.812384	187500.000000	187500.000000	83916.249444	100019.206109	108509.985627	130976.282773	-0.088000	0.950000	0.064000	192.000000	253.000000	64.000000	29.000000	176.000000	2.000000	0.000000	0.000000	0.000000	0.000000	1733433143.127687	0.000000
64.000000	85752.869934	17933.318667	187500.000000	187500.000000	83924.966624	100025.285783	108520.915630	130988.531529	-0.088000	0.950000	0.064000	192.000000	0.000000	0.000000	0.000000	0.000000	0.000000	0.000000	0.000000	0.000000	0.000000	1733433143.131608	0.000000
65.000000	85765.141042	17949.590737	187500.000000	187500.000000	83938.288264	100035.075848	108540.875738	131012.649061	-0.088000	0.950000	0.064000	192.000000	0.000000	0.000000	0.000000	0.000000	0.000000	0.000000	0.000000	0.000000	0.000000	1733433143.135396	0.000000
66.000000	85773.478243	17958.576138	187500.000000	187500.000000	83950.469965	100043.703621	108554.398543	131016.650023	-0.088000	0.950000	0.064000	192.000000	0.000000	0.000000	0.000000	0.000000	0.000000	0.000000	0.000000	0.000000	0.000000	1733433143.138389	0.000000
67.000000	85777.434501	17963.739391	187500.000000	187500.000000	83958.226020	100043.234234	108549.548215	131014.280738	-0.088000	0.950000	0.064000	192.000000	0.000000	0.000000	0.000000	0.000000	0.000000	0.000000	0.000000	0.000000	0.000000	1733433143.142392	0.000000
68.000000	85786.285792	17973.440048	187500.000000	187500.000000	83954.448575	100031.857196	108537.321810	131016.158285	-0.088000	0.950000	0.064000	192.000000	0.000000	0.000000	0.000000	0.000000	0.000000	0.000000	0.000000	0.000000	0.000000	1733433143.147448	0.000000
69.000000	85791.605507	17984.839438	187500.000000	187500.000000	83963.411625	100050.006813	108550.263470	131004.334212	-0.088000	0.950000	0.064000	192.000000	0.000000	0.000000	0.000000	0.000000	0.000000	0.000000	0.000000	0.000000	0.000000	1733433143.151473	0.000000
70.000000	85793.281888	17977.128086	187500.000000	187500.000000	83964.752730	100053.180761	108553.370363	131023.668471	-0.088000	0.950000	0.064000	192.000000	0.000000	0.000000	0.000000	0.000000	0.000000	0.000000	0.000000	0.000000	0.000000	1733433143.155604	0.000000
71.000000	85797.282850	17975.988147	187500.000000	187500.000000	83973.984000	100052.711374	108566.401430	131011.665584	-0.088000	0.950000	0.064000	192.000000	0.000000	0.000000	0.000000	0.000000	0.000000	0.000000	0.000000	0.000000	0.000000	1733433143.159617	0.000000
72.000000	85788.856243	17970.221397	187500.000000	187500.000000	83955.990846	100031.834845	108552.789218	131008.826913	-0.088000	0.950000	0.064000	192.000000	0.000000	0.000000	0.000000	0.000000	0.000000	0.000000	0.000000	0.000000	0.000000	1733433143.162518	0.000000
73.000000	85803.183711	17983.274815	187500.000000	187500.000000	83968.239602	100041.826074	108561.148770	131003.328383	-0.090000	0.950000	0.054000	192.000000	253.000000	48.000000	29.000000	176.000000	1.000000	176.000000	0.000000	0.000000	0.000000	1733433143.166737	0.000000
74.000000	85812.660851	17994.517743	187500.000000	187500.000000	83982.030628	100059.014566	108574.202189	131027.490619	-0.090000	0.950000	0.054000	192.000000	0.000000	0.000000	0.000000	0.000000	0.000000	0.000000	0.000000	0.000000	0.000000	1733433143.170496	0.000000
75.000000	85816.617109	17999.725699	187500.000000	187500.000000	83993.184148	100064.222522	108575.990328	131026.440087	-0.090000	0.950000	0.054000	192.000000	0.000000	0.000000	0.000000	0.000000	0.000000	0.000000	0.000000	0.000000	0.000000	1733433143.174495	0.000000
76.000000	85811.096228	17997.870505	187500.000000	187500.000000	83982.142387	100051.660842	108559.137113	131015.398325	-0.090000	0.950000	0.054000	192.000000	0.000000	0.000000	0.000000	0.000000	0.000000	0.000000	0.000000	0.000000	0.000000	1733433143.179497	0.000000
77.000000	85810.313917	17999.546885	187500.000000	187500.000000	83974.565145	100050.677365	108550.822264	131024.160209	-0.090000	0.950000	0.054000	192.000000	0.000000	0.000000	0.000000	0.000000	0.000000	0.000000	0.000000	0.000000	0.000000	1733433143.183559	0.000000
78.000000	85817.667641	18001.960874	187500.000000	187500.000000	83971.882936	100081.343959	108555.426723	131045.059090	-0.090000	0.950000	0.054000	192.000000	0.000000	0.000000	0.000000	0.000000	0.000000	0.000000	0.000000	0.000000	0.000000	1733433143.186525	0.000000
79.000000	85824.015537	18010.990979	187500.000000	187500.000000	83987.551509	100085.166107	108584.305177	131029.591683	-0.090000	0.950000	0.054000	192.000000	0.000000	0.000000	0.000000	0.000000	0.000000	0.000000	0.000000	0.000000	0.000000	1733433143.190625	0.000000
80.000000	85821.422734	18016.847136	187500.000000	187500.000000	83975.570974	100065.094240	108573.553988	131025.098982	-0.090000	0.950000	0.054000	192.000000	0.000000	0.000000	0.000000	0.000000	0.000000	0.000000	0.000000	0.000000	0.000000	1733433143.194782	0.000000
81.000000	85823.568502	18017.584743	187500.000000	187500.000000	83970.094796	100068.201133	108566.803761	131062.158175	-0.090000	0.950000	0.054000	192.000000	0.000000	0.000000	0.000000	0.000000	0.000000	0.000000	0.000000	0.000000	0.000000	1733433143.198840	0.000000
82.000000	85830.274025	18010.231019	187500.000000	187500.000000	83979.348419	100076.672444	108576.750288	131029.614035	-0.090000	0.950000	0.054000	192.000000	0.000000	0.000000	0.000000	0.000000	0.000000	0.000000	0.000000	0.000000	0.000000	1733433143.202853	0.000000
83.000000	85837.001900	18017.182412	187500.000000	187500.000000	83977.001485	100071.844467	108591.904770	131020.740392	-0.084000	0.946000	0.046000	192.000000	253.000000	96.000000	29.000000	144.000000	1.000000	112.000000	0.000000	0.000000	0.000000	1733433143.207524	0.000000
84.000000	85843.618017	18024.960819	187500.000000	187500.000000	83986.433922	100079.354653	108601.560724	131051.697558	-0.084000	0.946000	0.046000	192.000000	0.000000	0.000000	0.000000	0.000000	0.000000	0.000000	0.000000	0.000000	0.000000	1733433143.211762	0.000000
85.000000	85840.600531	18022.792700	187500.000000	187500.000000	83987.640916	100073.252627	108574.135134	131059.073634	-0.084000	0.946000	0.046000	192.000000	0.000000	0.000000	0.000000	0.000000	0.000000	0.000000	0.000000	0.000000	0.000000	1733433143.214513	0.000000
86.000000	85842.053395	18024.267915	187500.000000	187500.000000	83992.603003	100074.817249	108581.891189	131062.493451	-0.084000	0.946000	0.046000	192.000000	0.000000	0.000000	0.000000	0.000000	0.000000	0.000000	0.000000	0.000000	0.000000	1733433143.218539	0.000000
87.000000	85843.752127	18025.094929	187500.000000	187500.000000	83989.384352	100081.969807	108596.330416	131035.336081	-0.084000	0.946000	0.046000	192.000000	0.000000	0.000000	0.000000	0.000000	0.000000	0.000000	0.000000	0.000000	0.000000	1733433143.222589	0.000000
88.000000	85858.236058	18038.237755	187500.000000	187500.000000	84007.891596	100103.271020	108618.525698	131065.890916	-0.084000	0.946000	0.046000	192.000000	0.000000	0.000000	0.000000	0.000000	0.000000	0.000000	0.000000	0.000000	0.000000	1733433143.226561	0.000000
89.000000	85855.285627	18038.483624	187500.000000	187500.000000	83998.839140	100107.473148	108618.592753	131078.318486	-0.084000	0.946000	0.046000	192.000000	0.000000	0.000000	0.000000	0.000000	0.000000	0.000000	0.000000	0.000000	0.000000	1733433143.230543	0.000000
90.000000	85846.546095	18031.331066	187500.000000	187500.000000	83989.093779	100094.509136	108610.344960	131060.146518	-0.084000	0.946000	0.046000	192.000000	0.000000	0.000000	0.000000	0.000000	0.000000	0.000000	0.000000	0.000000	0.000000	1733433143.235583	0.000000
91.000000	85842.791002	18030.302886	187500.000000	187500.000000	83993.117093	100085.501383	108598.051500	131052.770442	-0.084000	0.946000	0.046000	192.000000	0.000000	0.000000	0.000000	0.000000	0.000000	0.000000	0.000000	0.000000	0.000000	1733433143.240251	0.000000
92.000000	85835.459630	18020.378711	187500.000000	187500.000000	83982.567070	100077.208886	108589.714299	131070.607134	-0.084000	0.946000	0.046000	192.000000	0.000000	0.000000	0.000000	0.000000	0.000000	0.000000	0.000000	0.000000	0.000000	1733433143.242683	0.000000
93.000000	85829.826990	18013.002636	187500.000000	187500.000000	83979.974267	100077.834735	108595.302236	131097.429228	-0.098000	0.946000	0.040000	192.000000	252.000000	240.000000	29.000000	144.000000	1.000000	64.000000	0.000000	0.000000	0.000000	1733433143.247038	0.000000
94.000000	85845.137935	18027.352456	187500.000000	187500.000000	83991.351305	100089.345883	108601.448965	131084.174643	-0.098000	0.946000	0.040000	192.000000	0.000000	0.000000	0.000000	0.000000	0.000000	0.000000	0.000000	0.000000	0.000000	1733433143.250695	0.000000
95.000000	85852.379901	18031.643990	187500.000000	187500.000000	84000.336707	100095.179688	108606.433404	131051.898724	-0.098000	0.946000	0.040000	192.000000	0.000000	0.000000	0.000000	0.000000	0.000000	0.000000	0.000000	0.000000	0.000000	1733433143.254879	0.000000
96.000000	85852.469307	18043.602174	187500.000000	187500.000000	84014.127733	100113.217546	108630.975620	131066.628524	-0.098000	0.946000	0.040000	192.000000	0.000000	0.000000	0.000000	0.000000	0.000000	0.000000	0.000000	0.000000	0.000000	1733433143.258634	0.000000
97.000000	85842.343967	18031.666342	187500.000000	187500.000000	83998.548567	100108.590735	108621.498480	131059.945352	-0.098000	0.946000	0.040000	192.000000	0.000000	0.000000	0.000000	0.000000	0.000000	0.000000	0.000000	0.000000	0.000000	1733433143.262784	0.000000
98.000000	85853.743357	18034.728531	187500.000000	187500.000000	83998.056829	100101.058197	108625.186518	131055.787928	-0.098000	0.946000	0.040000	192.000000	0.000000	0.000000	0.000000	0.000000	0.000000	0.000000	0.000000	0.000000	0.000000	1733433143.267624	0.000000
99.000000	85866.685017	18042.417531	187500.000000	187500.000000	84002.638936	100102.242840	108638.508158	131095.171701	-0.098000	0.946000	0.040000	192.000000	0.000000	0.000000	0.000000	0.000000	0.000000	0.000000	0.000000	0.000000	0.000000	1733433143.270612	0.000000
100.000000	85862.281723	18037.723665	187500.000000	187500.000000	83993.050038	100093.100976	108628.226355	131100.826693	-0.098000	0.946000	0.040000	192.000000	0.000000	0.000000	0.000000	0.000000	0.000000	0.000000	0.000000	0.000000	0.000000	1733433143.274642	0.000000
101.000000	85856.269104	18033.298020	187500.000000	187500.000000	83979.080198	100086.596618	108609.674407	131078.407893	-0.098000	0.946000	0.040000	192.000000	0.000000	0.000000	0.000000	0.000000	0.000000	0.000000	0.000000	0.000000	0.000000	1733433143.278607	0.000000
102.000000	85859.577162	18033.901517	187500.000000	187500.000000	83981.695352	100092.698645	108623.890117	131089.270841	-0.098000	0.946000	0.040000	192.000000	0.000000	0.000000	0.000000	0.000000	0.000000	0.000000	0.000000	0.000000	0.000000	1733433143.282682	0.000000
103.000000	85858.548982	18033.365075	187500.000000	187500.000000	83987.819730	100088.764738	108629.209832	131085.873376	-0.098000	0.946000	0.040000	192.000000	0.000000	0.000000	0.000000	0.000000	0.000000	0.000000	0.000000	0.000000	0.000000	1733433143.286925	0.000000
104.000000	85860.448880	18040.070598	187500.000000	187500.000000	83992.513596	100086.149584	108625.208870	131049.976474	-0.104000	0.950000	0.042000	192.000000	252.000000	192.000000	29.000000	176.000000	1.000000	80.000000	0.000000	0.000000	0.000000	1733433143.290876	0.000000
105.000000	85865.768595	18043.088084	187500.000000	187500.000000	83994.413494	100086.149584	108626.147643	131067.142614	-0.104000	0.950000	0.042000	192.000000	0.000000	0.000000	0.000000	0.000000	0.000000	0.000000	0.000000	0.000000	0.000000	1733433143.296132	0.000000
106.000000	85857.364340	18030.682865	187500.000000	187500.000000	83983.729361	100082.685063	108614.278867	131062.627561	-0.104000	0.950000	0.042000	192.000000	0.000000	0.000000	0.000000	0.000000	0.000000	0.000000	0.000000	0.000000	0.000000	1733433143.298681	0.000000
107.000000	85859.040720	18032.135729	187500.000000	187500.000000	83974.363980	100083.243857	108608.221544	131065.443881	-0.104000	0.950000	0.042000	192.000000	0.000000	0.000000	0.000000	0.000000	0.000000	0.000000	0.000000	0.000000	0.000000	1733433143.302655	0.000000
108.000000	85863.354607	18039.824729	187500.000000	187500.000000	83984.690486	100097.347808	108625.901774	131068.461367	-0.104000	0.950000	0.042000	192.000000	0.000000	0.000000	0.000000	0.000000	0.000000	0.000000	0.000000	0.000000	0.000000	1733433143.306650	0.000000
109.000000	85867.087348	18051.537043	187500.000000	187500.000000	84001.610756	100120.414808	108645.213681	131082.811187	-0.104000	0.950000	0.042000	192.000000	0.000000	0.000000	0.000000	0.000000	0.000000	0.000000	0.000000	0.000000	0.000000	1733433143.310658	0.000000
110.000000	85863.019331	18054.286308	187500.000000	187500.000000	84001.342535	100107.495500	108646.532434	131088.935565	-0.104000	0.950000	0.042000	192.000000	0.000000	0.000000	0.000000	0.000000	0.000000	0.000000	0.000000	0.000000	0.000000	1733433143.315456	0.000000
111.000000	85857.386691	18044.764464	187500.000000	187500.000000	83995.486378	100090.172898	108640.296297	131103.374792	-0.104000	0.950000	0.042000	192.000000	0.000000	0.000000	0.000000	0.000000	0.000000	0.000000	0.000000	0.000000	0.000000	1733433143.318748	0.000000
112.000000	85864.248677	18048.743075	187500.000000	187500.000000	84011.914910	100101.415825	108659.272928	131119.646862	-0.104000	0.950000	0.042000	192.000000	0.000000	0.000000	0.000000	0.000000	0.000000	0.000000	0.000000	0.000000	0.000000	1733433143.322969	0.000000
113.000000	85870.462462	18056.275613	187500.000000	187500.000000	84020.900312	100114.983334	108670.582911	131123.401955	-0.104000	0.950000	0.042000	192.000000	0.000000	0.000000	0.000000	0.000000	0.000000	0.000000	0.000000	0.000000	0.000000	1733433143.325742	0.000000
114.000000	85867.757901	18055.895633	187500.000000	187500.000000	84023.604873	100120.213642	108670.694670	131101.743114	-0.132000	0.936000	0.036000	192.000000	251.000000	224.000000	29.000000	64.000000	1.000000	32.000000	0.000000	0.000000	0.000000	1733433143.330908	0.000000
115.000000	85863.220497	18052.744037	187500.000000	187500.000000	84019.827428	100131.993011	108669.912359	131098.390353	-0.132000	0.936000	0.036000	192.000000	0.000000	0.000000	0.000000	0.000000	0.000000	0.000000	0.000000	0.000000	0.000000	1733433143.334936	0.000000
116.000000	85861.633523	18056.543834	187500.000000	187500.000000	84012.808980	100115.877404	108660.882254	131095.015239	-0.132000	0.936000	0.036000	192.000000	0.000000	0.000000	0.000000	0.000000	0.000000	0.000000	0.000000	0.000000	0.000000	1733433143.339109	0.000000
117.000000	85849.518877	18041.769331	187500.000000	187500.000000	84001.163721	100090.955209	108643.000858	131083.526442	-0.132000	0.936000	0.036000	192.000000	0.000000	0.000000	0.000000	0.000000	0.000000	0.000000	0.000000	0.000000	0.000000	1733433143.342704	0.000000
118.000000	85862.125261	18055.269784	187500.000000	187500.000000	84012.697221	100102.734578	108647.471207	131115.534141	-0.132000	0.936000	0.036000	192.000000	0.000000	0.000000	0.000000	0.000000	0.000000	0.000000	0.000000	0.000000	0.000000	1733433143.346736	0.000000
119.000000	85864.539249	18066.110380	187500.000000	187500.000000	84018.151047	100113.776340	108656.724829	131103.285385	-0.132000	0.936000	0.036000	192.000000	0.000000	0.000000	0.000000	0.000000	0.000000	0.000000	0.000000	0.000000	0.000000	1733433143.350740	0.000000
120.000000	85858.683092	18051.738209	187500.000000	187500.000000	84012.719573	100100.141776	108647.851187	131099.977326	-0.132000	0.936000	0.036000	192.000000	0.000000	0.000000	0.000000	0.000000	0.000000	0.000000	0.000000	0.000000	0.000000	1733433143.353741	0.000000
121.000000	85854.391558	18053.638107	187500.000000	187500.000000	83994.011163	100077.588865	108629.634515	131111.913158	-0.132000	0.936000	0.036000	192.000000	0.000000	0.000000	0.000000	0.000000	0.000000	0.000000	0.000000	0.000000	0.000000	1733433143.357748	0.000000
122.000000	85850.904685	18048.988944	187500.000000	187500.000000	83991.485416	100084.137927	108630.908564	131088.197957	-0.132000	0.936000	0.036000	192.000000	0.000000	0.000000	0.000000	0.000000	0.000000	0.000000	0.000000	0.000000	0.000000	1733433143.362742	0.000000
123.000000	85847.842496	18041.277592	187500.000000	187500.000000	84000.783742	100102.913392	108643.045562	131066.114434	-0.132000	0.936000	0.036000	192.000000	0.000000	0.000000	0.000000	0.000000	0.000000	0.000000	0.000000	0.000000	0.000000	1733433143.366744	0.000000
124.000000	85842.791002	18035.957877	187500.000000	187500.000000	83998.906195	100091.782223	108649.348754	131048.568314	-0.144000	0.940000	0.024000	192.000000	251.000000	128.000000	29.000000	96.000000	0.000000	192.000000	0.000000	0.000000	0.000000	1733433143.370776	0.000000
125.000000	85845.674377	18036.315505	187500.000000	187500.000000	84015.155913	100100.901735	108664.927919	131086.521576	-0.144000	0.940000	0.024000	192.000000	0.000000	0.000000	0.000000	0.000000	0.000000	0.000000	0.000000	0.000000	0.000000	1733433143.374858	0.000000
126.000000	85841.963988	18037.254278	187500.000000	187500.000000	84009.545625	100095.671427	108656.054277	131080.531309	-0.144000	0.940000	0.024000	192.000000	0.000000	0.000000	0.000000	0.000000	0.000000	0.000000	0.000000	0.000000	0.000000	1733433143.379030	0.000000
127.000000	85846.054357	18044.071560	187500.000000	187500.000000	84009.053887	100095.269095	108649.840492	131090.544890	-0.144000	0.940000	0.024000	192.000000	0.000000	0.000000	0.000000	0.000000	0.000000	0.000000	0.000000	0.000000	0.000000	1733433143.382009	0.000000
128.000000	85847.216648	18048.228985	187500.000000	187500.000000	84014.261843	100103.047502	108659.876425	131122.641995	-0.144000	0.940000	0.024000	192.000000	0.000000	0.000000	0.000000	0.000000	0.000000	0.000000	0.000000	0.000000	0.000000	1733433143.386895	0.000000
129.000000	85839.326482	18049.614793	187500.000000	187500.000000	84011.691393	100099.672389	108653.372068	131104.447675	-0.144000	0.940000	0.024000	192.000000	0.000000	0.000000	0.000000	0.000000	0.000000	0.000000	0.000000	0.000000	0.000000	1733433143.390802	0.000000
130.000000	85823.009708	18031.331066	187500.000000	187500.000000	83999.263823	100092.050444	108643.447893	131053.396291	-0.144000	0.940000	0.024000	192.000000	0.000000	0.000000	0.000000	0.000000	0.000000	0.000000	0.000000	0.000000	0.000000	1733433143.395010	0.000000
131.000000	85823.076764	18027.464214	187500.000000	187500.000000	83991.664230	100089.859973	108642.732637	131048.009521	-0.144000	0.940000	0.024000	192.000000	0.000000	0.000000	0.000000	0.000000	0.000000	0.000000	0.000000	0.000000	0.000000	1733433143.398791	0.000000
132.000000	85835.303168	18040.674095	187500.000000	187500.000000	84002.840102	100093.302142	108653.662640	131052.524573	-0.144000	0.940000	0.024000	192.000000	0.000000	0.000000	0.000000	0.000000	0.000000	0.000000	0.000000	0.000000	0.000000	1733433143.402776	0.000000
133.000000	85837.158363	18044.965630	187500.000000	187500.000000	83998.973250	100083.825002	108648.991126	131051.876372	-0.144000	0.940000	0.024000	192.000000	0.000000	0.000000	0.000000	0.000000	0.000000	0.000000	0.000000	0.000000	0.000000	1733433143.405805	0.000000
134.000000	85842.902761	18054.822749	187500.000000	187500.000000	83996.760428	100080.293427	108648.901719	131066.472061	-0.148000	0.954000	0.014000	192.000000	251.000000	96.000000	29.000000	208.000000	0.000000	112.000000	0.000000	0.000000	0.000000	1733433143.409847	0.000000
135.000000	85838.678281	18044.049209	187500.000000	187500.000000	83988.110302	100071.688005	108644.878405	131064.840384	-0.148000	0.954000	0.014000	192.000000	0.000000	0.000000	0.000000	0.000000	0.000000	0.000000	0.000000	0.000000	0.000000	1733433143.413824	0.000000
136.000000	85831.302205	18033.007447	187500.000000	187500.000000	83980.667172	100062.054403	108638.485806	131060.660608	-0.148000	0.954000	0.014000	192.000000	0.000000	0.000000	0.000000	0.000000	0.000000	0.000000	0.000000	0.000000	0.000000	1733433143.418811	0.000000
137.000000	85839.170020	18043.021028	187500.000000	187500.000000	83992.088913	100070.972749	108650.868672	131102.100742	-0.148000	0.954000	0.014000	192.000000	0.000000	0.000000	0.000000	0.000000	0.000000	0.000000	0.000000	0.000000	0.000000	1733433143.422958	0.000000
138.000000	85834.967892	18039.891784	187500.000000	187500.000000	83984.064637	100061.003871	108636.138873	131077.200899	-0.148000	0.954000	0.014000	192.000000	0.000000	0.000000	0.000000	0.000000	0.000000	0.000000	0.000000	0.000000	0.000000	1733433143.427036	0.000000
139.000000	85835.996072	18039.847081	187500.000000	187500.000000	83994.681715	100077.700624	108658.289451	131070.808300	-0.148000	0.954000	0.014000	192.000000	0.000000	0.000000	0.000000	0.000000	0.000000	0.000000	0.000000	0.000000	0.000000	1733433143.431067	0.000000
140.000000	85847.127241	18045.323258	187500.000000	187500.000000	84006.483436	100097.459566	108677.109620	131097.183358	-0.148000	0.954000	0.014000	192.000000	0.000000	0.000000	0.000000	0.000000	0.000000	0.000000	0.000000	0.000000	0.000000	1733433143.434081	0.000000
141.000000	85848.267180	18050.620622	187500.000000	187500.000000	84010.394992	100095.336151	108668.392440	131101.899576	-0.148000	0.954000	0.014000	192.000000	0.000000	0.000000	0.000000	0.000000	0.000000	0.000000	0.000000	0.000000	0.000000	1733433143.438046	0.000000
142.000000	85823.166170	18028.581801	187500.000000	187500.000000	83988.110302	100076.113650	108639.201062	131056.234962	-0.148000	0.954000	0.014000	192.000000	0.000000	0.000000	0.000000	0.000000	0.000000	0.000000	0.000000	0.000000	0.000000	1733433143.441861	0.000000
143.000000	85821.243920	18020.848098	187500.000000	187500.000000	83997.319221	100068.156429	108642.710286	131058.693654	-0.148000	0.954000	0.014000	192.000000	0.000000	0.000000	0.000000	0.000000	0.000000	0.000000	0.000000	0.000000	0.000000	1733433143.446887	0.000000
144.000000	85826.429525	18026.078406	187500.000000	187500.000000	84003.845931	100074.169049	108649.594623	131067.656704	-0.192000	0.948000	0.004000	192.000000	250.000000	0.000000	29.000000	160.000000	0.000000	32.000000	0.000000	0.000000	0.000000	1733433143.450841	0.000000
145.000000	85825.311938	18026.458386	187500.000000	187500.000000	83996.983945	100073.744365	108646.711248	131071.434149	-0.192000	0.948000	0.004000	192.000000	0.000000	0.000000	0.000000	0.000000	0.000000	0.000000	0.000000	0.000000	0.000000	1733433143.454844	0.000000
146.000000	85823.322633	18024.558487	187500.000000	187500.000000	83996.112227	100083.333264	108650.578100	131062.225230	-0.192000	0.948000	0.004000	192.000000	0.000000	0.000000	0.000000	0.000000	0.000000	0.000000	0.000000	0.000000	0.000000	1733433143.457873	0.000000
147.000000	85826.340118	18030.861679	187500.000000	187500.000000	84011.780800	100085.031996	108660.256405	131078.832576	-0.192000	0.948000	0.004000	192.000000	0.000000	0.000000	0.000000	0.000000	0.000000	0.000000	0.000000	0.000000	0.000000	1733433143.461868	0.000000
148.000000	85816.527702	18016.489508	187500.000000	187500.000000	84002.147198	100066.055365	108643.760817	131057.509012	-0.192000	0.948000	0.004000	192.000000	0.000000	0.000000	0.000000	0.000000	0.000000	0.000000	0.000000	0.000000	0.000000	1733433143.466117	0.000000
149.000000	85808.056391	18005.313636	187500.000000	187500.000000	83987.439750	100057.494647	108639.402227	131050.311750	-0.192000	0.948000	0.004000	192.000000	0.000000	0.000000	0.000000	0.000000	0.000000	0.000000	0.000000	0.000000	0.000000	1733433143.470034	0.000000
150.000000	85808.659888	18005.470098	187500.000000	187500.000000	83985.025762	100060.176857	108642.486768	131071.031817	-0.192000	0.948000	0.004000	192.000000	0.000000	0.000000	0.000000	0.000000	0.000000	0.000000	0.000000	0.000000	0.000000	1733433143.475174	0.000000
151.000000	85818.807580	18014.231982	187500.000000	187500.000000	83986.992715	100055.103011	108634.998934	131044.276779	-0.192000	0.948000	0.004000	192.000000	0.000000	0.000000	0.000000	0.000000	0.000000	0.000000	0.000000	0.000000	0.000000	1733433143.480197	0.000000
152.000000	85819.433429	18013.740243	187500.000000	187500.000000	83985.986887	100050.230330	108637.390570	131052.234000	-0.192000	0.948000	0.004000	192.000000	0.000000	0.000000	0.000000	0.000000	0.000000	0.000000	0.000000	0.000000	0.000000	1733433143.483076	0.000000
153.000000	85821.310976	18015.483679	187500.000000	187500.000000	83982.947049	100053.024298	108638.955192	131050.155288	-0.192000	0.948000	0.004000	192.000000	0.000000	0.000000	0.000000	0.000000	0.000000	0.000000	0.000000	0.000000	0.000000	1733433143.486913	0.000000
154.000000	85822.786191	18018.948200	187500.000000	187500.000000	83975.794491	100050.900883	108635.825948	131045.193201	-0.202000	0.942000	0.000000	192.000000	249.000000	176.000000	29.000000	112.000000	0.000000	0.000000	0.000000	0.000000	0.000000	1733433143.489919	0.000000
155.000000	85818.807580	18019.842269	187500.000000	187500.000000	83971.905288	100051.124400	108634.686009	131039.091174	-0.202000	0.942000	0.000000	192.000000	0.000000	0.000000	0.000000	0.000000	0.000000	0.000000	0.000000	0.000000	0.000000	1733433143.493944	0.000000
156.000000	85817.175903	18019.283476	187500.000000	187500.000000	83958.516593	100042.451923	108623.800710	131031.692747	-0.202000	0.942000	0.000000	192.000000	0.000000	0.000000	0.000000	0.000000	0.000000	0.000000	0.000000	0.000000	0.000000	1733433143.497974	0.000000
157.000000	85805.150664	18009.716929	187500.000000	187500.000000	83946.133726	100030.493740	108615.418806	131013.699593	-0.202000	0.942000	0.000000	192.000000	0.000000	0.000000	0.000000	0.000000	0.000000	0.000000	0.000000	0.000000	0.000000	1733433143.502963	0.000000
158.000000	85796.768760	18008.934618	187500.000000	187500.000000	83939.361148	100021.307173	108604.287637	131025.590721	-0.202000	0.942000	0.000000	192.000000	0.000000	0.000000	0.000000	0.000000	0.000000	0.000000	0.000000	0.000000	0.000000	1733433143.507261	0.000000
159.000000	85806.469417	18015.528383	187500.000000	187500.000000	83946.960741	100027.006868	108609.719111	131045.439070	-0.202000	0.942000	0.000000	192.000000	0.000000	0.000000	0.000000	0.000000	0.000000	0.000000	0.000000	0.000000	0.000000	1733433143.511248	0.000000
160.000000	85794.913566	18003.123165	187500.000000	187500.000000	83946.424299	100023.184719	108613.027169	131024.853113	-0.202000	0.942000	0.000000	192.000000	0.000000	0.000000	0.000000	0.000000	0.000000	0.000000	0.000000	0.000000	0.000000	1733433143.514131	0.000000
161.000000	85796.567595	18001.066804	187500.000000	187500.000000	83942.065709	100026.202205	108620.559707	131030.821029	-0.202000	0.942000	0.000000	192.000000	0.000000	0.000000	0.000000	0.000000	0.000000	0.000000	0.000000	0.000000	0.000000	1733433143.518239	0.000000
162.000000	85790.890252	17994.495391	187500.000000	187500.000000	83939.227037	100029.107932	108618.726864	131024.651948	-0.202000	0.942000	0.000000	192.000000	0.000000	0.000000	0.000000	0.000000	0.000000	0.000000	0.000000	0.000000	0.000000	1733433143.522204	0.000000
163.000000	85788.632725	17998.205781	187500.000000	187500.000000	83939.338796	100034.405295	108620.716169	131025.657776	-0.202000	0.942000	0.000000	192.000000	0.000000	0.000000	0.000000	0.000000	0.000000	0.000000	0.000000	0.000000	0.000000	1733433143.525990	0.000000
164.000000	85777.210984	17984.951196	187500.000000	187500.000000	83925.883046	100025.911632	108608.445061	131006.010593	-0.214000	0.944000	0.000000	192.000000	249.000000	80.000000	29.000000	128.000000	0.000000	0.000000	0.000000	0.000000	0.000000	1733433143.529991	0.000000
165.000000	85775.668714	17987.923978	187500.000000	187500.000000	83930.934540	100027.856234	108607.215715	131012.760820	-0.214000	0.944000	0.000000	192.000000	0.000000	0.000000	0.000000	0.000000	0.000000	0.000000	0.000000	0.000000	0.000000	1733433143.534979	0.000000
166.000000	85767.778548	17987.968682	187500.000000	187500.000000	83924.340776	100019.787254	108595.838677	130997.226357	-0.214000	0.944000	0.000000	192.000000	0.000000	0.000000	0.000000	0.000000	0.000000	0.000000	0.000000	0.000000	0.000000	1733433143.538975	0.000000
167.000000	85767.644437	17982.291339	187500.000000	187500.000000	83913.634290	100009.483100	108593.111765	131005.787075	-0.214000	0.944000	0.000000	192.000000	0.000000	0.000000	0.000000	0.000000	0.000000	0.000000	0.000000	0.000000	0.000000	1733433143.542009	0.000000
168.000000	85763.688179	17971.786019	187500.000000	187500.000000	83919.713964	100014.847519	108598.163259	131014.481904	-0.214000	0.944000	0.000000	192.000000	0.000000	0.000000	0.000000	0.000000	0.000000	0.000000	0.000000	0.000000	0.000000	1733433143.546059	0.000000
169.000000	85757.697911	17967.293318	187500.000000	187500.000000	83917.031755	100025.241080	108606.142832	131018.236997	-0.214000	0.944000	0.000000	192.000000	0.000000	0.000000	0.000000	0.000000	0.000000	0.000000	0.000000	0.000000	0.000000	1733433143.550111	0.000000
170.000000	85762.078853	17976.882217	187500.000000	187500.000000	83919.490447	100030.829016	108605.204058	130986.341058	-0.214000	0.944000	0.000000	192.000000	0.000000	0.000000	0.000000	0.000000	0.000000	0.000000	0.000000	0.000000	0.000000	1733433143.554060	0.000000
171.000000	85783.111844	17990.941464	187500.000000	187500.000000	83947.474831	100035.366420	108623.912468	131012.604357	-0.214000	0.944000	0.000000	192.000000	0.000000	0.000000	0.000000	0.000000	0.000000	0.000000	0.000000	0.000000	0.000000	1733433143.558209	0.000000
172.000000	85779.200289	17987.074612	187500.000000	187500.000000	83939.450555	100026.269260	108618.771567	131017.879369	-0.214000	0.944000	0.000000	192.000000	0.000000	0.000000	0.000000	0.000000	0.000000	0.000000	0.000000	0.000000	0.000000	1733433143.563068	0.000000
173.000000	85770.952495	17986.359356	187500.000000	187500.000000	83934.980206	100038.406257	108620.112672	131022.372070	-0.214000	0.944000	0.000000	192.000000	0.000000	0.000000	0.000000	0.000000	0.000000	0.000000	0.000000	0.000000	0.000000	1733433143.566023	0.000000
174.000000	85763.196440	17983.520685	187500.000000	187500.000000	83918.037584	100011.070074	108600.711358	131001.696706	-0.236000	0.930000	0.000000	192.000000	248.000000	160.000000	29.000000	16.000000	0.000000	0.000000	0.000000	0.000000	0.000000	1733433143.570088	0.000000
175.000000	85765.789242	17982.470153	187500.000000	187500.000000	83923.334947	100011.114777	108598.364425	131001.562596	-0.236000	0.930000	0.000000	192.000000	0.000000	0.000000	0.000000	0.000000	0.000000	0.000000	0.000000	0.000000	0.000000	1733433143.574101	0.000000
176.000000	85756.423862	17965.706344	187500.000000	187500.000000	83914.997746	100009.796025	108585.802744	130996.332287	-0.236000	0.930000	0.000000	192.000000	0.000000	0.000000	0.000000	0.000000	0.000000	0.000000	0.000000	0.000000	0.000000	1733433143.578287	0.000000
177.000000	85741.895228	17953.859920	187500.000000	187500.000000	83901.206720	99997.077882	108574.582168	130983.949421	-0.236000	0.930000	0.000000	192.000000	0.000000	0.000000	0.000000	0.000000	0.000000	0.000000	0.000000	0.000000	0.000000	1733433143.582089	0.000000
178.000000	85745.203286	17957.570309	187500.000000	187500.000000	83900.983203	99992.808699	108572.838732	130980.686066	-0.236000	0.930000	0.000000	192.000000	0.000000	0.000000	0.000000	0.000000	0.000000	0.000000	0.000000	0.000000	0.000000	1733433143.586318	0.000000
179.000000	85748.623103	17963.851150	187500.000000	187500.000000	83909.990956	100005.705655	108586.987387	130992.398380	-0.236000	0.930000	0.000000	192.000000	0.000000	0.000000	0.000000	0.000000	0.000000	0.000000	0.000000	0.000000	0.000000	1733433143.591247	0.000000
180.000000	85754.345149	17968.522664	187500.000000	187500.000000	83911.622633	100007.471443	108587.970863	131011.687936	-0.236000	0.930000	0.000000	192.000000	0.000000	0.000000	0.000000	0.000000	0.000000	0.000000	0.000000	0.000000	0.000000	1733433143.594351	0.000000
181.000000	85749.807745	17963.515873	187500.000000	187500.000000	83909.253348	99998.664856	108576.347956	131054.290361	-0.236000	0.930000	0.000000	192.000000	0.000000	0.000000	0.000000	0.000000	0.000000	0.000000	0.000000	0.000000	0.000000	1733433143.598346	0.000000
182.000000	85744.800954	17959.872539	187500.000000	187500.000000	83909.700383	100005.772711	108578.583131	131008.536340	-0.236000	0.930000	0.000000	192.000000	0.000000	0.000000	0.000000	0.000000	0.000000	0.000000	0.000000	0.000000	0.000000	1733433143.602250	0.000000
183.000000	85742.208152	17960.565443	187500.000000	187500.000000	83910.929729	100005.370379	108578.694889	130993.024229	-0.236000	0.930000	0.000000	192.000000	0.000000	0.000000	0.000000	0.000000	0.000000	0.000000	0.000000	0.000000	0.000000	1733433143.606154	0.000000
184.000000	85749.427766	17973.037717	187500.000000	187500.000000	83920.228055	100007.762016	108576.102087	130963.855203	-0.242000	0.934000	0.012000	192.000000	248.000000	112.000000	29.000000	48.000000	0.000000	96.000000	0.000000	0.000000	0.000000	1733433143.610153	0.000000
185.000000	85745.538562	17971.003708	187500.000000	187500.000000	83920.272758	100006.286801	108576.593825	130945.146793	-0.242000	0.934000	0.012000	192.000000	0.000000	0.000000	0.000000	0.000000	0.000000	0.000000	0.000000	0.000000	0.000000	1733433143.614164	0.000000
186.000000	85740.822344	17972.165998	187500.000000	187500.000000	83914.170732	99999.223649	108576.929102	130961.955304	-0.242000	0.934000	0.012000	192.000000	0.000000	0.000000	0.000000	0.000000	0.000000	0.000000	0.000000	0.000000	0.000000	1733433143.619097	0.000000
187.000000	85735.055594	17964.521702	187500.000000	187500.000000	83912.047316	99994.283914	108569.843599	130953.461641	-0.242000	0.934000	0.012000	192.000000	0.000000	0.000000	0.000000	0.000000	0.000000	0.000000	0.000000	0.000000	0.000000	1733433143.622132	0.000000
188.000000	85735.279111	17961.034830	187500.000000	187500.000000	83908.091057	99987.712501	108561.931081	130963.855203	-0.242000	0.934000	0.012000	192.000000	0.000000	0.000000	0.000000	0.000000	0.000000	0.000000	0.000000	0.000000	0.000000	1733433143.626178	0.000000
189.000000	85729.445306	17952.876443	187500.000000	187500.000000	83907.420505	99991.489946	108573.062250	130981.200156	-0.242000	0.934000	0.012000	192.000000	0.000000	0.000000	0.000000	0.000000	0.000000	0.000000	0.000000	0.000000	0.000000	1733433143.630452	0.000000
190.000000	85733.423917	17965.102847	187500.000000	187500.000000	83921.144476	100007.404388	108586.428593	130989.425598	-0.242000	0.934000	0.012000	192.000000	0.000000	0.000000	0.000000	0.000000	0.000000	0.000000	0.000000	0.000000	0.000000	1733433143.634366	0.000000
191.000000	85714.961376	17945.232146	187500.000000	187500.000000	83884.442912	99969.920512	108547.402447	130951.829964	-0.242000	0.934000	0.012000	192.000000	0.000000	0.000000	0.000000	0.000000	0.000000	0.000000	0.000000	0.000000	0.000000	1733433143.638411	0.000000
192.000000	85711.988594	17937.677257	187500.000000	187500.000000	83879.927859	99975.262579	108546.709543	130968.146738	-0.242000	0.934000	0.012000	192.000000	0.000000	0.000000	0.000000	0.000000	0.000000	0.000000	0.000000	0.000000	0.000000	1733433143.642362	0.000000
193.000000	85710.647489	17929.362408	187500.000000	187500.000000	83872.082397	99974.614379	108547.089523	130959.608371	-0.242000	0.934000	0.012000	192.000000	0.000000	0.000000	0.000000	0.000000	0.000000	0.000000	0.000000	0.000000	0.000000	1733433143.646466	0.000000
194.000000	85720.884588	17952.205891	187500.000000	187500.000000	83892.154264	99976.871905	108563.205130	130981.289563	-0.266000	0.914000	-0.004000	192.000000	247.000000	176.000000	28.000000	144.000000	255.000000	224.000000	0.000000	0.000000	0.000000	1733433143.650189	0.000000
195.000000	85722.203341	17964.946385	187500.000000	187500.000000	83887.348638	99968.020614	108555.784351	130995.348811	-0.266000	0.914000	-0.004000	192.000000	0.000000	0.000000	0.000000	0.000000	0.000000	0.000000	0.000000	0.000000	0.000000	1733433143.653185	0.000000
196.000000	85712.301518	17938.616030	187500.000000	187500.000000	83876.932726	99952.039117	108542.552119	130989.515005	-0.266000	0.914000	-0.004000	192.000000	0.000000	0.000000	0.000000	0.000000	0.000000	0.000000	0.000000	0.000000	0.000000	1733433143.658220	0.000000
197.000000	85724.930254	17958.822007	187500.000000	187500.000000	83888.443874	99969.384071	108559.517093	130982.004819	-0.266000	0.914000	-0.004000	192.000000	0.000000	0.000000	0.000000	0.000000	0.000000	0.000000	0.000000	0.000000	0.000000	1733433143.662380	0.000000
198.000000	85710.491027	17948.584908	187500.000000	187500.000000	83856.167955	99952.128524	108533.387903	130925.521961	-0.266000	0.914000	-0.004000	192.000000	0.000000	0.000000	0.000000	0.000000	0.000000	0.000000	0.000000	0.000000	0.000000	1733433143.666242	0.000000
199.000000	85694.487178	17927.775434	187500.000000	187500.000000	83846.601408	99944.707745	108533.767883	130924.896112	-0.266000	0.914000	-0.004000	192.000000	0.000000	0.000000	0.000000	0.000000	0.000000	0.000000	0.000000	0.000000	0.000000	1733433143.670343	0.000000
200.000000	85680.070302	17913.202097	187500.000000	187500.000000	83834.039728	99914.957573	108521.720293	130936.519019	-0.266000	0.914000	-0.004000	192.000000	0.000000	0.000000	0.000000	0.000000	0.000000	0.000000	0.000000	0.000000	0.000000	1733433143.674450	0.000000
201.000000	85686.172329	17911.928047	187500.000000	187500.000000	83849.015397	99917.617430	108521.161499	130918.481161	-0.266000	0.914000	-0.004000	192.000000	0.000000	0.000000	0.000000	0.000000	0.000000	0.000000	0.000000	0.000000	0.000000	1733433143.678474	0.000000
202.000000	85679.511509	17908.441175	187500.000000	187500.000000	83839.270036	99915.292849	108520.110967	130893.290745	-0.266000	0.914000	-0.004000	192.000000	0.000000	0.000000	0.000000	0.000000	0.000000	0.000000	0.000000	0.000000	0.000000	1733433143.681486	0.000000
203.000000	85675.443491	17907.837678	187500.000000	187500.000000	83832.631568	99926.245204	108521.921458	130905.025411	-0.266000	0.914000	-0.004000	192.000000	0.000000	0.000000	0.000000	0.000000	0.000000	0.000000	0.000000	0.000000	0.000000	1733433143.686239	0.000000
204.000000	85679.757378	17918.700626	187500.000000	187500.000000	83841.460507	99932.794265	108528.694037	130923.622063	-0.258000	0.938000	0.016000	192.000000	247.000000	240.000000	29.000000	80.000000	0.000000	128.000000	0.000000	0.000000	0.000000	1733433143.690244	0.000000
205.000000	85680.405579	17918.074777	187500.000000	187500.000000	83842.421632	99923.853567	108518.076958	130911.127437	-0.258000	0.938000	0.016000	192.000000	0.000000	0.000000	0.000000	0.000000	0.000000	0.000000	0.000000	0.000000	0.000000	1733433143.694246	0.000000
206.000000	85678.215108	17918.767681	187500.000000	187500.000000	83836.096088	99923.786512	108514.455976	130932.875685	-0.258000	0.938000	0.016000	192.000000	0.000000	0.000000	0.000000	0.000000	0.000000	0.000000	0.000000	0.000000	0.000000	1733433143.698280	0.000000
207.000000	85681.143186	17926.009646	187500.000000	187500.000000	83835.716109	99922.266593	108521.720293	130939.692967	-0.258000	0.938000	0.016000	192.000000	0.000000	0.000000	0.000000	0.000000	0.000000	0.000000	0.000000	0.000000	0.000000	1733433143.701274	0.000000
208.000000	85679.287991	17922.433367	187500.000000	187500.000000	83842.712205	99919.651439	108522.323790	130940.967016	-0.258000	0.938000	0.016000	192.000000	0.000000	0.000000	0.000000	0.000000	0.000000	0.000000	0.000000	0.000000	0.000000	1733433143.705277	0.000000
209.000000	85672.649523	17916.107823	187500.000000	187500.000000	83857.352597	99937.622242	108534.594898	130947.113746	-0.258000	0.938000	0.016000	192.000000	0.000000	0.000000	0.000000	0.000000	0.000000	0.000000	0.000000	0.000000	0.000000	1733433143.709552	0.000000
210.000000	85662.300666	17893.823134	187500.000000	187500.000000	83842.242818	99913.884689	108522.144976	130910.166312	-0.258000	0.938000	0.016000	192.000000	0.000000	0.000000	0.000000	0.000000	0.000000	0.000000	0.000000	0.000000	0.000000	1733433143.713422	0.000000
211.000000	85663.820584	17894.672500	187500.000000	187500.000000	83839.068870	99916.075160	108530.213956	130906.880606	-0.258000	0.938000	0.016000	192.000000	0.000000	0.000000	0.000000	0.000000	0.000000	0.000000	0.000000	0.000000	0.000000	1733433143.718509	0.000000
212.000000	85662.859459	17899.679291	187500.000000	187500.000000	83833.883266	99917.103340	108532.225613	130936.474316	-0.258000	0.938000	0.016000	192.000000	0.000000	0.000000	0.000000	0.000000	0.000000	0.000000	0.000000	0.000000	0.000000	1733433143.722542	0.000000
213.000000	85659.171421	17902.048576	187500.000000	187500.000000	83824.048498	99914.577593	108524.380150	130923.756173	-0.258000	0.938000	0.016000	192.000000	0.000000	0.000000	0.000000	0.000000	0.000000	0.000000	0.000000	0.000000	0.000000	1733433143.726363	0.000000
214.000000	85649.895447	17877.148733	187500.000000	187500.000000	83792.309021	99893.365788	108496.082842	130896.665859	-0.276000	0.898000	0.008000	192.000000	247.000000	96.000000	28.000000	16.000000	0.000000	64.000000	0.000000	0.000000	0.000000	1733433143.729642	0.000000
215.000000	85639.546590	17868.140980	187500.000000	187500.000000	83786.542271	99890.437709	108489.287912	130873.040065	-0.276000	0.898000	0.008000	192.000000	0.000000	0.000000	0.000000	0.000000	0.000000	0.000000	0.000000	0.000000	0.000000	1733433143.733354	0.000000
216.000000	85651.035386	17892.280864	187500.000000	187500.000000	83799.282765	99880.804107	108496.507525	130896.330583	-0.276000	0.898000	0.008000	192.000000	0.000000	0.000000	0.000000	0.000000	0.000000	0.000000	0.000000	0.000000	0.000000	1733433143.737328	0.000000
217.000000	85647.950846	17898.651111	187500.000000	187500.000000	83793.672477	99885.319160	108485.130487	130912.334432	-0.276000	0.898000	0.008000	192.000000	0.000000	0.000000	0.000000	0.000000	0.000000	0.000000	0.000000	0.000000	0.000000	1733433143.741331	0.000000
218.000000	85646.654445	17896.617102	187500.000000	187500.000000	83803.462542	99919.092646	108501.179040	130890.876757	-0.276000	0.898000	0.008000	192.000000	0.000000	0.000000	0.000000	0.000000	0.000000	0.000000	0.000000	0.000000	0.000000	1733433143.746326	0.000000
219.000000	85643.033462	17875.159428	187500.000000	187500.000000	83794.924175	99891.085910	108502.408386	130898.431647	-0.276000	0.898000	0.008000	192.000000	0.000000	0.000000	0.000000	0.000000	0.000000	0.000000	0.000000	0.000000	0.000000	1733433143.750572	0.000000
220.000000	85642.631131	17872.879550	187500.000000	187500.000000	83782.809530	99870.656415	108496.932208	130909.831036	-0.276000	0.898000	0.008000	192.000000	0.000000	0.000000	0.000000	0.000000	0.000000	0.000000	0.000000	0.000000	0.000000	1733433143.754622	0.000000
221.000000	85631.164686	17859.557910	187500.000000	187500.000000	83773.287687	99867.370709	108495.836973	130902.164388	-0.276000	0.898000	0.008000	192.000000	0.000000	0.000000	0.000000	0.000000	0.000000	0.000000	0.000000	0.000000	0.000000	1733433143.757606	0.000000
222.000000	85630.225912	17859.893186	187500.000000	187500.000000	83764.145823	99862.252159	108491.701900	130931.176952	-0.276000	0.898000	0.008000	192.000000	0.000000	0.000000	0.000000	0.000000	0.000000	0.000000	0.000000	0.000000	0.000000	1733433143.761680	0.000000
223.000000	85620.078220	17851.511282	187500.000000	187500.000000	83758.021445	99857.446534	108475.720403	130909.518112	-0.276000	0.898000	0.008000	192.000000	0.000000	0.000000	0.000000	0.000000	0.000000	0.000000	0.000000	0.000000	0.000000	1733433143.765352	0.000000
224.000000	85609.550549	17842.682343	187500.000000	187500.000000	83746.800869	99847.723525	108466.891464	130859.539611	-0.294000	0.908000	0.008000	192.000000	246.000000	208.000000	28.000000	96.000000	0.000000	64.000000	0.000000	0.000000	0.000000	1733433143.769340	0.000000
225.000000	85610.422267	17852.628869	187500.000000	187500.000000	83763.855250	99863.034470	108482.336519	130873.107120	-0.294000	0.908000	0.008000	192.000000	0.000000	0.000000	0.000000	0.000000	0.000000	0.000000	0.000000	0.000000	0.000000	1733433143.773448	0.000000
226.000000	85611.495151	17849.231404	187500.000000	187500.000000	83759.317846	99854.943139	108473.842856	130871.363684	-0.294000	0.908000	0.008000	192.000000	0.000000	0.000000	0.000000	0.000000	0.000000	0.000000	0.000000	0.000000	0.000000	1733433143.778704	0.000000
227.000000	85603.917909	17834.881584	187500.000000	187500.000000	83741.570561	99838.447552	108453.681583	130860.947771	-0.294000	0.908000	0.008000	192.000000	0.000000	0.000000	0.000000	0.000000	0.000000	0.000000	0.000000	0.000000	0.000000	1733433143.782444	0.000000
228.000000	85607.002450	17840.335410	187500.000000	187500.000000	83747.583180	99844.482523	108471.406516	130872.145995	-0.294000	0.908000	0.008000	192.000000	0.000000	0.000000	0.000000	0.000000	0.000000	0.000000	0.000000	0.000000	0.000000	1733433143.785449	0.000000
229.000000	85607.829464	17856.518073	187500.000000	187500.000000	83759.273143	99860.866351	108480.391917	130879.477367	-0.294000	0.908000	0.008000	192.000000	0.000000	0.000000	0.000000	0.000000	0.000000	0.000000	0.000000	0.000000	0.000000	1733433143.789704	0.000000
230.000000	85603.470874	17858.462674	187500.000000	187500.000000	83759.876640	99866.320177	108482.157705	130892.530786	-0.294000	0.908000	0.008000	192.000000	0.000000	0.000000	0.000000	0.000000	0.000000	0.000000	0.000000	0.000000	0.000000	1733433143.793580	0.000000
231.000000	85608.142389	17863.827093	187500.000000	187500.000000	83769.711407	99876.780793	108491.031348	130876.705751	-0.294000	0.908000	0.008000	192.000000	0.000000	0.000000	0.000000	0.000000	0.000000	0.000000	0.000000	0.000000	0.000000	1733433143.797476	0.000000
232.000000	85607.337726	17856.830997	187500.000000	187500.000000	83766.537460	99863.548561	108487.611531	130887.054609	-0.294000	0.908000	0.008000	192.000000	0.000000	0.000000	0.000000	0.000000	0.000000	0.000000	0.000000	0.000000	0.000000	1733433143.801617	0.000000
233.000000	85593.300831	17840.670686	187500.000000	187500.000000	83740.274160	99826.489368	108452.295774	130849.324864	-0.294000	0.908000	0.008000	192.000000	0.000000	0.000000	0.000000	0.000000	0.000000	0.000000	0.000000	0.000000	0.000000	1733433143.806414	0.000000
234.000000	85601.392162	17842.615288	187500.000000	187500.000000	83754.087538	99835.698287	108463.851626	130848.095518	-0.302000	0.928000	0.020000	192.000000	246.000000	144.000000	29.000000	0.000000	0.000000	160.000000	0.000000	0.000000	0.000000	1733433143.810433	0.000000
235.000000	85596.564185	17839.977782	187500.000000	187500.000000	83758.356721	99846.784752	108471.048888	130861.215992	-0.302000	0.928000	0.020000	192.000000	0.000000	0.000000	0.000000	0.000000	0.000000	0.000000	0.000000	0.000000	0.000000	1733433143.813418	0.000000
236.000000	85589.836310	17844.358724	187500.000000	187500.000000	83747.471422	99841.308575	108462.510522	130869.553193	-0.302000	0.928000	0.020000	192.000000	0.000000	0.000000	0.000000	0.000000	0.000000	0.000000	0.000000	0.000000	0.000000	1733433143.817488	0.000000
237.000000	85595.178377	17853.254718	187500.000000	187500.000000	83754.534573	99852.931482	108470.534798	130874.783501	-0.302000	0.928000	0.020000	192.000000	0.000000	0.000000	0.000000	0.000000	0.000000	0.000000	0.000000	0.000000	0.000000	1733433143.821405	0.000000
238.000000	85591.669153	17885.888265	187500.000000	187500.000000	83753.841669	99852.059764	108465.304490	130864.233478	-0.302000	0.928000	0.020000	192.000000	0.000000	0.000000	0.000000	0.000000	0.000000	0.000000	0.000000	0.000000	0.000000	1733433143.825413	0.000000
239.000000	85594.820749	17869.772657	187500.000000	187500.000000	83772.706541	99877.652511	108477.888522	130889.401542	-0.302000	0.928000	0.020000	192.000000	0.000000	0.000000	0.000000	0.000000	0.000000	0.000000	0.000000	0.000000	0.000000	1733433143.830536	0.000000
240.000000	85587.690543	17818.877735	187500.000000	187500.000000	83763.519974	99865.135534	108471.026536	130886.406408	-0.302000	0.928000	0.020000	192.000000	0.000000	0.000000	0.000000	0.000000	0.000000	0.000000	0.000000	0.000000	0.000000	1733433143.834535	0.000000
241.000000	85569.742092	17804.751433	187500.000000	187500.000000	83740.028291	99839.274566	108452.139312	130855.002207	-0.302000	0.928000	0.020000	192.000000	0.000000	0.000000	0.000000	0.000000	0.000000	0.000000	0.000000	0.000000	0.000000	1733433143.837509	0.000000
242.000000	85571.686694	17809.042967	187500.000000	187500.000000	83754.869849	99843.141418	108461.325879	130853.236419	-0.302000	0.928000	0.020000	192.000000	0.000000	0.000000	0.000000	0.000000	0.000000	0.000000	0.000000	0.000000	0.000000	1733433143.841699	0.000000
243.000000	85574.838290	17808.260656	187500.000000	187500.000000	83771.700713	99868.398889	108478.492019	130859.852536	-0.302000	0.928000	0.020000	192.000000	0.000000	0.000000	0.000000	0.000000	0.000000	0.000000	0.000000	0.000000	0.000000	1733433143.845464	0.000000
244.000000	85573.899516	17830.835918	187500.000000	187500.000000	83740.900009	99832.412581	108454.329783	130849.190754	-0.304000	0.874000	0.002000	192.000000	246.000000	128.000000	27.000000	80.000000	0.000000	16.000000	0.000000	0.000000	0.000000	1733433143.849469	0.000000
245.000000	85576.626429	17827.438453	187500.000000	187500.000000	83741.727023	99849.981052	108460.476513	130884.931193	-0.304000	0.874000	0.002000	192.000000	0.000000	0.000000	0.000000	0.000000	0.000000	0.000000	0.000000	0.000000	0.000000	1733433143.853472	0.000000
246.000000	85557.180411	17804.013825	187500.000000	187500.000000	83725.522009	99829.752723	108441.477530	130840.361815	-0.304000	0.874000	0.002000	192.000000	0.000000	0.000000	0.000000	0.000000	0.000000	0.000000	0.000000	0.000000	0.000000	1733433143.858455	0.000000
247.000000	85561.136670	17791.161572	187500.000000	187500.000000	83729.500619	99820.052066	108450.239414	130840.138297	-0.304000	0.874000	0.002000	192.000000	0.000000	0.000000	0.000000	0.000000	0.000000	0.000000	0.000000	0.000000	0.000000	1733433143.862620	0.000000
248.000000	85567.596324	17798.649406	187500.000000	187500.000000	83734.194485	99821.013191	108460.007126	130870.447263	-0.304000	0.874000	0.002000	192.000000	0.000000	0.000000	0.000000	0.000000	0.000000	0.000000	0.000000	0.000000	0.000000	1733433143.865447	0.000000
249.000000	85553.671188	17790.625130	187500.000000	187500.000000	83715.575482	99802.729464	108447.914833	130952.902848	-0.304000	0.874000	0.002000	192.000000	0.000000	0.000000	0.000000	0.000000	0.000000	0.000000	0.000000	0.000000	0.000000	1733433143.869485	0.000000
250.000000	85570.837327	17811.680473	187500.000000	187500.000000	83733.412174	99828.724543	108449.434751	130888.015734	-0.304000	0.874000	0.002000	192.000000	0.000000	0.000000	0.000000	0.000000	0.000000	0.000000	0.000000	0.000000	0.000000	1733433143.873755	0.000000
251.000000	85574.167737	17819.749453	187500.000000	187500.000000	83754.467518	99852.596206	108465.751525	130817.808904	-0.304000	0.874000	0.002000	192.000000	0.000000	0.000000	0.000000	0.000000	0.000000	0.000000	0.000000	0.000000	0.000000	1733433143.877914	0.000000
252.000000	85552.665359	17809.221781	187500.000000	187500.000000	83706.970061	99808.831490	108424.266687	130783.230756	-0.304000	0.874000	0.002000	192.000000	0.000000	0.000000	0.000000	0.000000	0.000000	0.000000	0.000000	0.000000	0.000000	1733433143.881681	0.000000
253.000000	85559.996731	17803.522087	187500.000000	187500.000000	83720.738735	99808.384455	108438.795321	130827.308396	-0.304000	0.874000	0.002000	192.000000	0.000000	0.000000	0.000000	0.000000	0.000000	0.000000	0.000000	0.000000	0.000000	1733433143.885706	0.000000
254.000000	85565.785833	17802.918589	187500.000000	187500.000000	83737.256674	99811.580755	108455.782647	130835.556189	-0.346000	0.950000	0.018000	192.000000	245.000000	48.000000	29.000000	176.000000	0.000000	144.000000	0.000000	0.000000	0.000000	1733433143.890702	0.000000
255.000000	85562.567182	17806.204296	187500.000000	187500.000000	83727.578369	99798.840260	108442.706876	130826.771954	-0.346000	0.950000	0.018000	192.000000	0.000000	0.000000	0.000000	0.000000	0.000000	0.000000	0.000000	0.000000	0.000000	1733433143.893546	0.000000
0.000000	85568.579801	17805.623151	187500.000000	187500.000000	83733.658044	99803.735292	108449.412399	130831.152896	-0.346000	0.950000	0.018000	192.000000	0.000000	0.000000	0.000000	0.000000	0.000000	0.000000	0.000000	0.000000	0.000000	1733433143.897531	0.000000
1.000000	85561.941333	17802.583313	187500.000000	187500.000000	83741.056471	99809.032656	108451.871091	130842.708748	-0.346000	0.950000	0.018000	192.000000	0.000000	0.000000	0.000000	0.000000	0.000000	0.000000	0.000000	0.000000	0.000000	1733433143.901567	0.000000
2.000000	85577.095816	17815.189697	187500.000000	187500.000000	83761.508317	99827.651659	108466.533836	130866.289838	-0.346000	0.950000	0.018000	192.000000	0.000000	0.000000	0.000000	0.000000	0.000000	0.000000	0.000000	0.000000	0.000000	1733433143.905544	0.000000
3.000000	85589.389275	17830.299476	187500.000000	187500.000000	83798.008716	99867.348357	108502.810717	130879.231498	-0.346000	0.950000	0.018000	192.000000	0.000000	0.000000	0.000000	0.000000	0.000000	0.000000	0.000000	0.000000	0.000000	1733433143.909641	0.000000
4.000000	85569.026836	17822.521069	187500.000000	187500.000000	83773.421797	99844.482523	108479.743717	130864.389940	-0.346000	0.950000	0.018000	192.000000	0.000000	0.000000	0.000000	0.000000	0.000000	0.000000	0.000000	0.000000	0.000000	1733433143.913549	0.000000
5.000000	85535.633330	17802.717424	187500.000000	187500.000000	83725.991395	99798.281467	108436.358981	130823.508599	-0.346000	0.950000	0.018000	192.000000	0.000000	0.000000	0.000000	0.000000	0.000000	0.000000	0.000000	0.000000	0.000000	1733433143.918826	0.000000
6.000000	85548.262065	17800.594008	187500.000000	187500.000000	83751.204163	99823.740104	108459.113057	130841.367643	-0.346000	0.950000	0.018000	192.000000	0.000000	0.000000	0.000000	0.000000	0.000000	0.000000	0.000000	0.000000	0.000000	1733433143.921736	0.000000
7.000000	85557.672150	17805.734909	187500.000000	187500.000000	83763.989361	99837.911110	108469.104286	130845.949751	-0.346000	0.950000	0.018000	192.000000	0.000000	0.000000	0.000000	0.000000	0.000000	0.000000	0.000000	0.000000	0.000000	1733433143.925719	0.000000
8.000000	85572.200784	17821.090558	187500.000000	187500.000000	83790.453826	99863.705023	108496.105194	130880.259678	-0.340000	0.894000	0.002000	192.000000	245.000000	96.000000	27.000000	240.000000	0.000000	16.000000	0.000000	0.000000	0.000000	1733433143.929835	0.000000
9.000000	85556.509859	17798.895275	187500.000000	187500.000000	83745.191544	99816.498138	108445.053809	130869.419082	-0.340000	0.894000	0.002000	192.000000	0.000000	0.000000	0.000000	0.000000	0.000000	0.000000	0.000000	0.000000	0.000000	1733433143.933958	0.000000
10.000000	85554.632313	17796.123659	187500.000000	187500.000000	83743.135183	99814.978220	108429.586402	130854.957504	-0.340000	0.894000	0.002000	192.000000	0.000000	0.000000	0.000000	0.000000	0.000000	0.000000	0.000000	0.000000	0.000000	1733433143.937625	0.000000
11.000000	85548.820859	17793.240284	187500.000000	187500.000000	83740.363567	99819.135644	108441.231661	130831.912855	-0.340000	0.894000	0.002000	192.000000	0.000000	0.000000	0.000000	0.000000	0.000000	0.000000	0.000000	0.000000	0.000000	1733433143.941593	0.000000
12.000000	85525.686804	17775.291833	187500.000000	187500.000000	83713.250901	99793.364083	108418.924620	130811.952747	-0.340000	0.894000	0.002000	192.000000	0.000000	0.000000	0.000000	0.000000	0.000000	0.000000	0.000000	0.000000	0.000000	1733433143.945715	0.000000
13.000000	85524.882141	17774.844798	187500.000000	187500.000000	83705.763067	99781.338844	108406.966437	130792.394971	-0.340000	0.894000	0.002000	192.000000	0.000000	0.000000	0.000000	0.000000	0.000000	0.000000	0.000000	0.000000	0.000000	1733433143.948625	0.000000
14.000000	85521.954062	17770.843836	187500.000000	187500.000000	83711.999203	99790.815984	108413.739015	130787.187014	-0.340000	0.894000	0.002000	192.000000	0.000000	0.000000	0.000000	0.000000	0.000000	0.000000	0.000000	0.000000	0.000000	1733433143.953595	0.000000
15.000000	85527.564350	17777.951691	187500.000000	187500.000000	83713.541474	99782.903467	108418.790510	130802.028573	-0.340000	0.894000	0.002000	192.000000	0.000000	0.000000	0.000000	0.000000	0.000000	0.000000	0.000000	0.000000	0.000000	1733433143.957611	0.000000
16.000000	85530.380670	17782.332633	187500.000000	187500.000000	83720.694032	99787.530278	108427.619449	130825.408498	-0.340000	0.894000	0.002000	192.000000	0.000000	0.000000	0.000000	0.000000	0.000000	0.000000	0.000000	0.000000	0.000000	1733433143.961876	0.000000
17.000000	85534.403984	17784.366642	187500.000000	187500.000000	83726.371375	99792.335903	108428.625277	130820.826390	-0.340000	0.894000	0.002000	192.000000	0.000000	0.000000	0.000000	0.000000	0.000000	0.000000	0.000000	0.000000	0.000000	1733433143.965650	0.000000
18.000000	85532.101754	17783.450220	187500.000000	187500.000000	83718.883540	99786.882077	108418.231716	130799.748695	-0.328000	0.890000	0.006000	192.000000	245.000000	192.000000	27.000000	208.000000	0.000000	48.000000	0.000000	0.000000	0.000000	1733433143.969916	0.000000
19.000000	85538.404946	17789.753412	187500.000000	187500.000000	83746.912628	99809.457339	108440.225832	130831.756393	-0.328000	0.890000	0.006000	192.000000	0.000000	0.000000	0.000000	0.000000	0.000000	0.000000	0.000000	0.000000	0.000000	1733433143.973907	0.000000
20.000000	85531.408850	17774.867150	187500.000000	187500.000000	83744.856268	99803.914106	108437.543623	130851.694149	-0.328000	0.890000	0.006000	192.000000	0.000000	0.000000	0.000000	0.000000	0.000000	0.000000	0.000000	0.000000	0.000000	1733433143.976673	0.000000
21.000000	85531.766478	17776.677641	187500.000000	187500.000000	83741.302340	99811.513699	108437.834196	130868.413254	-0.328000	0.890000	0.006000	192.000000	0.000000	0.000000	0.000000	0.000000	0.000000	0.000000	0.000000	0.000000	0.000000	1733433143.980666	0.000000
22.000000	85535.298054	17778.644595	187500.000000	187500.000000	83749.952465	99812.363066	108444.450312	130863.339408	-0.328000	0.890000	0.006000	192.000000	0.000000	0.000000	0.000000	0.000000	0.000000	0.000000	0.000000	0.000000	0.000000	1733433143.985648	0.000000
23.000000	85538.404946	17779.136333	187500.000000	187500.000000	83769.376131	99817.682781	108451.759333	130855.784518	-0.328000	0.890000	0.006000	192.000000	0.000000	0.000000	0.000000	0.000000	0.000000	0.000000	0.000000	0.000000	0.000000	1733433143.989665	0.000000
24.000000	85534.940426	17773.168418	187500.000000	187500.000000	83749.617189	99796.135699	108437.342457	130833.946864	-0.328000	0.890000	0.006000	192.000000	0.000000	0.000000	0.000000	0.000000	0.000000	0.000000	0.000000	0.000000	0.000000	1733433143.993688	0.000000
25.000000	85541.601246	17777.124676	187500.000000	187500.000000	83755.920381	99806.305743	108446.439617	130835.712652	-0.328000	0.890000	0.006000	192.000000	0.000000	0.000000	0.000000	0.000000	0.000000	0.000000	0.000000	0.000000	0.000000	1733433143.997881	0.000000
26.000000	85535.163943	17770.173284	187500.000000	187500.000000	83741.414099	99796.135699	108431.687466	130825.542608	-0.328000	0.890000	0.006000	192.000000	0.000000	0.000000	0.000000	0.000000	0.000000	0.000000	0.000000	0.000000	0.000000	1733433144.001813	0.000000
27.000000	85535.588626	17768.072220	187500.000000	187500.000000	83746.420890	99807.311572	108441.365771	130841.345291	-0.328000	0.890000	0.006000	192.000000	0.000000	0.000000	0.000000	0.000000	0.000000	0.000000	0.000000	0.000000	0.000000	1733433144.004944	0.000000
28.000000	85537.689690	17770.486208	187500.000000	187500.000000	83750.712425	99814.128854	108450.574690	130856.097443	-0.328000	0.884000	0.002000	192.000000	245.000000	192.000000	27.000000	160.000000	0.000000	16.000000	0.000000	0.000000	0.000000	1733433144.008771	0.000000
29.000000	85528.637234	17761.545510	187500.000000	187500.000000	83738.754241	99801.410711	108430.346361	130840.987663	-0.328000	0.884000	0.002000	192.000000	0.000000	0.000000	0.000000	0.000000	0.000000	0.000000	0.000000	0.000000	0.000000	1733433144.014030	0.000000
30.000000	85528.301958	17765.524121	187500.000000	187500.000000	83738.731890	99803.802348	108430.346361	130829.320053	-0.328000	0.884000	0.002000	192.000000	0.000000	0.000000	0.000000	0.000000	0.000000	0.000000	0.000000	0.000000	0.000000	1733433144.017735	0.000000
31.000000	85522.468152	17760.383220	187500.000000	187500.000000	83731.042889	99799.108481	108431.061617	130846.374434	-0.328000	0.884000	0.002000	192.000000	0.000000	0.000000	0.000000	0.000000	0.000000	0.000000	0.000000	0.000000	0.000000	1733433144.021703	0.000000
32.000000	85524.055126	17752.783627	187500.000000	187500.000000	83728.874770	99782.657597	108424.914888	130833.142201	-0.328000	0.884000	0.002000	192.000000	0.000000	0.000000	0.000000	0.000000	0.000000	0.000000	0.000000	0.000000	0.000000	1733433144.025742	0.000000
33.000000	85531.766478	17753.610641	187500.000000	187500.000000	83727.176038	99781.048272	108412.934353	130823.575654	-0.328000	0.884000	0.002000	192.000000	0.000000	0.000000	0.000000	0.000000	0.000000	0.000000	0.000000	0.000000	0.000000	1733433144.029751	0.000000
34.000000	85533.442859	17754.683525	187500.000000	187500.000000	83726.326671	99787.887906	108423.216155	130819.775858	-0.328000	0.884000	0.002000	192.000000	0.000000	0.000000	0.000000	0.000000	0.000000	0.000000	0.000000	0.000000	0.000000	1733433144.033010	0.000000
35.000000	85533.107583	17759.377391	187500.000000	187500.000000	83736.161439	99799.421406	108441.432827	130804.621375	-0.328000	0.884000	0.002000	192.000000	0.000000	0.000000	0.000000	0.000000	0.000000	0.000000	0.000000	0.000000	0.000000	1733433144.037001	0.000000
36.000000	85526.893798	17755.219967	187500.000000	187500.000000	83735.379128	99797.387397	108443.042152	130820.714631	-0.328000	0.884000	0.002000	192.000000	0.000000	0.000000	0.000000	0.000000	0.000000	0.000000	0.000000	0.000000	0.000000	1733433144.042095	0.000000
37.000000	85527.743164	17756.739885	187500.000000	187500.000000	83730.595855	99794.861650	108439.287059	130833.119849	-0.328000	0.884000	0.002000	192.000000	0.000000	0.000000	0.000000	0.000000	0.000000	0.000000	0.000000	0.000000	0.000000	1733433144.046177	0.000000
38.000000	85535.678033	17763.177188	187500.000000	187500.000000	83736.586122	99800.449586	108445.254975	130831.063489	-0.348000	0.876000	-0.004000	192.000000	245.000000	32.000000	27.000000	96.000000	255.000000	224.000000	0.000000	0.000000	0.000000	1733433144.049775	0.000000
39.000000	85530.738298	17757.768066	187500.000000	187500.000000	83724.180904	99794.302856	108442.572766	130846.374434	-0.348000	0.876000	-0.004000	192.000000	0.000000	0.000000	0.000000	0.000000	0.000000	0.000000	0.000000	0.000000	0.000000	1733433144.053753	0.000000
40.000000	85528.346661	17759.667964	187500.000000	187500.000000	83727.824238	99794.861650	108448.384219	130859.204335	-0.348000	0.876000	-0.004000	192.000000	0.000000	0.000000	0.000000	0.000000	0.000000	0.000000	0.000000	0.000000	0.000000	1733433144.056786	0.000000
41.000000	85526.893798	17760.159702	187500.000000	187500.000000	83737.323730	99800.717807	108454.218025	130833.745698	-0.348000	0.876000	-0.004000	192.000000	0.000000	0.000000	0.000000	0.000000	0.000000	0.000000	0.000000	0.000000	0.000000	1733433144.061011	0.000000
42.000000	85525.843266	17758.639784	187500.000000	187500.000000	83731.556980	99799.399054	108450.708801	130830.281178	-0.348000	0.876000	-0.004000	192.000000	0.000000	0.000000	0.000000	0.000000	0.000000	0.000000	0.000000	0.000000	0.000000	1733433144.064772	0.000000
43.000000	85533.420507	17766.127618	187500.000000	187500.000000	83743.358701	99810.329057	108462.242301	130845.435661	-0.348000	0.876000	-0.004000	192.000000	0.000000	0.000000	0.000000	0.000000	0.000000	0.000000	0.000000	0.000000	0.000000	1733433144.068790	0.000000
44.000000	85524.993899	17755.421132	187500.000000	187500.000000	83726.349023	99793.006455	108448.473626	130840.875905	-0.348000	0.876000	-0.004000	192.000000	0.000000	0.000000	0.000000	0.000000	0.000000	0.000000	0.000000	0.000000	0.000000	1733433144.073897	0.000000
45.000000	85520.054164	17752.560109	187500.000000	187500.000000	83722.660985	99785.250400	108444.450312	130843.602817	-0.348000	0.876000	-0.004000	192.000000	0.000000	0.000000	0.000000	0.000000	0.000000	0.000000	0.000000	0.000000	0.000000	1733433144.078040	0.000000
46.000000	85547.122126	17779.985700	187500.000000	187500.000000	83750.667721	99808.205641	108467.271443	130862.467690	-0.348000	0.876000	-0.004000	192.000000	0.000000	0.000000	0.000000	0.000000	0.000000	0.000000	0.000000	0.000000	0.000000	1733433144.082081	0.000000
47.000000	85524.435106	17762.350173	187500.000000	187500.000000	83720.381107	99777.293179	108437.521271	130854.622228	-0.348000	0.876000	-0.004000	192.000000	0.000000	0.000000	0.000000	0.000000	0.000000	0.000000	0.000000	0.000000	0.000000	1733433144.085089	0.000000
48.000000	85523.004594	17761.545510	187500.000000	187500.000000	83725.901988	99777.762565	108435.889594	130837.813716	-0.374000	0.938000	0.008000	192.000000	244.000000	80.000000	29.000000	80.000000	0.000000	64.000000	0.000000	0.000000	0.000000	1733433144.088822	0.000000
49.000000	85537.801449	17771.045002	187500.000000	187500.000000	83751.852364	99799.466109	108455.603833	130825.408498	-0.374000	0.938000	0.008000	192.000000	0.000000	0.000000	0.000000	0.000000	0.000000	0.000000	0.000000	0.000000	0.000000	1733433144.092825	0.000000
50.000000	85539.343719	17770.553263	187500.000000	187500.000000	83764.034064	99808.429159	108472.658214	130835.980873	-0.374000	0.938000	0.008000	192.000000	0.000000	0.000000	0.000000	0.000000	0.000000	0.000000	0.000000	0.000000	0.000000	1733433144.097834	0.000000
51.000000	85542.405908	17770.709726	187500.000000	187500.000000	83764.235230	99807.803310	108473.820504	130833.633939	-0.374000	0.938000	0.008000	192.000000	0.000000	0.000000	0.000000	0.000000	0.000000	0.000000	0.000000	0.000000	0.000000	1733433144.101855	0.000000
52.000000	85553.447670	17783.181999	187500.000000	187500.000000	83774.248812	99820.789673	108487.231551	130852.387053	-0.374000	0.938000	0.008000	192.000000	0.000000	0.000000	0.000000	0.000000	0.000000	0.000000	0.000000	0.000000	0.000000	1733433144.105829	0.000000
53.000000	85534.426336	17768.921586	187500.000000	187500.000000	83756.792099	99806.037522	108468.053754	130850.822431	-0.374000	0.938000	0.008000	192.000000	0.000000	0.000000	0.000000	0.000000	0.000000	0.000000	0.000000	0.000000	0.000000	1733433144.108822	0.000000
54.000000	85529.687766	17759.198577	187500.000000	187500.000000	83736.317901	99789.676045	108452.541644	130872.570678	-0.374000	0.938000	0.008000	192.000000	0.000000	0.000000	0.000000	0.000000	0.000000	0.000000	0.000000	0.000000	0.000000	1733433144.113081	0.000000
55.000000	85534.627501	17761.679621	187500.000000	187500.000000	83749.684244	99810.798444	108468.344327	130860.612495	-0.374000	0.938000	0.008000	192.000000	0.000000	0.000000	0.000000	0.000000	0.000000	0.000000	0.000000	0.000000	0.000000	1733433144.117064	0.000000
56.000000	85526.826743	17754.415304	187500.000000	187500.000000	83744.923323	99800.986028	108463.248129	130809.806980	-0.374000	0.938000	0.008000	192.000000	0.000000	0.000000	0.000000	0.000000	0.000000	0.000000	0.000000	0.000000	0.000000	1733433144.121306	0.000000
57.000000	85522.915187	17750.593156	187500.000000	187500.000000	83726.706651	99780.847106	108454.173321	130824.447372	-0.374000	0.938000	0.008000	192.000000	0.000000	0.000000	0.000000	0.000000	0.000000	0.000000	0.000000	0.000000	0.000000	1733433144.124976	0.000000
58.000000	85528.369013	17747.486263	187500.000000	187500.000000	83717.073049	99773.582789	108448.965365	130840.965312	-0.374000	0.938000	0.008000	192.000000	0.000000	0.000000	0.000000	0.000000	0.000000	0.000000	0.000000	0.000000	0.000000	1733433144.130036	0.000000
59.000000	85533.822839	17749.922603	187500.000000	187500.000000	83718.883540	99774.476859	108445.433789	130841.926437	-0.344000	0.914000	-0.020000	192.000000	245.000000	64.000000	28.000000	144.000000	255.000000	96.000000	0.000000	0.000000	0.000000	1733433144.133907	0.000000
60.000000	85522.758725	17737.651496	187500.000000	187500.000000	83729.098288	99780.534182	108450.552338	130830.057660	-0.344000	0.914000	-0.020000	192.000000	0.000000	0.000000	0.000000	0.000000	0.000000	0.000000	0.000000	0.000000	0.000000	1733433144.136892	0.000000
61.000000	85529.553655	17744.155853	187500.000000	187500.000000	83713.027383	99767.816039	108441.701048	130814.120867	-0.344000	0.914000	-0.020000	192.000000	0.000000	0.000000	0.000000	0.000000	0.000000	0.000000	0.000000	0.000000	0.000000	1733433144.140900	0.000000
62.000000	85531.162981	17750.012010	187500.000000	187500.000000	83705.561901	99760.261149	108438.907080	130832.941035	-0.344000	0.914000	-0.020000	192.000000	0.000000	0.000000	0.000000	0.000000	0.000000	0.000000	0.000000	0.000000	0.000000	1733433144.145123	0.000000
63.000000	85526.580873	17744.669943	187500.000000	187500.000000	83697.470569	99751.722783	108444.830292	130857.147975	-0.344000	0.914000	-0.020000	192.000000	0.000000	0.000000	0.000000	0.000000	0.000000	0.000000	0.000000	0.000000	0.000000	1733433144.148916	0.000000
64.000000	85534.426336	17750.414342	187500.000000	187500.000000	83687.255822	99746.961861	108430.838100	130776.234660	-0.344000	0.914000	-0.020000	192.000000	0.000000	0.000000	0.000000	0.000000	0.000000	0.000000	0.000000	0.000000	0.000000	1733433144.153030	0.000000
65.000000	85539.924865	17754.661173	187500.000000	187500.000000	83692.307316	99757.154257	108433.587364	130784.080122	-0.344000	0.914000	-0.020000	192.000000	0.000000	0.000000	0.000000	0.000000	0.000000	0.000000	0.000000	0.000000	0.000000	1733433144.157076	0.000000
66.000000	85527.229074	17740.043132	187500.000000	187500.000000	83693.782531	99766.631397	108445.724362	130797.737038	-0.344000	0.914000	-0.020000	192.000000	0.000000	0.000000	0.000000	0.000000	0.000000	0.000000	0.000000	0.000000	0.000000	1733433144.162193	0.000000
67.000000	85538.069670	17747.866243	187500.000000	187500.000000	83708.579386	99777.494344	108453.480417	130815.171399	-0.344000	0.914000	-0.020000	192.000000	0.000000	0.000000	0.000000	0.000000	0.000000	0.000000	0.000000	0.000000	0.000000	1733433144.165002	0.000000
68.000000	85554.565257	17765.993508	187500.000000	187500.000000	83729.746488	99798.549688	108479.229627	130826.727250	-0.344000	0.914000	-0.020000	192.000000	0.000000	0.000000	0.000000	0.000000	0.000000	0.000000	0.000000	0.000000	0.000000	1733433144.168951	0.000000
69.000000	85551.368958	17763.668926	187500.000000	187500.000000	83723.108020	99798.147356	108482.917664	130830.571750	-0.322000	0.936000	-0.036000	192.000000	245.000000	240.000000	29.000000	64.000000	254.000000	224.000000	0.000000	0.000000	0.000000	1733433144.172931	0.000000
70.000000	85539.656644	17757.522196	187500.000000	187500.000000	83715.396668	99786.122118	108475.295720	130826.995471	-0.322000	0.936000	-0.036000	192.000000	0.000000	0.000000	0.000000	0.000000	0.000000	0.000000	0.000000	0.000000	0.000000	1733433144.177051	0.000000
71.000000	85530.090097	17746.055752	187500.000000	187500.000000	83704.511369	99771.772298	108460.923548	130788.192843	-0.322000	0.936000	-0.036000	192.000000	0.000000	0.000000	0.000000	0.000000	0.000000	0.000000	0.000000	0.000000	0.000000	1733433144.180994	0.000000
72.000000	85534.582798	17749.497920	187500.000000	187500.000000	83711.216892	99778.209600	108462.130542	130801.536834	-0.322000	0.936000	-0.036000	192.000000	0.000000	0.000000	0.000000	0.000000	0.000000	0.000000	0.000000	0.000000	0.000000	1733433144.186001	0.000000
73.000000	85554.878182	17767.759295	187500.000000	187500.000000	83729.366509	99791.285371	108467.047926	130834.595064	-0.322000	0.936000	-0.036000	192.000000	0.000000	0.000000	0.000000	0.000000	0.000000	0.000000	0.000000	0.000000	0.000000	1733433144.190281	0.000000
74.000000	85553.626484	17768.183979	187500.000000	187500.000000	83728.494791	99787.262057	108476.458010	130828.761259	-0.322000	0.936000	-0.036000	192.000000	0.000000	0.000000	0.000000	0.000000	0.000000	0.000000	0.000000	0.000000	0.000000	1733433144.193247	0.000000
75.000000	85542.763536	17756.561071	187500.000000	187500.000000	83724.829105	99781.227086	108477.709708	130821.049907	-0.322000	0.936000	-0.036000	192.000000	0.000000	0.000000	0.000000	0.000000	0.000000	0.000000	0.000000	0.000000	0.000000	1733433144.197140	0.000000
76.000000	85534.091059	17747.218042	187500.000000	187500.000000	83710.032250	99765.379699	108463.069315	130810.008146	-0.322000	0.936000	-0.036000	192.000000	0.000000	0.000000	0.000000	0.000000	0.000000	0.000000	0.000000	0.000000	0.000000	1733433144.201296	0.000000
77.000000	85548.776156	17765.702935	187500.000000	187500.000000	83727.757183	99791.218316	108483.521161	130834.460954	-0.322000	0.936000	-0.036000	192.000000	0.000000	0.000000	0.000000	0.000000	0.000000	0.000000	0.000000	0.000000	0.000000	1733433144.205247	0.000000
78.000000	85552.285379	17767.602833	187500.000000	187500.000000	83731.109945	99783.775185	108482.269464	130837.903123	-0.322000	0.936000	-0.036000	192.000000	0.000000	0.000000	0.000000	0.000000	0.000000	0.000000	0.000000	0.000000	0.000000	1733433144.208996	0.000000
79.000000	85544.059937	17765.412362	187500.000000	187500.000000	83711.038078	99769.447716	108465.595062	130806.565977	-0.294000	0.904000	-0.046000	192.000000	246.000000	208.000000	28.000000	64.000000	254.000000	144.000000	0.000000	0.000000	0.000000	1733433144.214065	0.000000
80.000000	85547.077423	17772.520217	187500.000000	187500.000000	83706.634785	99780.891810	108472.524103	130811.595119	-0.294000	0.904000	-0.046000	192.000000	0.000000	0.000000	0.000000	0.000000	0.000000	0.000000	0.000000	0.000000	0.000000	1733433144.217015	0.000000
81.000000	85550.318426	17764.294775	187500.000000	187500.000000	83713.027383	99793.185269	108481.263635	130841.434698	-0.294000	0.904000	-0.046000	192.000000	0.000000	0.000000	0.000000	0.000000	0.000000	0.000000	0.000000	0.000000	0.000000	1733433144.221040	0.000000
82.000000	85559.415586	17772.117886	187500.000000	187500.000000	83733.255712	99794.459318	108495.904028	130855.337483	-0.294000	0.904000	-0.046000	192.000000	0.000000	0.000000	0.000000	0.000000	0.000000	0.000000	0.000000	0.000000	0.000000	1733433144.225106	0.000000
83.000000	85561.404891	17773.347232	187500.000000	187500.000000	83733.546285	99789.385472	108491.746603	130832.516352	-0.294000	0.904000	-0.046000	192.000000	0.000000	0.000000	0.000000	0.000000	0.000000	0.000000	0.000000	0.000000	0.000000	1733433144.229276	0.000000
84.000000	85547.904438	17757.969231	187500.000000	187500.000000	83725.969043	99780.198905	108473.440525	130836.740832	-0.294000	0.904000	-0.046000	192.000000	0.000000	0.000000	0.000000	0.000000	0.000000	0.000000	0.000000	0.000000	0.000000	1733433144.233228	0.000000
85.000000	85554.744071	17765.345307	187500.000000	187500.000000	83744.476288	99796.716845	108484.012900	130842.775803	-0.294000	0.904000	-0.046000	192.000000	0.000000	0.000000	0.000000	0.000000	0.000000	0.000000	0.000000	0.000000	0.000000	1733433144.237136	0.000000
86.000000	85558.029778	17773.727211	187500.000000	187500.000000	83756.836803	99812.474824	108505.604685	130863.741739	-0.294000	0.904000	-0.046000	192.000000	0.000000	0.000000	0.000000	0.000000	0.000000	0.000000	0.000000	0.000000	0.000000	1733433144.241217	0.000000
87.000000	85554.632313	17775.738868	187500.000000	187500.000000	83750.287741	99810.172595	108504.956484	130837.590198	-0.294000	0.904000	-0.046000	192.000000	0.000000	0.000000	0.000000	0.000000	0.000000	0.000000	0.000000	0.000000	0.000000	1733433144.245091	0.000000
88.000000	85550.251371	17770.821484	187500.000000	187500.000000	83742.956369	99798.393225	108492.215990	130813.204445	-0.294000	0.904000	-0.046000	192.000000	0.000000	0.000000	0.000000	0.000000	0.000000	0.000000	0.000000	0.000000	0.000000	1733433144.248067	0.000000
89.000000	85557.336874	17772.877845	187500.000000	187500.000000	83753.729910	99807.177461	108503.928304	130831.443469	-0.288000	0.912000	-0.048000	192.000000	247.000000	0.000000	28.000000	128.000000	254.000000	128.000000	0.000000	0.000000	0.000000	1733433144.253040	0.000000
90.000000	85568.088063	17782.869075	187500.000000	187500.000000	83769.644352	99825.260022	108520.356836	130871.229574	-0.288000	0.912000	-0.048000	192.000000	0.000000	0.000000	0.000000	0.000000	0.000000	0.000000	0.000000	0.000000	0.000000	1733433144.257054	0.000000
91.000000	85586.595307	17805.936075	187500.000000	187500.000000	83795.192396	99841.308575	108538.685267	130888.395713	-0.288000	0.912000	-0.048000	192.000000	0.000000	0.000000	0.000000	0.000000	0.000000	0.000000	0.000000	0.000000	0.000000	1733433144.261137	0.000000
92.000000	85570.211478	17786.355947	187500.000000	187500.000000	83775.925192	99814.709999	108511.304380	130883.679495	-0.288000	0.912000	-0.048000	192.000000	0.000000	0.000000	0.000000	0.000000	0.000000	0.000000	0.000000	0.000000	0.000000	1733433144.265071	0.000000
93.000000	85576.581726	17784.567807	187500.000000	187500.000000	83767.610343	99802.774167	108500.821412	130879.946754	-0.288000	0.912000	-0.048000	192.000000	0.000000	0.000000	0.000000	0.000000	0.000000	0.000000	0.000000	0.000000	0.000000	1733433144.269349	0.000000
94.000000	85572.670170	17782.109115	187500.000000	187500.000000	83774.293515	99807.669199	108505.492926	130827.844838	-0.288000	0.912000	-0.048000	192.000000	0.000000	0.000000	0.000000	0.000000	0.000000	0.000000	0.000000	0.000000	0.000000	1733433144.273236	0.000000
95.000000	85569.675037	17778.219912	187500.000000	187500.000000	83770.113739	99804.785824	108504.040063	130846.910876	-0.288000	0.912000	-0.048000	192.000000	0.000000	0.000000	0.000000	0.000000	0.000000	0.000000	0.000000	0.000000	0.000000	1733433144.276512	0.000000
96.000000	85579.979191	17793.396746	187500.000000	187500.000000	83766.358646	99810.552574	108508.398653	130839.937131	-0.288000	0.912000	-0.048000	192.000000	0.000000	0.000000	0.000000	0.000000	0.000000	0.000000	0.000000	0.000000	0.000000	1733433144.280251	0.000000
97.000000	85583.846043	17801.018691	187500.000000	187500.000000	83759.228439	99816.274621	108515.059473	130841.613512	-0.288000	0.912000	-0.048000	192.000000	0.000000	0.000000	0.000000	0.000000	0.000000	0.000000	0.000000	0.000000	0.000000	1733433144.285156	0.000000
98.000000	85590.752732	17805.824316	187500.000000	187500.000000	83772.192451	99831.876139	108530.035142	130851.761204	-0.288000	0.912000	-0.048000	192.000000	0.000000	0.000000	0.000000	0.000000	0.000000	0.000000	0.000000	0.000000	0.000000	1733433144.289142	0.000000
99.000000	85601.056886	17830.098311	187500.000000	187500.000000	83793.963050	99851.679784	108543.446188	130847.246152	-0.264000	0.984000	-0.002000	192.000000	247.000000	192.000000	30.000000	192.000000	255.000000	240.000000	0.000000	0.000000	0.000000	1733433144.293150	0.000000
100.000000	85602.241528	17824.152747	187500.000000	187500.000000	83795.974707	99850.629252	108543.625002	130859.964294	-0.264000	0.984000	-0.002000	192.000000	0.000000	0.000000	0.000000	0.000000	0.000000	0.000000	0.000000	0.000000	0.000000	1733433144.297118	0.000000
101.000000	85599.201691	17807.165421	187500.000000	187500.000000	83801.294422	99859.301729	108550.352877	130876.325771	-0.264000	0.984000	-0.002000	192.000000	0.000000	0.000000	0.000000	0.000000	0.000000	0.000000	0.000000	0.000000	0.000000	1733433144.301163	0.000000
102.000000	85601.302755	17810.652293	187500.000000	187500.000000	83806.815303	99863.123877	108544.407313	130875.141129	-0.264000	0.984000	-0.002000	192.000000	0.000000	0.000000	0.000000	0.000000	0.000000	0.000000	0.000000	0.000000	0.000000	1733433144.304346	0.000000
103.000000	85603.292060	17817.961313	187500.000000	187500.000000	83808.402277	99859.748764	108547.424799	130917.251815	-0.264000	0.984000	-0.002000	192.000000	0.000000	0.000000	0.000000	0.000000	0.000000	0.000000	0.000000	0.000000	0.000000	1733433144.308485	0.000000
104.000000	85607.136560	17817.581334	187500.000000	187500.000000	83806.591786	99855.121953	108549.369401	130917.922368	-0.264000	0.984000	-0.002000	192.000000	0.000000	0.000000	0.000000	0.000000	0.000000	0.000000	0.000000	0.000000	0.000000	1733433144.318657	0.000000
105.000000	85612.120999	17821.403482	187500.000000	187500.000000	83810.346879	99856.463058	108554.622061	130909.741629	-0.264000	0.984000	-0.002000	192.000000	0.000000	0.000000	0.000000	0.000000	0.000000	0.000000	0.000000	0.000000	0.000000	1733433144.319073	0.000000
106.000000	85617.418363	17833.696942	187500.000000	187500.000000	83827.401260	99873.092755	108570.469447	130890.787350	-0.264000	0.984000	-0.002000	192.000000	0.000000	0.000000	0.000000	0.000000	0.000000	0.000000	0.000000	0.000000	0.000000	1733433144.321235	0.000000
107.000000	85619.430020	17837.921421	187500.000000	187500.000000	83834.822039	99884.782718	108577.890227	130909.294594	-0.264000	0.984000	-0.002000	192.000000	0.000000	0.000000	0.000000	0.000000	0.000000	0.000000	0.000000	0.000000	0.000000	1733433144.327437	0.000000
108.000000	85626.806095	17846.616250	187500.000000	187500.000000	83841.706376	99888.783680	108582.159410	130907.126475	-0.264000	0.984000	-0.002000	192.000000	0.000000	0.000000	0.000000	0.000000	0.000000	0.000000	0.000000	0.000000	0.000000	1733433144.330233	0.000000
109.000000	85630.270616	17857.434494	187500.000000	187500.000000	83849.797708	99881.161735	108579.879532	130893.223690	-0.254000	1.016000	0.052000	192.000000	248.000000	16.000000	31.000000	192.000000	1.000000	160.000000	0.000000	0.000000	0.000000	1733433144.333160	0.000000
110.000000	85632.282273	17864.028259	187500.000000	187500.000000	83847.607237	99876.445517	108576.057384	130932.585112	-0.254000	1.016000	0.052000	192.000000	0.000000	0.000000	0.000000	0.000000	0.000000	0.000000	0.000000	0.000000	0.000000	1733433144.336197	0.000000
111.000000	85634.942130	17863.290651	187500.000000	187500.000000	83857.129080	99886.704968	108586.316834	130921.364536	-0.254000	1.016000	0.052000	192.000000	0.000000	0.000000	0.000000	0.000000	0.000000	0.000000	0.000000	0.000000	0.000000	1733433144.341180	0.000000
112.000000	85636.327939	17863.827093	187500.000000	187500.000000	83858.894868	99893.768119	108595.928084	130898.632812	-0.254000	1.016000	0.052000	192.000000	0.000000	0.000000	0.000000	0.000000	0.000000	0.000000	0.000000	0.000000	0.000000	1733433144.345226	0.000000
113.000000	85644.329863	17869.549140	187500.000000	187500.000000	83862.560554	99894.282209	108596.755099	130895.525920	-0.254000	1.016000	0.052000	192.000000	0.000000	0.000000	0.000000	0.000000	0.000000	0.000000	0.000000	0.000000	0.000000	1733433144.349209	0.000000
114.000000	85649.716634	17872.432515	187500.000000	187500.000000	83869.109615	99898.461985	108602.275980	130919.956377	-0.254000	1.016000	0.052000	192.000000	0.000000	0.000000	0.000000	0.000000	0.000000	0.000000	0.000000	0.000000	0.000000	1733433144.352331	0.000000
115.000000	85644.687491	17867.783352	187500.000000	187500.000000	83872.529432	99898.774910	108605.919314	130941.548162	-0.254000	1.016000	0.052000	192.000000	0.000000	0.000000	0.000000	0.000000	0.000000	0.000000	0.000000	0.000000	0.000000	1733433144.356289	0.000000
116.000000	85652.600009	17881.037936	187500.000000	187500.000000	83879.145548	99905.458081	108607.752157	130952.969903	-0.254000	1.016000	0.052000	192.000000	0.000000	0.000000	0.000000	0.000000	0.000000	0.000000	0.000000	0.000000	0.000000	1733433144.360811	0.000000
117.000000	85658.433814	17887.251721	187500.000000	187500.000000	83892.422484	99926.289907	108619.598582	130945.035034	-0.254000	1.016000	0.052000	192.000000	0.000000	0.000000	0.000000	0.000000	0.000000	0.000000	0.000000	0.000000	0.000000	1733433144.364811	0.000000
118.000000	85668.402692	17897.913503	187500.000000	187500.000000	83914.774229	99939.522140	108638.105826	130932.629816	-0.254000	1.016000	0.052000	192.000000	0.000000	0.000000	0.000000	0.000000	0.000000	0.000000	0.000000	0.000000	0.000000	1733433144.369260	0.000000
119.000000	85667.955657	17909.178783	187500.000000	187500.000000	83901.832569	99923.451236	108639.916317	130950.310046	-0.242000	0.950000	0.102000	192.000000	248.000000	112.000000	29.000000	176.000000	3.000000	48.000000	0.000000	0.000000	0.000000	1733433144.373258	0.000000
120.000000	85657.517392	17906.563629	187500.000000	187500.000000	83877.424464	99908.810843	108626.304105	130955.607409	-0.242000	0.950000	0.102000	192.000000	0.000000	0.000000	0.000000	0.000000	0.000000	0.000000	0.000000	0.000000	0.000000	1733433144.377435	0.000000
121.000000	85671.263715	17905.222524	187500.000000	187500.000000	83880.486653	99915.851643	108623.018399	130984.239994	-0.242000	0.950000	0.102000	192.000000	0.000000	0.000000	0.000000	0.000000	0.000000	0.000000	0.000000	0.000000	0.000000	1733433144.380227	0.000000
122.000000	85689.636849	17913.783242	187500.000000	187500.000000	83898.680973	99936.795227	108635.803596	130973.444101	-0.242000	0.950000	0.102000	192.000000	0.000000	0.000000	0.000000	0.000000	0.000000	0.000000	0.000000	0.000000	0.000000	1733433144.384234	0.000000
123.000000	85691.849672	17924.936762	187500.000000	187500.000000	83903.777171	99942.405515	108652.343887	130979.210851	-0.242000	0.950000	0.102000	192.000000	0.000000	0.000000	0.000000	0.000000	0.000000	0.000000	0.000000	0.000000	0.000000	1733433144.388274	0.000000
124.000000	85691.648506	17930.658809	187500.000000	187500.000000	83905.721772	99948.395783	108661.172826	130981.244860	-0.242000	0.950000	0.102000	192.000000	0.000000	0.000000	0.000000	0.000000	0.000000	0.000000	0.000000	0.000000	0.000000	1733433144.392458	0.000000
125.000000	85685.434721	17908.016492	187500.000000	187500.000000	83897.786903	99930.424980	108644.185501	130940.519981	-0.242000	0.950000	0.102000	192.000000	0.000000	0.000000	0.000000	0.000000	0.000000	0.000000	0.000000	0.000000	0.000000	1733433144.397610	0.000000
126.000000	85693.257832	17915.839602	187500.000000	187500.000000	83890.813159	99938.873939	108645.593661	130951.002950	-0.242000	0.950000	0.102000	192.000000	0.000000	0.000000	0.000000	0.000000	0.000000	0.000000	0.000000	0.000000	0.000000	1733433144.401527	0.000000
127.000000	85705.305422	17930.971733	187500.000000	187500.000000	83897.183406	99938.829236	108656.501312	131001.003802	-0.242000	0.950000	0.102000	192.000000	0.000000	0.000000	0.000000	0.000000	0.000000	0.000000	0.000000	0.000000	0.000000	1733433144.405487	0.000000
128.000000	85702.824378	17934.659771	187500.000000	187500.000000	83893.048333	99941.086762	108656.501312	130981.624839	-0.242000	0.950000	0.102000	192.000000	0.000000	0.000000	0.000000	0.000000	0.000000	0.000000	0.000000	0.000000	0.000000	1733433144.408290	0.000000
129.000000	85709.328736	17934.503309	187500.000000	187500.000000	83908.024002	99955.973024	108678.406021	130954.802746	-0.240000	0.822000	0.098000	192.000000	248.000000	128.000000	25.000000	176.000000	3.000000	16.000000	0.000000	0.000000	0.000000	1733433144.412372	0.000000
130.000000	85715.900149	17943.667524	187500.000000	187500.000000	83914.349546	99962.097402	108689.090155	130979.702589	-0.240000	0.822000	0.098000	192.000000	0.000000	0.000000	0.000000	0.000000	0.000000	0.000000	0.000000	0.000000	0.000000	1733433144.415872	0.000000
131.000000	85718.135323	17943.600469	187500.000000	187500.000000	83914.237787	99964.243169	108692.197048	131000.601471	-0.240000	0.822000	0.098000	192.000000	0.000000	0.000000	0.000000	0.000000	0.000000	0.000000	0.000000	0.000000	0.000000	1733433144.420314	0.000000
132.000000	85710.871006	17935.710303	187500.000000	187500.000000	83906.995822	99953.313166	108677.713117	130982.585965	-0.240000	0.822000	0.098000	192.000000	0.000000	0.000000	0.000000	0.000000	0.000000	0.000000	0.000000	0.000000	0.000000	1733433144.424320	0.000000
133.000000	85712.100352	17932.938687	187500.000000	187500.000000	83917.545845	99957.582349	108678.607187	131000.892043	-0.240000	0.822000	0.098000	192.000000	0.000000	0.000000	0.000000	0.000000	0.000000	0.000000	0.000000	0.000000	0.000000	1733433144.429595	0.000000
134.000000	85716.280129	17935.062103	187500.000000	187500.000000	83924.564293	99969.808754	108697.606170	131004.624785	-0.240000	0.822000	0.098000	192.000000	0.000000	0.000000	0.000000	0.000000	0.000000	0.000000	0.000000	0.000000	0.000000	1733433144.433541	0.000000
135.000000	85728.908864	17946.416789	187500.000000	187500.000000	83939.562314	99984.270332	108717.767443	131031.044546	-0.240000	0.822000	0.098000	192.000000	0.000000	0.000000	0.000000	0.000000	0.000000	0.000000	0.000000	0.000000	0.000000	1733433144.436533	0.000000
136.000000	85740.352957	17976.926920	187500.000000	187500.000000	83951.051110	99997.726083	108724.137691	131053.508050	-0.240000	0.822000	0.098000	192.000000	0.000000	0.000000	0.000000	0.000000	0.000000	0.000000	0.000000	0.000000	0.000000	1733433144.440624	0.000000
137.000000	85743.728071	17981.978414	187500.000000	187500.000000	83947.184258	100003.984571	108709.810222	131039.471154	-0.240000	0.822000	0.098000	192.000000	0.000000	0.000000	0.000000	0.000000	0.000000	0.000000	0.000000	0.000000	0.000000	1733433144.444377	0.000000
138.000000	85751.506478	17974.624690	187500.000000	187500.000000	83952.168697	99994.060396	108712.581839	131005.317689	-0.240000	0.822000	0.098000	192.000000	0.000000	0.000000	0.000000	0.000000	0.000000	0.000000	0.000000	0.000000	0.000000	1733433144.448329	0.000000
139.000000	85754.658074	17968.768533	187500.000000	187500.000000	83971.391198	100005.750359	108730.686752	131028.809372	-0.216000	0.800000	0.100000	192.000000	249.000000	64.000000	25.000000	0.000000	3.000000	32.000000	0.000000	0.000000	0.000000	1733433144.452385	0.000000
140.000000	85754.792184	17970.646080	187500.000000	187500.000000	83988.043247	100008.454920	108740.320354	131043.002730	-0.216000	0.800000	0.100000	192.000000	0.000000	0.000000	0.000000	0.000000	0.000000	0.000000	0.000000	0.000000	0.000000	1733433144.456392	0.000000
141.000000	85751.707643	17981.307862	187500.000000	187500.000000	83981.047151	100004.342199	108731.424359	131051.161117	-0.216000	0.800000	0.100000	192.000000	0.000000	0.000000	0.000000	0.000000	0.000000	0.000000	0.000000	0.000000	0.000000	1733433144.461665	0.000000
142.000000	85758.726091	17994.338929	187500.000000	187500.000000	83976.889727	100015.942754	108736.297040	131024.428430	-0.216000	0.800000	0.100000	192.000000	0.000000	0.000000	0.000000	0.000000	0.000000	0.000000	0.000000	0.000000	0.000000	1733433144.464607	0.000000
143.000000	85778.797958	18011.549772	187500.000000	187500.000000	84001.007259	100039.657955	108762.113304	131082.855890	-0.216000	0.800000	0.100000	192.000000	0.000000	0.000000	0.000000	0.000000	0.000000	0.000000	0.000000	0.000000	0.000000	1733433144.468670	0.000000
144.000000	85773.053559	18003.726662	187500.000000	187500.000000	83991.887747	100033.511225	108751.943261	131075.278649	-0.216000	0.800000	0.100000	192.000000	0.000000	0.000000	0.000000	0.000000	0.000000	0.000000	0.000000	0.000000	0.000000	1733433144.472698	0.000000
145.000000	85775.892231	18008.174659	187500.000000	187500.000000	83985.763369	100035.656993	108751.898557	131047.406023	-0.216000	0.800000	0.100000	192.000000	0.000000	0.000000	0.000000	0.000000	0.000000	0.000000	0.000000	0.000000	0.000000	1733433144.476568	0.000000
146.000000	85790.644382	18023.284438	187500.000000	187500.000000	83981.918869	100039.456789	108750.177473	131080.777178	-0.216000	0.800000	0.100000	192.000000	0.000000	0.000000	0.000000	0.000000	0.000000	0.000000	0.000000	0.000000	0.000000	1733433144.480401	0.000000
147.000000	85795.807635	18031.308714	187500.000000	187500.000000	83989.160834	100049.649185	108755.631298	131093.472969	-0.216000	0.800000	0.100000	192.000000	0.000000	0.000000	0.000000	0.000000	0.000000	0.000000	0.000000	0.000000	0.000000	1733433144.485432	0.000000
148.000000	85797.260499	18028.917078	187500.000000	187500.000000	83990.904271	100040.507321	108760.548682	131077.580878	-0.216000	0.800000	0.100000	192.000000	0.000000	0.000000	0.000000	0.000000	0.000000	0.000000	0.000000	0.000000	0.000000	1733433144.488448	0.000000
149.000000	85812.414981	18041.635220	187500.000000	187500.000000	84010.015012	100067.217656	108782.363985	131097.205710	-0.192000	0.842000	0.094000	192.000000	250.000000	0.000000	26.000000	80.000000	2.000000	240.000000	0.000000	0.000000	0.000000	1733433144.492446	0.000000
150.000000	85808.324612	18036.024932	187500.000000	187500.000000	84001.521349	100055.840618	108768.438848	131072.596439	-0.192000	0.842000	0.094000	192.000000	0.000000	0.000000	0.000000	0.000000	0.000000	0.000000	0.000000	0.000000	0.000000	1733433144.496657	0.000000
151.000000	85791.918432	18022.747996	187500.000000	187500.000000	83984.511672	100037.266318	108744.880109	131054.826803	-0.192000	0.842000	0.094000	192.000000	0.000000	0.000000	0.000000	0.000000	0.000000	0.000000	0.000000	0.000000	0.000000	1733433144.500526	0.000000
152.000000	85782.888327	18016.534211	187500.000000	187500.000000	83979.393122	100034.181778	108729.770330	131061.778195	-0.192000	0.842000	0.094000	192.000000	0.000000	0.000000	0.000000	0.000000	0.000000	0.000000	0.000000	0.000000	0.000000	1733433144.504649	0.000000
153.000000	85803.094304	18046.999639	187500.000000	187500.000000	84003.644765	100069.698700	108744.120150	131071.501204	-0.192000	0.842000	0.094000	192.000000	0.000000	0.000000	0.000000	0.000000	0.000000	0.000000	0.000000	0.000000	0.000000	1733433144.508667	0.000000
154.000000	85824.216702	18060.567148	187500.000000	187500.000000	84034.356062	100105.774415	108792.511677	131098.613870	-0.192000	0.842000	0.094000	192.000000	0.000000	0.000000	0.000000	0.000000	0.000000	0.000000	0.000000	0.000000	0.000000	1733433144.512664	0.000000
155.000000	85822.719136	18050.285345	187500.000000	187500.000000	84033.037309	100085.143755	108796.289122	131095.149350	-0.192000	0.842000	0.094000	192.000000	0.000000	0.000000	0.000000	0.000000	0.000000	0.000000	0.000000	0.000000	0.000000	1733433144.516460	0.000000
156.000000	85819.925168	18049.190110	187500.000000	187500.000000	84030.511562	100071.196267	108781.939302	131139.718728	-0.192000	0.842000	0.094000	192.000000	0.000000	0.000000	0.000000	0.000000	0.000000	0.000000	0.000000	0.000000	0.000000	1733433144.519493	0.000000
157.000000	85826.876560	18056.409723	187500.000000	187500.000000	84045.576637	100083.892057	108793.450450	131105.542911	-0.192000	0.842000	0.094000	192.000000	0.000000	0.000000	0.000000	0.000000	0.000000	0.000000	0.000000	0.000000	0.000000	1733433144.524509	0.000000
158.000000	85820.573368	18049.391276	187500.000000	187500.000000	84045.420175	100078.929970	108781.156991	131089.092027	-0.192000	0.842000	0.094000	192.000000	0.000000	0.000000	0.000000	0.000000	0.000000	0.000000	0.000000	0.000000	0.000000	1733433144.528786	0.000000
159.000000	85835.012595	18069.619604	187500.000000	187500.000000	84053.846783	100081.835697	108786.543761	131112.047268	-0.166000	0.878000	0.078000	192.000000	250.000000	208.000000	27.000000	112.000000	2.000000	112.000000	0.000000	0.000000	0.000000	1733433144.532690	0.000000
160.000000	85838.946502	18077.398011	187500.000000	187500.000000	84056.931324	100084.719072	108782.274578	131090.701352	-0.166000	0.878000	0.078000	192.000000	0.000000	0.000000	0.000000	0.000000	0.000000	0.000000	0.000000	0.000000	0.000000	1733433144.536767	0.000000
161.000000	85837.963025	18080.907235	187500.000000	187500.000000	84069.850632	100092.631589	108781.067584	131080.084274	-0.166000	0.878000	0.078000	192.000000	0.000000	0.000000	0.000000	0.000000	0.000000	0.000000	0.000000	0.000000	0.000000	1733433144.540788	0.000000
162.000000	85848.244828	18101.292026	187500.000000	187500.000000	84083.552251	100107.853127	108797.965502	131099.373829	-0.166000	0.878000	0.078000	192.000000	0.000000	0.000000	0.000000	0.000000	0.000000	0.000000	0.000000	0.000000	0.000000	1733433144.544687	0.000000
163.000000	85848.781270	18098.945093	187500.000000	187500.000000	84084.200452	100110.065950	108802.324093	131112.606062	-0.166000	0.878000	0.078000	192.000000	0.000000	0.000000	0.000000	0.000000	0.000000	0.000000	0.000000	0.000000	0.000000	1733433144.547697	0.000000
164.000000	85834.096174	18069.105514	187500.000000	187500.000000	84071.795234	100104.098034	108795.462107	131100.446713	-0.166000	0.878000	0.078000	192.000000	0.000000	0.000000	0.000000	0.000000	0.000000	0.000000	0.000000	0.000000	0.000000	1733433144.552498	0.000000
165.000000	85842.723947	18080.527256	187500.000000	187500.000000	84082.792292	100119.699552	108807.487346	131129.414574	-0.166000	0.878000	0.078000	192.000000	0.000000	0.000000	0.000000	0.000000	0.000000	0.000000	0.000000	0.000000	0.000000	1733433144.556515	0.000000
166.000000	85859.286590	18093.983006	187500.000000	187500.000000	84093.185853	100119.453683	108818.372645	131163.433929	-0.166000	0.878000	0.078000	192.000000	0.000000	0.000000	0.000000	0.000000	0.000000	0.000000	0.000000	0.000000	0.000000	1733433144.560584	0.000000
167.000000	85858.660741	18091.032575	187500.000000	187500.000000	84088.782559	100115.676238	108808.247305	131141.350405	-0.166000	0.878000	0.078000	192.000000	0.000000	0.000000	0.000000	0.000000	0.000000	0.000000	0.000000	0.000000	0.000000	1733433144.564552	0.000000
168.000000	85866.550906	18101.023805	187500.000000	187500.000000	84110.106124	100136.105732	108827.246288	131157.913048	-0.166000	0.878000	0.078000	192.000000	0.000000	0.000000	0.000000	0.000000	0.000000	0.000000	0.000000	0.000000	0.000000	1733433144.568562	0.000000
169.000000	85873.234078	18108.735157	187500.000000	187500.000000	84119.583263	100153.987128	108843.227785	131160.774071	-0.150000	0.910000	0.052000	192.000000	251.000000	80.000000	28.000000	112.000000	1.000000	160.000000	0.000000	0.000000	0.000000	1733433144.572777	0.000000
170.000000	85884.856985	18119.307532	187500.000000	187500.000000	84140.370386	100176.495335	108863.679631	131160.885830	-0.150000	0.910000	0.052000	192.000000	0.000000	0.000000	0.000000	0.000000	0.000000	0.000000	0.000000	0.000000	0.000000	1733433144.575754	0.000000
171.000000	85875.625715	18108.802212	187500.000000	187500.000000	84140.325682	100164.850076	108859.321041	131140.992777	-0.150000	0.910000	0.052000	192.000000	0.000000	0.000000	0.000000	0.000000	0.000000	0.000000	0.000000	0.000000	0.000000	1733433144.580794	0.000000
172.000000	85873.301133	18109.539820	187500.000000	187500.000000	84137.397604	100159.150381	108846.692305	131149.039405	-0.150000	0.910000	0.052000	192.000000	0.000000	0.000000	0.000000	0.000000	0.000000	0.000000	0.000000	0.000000	0.000000	1733433144.584930	0.000000
173.000000	85875.089273	18117.720558	187500.000000	187500.000000	84134.536580	100159.597416	108842.378419	131165.870269	-0.150000	0.910000	0.052000	192.000000	0.000000	0.000000	0.000000	0.000000	0.000000	0.000000	0.000000	0.000000	0.000000	1733433144.588576	0.000000
174.000000	85869.143709	18114.211334	187500.000000	187500.000000	84118.823304	100151.662547	108834.711770	131170.295914	-0.150000	0.910000	0.052000	192.000000	0.000000	0.000000	0.000000	0.000000	0.000000	0.000000	0.000000	0.000000	0.000000	1733433144.592582	0.000000
175.000000	85888.209747	18132.048027	187500.000000	187500.000000	84129.127458	100163.330157	108844.032448	131174.654505	-0.150000	0.910000	0.052000	192.000000	0.000000	0.000000	0.000000	0.000000	0.000000	0.000000	0.000000	0.000000	0.000000	1733433144.595893	0.000000
176.000000	85900.123227	18143.380361	187500.000000	187500.000000	84144.505458	100175.601265	108853.353125	131143.205600	-0.150000	0.910000	0.052000	192.000000	0.000000	0.000000	0.000000	0.000000	0.000000	0.000000	0.000000	0.000000	0.000000	1733433144.599592	0.000000
177.000000	85902.783084	18146.330791	187500.000000	187500.000000	84145.220714	100178.194067	108854.738933	131145.798403	-0.150000	0.910000	0.052000	192.000000	0.000000	0.000000	0.000000	0.000000	0.000000	0.000000	0.000000	0.000000	0.000000	1733433144.603593	0.000000
178.000000	85913.914253	18155.249137	187500.000000	187500.000000	84152.954418	100187.023006	108856.527073	131165.244420	-0.150000	0.910000	0.052000	192.000000	0.000000	0.000000	0.000000	0.000000	0.000000	0.000000	0.000000	0.000000	0.000000	1733433144.608703	0.000000
179.000000	85909.019221	18149.392980	187500.000000	187500.000000	84152.440328	100169.543942	108838.220994	131177.649638	-0.116000	0.964000	0.036000	192.000000	252.000000	96.000000	30.000000	32.000000	1.000000	32.000000	0.000000	0.000000	0.000000	1733433144.612648	0.000000
180.000000	85914.763619	18159.294803	187500.000000	187500.000000	84159.861107	100174.014291	108853.174311	131166.205545	-0.116000	0.964000	0.036000	192.000000	0.000000	0.000000	0.000000	0.000000	0.000000	0.000000	0.000000	0.000000	0.000000	1733433144.617044	0.000000
181.000000	85931.438021	18173.622271	187500.000000	187500.000000	84184.112750	100196.433091	108877.761230	131182.879947	-0.116000	0.964000	0.036000	192.000000	0.000000	0.000000	0.000000	0.000000	0.000000	0.000000	0.000000	0.000000	0.000000	1733433144.620800	0.000000
182.000000	85933.315567	18179.701946	187500.000000	187500.000000	84193.545186	100202.378655	108876.621291	131207.779790	-0.116000	0.964000	0.036000	192.000000	0.000000	0.000000	0.000000	0.000000	0.000000	0.000000	0.000000	0.000000	0.000000	1733433144.624607	0.000000
183.000000	85935.416631	18184.082888	187500.000000	187500.000000	84200.451875	100212.973382	108882.589207	131197.788560	-0.116000	0.964000	0.036000	192.000000	0.000000	0.000000	0.000000	0.000000	0.000000	0.000000	0.000000	0.000000	0.000000	1733433144.627801	0.000000
184.000000	85939.730518	18179.433725	187500.000000	187500.000000	84209.504331	100215.096797	108894.256818	131189.339601	-0.116000	0.964000	0.036000	192.000000	0.000000	0.000000	0.000000	0.000000	0.000000	0.000000	0.000000	0.000000	0.000000	1733433144.631652	0.000000
185.000000	85950.392300	18195.728147	187500.000000	187500.000000	84227.117506	100229.491321	108919.402530	131246.716529	-0.116000	0.964000	0.036000	192.000000	0.000000	0.000000	0.000000	0.000000	0.000000	0.000000	0.000000	0.000000	0.000000	1733433144.636606	0.000000
186.000000	85955.175573	18192.621254	187500.000000	187500.000000	84240.014462	100233.358173	108928.499690	131248.549372	-0.116000	0.964000	0.036000	192.000000	0.000000	0.000000	0.000000	0.000000	0.000000	0.000000	0.000000	0.000000	0.000000	1733433144.640650	0.000000
187.000000	85953.208620	18191.660129	187500.000000	187500.000000	84239.790945	100229.714838	108923.537603	131230.623273	-0.116000	0.964000	0.036000	192.000000	0.000000	0.000000	0.000000	0.000000	0.000000	0.000000	0.000000	0.000000	0.000000	1733433144.644827	0.000000
188.000000	85946.167820	18188.486181	187500.000000	187500.000000	84229.106811	100213.956858	108913.255800	131222.710755	-0.116000	0.964000	0.036000	192.000000	0.000000	0.000000	0.000000	0.000000	0.000000	0.000000	0.000000	0.000000	0.000000	1733433144.648876	0.000000
189.000000	85941.116326	18184.574626	187500.000000	187500.000000	84233.398346	100207.340742	108911.467661	131235.674767	-0.098000	0.988000	0.020000	192.000000	252.000000	240.000000	30.000000	224.000000	0.000000	160.000000	0.000000	0.000000	0.000000	1733433144.652955	0.000000
190.000000	85964.384492	18210.100318	187500.000000	187500.000000	84262.030931	100245.718687	108934.825234	131260.909886	-0.098000	0.988000	0.020000	192.000000	0.000000	0.000000	0.000000	0.000000	0.000000	0.000000	0.000000	0.000000	0.000000	1733433144.655998	0.000000
191.000000	85971.022960	18222.013798	187500.000000	187500.000000	84265.763672	100248.892635	108937.663905	131240.547447	-0.098000	0.988000	0.020000	192.000000	0.000000	0.000000	0.000000	0.000000	0.000000	0.000000	0.000000	0.000000	0.000000	1733433144.659810	0.000000
192.000000	85976.633248	18227.691141	187500.000000	187500.000000	84267.618867	100244.399934	108940.413170	131232.031433	-0.098000	0.988000	0.020000	192.000000	0.000000	0.000000	0.000000	0.000000	0.000000	0.000000	0.000000	0.000000	0.000000	1733433144.664783	0.000000
193.000000	85988.814949	18238.822310	187500.000000	187500.000000	84279.554698	100260.962577	108952.304298	131275.594983	-0.098000	0.988000	0.020000	192.000000	0.000000	0.000000	0.000000	0.000000	0.000000	0.000000	0.000000	0.000000	0.000000	1733433144.668688	0.000000
194.000000	85984.679876	18231.490938	187500.000000	187500.000000	84269.138785	100256.335766	108941.687219	131256.104261	-0.098000	0.988000	0.020000	192.000000	0.000000	0.000000	0.000000	0.000000	0.000000	0.000000	0.000000	0.000000	0.000000	1733433144.672646	0.000000
195.000000	85979.941306	18233.457891	187500.000000	187500.000000	84270.390483	100233.022896	108928.946725	131237.373500	-0.098000	0.988000	0.020000	192.000000	0.000000	0.000000	0.000000	0.000000	0.000000	0.000000	0.000000	0.000000	0.000000	1733433144.676661	0.000000
196.000000	85988.971411	18240.431635	187500.000000	187500.000000	84277.610097	100234.587519	108926.331571	131256.797165	-0.098000	0.988000	0.020000	192.000000	0.000000	0.000000	0.000000	0.000000	0.000000	0.000000	0.000000	0.000000	0.000000	1733433144.679659	0.000000
197.000000	85989.977239	18240.364580	187500.000000	187500.000000	84277.610097	100240.778952	108928.097359	131254.763157	-0.098000	0.988000	0.020000	192.000000	0.000000	0.000000	0.000000	0.000000	0.000000	0.000000	0.000000	0.000000	0.000000	1733433144.683828	0.000000
198.000000	85995.520472	18240.945726	187500.000000	187500.000000	84288.629507	100250.993699	108936.792187	131250.024587	-0.098000	0.988000	0.020000	192.000000	0.000000	0.000000	0.000000	0.000000	0.000000	0.000000	0.000000	0.000000	0.000000	1733433144.687742	0.000000
199.000000	86001.667202	18245.304316	187500.000000	187500.000000	84296.430265	100257.878036	108948.549205	131264.419110	-0.124000	0.996000	0.016000	192.000000	252.000000	32.000000	31.000000	32.000000	0.000000	128.000000	0.000000	0.000000	0.000000	1733433144.691989	0.000000
200.000000	86010.518493	18256.390781	187500.000000	187500.000000	84301.884091	100262.638958	108952.259594	131307.066239	-0.124000	0.996000	0.016000	192.000000	0.000000	0.000000	0.000000	0.000000	0.000000	0.000000	0.000000	0.000000	0.000000	1733433144.696903	0.000000
201.000000	86013.848902	18258.111865	187500.000000	187500.000000	84306.175626	100274.753603	108953.488940	131309.882559	-0.124000	0.996000	0.016000	192.000000	0.000000	0.000000	0.000000	0.000000	0.000000	0.000000	0.000000	0.000000	0.000000	1733433144.700665	0.000000
202.000000	86016.642871	18259.207101	187500.000000	187500.000000	84318.647899	100283.336673	108964.933034	131288.603698	-0.124000	0.996000	0.016000	192.000000	0.000000	0.000000	0.000000	0.000000	0.000000	0.000000	0.000000	0.000000	0.000000	1733433144.704692	0.000000
203.000000	86011.770190	18264.951499	187500.000000	187500.000000	84327.968577	100284.096632	108973.337289	131299.265480	-0.124000	0.996000	0.016000	192.000000	0.000000	0.000000	0.000000	0.000000	0.000000	0.000000	0.000000	0.000000	0.000000	1733433144.708745	0.000000
204.000000	86009.356202	18266.829046	187500.000000	187500.000000	84328.952054	100290.064548	108975.728926	131305.993355	-0.124000	0.996000	0.016000	192.000000	0.000000	0.000000	0.000000	0.000000	0.000000	0.000000	0.000000	0.000000	0.000000	1733433144.711962	0.000000
205.000000	86019.213321	18273.512217	187500.000000	187500.000000	84331.187228	100291.673874	108967.570539	131324.075916	-0.124000	0.996000	0.016000	192.000000	0.000000	0.000000	0.000000	0.000000	0.000000	0.000000	0.000000	0.000000	0.000000	1733433144.716026	0.000000
206.000000	86034.747784	18294.634616	187500.000000	187500.000000	84356.444699	100317.132511	109000.852287	131348.819297	-0.124000	0.996000	0.016000	192.000000	0.000000	0.000000	0.000000	0.000000	0.000000	0.000000	0.000000	0.000000	0.000000	1733433144.719817	0.000000
207.000000	86041.721528	18307.755090	187500.000000	187500.000000	84370.369836	100333.561043	109015.179755	131340.929132	-0.124000	0.996000	0.016000	192.000000	0.000000	0.000000	0.000000	0.000000	0.000000	0.000000	0.000000	0.000000	0.000000	1733433144.725032	0.000000
208.000000	86035.641853	18313.655950	187500.000000	187500.000000	84370.168670	100331.147055	109009.681226	131334.402422	-0.124000	0.996000	0.016000	192.000000	0.000000	0.000000	0.000000	0.000000	0.000000	0.000000	0.000000	0.000000	0.000000	1733433144.728911	0.000000
209.000000	86032.736127	18310.817279	187500.000000	187500.000000	84354.030711	100316.819586	108998.661816	131335.564713	-0.140000	1.014000	0.038000	192.000000	251.000000	160.000000	31.000000	176.000000	1.000000	48.000000	0.000000	0.000000	0.000000	1733433144.732758	0.000000
210.000000	86042.570894	18292.242979	187500.000000	187500.000000	84356.690569	100321.401694	109002.662778	131343.365472	-0.140000	1.014000	0.038000	192.000000	0.000000	0.000000	0.000000	0.000000	0.000000	0.000000	0.000000	0.000000	0.000000	1733433144.735775	0.000000
211.000000	86053.769118	18293.561732	187500.000000	187500.000000	84349.292141	100314.807929	108989.497601	131325.305262	-0.140000	1.014000	0.038000	192.000000	0.000000	0.000000	0.000000	0.000000	0.000000	0.000000	0.000000	0.000000	0.000000	1733433144.739788	0.000000
212.000000	86059.692330	18298.836744	187500.000000	187500.000000	84353.606028	100328.934232	108991.352796	131342.784326	-0.140000	1.014000	0.038000	192.000000	0.000000	0.000000	0.000000	0.000000	0.000000	0.000000	0.000000	0.000000	0.000000	1733433144.744023	0.000000
213.000000	86040.335720	18294.209933	187500.000000	187500.000000	84341.424327	100325.380305	108992.537438	131347.701710	-0.140000	1.014000	0.038000	192.000000	0.000000	0.000000	0.000000	0.000000	0.000000	0.000000	0.000000	0.000000	0.000000	1733433144.747813	0.000000
214.000000	86047.644740	18312.940694	187500.000000	187500.000000	84357.763452	100332.465807	109007.982493	131349.847478	-0.140000	1.014000	0.038000	192.000000	0.000000	0.000000	0.000000	0.000000	0.000000	0.000000	0.000000	0.000000	0.000000	1733433144.753050	0.000000
215.000000	86062.687464	18327.111700	187500.000000	187500.000000	84379.891679	100358.840866	109032.189433	131368.533536	-0.140000	1.014000	0.038000	192.000000	0.000000	0.000000	0.000000	0.000000	0.000000	0.000000	0.000000	0.000000	0.000000	1733433144.756981	0.000000
216.000000	86067.224868	18321.456709	187500.000000	187500.000000	84392.207490	100369.368538	109047.567433	131395.757961	-0.140000	1.014000	0.038000	192.000000	0.000000	0.000000	0.000000	0.000000	0.000000	0.000000	0.000000	0.000000	0.000000	1733433144.760231	0.000000
217.000000	86078.534851	18331.760863	187500.000000	187500.000000	84406.467903	100377.795145	109058.117456	131416.656842	-0.140000	1.014000	0.038000	192.000000	0.000000	0.000000	0.000000	0.000000	0.000000	0.000000	0.000000	0.000000	0.000000	1733433144.763917	0.000000
218.000000	86083.027552	18334.823052	187500.000000	187500.000000	84409.820665	100377.124593	109048.237985	131418.824961	-0.140000	1.014000	0.038000	192.000000	0.000000	0.000000	0.000000	0.000000	0.000000	0.000000	0.000000	0.000000	0.000000	1733433144.767814	0.000000
219.000000	86076.500842	18329.190413	187500.000000	187500.000000	84402.668107	100370.128497	109035.698657	131388.225423	-0.126000	0.976000	0.056000	192.000000	252.000000	16.000000	30.000000	128.000000	1.000000	192.000000	0.000000	0.000000	0.000000	1733433144.771832	0.000000
220.000000	86080.747674	18339.293401	187500.000000	187500.000000	84418.627252	100388.993369	109064.510055	131392.829882	-0.126000	0.976000	0.056000	192.000000	0.000000	0.000000	0.000000	0.000000	0.000000	0.000000	0.000000	0.000000	0.000000	1733433144.775853	0.000000
221.000000	86091.521214	18352.302116	187500.000000	187500.000000	84430.607787	100400.437462	109065.068849	131405.235100	-0.126000	0.976000	0.056000	192.000000	0.000000	0.000000	0.000000	0.000000	0.000000	0.000000	0.000000	0.000000	0.000000	1733433144.780856	0.000000
222.000000	86091.834139	18354.246718	187500.000000	187500.000000	84432.462982	100407.008875	109073.428401	131424.859932	-0.126000	0.976000	0.056000	192.000000	0.000000	0.000000	0.000000	0.000000	0.000000	0.000000	0.000000	0.000000	0.000000	1733433144.785102	0.000000
223.000000	86102.898252	18374.787971	187500.000000	187500.000000	84449.606770	100422.655096	109100.094032	131439.053290	-0.126000	0.976000	0.056000	192.000000	0.000000	0.000000	0.000000	0.000000	0.000000	0.000000	0.000000	0.000000	0.000000	1733433144.788042	0.000000
224.000000	86110.408438	18371.770486	187500.000000	187500.000000	84455.597038	100423.616221	109101.010454	131452.151412	-0.126000	0.976000	0.056000	192.000000	0.000000	0.000000	0.000000	0.000000	0.000000	0.000000	0.000000	0.000000	0.000000	1733433144.792034	0.000000
225.000000	86120.824351	18377.805457	187500.000000	187500.000000	84464.023645	100437.384896	109102.306855	131440.863781	-0.126000	0.976000	0.056000	192.000000	0.000000	0.000000	0.000000	0.000000	0.000000	0.000000	0.000000	0.000000	0.000000	1733433144.796092	0.000000
226.000000	86126.814619	18385.561512	187500.000000	187500.000000	84467.443462	100435.753219	109105.056120	131441.891961	-0.126000	0.976000	0.056000	192.000000	0.000000	0.000000	0.000000	0.000000	0.000000	0.000000	0.000000	0.000000	0.000000	1733433144.799826	0.000000
227.000000	86112.576558	18377.067849	187500.000000	187500.000000	84452.512497	100418.810596	109091.555666	131434.649996	-0.126000	0.976000	0.056000	192.000000	0.000000	0.000000	0.000000	0.000000	0.000000	0.000000	0.000000	0.000000	0.000000	1733433144.803869	0.000000
228.000000	86119.639709	18387.014376	187500.000000	187500.000000	84455.194706	100424.778512	109098.305893	131439.030938	-0.126000	0.976000	0.056000	192.000000	0.000000	0.000000	0.000000	0.000000	0.000000	0.000000	0.000000	0.000000	0.000000	1733433144.807892	0.000000
229.000000	86126.300529	18387.304948	187500.000000	187500.000000	84457.787509	100426.723114	109106.844259	131427.430383	-0.128000	0.958000	0.060000	192.000000	252.000000	0.000000	29.000000	240.000000	1.000000	224.000000	0.000000	0.000000	0.000000	1733433144.812899	0.000000
230.000000	86138.616340	18398.123193	187500.000000	187500.000000	84467.331704	100431.282870	109112.834527	131433.465354	-0.128000	0.958000	0.060000	192.000000	0.000000	0.000000	0.000000	0.000000	0.000000	0.000000	0.000000	0.000000	0.000000	1733433144.815891	0.000000
231.000000	86134.660081	18392.982291	187500.000000	187500.000000	84464.761253	100424.733809	109108.185364	131449.513906	-0.128000	0.958000	0.060000	192.000000	0.000000	0.000000	0.000000	0.000000	0.000000	0.000000	0.000000	0.000000	0.000000	1733433144.820231	0.000000
232.000000	86132.559017	18391.261207	187500.000000	187500.000000	84469.879802	100425.091437	109111.471070	131470.412787	-0.128000	0.958000	0.060000	192.000000	0.000000	0.000000	0.000000	0.000000	0.000000	0.000000	0.000000	0.000000	0.000000	1733433144.824129	0.000000
233.000000	86133.318977	18400.045443	187500.000000	187500.000000	84478.261707	100432.221643	109114.667370	131448.530429	-0.128000	0.958000	0.060000	192.000000	0.000000	0.000000	0.000000	0.000000	0.000000	0.000000	0.000000	0.000000	0.000000	1733433144.828139	0.000000
234.000000	86141.477363	18407.063890	187500.000000	187500.000000	84483.492015	100435.976736	109117.953076	131440.908485	-0.128000	0.958000	0.060000	192.000000	0.000000	0.000000	0.000000	0.000000	0.000000	0.000000	0.000000	0.000000	0.000000	1733433144.832108	0.000000
235.000000	86160.029311	18416.786899	187500.000000	187500.000000	84500.501692	100452.338213	109130.045370	131468.289372	-0.128000	0.958000	0.060000	192.000000	0.000000	0.000000	0.000000	0.000000	0.000000	0.000000	0.000000	0.000000	0.000000	1733433144.836160	0.000000
236.000000	86161.370416	18415.468146	187500.000000	187500.000000	84497.685373	100451.444143	109124.323323	131486.126064	-0.128000	0.958000	0.060000	192.000000	0.000000	0.000000	0.000000	0.000000	0.000000	0.000000	0.000000	0.000000	0.000000	1733433144.840935	0.000000
237.000000	86159.895201	18413.389434	187500.000000	187500.000000	84502.245128	100451.913530	109126.960829	131494.619726	-0.128000	0.958000	0.060000	192.000000	0.000000	0.000000	0.000000	0.000000	0.000000	0.000000	0.000000	0.000000	0.000000	1733433144.843934	0.000000
238.000000	86162.085672	18415.781071	187500.000000	187500.000000	84507.721306	100458.999033	109133.599297	131473.050293	-0.128000	0.958000	0.060000	192.000000	0.000000	0.000000	0.000000	0.000000	0.000000	0.000000	0.000000	0.000000	0.000000	1733433144.847901	0.000000
239.000000	86172.479233	18430.443815	187500.000000	187500.000000	84506.827236	100453.701669	109119.495346	131474.436101	-0.154000	0.992000	0.078000	192.000000	251.000000	48.000000	31.000000	0.000000	2.000000	112.000000	0.000000	0.000000	0.000000	1733433144.851943	0.000000
240.000000	86185.510300	18438.646905	187500.000000	187500.000000	84516.751411	100468.163248	109133.487539	131493.815064	-0.154000	0.992000	0.078000	192.000000	0.000000	0.000000	0.000000	0.000000	0.000000	0.000000	0.000000	0.000000	0.000000	1733433144.855974	0.000000
241.000000	86195.702695	18456.237728	187500.000000	187500.000000	84529.558960	100495.030045	109168.088039	131506.868482	-0.154000	0.992000	0.078000	192.000000	0.000000	0.000000	0.000000	0.000000	0.000000	0.000000	0.000000	0.000000	0.000000	1733433144.860103	0.000000
242.000000	86199.368381	18466.586586	187500.000000	187500.000000	84533.425812	100504.753054	109176.134667	131506.153227	-0.154000	0.992000	0.078000	192.000000	0.000000	0.000000	0.000000	0.000000	0.000000	0.000000	0.000000	0.000000	0.000000	1733433144.863982	0.000000
243.000000	86210.566605	18464.373763	187500.000000	187500.000000	84549.407309	100513.090254	109185.030661	131492.429256	-0.154000	0.992000	0.078000	192.000000	0.000000	0.000000	0.000000	0.000000	0.000000	0.000000	0.000000	0.000000	0.000000	1733433144.868747	0.000000
244.000000	86209.538425	18463.770266	187500.000000	187500.000000	84550.837821	100507.681132	109183.667205	131519.430163	-0.154000	0.992000	0.078000	192.000000	0.000000	0.000000	0.000000	0.000000	0.000000	0.000000	0.000000	0.000000	0.000000	1733433144.871209	0.000000
245.000000	86215.461637	18471.660432	187500.000000	187500.000000	84556.939847	100512.509109	109193.636083	131550.253218	-0.154000	0.992000	0.078000	192.000000	0.000000	0.000000	0.000000	0.000000	0.000000	0.000000	0.000000	0.000000	0.000000	1733433144.876040	0.000000
246.000000	86201.111817	18460.663374	187500.000000	187500.000000	84548.133260	100497.779309	109181.163809	131532.014195	-0.154000	0.992000	0.078000	192.000000	0.000000	0.000000	0.000000	0.000000	0.000000	0.000000	0.000000	0.000000	0.000000	1733433144.880971	0.000000
247.000000	86205.917443	18469.447609	187500.000000	187500.000000	84557.900972	100501.154423	109178.235731	131532.036547	-0.154000	0.992000	0.078000	192.000000	0.000000	0.000000	0.000000	0.000000	0.000000	0.000000	0.000000	0.000000	0.000000	1733433144.883982	0.000000
248.000000	86216.959204	18484.870313	187500.000000	187500.000000	84569.099196	100519.594612	109200.721586	131564.111300	-0.154000	0.992000	0.078000	192.000000	0.000000	0.000000	0.000000	0.000000	0.000000	0.000000	0.000000	0.000000	0.000000	1733433144.887002	0.000000
249.000000	86218.859103	18490.100621	187500.000000	187500.000000	84577.279935	100532.759790	109223.095682	131564.826556	-0.160000	0.966000	0.092000	192.000000	251.000000	0.000000	30.000000	48.000000	2.000000	224.000000	0.000000	0.000000	0.000000	1733433144.892002	0.000000
250.000000	86226.257530	18495.912075	187500.000000	187500.000000	84583.158443	100534.659688	109226.336685	131551.370806	-0.160000	0.966000	0.092000	192.000000	0.000000	0.000000	0.000000	0.000000	0.000000	0.000000	0.000000	0.000000	0.000000	1733433144.896015	0.000000
251.000000	86235.041766	18502.304673	187500.000000	187500.000000	84589.707504	100533.162121	109224.079159	131553.516573	-0.160000	0.966000	0.092000	192.000000	0.000000	0.000000	0.000000	0.000000	0.000000	0.000000	0.000000	0.000000	0.000000	1733433144.900037	0.000000
252.000000	86229.476181	18499.309540	187500.000000	187500.000000	84572.362551	100519.460502	109206.465984	131543.570047	-0.160000	0.966000	0.092000	192.000000	0.000000	0.000000	0.000000	0.000000	0.000000	0.000000	0.000000	0.000000	0.000000	1733433144.904282	0.000000
253.000000	86232.873646	18500.449479	187500.000000	187500.000000	84569.859155	100517.046513	109202.666188	131551.393157	-0.160000	0.966000	0.092000	192.000000	0.000000	0.000000	0.000000	0.000000	0.000000	0.000000	0.000000	0.000000	0.000000	1733433144.908165	0.000000
254.000000	86240.339129	18506.193877	187500.000000	187500.000000	84573.122510	100520.779255	109211.338664	131581.232736	-0.160000	0.966000	0.092000	192.000000	0.000000	0.000000	0.000000	0.000000	0.000000	0.000000	0.000000	0.000000	0.000000	1733433144.912232	0.000000
255.000000	86242.730766	18507.222057	187500.000000	187500.000000	84566.282876	100514.520766	109204.722548	131559.484489	-0.160000	0.966000	0.092000	192.000000	0.000000	0.000000	0.000000	0.000000	0.000000	0.000000	0.000000	0.000000	0.000000	1733433144.915178	0.000000
0.000000	86245.725899	18509.010197	187500.000000	187500.000000	84583.024333	100528.289441	109215.809013	131551.616675	-0.160000	0.966000	0.092000	192.000000	0.000000	0.000000	0.000000	0.000000	0.000000	0.000000	0.000000	0.000000	0.000000	1733433144.920094	0.000000
1.000000	86249.458641	18512.072386	187500.000000	187500.000000	84597.172987	100538.750057	109228.057769	131564.066597	-0.160000	0.966000	0.092000	192.000000	0.000000	0.000000	0.000000	0.000000	0.000000	0.000000	0.000000	0.000000	0.000000	1733433144.924024	0.000000
2.000000	86255.761833	18518.666150	187500.000000	187500.000000	84600.346935	100540.314679	109225.353208	131578.103492	-0.160000	0.966000	0.092000	192.000000	0.000000	0.000000	0.000000	0.000000	0.000000	0.000000	0.000000	0.000000	0.000000	1733433144.928304	0.000000
3.000000	86264.903696	18530.132595	187500.000000	187500.000000	84600.011659	100536.224310	109199.648702	131607.496036	-0.162000	0.958000	0.124000	192.000000	250.000000	240.000000	29.000000	240.000000	3.000000	224.000000	0.000000	0.000000	0.000000	1733433144.932040	0.000000
4.000000	86273.509118	18535.362904	187500.000000	187500.000000	84613.109781	100548.897749	109226.515499	131622.292891	-0.162000	0.958000	0.124000	192.000000	0.000000	0.000000	0.000000	0.000000	0.000000	0.000000	0.000000	0.000000	0.000000	1733433144.935058	0.000000
5.000000	86275.230202	18535.899345	187500.000000	187500.000000	84626.677290	100560.252435	109263.932319	131608.770085	-0.162000	0.958000	0.124000	192.000000	0.000000	0.000000	0.000000	0.000000	0.000000	0.000000	0.000000	0.000000	0.000000	1733433144.939054	0.000000
6.000000	86276.124272	18538.447444	187500.000000	187500.000000	84629.560665	100564.991005	109268.514427	131602.355135	-0.162000	0.958000	0.124000	192.000000	0.000000	0.000000	0.000000	0.000000	0.000000	0.000000	0.000000	0.000000	0.000000	1733433144.943331	0.000000
7.000000	86286.316667	18552.149064	187500.000000	187500.000000	84634.299235	100572.724709	109275.309357	131609.150065	-0.162000	0.958000	0.124000	192.000000	0.000000	0.000000	0.000000	0.000000	0.000000	0.000000	0.000000	0.000000	0.000000	1733433144.948320	0.000000
8.000000	86296.419656	18563.302584	187500.000000	187500.000000	84633.025185	100572.858819	109281.389032	131634.340481	-0.162000	0.958000	0.124000	192.000000	0.000000	0.000000	0.000000	0.000000	0.000000	0.000000	0.000000	0.000000	0.000000	1733433144.952282	0.000000
9.000000	86292.753970	18557.379372	187500.000000	187500.000000	84626.900807	100561.884113	109270.593139	131600.052905	-0.162000	0.958000	0.124000	192.000000	0.000000	0.000000	0.000000	0.000000	0.000000	0.000000	0.000000	0.000000	0.000000	1733433144.956328	0.000000
10.000000	86288.998877	18555.501825	187500.000000	187500.000000	84619.234159	100553.301043	109257.405610	131604.120923	-0.162000	0.958000	0.124000	192.000000	0.000000	0.000000	0.000000	0.000000	0.000000	0.000000	0.000000	0.000000	0.000000	1733433144.960127	0.000000
11.000000	86288.753008	18557.066447	187500.000000	187500.000000	84614.942624	100548.897749	109259.126694	131633.513467	-0.162000	0.958000	0.124000	192.000000	0.000000	0.000000	0.000000	0.000000	0.000000	0.000000	0.000000	0.000000	0.000000	1733433144.964088	0.000000
12.000000	86306.232072	18570.812770	187500.000000	187500.000000	84633.516924	100561.124153	109276.136372	131634.966330	-0.162000	0.958000	0.124000	192.000000	0.000000	0.000000	0.000000	0.000000	0.000000	0.000000	0.000000	0.000000	0.000000	1733433144.967109	0.000000
13.000000	86312.624671	18577.786514	187500.000000	187500.000000	84643.150525	100578.334997	109289.502715	131655.328769	-0.140000	0.928000	0.156000	192.000000	251.000000	160.000000	29.000000	0.000000	4.000000	224.000000	0.000000	0.000000	0.000000	1733433144.971106	0.000000
14.000000	86317.273833	18584.223817	187500.000000	187500.000000	84649.811345	100596.730482	109299.426889	131643.370586	-0.140000	0.928000	0.156000	192.000000	0.000000	0.000000	0.000000	0.000000	0.000000	0.000000	0.000000	0.000000	0.000000	1733433144.976114	0.000000
15.000000	86326.907435	18593.320977	187500.000000	187500.000000	84658.617933	100591.433119	109294.084822	131621.599987	-0.140000	0.928000	0.156000	192.000000	0.000000	0.000000	0.000000	0.000000	0.000000	0.000000	0.000000	0.000000	0.000000	1733433144.980146	0.000000
16.000000	86334.372918	18598.327768	187500.000000	187500.000000	84667.312761	100596.797537	109300.969160	131638.497906	-0.140000	0.928000	0.156000	192.000000	0.000000	0.000000	0.000000	0.000000	0.000000	0.000000	0.000000	0.000000	0.000000	1733433144.984343	0.000000
17.000000	86332.383613	18594.147991	187500.000000	187500.000000	84667.871555	100605.514718	109312.837936	131674.148938	-0.140000	0.928000	0.156000	192.000000	0.000000	0.000000	0.000000	0.000000	0.000000	0.000000	0.000000	0.000000	0.000000	1733433144.988292	0.000000
18.000000	86333.858828	18596.226704	187500.000000	187500.000000	84662.395377	100605.224145	109317.308285	131680.340371	-0.140000	0.928000	0.156000	192.000000	0.000000	0.000000	0.000000	0.000000	0.000000	0.000000	0.000000	0.000000	0.000000	1733433144.991367	0.000000
19.000000	86337.010424	18605.793250	187500.000000	187500.000000	84658.260305	100602.899564	109309.663988	131662.906010	-0.140000	0.928000	0.156000	192.000000	0.000000	0.000000	0.000000	0.000000	0.000000	0.000000	0.000000	0.000000	0.000000	1733433144.995322	0.000000
20.000000	86331.891874	18597.567808	187500.000000	187500.000000	84644.044595	100586.560438	109267.329784	131661.028464	-0.140000	0.928000	0.156000	192.000000	0.000000	0.000000	0.000000	0.000000	0.000000	0.000000	0.000000	0.000000	0.000000	1733433144.999430	0.000000
21.000000	86338.552694	18605.882657	187500.000000	187500.000000	84643.306988	100599.993837	109277.030441	131688.968145	-0.140000	0.928000	0.156000	192.000000	0.000000	0.000000	0.000000	0.000000	0.000000	0.000000	0.000000	0.000000	0.000000	1733433145.003185	0.000000
22.000000	86361.396177	18631.654219	187500.000000	187500.000000	84669.145604	100623.418465	109345.762056	131753.542334	-0.140000	0.928000	0.156000	192.000000	0.000000	0.000000	0.000000	0.000000	0.000000	0.000000	0.000000	0.000000	0.000000	1733433145.008207	0.000000
23.000000	86366.715892	18643.388884	187500.000000	187500.000000	84672.632476	100624.066666	109352.691096	131714.985575	-0.140000	0.928000	0.156000	192.000000	0.000000	0.000000	0.000000	0.000000	0.000000	0.000000	0.000000	0.000000	0.000000	1733433145.012296	0.000000
24.000000	86368.436976	18646.227556	187500.000000	187500.000000	84681.975506	100632.359163	109343.325715	131688.141130	-0.134000	0.926000	0.198000	192.000000	251.000000	208.000000	28.000000	240.000000	6.000000	48.000000	0.000000	0.000000	0.000000	1733433145.016168	0.000000
25.000000	86375.656590	18653.737742	187500.000000	187500.000000	84685.752950	100634.437875	109345.158559	131715.119686	-0.134000	0.926000	0.198000	192.000000	0.000000	0.000000	0.000000	0.000000	0.000000	0.000000	0.000000	0.000000	0.000000	1733433145.019344	0.000000
26.000000	86374.516651	18653.603632	187500.000000	187500.000000	84687.496386	100638.863520	109359.798951	131721.154657	-0.134000	0.926000	0.198000	192.000000	0.000000	0.000000	0.000000	0.000000	0.000000	0.000000	0.000000	0.000000	0.000000	1733433145.023447	0.000000
27.000000	86371.968552	18651.435512	187500.000000	187500.000000	84696.258270	100645.949023	109353.562814	131704.033220	-0.134000	0.926000	0.198000	192.000000	0.000000	0.000000	0.000000	0.000000	0.000000	0.000000	0.000000	0.000000	0.000000	1733433145.027409	0.000000
28.000000	86369.241639	18652.396637	187500.000000	187500.000000	84698.493445	100650.553483	109335.927288	131703.072095	-0.134000	0.926000	0.198000	192.000000	0.000000	0.000000	0.000000	0.000000	0.000000	0.000000	0.000000	0.000000	0.000000	1733433145.031411	0.000000
29.000000	86376.796529	18657.582242	187500.000000	187500.000000	84711.837436	100647.983032	109361.251815	131716.371383	-0.134000	0.926000	0.198000	192.000000	0.000000	0.000000	0.000000	0.000000	0.000000	0.000000	0.000000	0.000000	0.000000	1733433145.036210	0.000000
30.000000	86387.324201	18670.926234	187500.000000	187500.000000	84722.812143	100653.414506	109371.712431	131729.335395	-0.134000	0.926000	0.198000	192.000000	0.000000	0.000000	0.000000	0.000000	0.000000	0.000000	0.000000	0.000000	0.000000	1733433145.040198	0.000000
31.000000	86383.770273	18674.904844	187500.000000	187500.000000	84716.374840	100658.086021	109371.846541	131721.802857	-0.134000	0.926000	0.198000	192.000000	0.000000	0.000000	0.000000	0.000000	0.000000	0.000000	0.000000	0.000000	0.000000	1733433145.044662	0.000000
32.000000	86380.685732	18665.762981	187500.000000	187500.000000	84711.636270	100652.542788	109365.766867	131744.311064	-0.134000	0.926000	0.198000	192.000000	0.000000	0.000000	0.000000	0.000000	0.000000	0.000000	0.000000	0.000000	0.000000	1733433145.047288	0.000000
33.000000	86383.524404	18663.930138	187500.000000	187500.000000	84714.787866	100650.709945	109361.743553	131724.708584	-0.134000	0.926000	0.198000	192.000000	0.000000	0.000000	0.000000	0.000000	0.000000	0.000000	0.000000	0.000000	0.000000	1733433145.051281	0.000000
34.000000	86390.296983	18666.411181	187500.000000	187500.000000	84707.657660	100651.894588	109354.769809	131736.443250	-0.134000	0.886000	0.250000	192.000000	251.000000	208.000000	27.000000	176.000000	7.000000	208.000000	0.000000	0.000000	0.000000	1733433145.055466	0.000000
35.000000	86388.352381	18663.013716	187500.000000	187500.000000	84694.470131	100632.202701	109340.285878	131769.255611	-0.134000	0.886000	0.250000	192.000000	0.000000	0.000000	0.000000	0.000000	0.000000	0.000000	0.000000	0.000000	0.000000	1733433145.059586	0.000000
36.000000	86380.082235	18659.705658	187500.000000	187500.000000	84690.223299	100630.593375	109347.550195	131754.145831	-0.134000	0.886000	0.250000	192.000000	0.000000	0.000000	0.000000	0.000000	0.000000	0.000000	0.000000	0.000000	0.000000	1733433145.064413	0.000000
37.000000	86394.901442	18674.167237	187500.000000	187500.000000	84698.448741	100648.318308	109351.417047	131703.094447	-0.134000	0.886000	0.250000	192.000000	0.000000	0.000000	0.000000	0.000000	0.000000	0.000000	0.000000	0.000000	0.000000	1733433145.068308	0.000000
38.000000	86409.720648	18687.377118	187500.000000	187500.000000	84711.345698	100673.061690	109370.930120	131702.848578	-0.134000	0.886000	0.250000	192.000000	0.000000	0.000000	0.000000	0.000000	0.000000	0.000000	0.000000	0.000000	0.000000	1733433145.071291	0.000000
39.000000	86404.020954	18688.986443	187500.000000	187500.000000	84712.373878	100681.220076	109375.981614	131732.263474	-0.134000	0.886000	0.250000	192.000000	0.000000	0.000000	0.000000	0.000000	0.000000	0.000000	0.000000	0.000000	0.000000	1733433145.075292	0.000000
40.000000	86409.698297	18702.285731	187500.000000	187500.000000	84719.124105	100677.912018	109381.480143	131746.456831	-0.134000	0.886000	0.250000	192.000000	0.000000	0.000000	0.000000	0.000000	0.000000	0.000000	0.000000	0.000000	0.000000	1733433145.079309	0.000000
41.000000	86410.368849	18695.982539	187500.000000	187500.000000	84724.488524	100677.867315	109388.945626	131762.393625	-0.134000	0.886000	0.250000	192.000000	0.000000	0.000000	0.000000	0.000000	0.000000	0.000000	0.000000	0.000000	0.000000	1733433145.083344	0.000000
42.000000	86414.548625	18695.691966	187500.000000	187500.000000	84737.676053	100689.490222	109391.963111	131742.232352	-0.134000	0.886000	0.250000	192.000000	0.000000	0.000000	0.000000	0.000000	0.000000	0.000000	0.000000	0.000000	0.000000	1733433145.087412	0.000000
43.000000	86421.365907	18697.502458	187500.000000	187500.000000	84757.189126	100704.622353	109401.820231	131763.086529	-0.134000	0.886000	0.250000	192.000000	0.000000	0.000000	0.000000	0.000000	0.000000	0.000000	0.000000	0.000000	0.000000	1733433145.091604	0.000000
44.000000	86406.345535	18680.381022	187500.000000	187500.000000	84744.023948	100695.748710	109386.174010	131754.458756	-0.122000	0.878000	0.308000	192.000000	252.000000	48.000000	27.000000	112.000000	9.000000	160.000000	0.000000	0.000000	0.000000	1733433145.096544	0.000000
45.000000	86423.042288	18701.101089	187500.000000	187500.000000	84752.361149	100704.689408	109388.230370	131766.953381	-0.122000	0.878000	0.308000	192.000000	0.000000	0.000000	0.000000	0.000000	0.000000	0.000000	0.000000	0.000000	0.000000	1733433145.099539	0.000000
46.000000	86415.979137	18696.518981	187500.000000	187500.000000	84743.800431	100691.837155	109380.854294	131744.333416	-0.122000	0.878000	0.308000	192.000000	0.000000	0.000000	0.000000	0.000000	0.000000	0.000000	0.000000	0.000000	0.000000	1733433145.103340	0.000000
47.000000	86420.315375	18699.737632	187500.000000	187500.000000	84752.025873	100696.195745	109391.471373	131760.158451	-0.122000	0.878000	0.308000	192.000000	0.000000	0.000000	0.000000	0.000000	0.000000	0.000000	0.000000	0.000000	0.000000	1733433145.107316	0.000000
48.000000	86417.141428	18698.485935	187500.000000	187500.000000	84739.665358	100690.049015	109386.241065	131762.281866	-0.122000	0.878000	0.308000	192.000000	0.000000	0.000000	0.000000	0.000000	0.000000	0.000000	0.000000	0.000000	0.000000	1733433145.111623	0.000000
49.000000	86418.437829	18715.294446	187500.000000	187500.000000	84727.595416	100682.561181	109379.222617	131757.185669	-0.122000	0.878000	0.308000	192.000000	0.000000	0.000000	0.000000	0.000000	0.000000	0.000000	0.000000	0.000000	0.000000	1733433145.115321	0.000000
50.000000	86421.656480	18716.076757	187500.000000	187500.000000	84728.154210	100680.728338	109379.893169	131732.531694	-0.122000	0.878000	0.308000	192.000000	0.000000	0.000000	0.000000	0.000000	0.000000	0.000000	0.000000	0.000000	0.000000	1733433145.119370	0.000000
51.000000	86426.149181	18705.772603	187500.000000	187500.000000	84739.844172	100692.060672	109386.263417	131735.191552	-0.122000	0.878000	0.308000	192.000000	0.000000	0.000000	0.000000	0.000000	0.000000	0.000000	0.000000	0.000000	0.000000	1733433145.124594	0.000000
52.000000	86433.435849	18707.873667	187500.000000	187500.000000	84748.159021	100702.610696	109395.718204	131746.300369	-0.122000	0.878000	0.308000	192.000000	0.000000	0.000000	0.000000	0.000000	0.000000	0.000000	0.000000	0.000000	0.000000	1733433145.127684	0.000000
53.000000	86426.484457	18705.079699	187500.000000	187500.000000	84734.859733	100690.093719	109385.414050	131751.597732	-0.122000	0.878000	0.308000	192.000000	0.000000	0.000000	0.000000	0.000000	0.000000	0.000000	0.000000	0.000000	0.000000	1733433145.131690	0.000000
54.000000	86423.779896	18705.996121	187500.000000	187500.000000	84732.624559	100686.428033	109383.715318	131784.410093	-0.108000	0.846000	0.354000	192.000000	252.000000	160.000000	26.000000	112.000000	11.000000	16.000000	0.000000	0.000000	0.000000	1733433145.135812	0.000000
55.000000	86424.964538	18702.643359	187500.000000	187500.000000	84745.454460	100691.926562	109393.885361	131777.391646	-0.108000	0.846000	0.354000	192.000000	0.000000	0.000000	0.000000	0.000000	0.000000	0.000000	0.000000	0.000000	0.000000	1733433145.139432	0.000000
56.000000	86431.692413	18710.444118	187500.000000	187500.000000	84761.458309	100706.879879	109405.843545	131775.514099	-0.108000	0.846000	0.354000	192.000000	0.000000	0.000000	0.000000	0.000000	0.000000	0.000000	0.000000	0.000000	0.000000	1733433145.143583	0.000000
57.000000	86430.105439	18711.248781	187500.000000	187500.000000	84766.733321	100713.495995	109405.262399	131762.885363	-0.108000	0.846000	0.354000	192.000000	0.000000	0.000000	0.000000	0.000000	0.000000	0.000000	0.000000	0.000000	0.000000	1733433145.147497	0.000000
58.000000	86430.373660	18707.717205	187500.000000	187500.000000	84761.368902	100723.710742	109408.615161	131771.446082	-0.108000	0.846000	0.354000	192.000000	0.000000	0.000000	0.000000	0.000000	0.000000	0.000000	0.000000	0.000000	0.000000	1733433145.152437	0.000000
59.000000	86434.709899	18710.667635	187500.000000	187500.000000	84761.905344	100729.388086	109421.825042	131773.122462	-0.108000	0.846000	0.354000	192.000000	0.000000	0.000000	0.000000	0.000000	0.000000	0.000000	0.000000	0.000000	0.000000	1733433145.155442	0.000000
60.000000	86441.326015	18720.189478	187500.000000	187500.000000	84765.503975	100733.701972	109426.720074	131771.446082	-0.108000	0.846000	0.354000	192.000000	0.000000	0.000000	0.000000	0.000000	0.000000	0.000000	0.000000	0.000000	0.000000	1733433145.159491	0.000000
61.000000	86437.235646	18721.217659	187500.000000	187500.000000	84760.072501	100732.807902	109422.540298	131783.873651	-0.108000	0.846000	0.354000	192.000000	0.000000	0.000000	0.000000	0.000000	0.000000	0.000000	0.000000	0.000000	0.000000	1733433145.163705	0.000000
62.000000	86435.715727	18724.481013	187500.000000	187500.000000	84755.557448	100725.320068	109420.662751	131802.224434	-0.108000	0.846000	0.354000	192.000000	0.000000	0.000000	0.000000	0.000000	0.000000	0.000000	0.000000	0.000000	0.000000	1733433145.167613	0.000000
63.000000	86442.756527	18730.158356	187500.000000	187500.000000	84763.984056	100728.046981	109425.513080	131797.865844	-0.108000	0.846000	0.354000	192.000000	0.000000	0.000000	0.000000	0.000000	0.000000	0.000000	0.000000	0.000000	0.000000	1733433145.171750	0.000000
64.000000	86439.940207	18727.431444	187500.000000	187500.000000	84766.576858	100725.968269	109425.803653	131783.963058	-0.092000	0.836000	0.398000	192.000000	253.000000	32.000000	26.000000	32.000000	12.000000	112.000000	0.000000	0.000000	0.000000	1733433145.175734	0.000000
65.000000	86443.762355	18739.680200	187500.000000	187500.000000	84763.626428	100718.994524	109416.125347	131787.114654	-0.092000	0.836000	0.398000	192.000000	0.000000	0.000000	0.000000	0.000000	0.000000	0.000000	0.000000	0.000000	0.000000	1733433145.179708	0.000000
66.000000	86442.331844	18726.939705	187500.000000	187500.000000	84758.396120	100710.612620	109399.585056	131784.611259	-0.092000	0.836000	0.398000	192.000000	0.000000	0.000000	0.000000	0.000000	0.000000	0.000000	0.000000	0.000000	0.000000	1733433145.182473	0.000000
67.000000	86437.928550	18718.311932	187500.000000	187500.000000	84735.150306	100705.874050	109387.872742	131803.498483	-0.092000	0.836000	0.398000	192.000000	0.000000	0.000000	0.000000	0.000000	0.000000	0.000000	0.000000	0.000000	0.000000	1733433145.186472	0.000000
68.000000	86438.308530	18731.790034	187500.000000	187500.000000	84731.328157	100710.009123	109412.325551	131812.193312	-0.092000	0.836000	0.398000	192.000000	0.000000	0.000000	0.000000	0.000000	0.000000	0.000000	0.000000	0.000000	0.000000	1733433145.191441	0.000000
69.000000	86452.256018	18754.030020	187500.000000	187500.000000	84743.934541	100731.533853	109441.606336	131783.180747	-0.092000	0.836000	0.398000	192.000000	0.000000	0.000000	0.000000	0.000000	0.000000	0.000000	0.000000	0.000000	0.000000	1733433145.195697	0.000000
70.000000	86456.860478	18755.371124	187500.000000	187500.000000	84748.740166	100731.623260	109442.433350	131770.663771	-0.092000	0.836000	0.398000	192.000000	0.000000	0.000000	0.000000	0.000000	0.000000	0.000000	0.000000	0.000000	0.000000	1733433145.199549	0.000000
71.000000	86447.897428	18753.627688	187500.000000	187500.000000	84744.381576	100725.320068	109438.812368	131775.581154	-0.092000	0.836000	0.398000	192.000000	0.000000	0.000000	0.000000	0.000000	0.000000	0.000000	0.000000	0.000000	0.000000	1733433145.203673	0.000000
72.000000	86449.551457	18752.867729	187500.000000	187500.000000	84761.480661	100735.937147	109449.764723	131794.826006	-0.092000	0.836000	0.398000	192.000000	0.000000	0.000000	0.000000	0.000000	0.000000	0.000000	0.000000	0.000000	0.000000	1733433145.207710	0.000000
73.000000	86453.954751	18748.598546	187500.000000	187500.000000	84765.772196	100735.087780	109446.858996	131792.054390	-0.092000	0.836000	0.398000	192.000000	0.000000	0.000000	0.000000	0.000000	0.000000	0.000000	0.000000	0.000000	0.000000	1733433145.210878	0.000000
74.000000	86459.877963	18754.655868	187500.000000	187500.000000	84769.571992	100738.485246	109448.647135	131799.050486	-0.078000	0.844000	0.432000	192.000000	253.000000	144.000000	26.000000	96.000000	13.000000	128.000000	0.000000	0.000000	0.000000	1733433145.214856	0.000000
75.000000	86459.252114	18749.559671	187500.000000	187500.000000	84756.339759	100725.320068	109433.112673	131812.550940	-0.078000	0.844000	0.432000	192.000000	0.000000	0.000000	0.000000	0.000000	0.000000	0.000000	0.000000	0.000000	0.000000	1733433145.219504	0.000000
76.000000	86447.897428	18739.054351	187500.000000	187500.000000	84743.733376	100708.265687	109404.547144	131783.538375	-0.078000	0.844000	0.432000	192.000000	0.000000	0.000000	0.000000	0.000000	0.000000	0.000000	0.000000	0.000000	0.000000	1733433145.223512	0.000000
77.000000	86455.385262	18748.062104	187500.000000	187500.000000	84754.261047	100721.654382	109420.282772	131784.834777	-0.078000	0.844000	0.432000	192.000000	0.000000	0.000000	0.000000	0.000000	0.000000	0.000000	0.000000	0.000000	0.000000	1733433145.227752	0.000000
78.000000	86448.746794	18748.106807	187500.000000	187500.000000	84753.031701	100722.123769	109428.105882	131786.309992	-0.078000	0.844000	0.432000	192.000000	0.000000	0.000000	0.000000	0.000000	0.000000	0.000000	0.000000	0.000000	0.000000	1733433145.231536	0.000000
79.000000	86455.295855	18756.980450	187500.000000	187500.000000	84756.004483	100722.213176	109439.818196	131794.356620	-0.078000	0.844000	0.432000	192.000000	0.000000	0.000000	0.000000	0.000000	0.000000	0.000000	0.000000	0.000000	0.000000	1733433145.234545	0.000000
80.000000	86466.471728	18766.926976	187500.000000	187500.000000	84764.855774	100729.835120	109451.195234	131805.376030	-0.078000	0.844000	0.432000	192.000000	0.000000	0.000000	0.000000	0.000000	0.000000	0.000000	0.000000	0.000000	0.000000	1733433145.238510	0.000000
81.000000	86462.783690	18764.624746	187500.000000	187500.000000	84763.514669	100723.397818	109449.541205	131814.920225	-0.078000	0.844000	0.432000	192.000000	0.000000	0.000000	0.000000	0.000000	0.000000	0.000000	0.000000	0.000000	0.000000	1733433145.242662	0.000000
82.000000	86464.169498	18763.797732	187500.000000	187500.000000	84765.705140	100733.634917	109450.971717	131771.691951	-0.078000	0.844000	0.432000	192.000000	0.000000	0.000000	0.000000	0.000000	0.000000	0.000000	0.000000	0.000000	0.000000	1733433145.247734	0.000000
83.000000	86463.387187	18759.506197	187500.000000	187500.000000	84768.677922	100725.476530	109460.582967	131772.876593	-0.078000	0.844000	0.432000	192.000000	0.000000	0.000000	0.000000	0.000000	0.000000	0.000000	0.000000	0.000000	0.000000	1733433145.251641	0.000000
84.000000	86455.765242	18753.448874	187500.000000	187500.000000	84761.927696	100720.894423	109452.938670	131772.720131	-0.078000	0.838000	0.446000	192.000000	253.000000	144.000000	26.000000	48.000000	13.000000	240.000000	0.000000	0.000000	0.000000	1733433145.255818	0.000000
85.000000	86463.633056	18763.484807	187500.000000	187500.000000	84763.894649	100720.380333	109449.630612	131799.274003	-0.078000	0.838000	0.446000	192.000000	0.000000	0.000000	0.000000	0.000000	0.000000	0.000000	0.000000	0.000000	0.000000	1733433145.259577	0.000000
86.000000	86468.259867	18770.525607	187500.000000	187500.000000	84776.746902	100726.884690	109465.209778	131836.847286	-0.078000	0.838000	0.446000	192.000000	0.000000	0.000000	0.000000	0.000000	0.000000	0.000000	0.000000	0.000000	0.000000	1733433145.262572	0.000000
87.000000	86467.410501	18769.072744	187500.000000	187500.000000	84783.608888	100727.041152	109471.490618	131853.074652	-0.078000	0.838000	0.446000	192.000000	0.000000	0.000000	0.000000	0.000000	0.000000	0.000000	0.000000	0.000000	0.000000	1733433145.266635	0.000000
88.000000	86463.387187	18767.083438	187500.000000	187500.000000	84774.422321	100720.603850	109471.736487	131830.432335	-0.078000	0.838000	0.446000	192.000000	0.000000	0.000000	0.000000	0.000000	0.000000	0.000000	0.000000	0.000000	0.000000	1733433145.270562	0.000000
89.000000	86467.812832	18769.586834	187500.000000	187500.000000	84781.530175	100729.097513	109478.151438	131782.264326	-0.078000	0.838000	0.446000	192.000000	0.000000	0.000000	0.000000	0.000000	0.000000	0.000000	0.000000	0.000000	0.000000	1733433145.275631	0.000000
90.000000	86478.161690	18778.885159	187500.000000	187500.000000	84787.609850	100740.273385	109485.594569	131798.648155	-0.078000	0.838000	0.446000	192.000000	0.000000	0.000000	0.000000	0.000000	0.000000	0.000000	0.000000	0.000000	0.000000	1733433145.279694	0.000000
91.000000	86472.104367	18770.994994	187500.000000	187500.000000	84779.585574	100731.176225	109477.100906	131802.492655	-0.078000	0.838000	0.446000	192.000000	0.000000	0.000000	0.000000	0.000000	0.000000	0.000000	0.000000	0.000000	0.000000	1733433145.283759	0.000000
92.000000	86470.875021	18770.860883	187500.000000	187500.000000	84776.389274	100723.531928	109470.753011	131803.990221	-0.078000	0.838000	0.446000	192.000000	0.000000	0.000000	0.000000	0.000000	0.000000	0.000000	0.000000	0.000000	0.000000	1733433145.287769	0.000000
93.000000	86470.651504	18772.917244	187500.000000	187500.000000	84775.763425	100720.223870	109467.936691	131813.981451	-0.078000	0.838000	0.446000	192.000000	0.000000	0.000000	0.000000	0.000000	0.000000	0.000000	0.000000	0.000000	0.000000	1733433145.291015	0.000000
94.000000	86466.114100	18772.917244	187500.000000	187500.000000	84772.589478	100721.609678	109459.688897	131831.281701	-0.078000	0.846000	0.448000	192.000000	253.000000	144.000000	26.000000	112.000000	14.000000	0.000000	0.000000	0.000000	0.000000	1733433145.294653	0.000000
95.000000	86463.543649	18770.100924	187500.000000	187500.000000	84766.643914	100714.099492	109452.581042	131818.384745	-0.078000	0.846000	0.448000	192.000000	0.000000	0.000000	0.000000	0.000000	0.000000	0.000000	0.000000	0.000000	0.000000	1733433145.298618	0.000000
96.000000	86469.980952	18773.990127	187500.000000	187500.000000	84773.260030	100714.993562	109455.464417	131797.642326	-0.078000	0.846000	0.448000	192.000000	0.000000	0.000000	0.000000	0.000000	0.000000	0.000000	0.000000	0.000000	0.000000	1733433145.303609	0.000000
97.000000	86475.859460	18778.728697	187500.000000	187500.000000	84783.430074	100720.849719	109472.719964	131783.292506	-0.078000	0.846000	0.448000	192.000000	0.000000	0.000000	0.000000	0.000000	0.000000	0.000000	0.000000	0.000000	0.000000	1733433145.307667	0.000000
98.000000	86477.357027	18778.236959	187500.000000	187500.000000	84786.067580	100726.437655	109478.039679	131799.385762	-0.078000	0.846000	0.448000	192.000000	0.000000	0.000000	0.000000	0.000000	0.000000	0.000000	0.000000	0.000000	0.000000	1733433145.311813	0.000000
99.000000	86478.854594	18782.796715	187500.000000	187500.000000	84784.659420	100727.711705	109469.367202	131834.522704	-0.078000	0.846000	0.448000	192.000000	0.000000	0.000000	0.000000	0.000000	0.000000	0.000000	0.000000	0.000000	0.000000	1733433145.314683	0.000000
100.000000	86463.297780	18761.741371	187500.000000	187500.000000	84766.420396	100716.871109	109451.530510	131812.372126	-0.078000	0.846000	0.448000	192.000000	0.000000	0.000000	0.000000	0.000000	0.000000	0.000000	0.000000	0.000000	0.000000	1733433145.318861	0.000000
101.000000	86464.214201	18759.685011	187500.000000	187500.000000	84769.415530	100723.598984	109465.746220	131808.751143	-0.078000	0.846000	0.448000	192.000000	0.000000	0.000000	0.000000	0.000000	0.000000	0.000000	0.000000	0.000000	0.000000	1733433145.322875	0.000000
102.000000	86473.043141	18768.916281	187500.000000	187500.000000	84774.087044	100728.873995	109471.289452	131795.898890	-0.078000	0.846000	0.448000	192.000000	0.000000	0.000000	0.000000	0.000000	0.000000	0.000000	0.000000	0.000000	0.000000	1733433145.327038	0.000000
103.000000	86480.709789	18781.477962	187500.000000	187500.000000	84775.919888	100736.272423	109484.924017	131818.474152	-0.078000	0.846000	0.448000	192.000000	0.000000	0.000000	0.000000	0.000000	0.000000	0.000000	0.000000	0.000000	0.000000	1733433145.330838	0.000000
104.000000	86479.547498	18778.773401	187500.000000	187500.000000	84793.197786	100745.995432	109502.961874	131836.154382	-0.084000	0.842000	0.440000	192.000000	253.000000	96.000000	26.000000	80.000000	13.000000	192.000000	0.000000	0.000000	0.000000	1733433145.335655	0.000000
105.000000	86494.232594	18790.575122	187500.000000	187500.000000	84814.163722	100759.495885	109515.925886	131832.622806	-0.084000	0.842000	0.440000	192.000000	0.000000	0.000000	0.000000	0.000000	0.000000	0.000000	0.000000	0.000000	0.000000	1733433145.339669	0.000000
106.000000	86503.374458	18797.459459	187500.000000	187500.000000	84815.817751	100764.614435	109525.045398	131850.414795	-0.084000	0.842000	0.440000	192.000000	0.000000	0.000000	0.000000	0.000000	0.000000	0.000000	0.000000	0.000000	0.000000	1733433145.342686	0.000000
107.000000	86497.808873	18788.876389	187500.000000	187500.000000	84799.411571	100752.008051	109508.974494	131834.567408	-0.084000	0.842000	0.440000	192.000000	0.000000	0.000000	0.000000	0.000000	0.000000	0.000000	0.000000	0.000000	0.000000	1733433145.346697	0.000000
108.000000	86513.008060	18801.974511	187500.000000	187500.000000	84807.681716	100764.815600	109523.570183	131858.953161	-0.084000	0.842000	0.440000	192.000000	0.000000	0.000000	0.000000	0.000000	0.000000	0.000000	0.000000	0.000000	0.000000	1733433145.350763	0.000000
109.000000	86519.043031	18808.724738	187500.000000	187500.000000	84809.469856	100768.481287	109524.464253	131829.672376	-0.084000	0.842000	0.440000	192.000000	0.000000	0.000000	0.000000	0.000000	0.000000	0.000000	0.000000	0.000000	0.000000	1733433145.354805	0.000000
110.000000	86486.007152	18777.789924	187500.000000	187500.000000	84777.484510	100731.086818	109488.366185	131805.353678	-0.084000	0.842000	0.440000	192.000000	0.000000	0.000000	0.000000	0.000000	0.000000	0.000000	0.000000	0.000000	0.000000	1733433145.358742	0.000000
111.000000	86498.881757	18787.110601	187500.000000	187500.000000	84781.239603	100731.802074	109487.427412	131812.394477	-0.084000	0.842000	0.440000	192.000000	0.000000	0.000000	0.000000	0.000000	0.000000	0.000000	0.000000	0.000000	0.000000	1733433145.364096	0.000000
112.000000	86488.018809	18775.733563	187500.000000	187500.000000	84763.045283	100717.385199	109478.374955	131783.381913	-0.084000	0.842000	0.440000	192.000000	0.000000	0.000000	0.000000	0.000000	0.000000	0.000000	0.000000	0.000000	0.000000	1733433145.368158	0.000000
113.000000	86491.371571	18777.253482	187500.000000	187500.000000	84781.641934	100738.485246	109502.783060	131808.617033	-0.084000	0.842000	0.440000	192.000000	0.000000	0.000000	0.000000	0.000000	0.000000	0.000000	0.000000	0.000000	0.000000	1733433145.370766	0.000000
114.000000	86511.510493	18797.057128	187500.000000	187500.000000	84812.263824	100770.559999	109536.444788	131853.186411	-0.164000	0.806000	0.416000	192.000000	250.000000	224.000000	25.000000	48.000000	13.000000	0.000000	0.000000	0.000000	0.000000	1733433145.374754	0.000000
115.000000	86496.825397	18784.093116	187500.000000	187500.000000	84803.077257	100758.557112	109523.838404	131851.152402	-0.164000	0.806000	0.416000	192.000000	0.000000	0.000000	0.000000	0.000000	0.000000	0.000000	0.000000	0.000000	0.000000	1733433145.378843	0.000000
116.000000	86440.431945	18730.292467	187500.000000	187500.000000	84740.134745	100692.351245	109455.084438	131804.213739	-0.164000	0.806000	0.416000	192.000000	0.000000	0.000000	0.000000	0.000000	0.000000	0.000000	0.000000	0.000000	0.000000	1733433145.382756	0.000000
117.000000	86446.757489	18727.386740	187500.000000	187500.000000	84751.668245	100703.437710	109467.355545	131811.120428	-0.164000	0.806000	0.416000	192.000000	0.000000	0.000000	0.000000	0.000000	0.000000	0.000000	0.000000	0.000000	0.000000	1733433145.386770	0.000000
118.000000	86480.374513	18757.829816	187500.000000	187500.000000	84808.933414	100763.183923	109521.379712	131851.331216	-0.164000	0.806000	0.416000	192.000000	0.000000	0.000000	0.000000	0.000000	0.000000	0.000000	0.000000	0.000000	0.000000	1733433145.392030	0.000000
119.000000	86498.881757	18774.303052	187500.000000	187500.000000	84809.492208	100767.207237	109529.158119	131862.417682	-0.164000	0.806000	0.416000	192.000000	0.000000	0.000000	0.000000	0.000000	0.000000	0.000000	0.000000	0.000000	0.000000	1733433145.396020	0.000000
120.000000	86525.480333	18803.472078	187500.000000	187500.000000	84832.089821	100791.615342	109564.295061	131894.358324	-0.164000	0.806000	0.416000	192.000000	0.000000	0.000000	0.000000	0.000000	0.000000	0.000000	0.000000	0.000000	0.000000	1733433145.398787	0.000000
121.000000	86527.491990	18809.954084	187500.000000	187500.000000	84832.939188	100794.632828	109563.669212	131871.268972	-0.164000	0.806000	0.416000	192.000000	0.000000	0.000000	0.000000	0.000000	0.000000	0.000000	0.000000	0.000000	0.000000	1733433145.403016	0.000000
122.000000	86419.086029	18697.435403	187500.000000	187500.000000	84701.443875	100660.879989	109425.669542	131744.378119	-0.164000	0.806000	0.416000	192.000000	0.000000	0.000000	0.000000	0.000000	0.000000	0.000000	0.000000	0.000000	0.000000	1733433145.407055	0.000000
123.000000	86410.122980	18690.841638	187500.000000	187500.000000	84684.568308	100638.260023	109412.370254	131725.602654	-0.164000	0.806000	0.416000	192.000000	0.000000	0.000000	0.000000	0.000000	0.000000	0.000000	0.000000	0.000000	0.000000	1733433145.411042	0.000000
124.000000	86448.232704	18733.533470	187500.000000	187500.000000	84715.056087	100675.207457	109453.877444	131769.188555	-0.120000	0.860000	0.402000	192.000000	252.000000	64.000000	26.000000	224.000000	12.000000	144.000000	0.000000	0.000000	0.000000	1733433145.414890	0.000000
125.000000	86466.650542	18759.707363	187500.000000	187500.000000	84715.100791	100675.430974	109459.778304	131781.459663	-0.120000	0.860000	0.402000	192.000000	0.000000	0.000000	0.000000	0.000000	0.000000	0.000000	0.000000	0.000000	0.000000	1733433145.418821	0.000000
126.000000	86473.266658	18773.766610	187500.000000	187500.000000	84710.451628	100667.116125	109453.005726	131774.105939	-0.120000	0.860000	0.402000	192.000000	0.000000	0.000000	0.000000	0.000000	0.000000	0.000000	0.000000	0.000000	0.000000	1733433145.423817	0.000000
127.000000	86490.164577	18770.190331	187500.000000	187500.000000	84721.783962	100678.537867	109466.640290	131793.082570	-0.120000	0.860000	0.402000	192.000000	0.000000	0.000000	0.000000	0.000000	0.000000	0.000000	0.000000	0.000000	0.000000	1733433145.427063	0.000000
128.000000	86500.491083	18773.654851	187500.000000	187500.000000	84723.907378	100683.298788	109475.603339	131846.704405	-0.120000	0.860000	0.402000	192.000000	0.000000	0.000000	0.000000	0.000000	0.000000	0.000000	0.000000	0.000000	0.000000	1733433145.431003	0.000000
129.000000	86506.302536	18774.034831	187500.000000	187500.000000	84729.338852	100689.780794	109474.061069	131822.653928	-0.120000	0.860000	0.402000	192.000000	0.000000	0.000000	0.000000	0.000000	0.000000	0.000000	0.000000	0.000000	0.000000	1733433145.434937	0.000000
130.000000	86495.171368	18762.590738	187500.000000	187500.000000	84727.729526	100686.293922	109466.126199	131779.537413	-0.120000	0.860000	0.402000	192.000000	0.000000	0.000000	0.000000	0.000000	0.000000	0.000000	0.000000	0.000000	0.000000	1733433145.439136	0.000000
131.000000	86475.390074	18753.761799	187500.000000	187500.000000	84715.100791	100669.083079	109459.375973	131777.570460	-0.120000	0.860000	0.402000	192.000000	0.000000	0.000000	0.000000	0.000000	0.000000	0.000000	0.000000	0.000000	0.000000	1733433145.443038	0.000000
132.000000	86475.501832	18767.508121	187500.000000	187500.000000	84720.331099	100676.459155	109470.417734	131784.343038	-0.120000	0.860000	0.402000	192.000000	0.000000	0.000000	0.000000	0.000000	0.000000	0.000000	0.000000	0.000000	0.000000	1733433145.447008	0.000000
133.000000	86488.577603	18772.112581	187500.000000	187500.000000	84731.574027	100689.624332	109478.397307	131795.608317	-0.120000	0.860000	0.402000	192.000000	0.000000	0.000000	0.000000	0.000000	0.000000	0.000000	0.000000	0.000000	0.000000	1733433145.450824	0.000000
134.000000	86499.261737	18778.974566	187500.000000	187500.000000	84756.675036	100713.272478	109500.078499	131818.138876	-0.030000	0.878000	0.414000	192.000000	255.000000	16.000000	27.000000	112.000000	12.000000	240.000000	0.000000	0.000000	0.000000	1733433145.453863	0.000000
135.000000	86510.594071	18795.604264	187500.000000	187500.000000	84776.098701	100736.585347	109521.916154	131837.964873	-0.030000	0.878000	0.414000	192.000000	0.000000	0.000000	0.000000	0.000000	0.000000	0.000000	0.000000	0.000000	0.000000	1733433145.458892	0.000000
136.000000	86518.730106	18815.810241	187500.000000	187500.000000	84777.238640	100746.598929	109529.247526	131848.827821	-0.030000	0.878000	0.414000	192.000000	0.000000	0.000000	0.000000	0.000000	0.000000	0.000000	0.000000	0.000000	0.000000	1733433145.462877	0.000000
137.000000	86533.683423	18823.387483	187500.000000	187500.000000	84794.874167	100750.421077	109548.000639	131878.600344	-0.030000	0.878000	0.414000	192.000000	0.000000	0.000000	0.000000	0.000000	0.000000	0.000000	0.000000	0.000000	0.000000	1733433145.466884	0.000000
138.000000	86516.874911	18795.872485	187500.000000	187500.000000	84774.042341	100725.275365	109523.748997	131843.865734	-0.030000	0.878000	0.414000	192.000000	0.000000	0.000000	0.000000	0.000000	0.000000	0.000000	0.000000	0.000000	0.000000	1733433145.471115	0.000000
139.000000	86508.403600	18786.954139	187500.000000	187500.000000	84758.820803	100706.991638	109503.207744	131821.759858	-0.030000	0.878000	0.414000	192.000000	0.000000	0.000000	0.000000	0.000000	0.000000	0.000000	0.000000	0.000000	0.000000	1733433145.476202	0.000000
140.000000	86519.959452	18796.498334	187500.000000	187500.000000	84767.649742	100718.703952	109513.333084	131829.761783	-0.030000	0.878000	0.414000	192.000000	0.000000	0.000000	0.000000	0.000000	0.000000	0.000000	0.000000	0.000000	0.000000	1733433145.479262	0.000000
141.000000	86544.121688	18827.455500	187500.000000	187500.000000	84804.083086	100750.130504	109538.210575	131875.091121	-0.030000	0.878000	0.414000	192.000000	0.000000	0.000000	0.000000	0.000000	0.000000	0.000000	0.000000	0.000000	0.000000	1733433145.482155	0.000000
142.000000	86594.569575	18884.161876	187500.000000	187500.000000	84854.553325	100792.263543	109570.195922	131939.866476	-0.030000	0.878000	0.414000	192.000000	0.000000	0.000000	0.000000	0.000000	0.000000	0.000000	0.000000	0.000000	0.000000	1733433145.486917	0.000000
143.000000	86566.808709	18842.833500	187500.000000	187500.000000	84821.383336	100772.057566	109560.428209	131905.891824	-0.030000	0.878000	0.414000	192.000000	0.000000	0.000000	0.000000	0.000000	0.000000	0.000000	0.000000	0.000000	0.000000	1733433145.490916	0.000000
144.000000	86557.197458	18821.688750	187500.000000	187500.000000	84816.689469	100765.642615	109556.583709	131871.738359	0.002000	0.878000	0.424000	192.000000	0.000000	16.000000	27.000000	112.000000	13.000000	64.000000	0.000000	0.000000	0.000000	1733433145.495127	0.000000
145.000000	86517.053725	18795.023119	187500.000000	187500.000000	84771.673056	100712.177242	109509.354473	131822.408059	0.002000	0.878000	0.424000	192.000000	0.000000	0.000000	0.000000	0.000000	0.000000	0.000000	0.000000	0.000000	0.000000	1733433145.498922	0.000000
146.000000	86490.142225	18768.446895	187500.000000	187500.000000	84747.019082	100689.780794	109488.053261	131821.513989	0.002000	0.878000	0.424000	192.000000	0.000000	0.000000	0.000000	0.000000	0.000000	0.000000	0.000000	0.000000	0.000000	1733433145.502952	0.000000
147.000000	86511.622251	18785.724793	187500.000000	187500.000000	84773.148271	100717.206385	109514.003636	131836.802582	0.002000	0.878000	0.424000	192.000000	0.000000	0.000000	0.000000	0.000000	0.000000	0.000000	0.000000	0.000000	0.000000	1733433145.507082	0.000000
148.000000	86527.268473	18802.198029	187500.000000	187500.000000	84793.063676	100734.819559	109531.840328	131835.819106	0.002000	0.878000	0.424000	192.000000	0.000000	0.000000	0.000000	0.000000	0.000000	0.000000	0.000000	0.000000	0.000000	1733433145.510232	0.000000
149.000000	86533.661071	18812.077500	187500.000000	187500.000000	84797.221100	100742.754429	109540.021067	131841.719966	0.002000	0.878000	0.424000	192.000000	0.000000	0.000000	0.000000	0.000000	0.000000	0.000000	0.000000	0.000000	0.000000	1733433145.515262	0.000000
150.000000	86550.000197	18827.053169	187500.000000	187500.000000	84809.313394	100762.826295	109559.601195	131873.526498	0.002000	0.878000	0.424000	192.000000	0.000000	0.000000	0.000000	0.000000	0.000000	0.000000	0.000000	0.000000	0.000000	1733433145.519162	0.000000
151.000000	86549.642569	18826.740244	187500.000000	187500.000000	84811.973251	100764.703842	109561.277576	131877.750978	0.002000	0.878000	0.424000	192.000000	0.000000	0.000000	0.000000	0.000000	0.000000	0.000000	0.000000	0.000000	0.000000	1733433145.522927	0.000000
152.000000	86531.828228	18808.009482	187500.000000	187500.000000	84792.594289	100738.261728	109538.054113	131872.632429	0.002000	0.878000	0.424000	192.000000	0.000000	0.000000	0.000000	0.000000	0.000000	0.000000	0.000000	0.000000	0.000000	1733433145.526994	0.000000
153.000000	86541.104202	18814.871468	187500.000000	187500.000000	84810.878016	100748.498827	109550.951070	131862.417682	0.002000	0.878000	0.424000	192.000000	0.000000	0.000000	0.000000	0.000000	0.000000	0.000000	0.000000	0.000000	0.000000	1733433145.530929	0.000000
154.000000	86547.765022	18822.761634	187500.000000	187500.000000	84821.249225	100756.053717	109555.399067	131859.221382	-0.024000	0.874000	0.422000	192.000000	255.000000	64.000000	27.000000	80.000000	13.000000	48.000000	0.000000	0.000000	0.000000	1733433145.534999	0.000000
155.000000	86550.514287	18825.890878	187500.000000	187500.000000	84832.223932	100784.395729	109561.568148	131862.618847	-0.024000	0.874000	0.422000	192.000000	0.000000	0.000000	0.000000	0.000000	0.000000	0.000000	0.000000	0.000000	0.000000	1733433145.538005	0.000000
156.000000	86567.658075	18836.530308	187500.000000	187500.000000	84851.669949	100796.800947	109576.968500	131886.579917	-0.024000	0.874000	0.422000	192.000000	0.000000	0.000000	0.000000	0.000000	0.000000	0.000000	0.000000	0.000000	0.000000	1733433145.542182	0.000000
157.000000	86574.721226	18845.761579	187500.000000	187500.000000	84854.173345	100779.232476	109577.616701	131905.534197	-0.024000	0.874000	0.422000	192.000000	0.000000	0.000000	0.000000	0.000000	0.000000	0.000000	0.000000	0.000000	0.000000	1733433145.547095	0.000000
158.000000	86569.625028	18849.516672	187500.000000	187500.000000	84841.768127	100760.188789	109561.903424	131885.797606	-0.024000	0.874000	0.422000	192.000000	0.000000	0.000000	0.000000	0.000000	0.000000	0.000000	0.000000	0.000000	0.000000	1733433145.551283	0.000000
159.000000	86582.790206	18867.398067	187500.000000	187500.000000	84858.420176	100779.210124	109577.773163	131910.473932	-0.024000	0.874000	0.422000	192.000000	0.000000	0.000000	0.000000	0.000000	0.000000	0.000000	0.000000	0.000000	0.000000	1733433145.555031	0.000000
160.000000	86581.739674	18859.530253	187500.000000	187500.000000	84860.185964	100783.121679	109589.686643	131909.915138	-0.024000	0.874000	0.422000	192.000000	0.000000	0.000000	0.000000	0.000000	0.000000	0.000000	0.000000	0.000000	0.000000	1733433145.559017	0.000000
161.000000	86575.861165	18853.674096	187500.000000	187500.000000	84861.705883	100783.769880	109594.559323	131909.043420	-0.024000	0.874000	0.422000	192.000000	0.000000	0.000000	0.000000	0.000000	0.000000	0.000000	0.000000	0.000000	0.000000	1733433145.562035	0.000000
162.000000	86627.001956	18900.009263	187500.000000	187500.000000	84940.361671	100861.442192	109674.556217	131997.243404	-0.024000	0.874000	0.422000	192.000000	0.000000	0.000000	0.000000	0.000000	0.000000	0.000000	0.000000	0.000000	0.000000	1733433145.566058	0.000000
163.000000	86644.883352	18924.015036	187500.000000	187500.000000	84952.811593	100878.541276	109685.910903	131990.962564	-0.024000	0.874000	0.422000	192.000000	0.000000	0.000000	0.000000	0.000000	0.000000	0.000000	0.000000	0.000000	0.000000	1733433145.570051	0.000000
164.000000	86668.531498	18941.538804	187500.000000	187500.000000	84974.470434	100892.466413	109708.083833	132008.151055	-0.046000	0.868000	0.418000	192.000000	254.000000	144.000000	27.000000	32.000000	13.000000	16.000000	0.000000	0.000000	0.000000	1733433145.575083	0.000000
165.000000	86616.697802	18882.105515	187500.000000	187500.000000	84921.653261	100826.662877	109648.404676	131956.227953	-0.046000	0.868000	0.418000	192.000000	0.000000	0.000000	0.000000	0.000000	0.000000	0.000000	0.000000	0.000000	0.000000	1733433145.579190	0.000000
166.000000	86501.273394	18779.689822	187500.000000	187500.000000	84783.005391	100689.043187	109507.186354	131824.531475	-0.046000	0.868000	0.418000	192.000000	0.000000	0.000000	0.000000	0.000000	0.000000	0.000000	0.000000	0.000000	0.000000	1733433145.583398	0.000000
167.000000	86517.992499	18818.134823	187500.000000	187500.000000	84803.256071	100705.136443	109527.794662	131849.990112	-0.046000	0.868000	0.418000	192.000000	0.000000	0.000000	0.000000	0.000000	0.000000	0.000000	0.000000	0.000000	0.000000	1733433145.586353	0.000000
168.000000	86544.926351	18833.199898	187500.000000	187500.000000	84843.824487	100742.240339	109565.010317	131873.370036	-0.046000	0.868000	0.418000	192.000000	0.000000	0.000000	0.000000	0.000000	0.000000	0.000000	0.000000	0.000000	0.000000	1733433145.590021	0.000000
169.000000	86562.003083	18830.428282	187500.000000	187500.000000	84865.684493	100757.305414	109584.881018	131886.199938	-0.046000	0.868000	0.418000	192.000000	0.000000	0.000000	0.000000	0.000000	0.000000	0.000000	0.000000	0.000000	0.000000	1733433145.594256	0.000000
170.000000	86571.480223	18849.874300	187500.000000	187500.000000	84882.068322	100772.370490	109601.510716	131911.524464	-0.046000	0.868000	0.418000	192.000000	0.000000	0.000000	0.000000	0.000000	0.000000	0.000000	0.000000	0.000000	0.000000	1733433145.598056	0.000000
171.000000	86578.923354	18849.047285	187500.000000	187500.000000	84890.763151	100770.962330	109603.410614	131919.995775	-0.046000	0.868000	0.418000	192.000000	0.000000	0.000000	0.000000	0.000000	0.000000	0.000000	0.000000	0.000000	0.000000	1733433145.603086	0.000000
172.000000	86591.797959	18864.447637	187500.000000	187500.000000	84900.396752	100778.226647	109615.301742	131920.979252	-0.046000	0.868000	0.418000	192.000000	0.000000	0.000000	0.000000	0.000000	0.000000	0.000000	0.000000	0.000000	0.000000	1733433145.607187	0.000000
173.000000	86602.817369	18873.723611	187500.000000	187500.000000	84911.997308	100790.251886	109626.455262	131929.137639	-0.046000	0.868000	0.418000	192.000000	0.000000	0.000000	0.000000	0.000000	0.000000	0.000000	0.000000	0.000000	0.000000	1733433145.611195	0.000000
174.000000	86609.433485	18872.538969	187500.000000	187500.000000	84920.490971	100793.604647	109626.455262	131944.672101	-0.048000	0.866000	0.442000	192.000000	254.000000	128.000000	27.000000	16.000000	13.000000	208.000000	0.000000	0.000000	0.000000	1733433145.614256	0.000000
175.000000	86609.008802	18878.708050	187500.000000	187500.000000	84918.054631	100798.052644	109628.243402	131950.327092	-0.048000	0.866000	0.442000	192.000000	0.000000	0.000000	0.000000	0.000000	0.000000	0.000000	0.000000	0.000000	0.000000	1733433145.618393	0.000000
176.000000	86605.834854	18886.173533	187500.000000	187500.000000	84907.705773	100795.459842	109622.990742	131934.189133	-0.048000	0.866000	0.442000	192.000000	0.000000	0.000000	0.000000	0.000000	0.000000	0.000000	0.000000	0.000000	0.000000	1733433145.622253	0.000000
177.000000	86608.561767	18899.361062	187500.000000	187500.000000	84896.485197	100775.231513	109613.155975	131930.031708	-0.048000	0.866000	0.442000	192.000000	0.000000	0.000000	0.000000	0.000000	0.000000	0.000000	0.000000	0.000000	0.000000	1733433145.626121	0.000000
178.000000	86624.342099	18898.422289	187500.000000	187500.000000	84919.395735	100793.157612	109629.629210	131959.871287	-0.048000	0.866000	0.442000	192.000000	0.000000	0.000000	0.000000	0.000000	0.000000	0.000000	0.000000	0.000000	0.000000	1733433145.631080	0.000000
179.000000	86639.474230	18883.468972	187500.000000	187500.000000	84941.345148	100823.824206	109654.752571	131976.031599	-0.048000	0.866000	0.442000	192.000000	0.000000	0.000000	0.000000	0.000000	0.000000	0.000000	0.000000	0.000000	0.000000	1733433145.635139	0.000000
180.000000	86648.727852	18888.878094	187500.000000	187500.000000	84956.700797	100864.012642	109679.875932	131981.530128	-0.048000	0.866000	0.442000	192.000000	0.000000	0.000000	0.000000	0.000000	0.000000	0.000000	0.000000	0.000000	0.000000	1733433145.639153	0.000000
181.000000	86632.545189	18877.501056	187500.000000	187500.000000	84945.212000	100837.123494	109666.040202	131971.918878	-0.048000	0.866000	0.442000	192.000000	0.000000	0.000000	0.000000	0.000000	0.000000	0.000000	0.000000	0.000000	0.000000	1733433145.642125	0.000000
182.000000	86630.935863	18885.346518	187500.000000	187500.000000	84932.538561	100818.280973	109649.008173	131960.363026	-0.048000	0.866000	0.442000	192.000000	0.000000	0.000000	0.000000	0.000000	0.000000	0.000000	0.000000	0.000000	0.000000	1733433145.646502	0.000000
183.000000	86630.801753	18879.311547	187500.000000	187500.000000	84935.645453	100830.596784	109650.952774	131954.506869	-0.048000	0.866000	0.442000	192.000000	0.000000	0.000000	0.000000	0.000000	0.000000	0.000000	0.000000	0.000000	0.000000	1733433145.650339	0.000000
184.000000	86645.822125	18891.046213	187500.000000	187500.000000	84957.661922	100834.597747	109670.085868	131984.614668	-0.052000	0.826000	0.420000	192.000000	254.000000	96.000000	25.000000	208.000000	13.000000	32.000000	0.000000	0.000000	0.000000	1733433145.654262	0.000000
185.000000	86658.227343	18899.696338	187500.000000	187500.000000	84958.868916	100830.082694	109679.652414	131992.549538	-0.052000	0.826000	0.420000	192.000000	0.000000	0.000000	0.000000	0.000000	0.000000	0.000000	0.000000	0.000000	0.000000	1733433145.658318	0.000000
186.000000	86664.441128	18903.451431	187500.000000	187500.000000	84948.050672	100829.859177	109673.952719	131983.452378	-0.052000	0.826000	0.420000	192.000000	0.000000	0.000000	0.000000	0.000000	0.000000	0.000000	0.000000	0.000000	0.000000	1733433145.663718	0.000000
187.000000	86656.975646	18896.120059	187500.000000	187500.000000	84949.838811	100826.104084	109671.494028	131980.032561	-0.052000	0.826000	0.420000	192.000000	0.000000	0.000000	0.000000	0.000000	0.000000	0.000000	0.000000	0.000000	0.000000	1733433145.667164	0.000000
188.000000	86648.861962	18892.141449	187500.000000	187500.000000	84959.651227	100828.674534	109678.288958	131994.941174	-0.052000	0.826000	0.420000	192.000000	0.000000	0.000000	0.000000	0.000000	0.000000	0.000000	0.000000	0.000000	0.000000	1733433145.670035	0.000000
189.000000	86640.882390	18882.887826	187500.000000	187500.000000	84946.150773	100824.830034	109667.805990	131982.446549	-0.052000	0.826000	0.420000	192.000000	0.000000	0.000000	0.000000	0.000000	0.000000	0.000000	0.000000	0.000000	0.000000	1733433145.674146	0.000000
190.000000	86646.850305	18888.431059	187500.000000	187500.000000	84952.476317	100830.194453	109670.532903	131982.647715	-0.052000	0.826000	0.420000	192.000000	0.000000	0.000000	0.000000	0.000000	0.000000	0.000000	0.000000	0.000000	0.000000	1733433145.678441	0.000000
191.000000	86650.448936	18892.990815	187500.000000	187500.000000	84962.422843	100839.425723	109676.053783	131999.523282	-0.052000	0.826000	0.420000	192.000000	0.000000	0.000000	0.000000	0.000000	0.000000	0.000000	0.000000	0.000000	0.000000	1733433145.682185	0.000000
192.000000	86654.718119	18895.695376	187500.000000	187500.000000	84965.708550	100842.554968	109681.038222	132010.475637	-0.052000	0.826000	0.420000	192.000000	0.000000	0.000000	0.000000	0.000000	0.000000	0.000000	0.000000	0.000000	0.000000	1733433145.686194	0.000000
193.000000	86662.250657	18900.188077	187500.000000	187500.000000	84969.016608	100840.431552	109682.312272	132004.351259	-0.052000	0.826000	0.420000	192.000000	0.000000	0.000000	0.000000	0.000000	0.000000	0.000000	0.000000	0.000000	0.000000	1733433145.691308	0.000000
194.000000	86664.038797	18903.563190	187500.000000	187500.000000	84966.200288	100839.939814	109683.876894	132008.419276	-0.066000	0.892000	0.430000	192.000000	253.000000	240.000000	27.000000	224.000000	13.000000	112.000000	0.000000	0.000000	0.000000	1733433145.695308	0.000000
195.000000	86666.788061	18902.557361	187500.000000	187500.000000	84969.262477	100838.330488	109688.503705	132022.567931	-0.066000	0.892000	0.430000	192.000000	0.000000	0.000000	0.000000	0.000000	0.000000	0.000000	0.000000	0.000000	0.000000	1733433145.698643	0.000000
196.000000	86680.310867	18915.409614	187500.000000	187500.000000	84979.611335	100858.692927	109700.193667	132021.986785	-0.066000	0.892000	0.430000	192.000000	0.000000	0.000000	0.000000	0.000000	0.000000	0.000000	0.000000	0.000000	0.000000	1733433145.702440	0.000000
197.000000	86679.550908	18910.827507	187500.000000	187500.000000	84976.057407	100855.563683	109699.187839	132018.231692	-0.066000	0.892000	0.430000	192.000000	0.000000	0.000000	0.000000	0.000000	0.000000	0.000000	0.000000	0.000000	0.000000	1733433145.706240	0.000000
198.000000	86677.695713	18911.051024	187500.000000	187500.000000	84987.434445	100868.415936	109713.984694	132036.426012	-0.066000	0.892000	0.430000	192.000000	0.000000	0.000000	0.000000	0.000000	0.000000	0.000000	0.000000	0.000000	0.000000	1733433145.710214	0.000000
199.000000	86688.022219	18931.257001	187500.000000	187500.000000	85012.088419	100903.128195	109743.287831	132089.690219	-0.066000	0.892000	0.430000	192.000000	0.000000	0.000000	0.000000	0.000000	0.000000	0.000000	0.000000	0.000000	0.000000	1733433145.714239	0.000000
200.000000	86666.408082	18911.051024	187500.000000	187500.000000	84988.283812	100886.900829	109713.850583	132054.419166	-0.066000	0.892000	0.430000	192.000000	0.000000	0.000000	0.000000	0.000000	0.000000	0.000000	0.000000	0.000000	0.000000	1733433145.719245	0.000000
201.000000	86669.671437	18911.654521	187500.000000	187500.000000	85002.812445	100906.033922	109724.601772	132048.093623	-0.066000	0.892000	0.430000	192.000000	0.000000	0.000000	0.000000	0.000000	0.000000	0.000000	0.000000	0.000000	0.000000	1733433145.722282	0.000000
202.000000	86688.983344	18936.554365	187500.000000	187500.000000	85027.891103	100913.141777	109755.737752	132078.380236	-0.066000	0.892000	0.430000	192.000000	0.000000	0.000000	0.000000	0.000000	0.000000	0.000000	0.000000	0.000000	0.000000	1733433145.726245	0.000000
203.000000	86688.469254	18926.876059	187500.000000	187500.000000	85009.741486	100885.738538	109739.868014	132083.588193	-0.066000	0.892000	0.430000	192.000000	0.000000	0.000000	0.000000	0.000000	0.000000	0.000000	0.000000	0.000000	0.000000	1733433145.730413	0.000000
204.000000	86675.527594	18910.112251	187500.000000	187500.000000	84994.922280	100869.824096	109719.147947	132058.442480	-0.052000	0.886000	0.452000	192.000000	254.000000	96.000000	27.000000	176.000000	14.000000	32.000000	0.000000	0.000000	0.000000	1733433145.734450	0.000000
205.000000	86675.684056	18916.258981	187500.000000	187500.000000	85007.238091	100879.927084	109717.315104	132039.756422	-0.052000	0.886000	0.452000	192.000000	0.000000	0.000000	0.000000	0.000000	0.000000	0.000000	0.000000	0.000000	0.000000	1733433145.738462	0.000000
206.000000	86681.316695	18911.363949	187500.000000	187500.000000	85023.823085	100886.587904	109721.673694	132051.356977	-0.052000	0.886000	0.452000	192.000000	0.000000	0.000000	0.000000	0.000000	0.000000	0.000000	0.000000	0.000000	0.000000	1733433145.742409	0.000000
207.000000	86694.437169	18920.326998	187500.000000	187500.000000	85046.554809	100909.386684	109743.645459	132062.666960	-0.052000	0.886000	0.452000	192.000000	0.000000	0.000000	0.000000	0.000000	0.000000	0.000000	0.000000	0.000000	0.000000	1733433145.747518	0.000000
208.000000	86712.653841	18935.347371	187500.000000	187500.000000	85048.588818	100935.091190	109750.842720	132066.645571	-0.052000	0.886000	0.452000	192.000000	0.000000	0.000000	0.000000	0.000000	0.000000	0.000000	0.000000	0.000000	0.000000	1733433145.750261	0.000000
209.000000	86725.059059	18948.981935	187500.000000	187500.000000	85048.477059	100927.625707	109760.051639	132095.367562	-0.052000	0.886000	0.452000	192.000000	0.000000	0.000000	0.000000	0.000000	0.000000	0.000000	0.000000	0.000000	0.000000	1733433145.754265	0.000000
210.000000	86740.995853	18967.332717	187500.000000	187500.000000	85069.219478	100939.829760	109784.035061	132115.439429	-0.052000	0.886000	0.452000	192.000000	0.000000	0.000000	0.000000	0.000000	0.000000	0.000000	0.000000	0.000000	0.000000	1733433145.758264	0.000000
211.000000	86740.392356	18969.657298	187500.000000	187500.000000	85080.752978	100945.708268	109784.191523	132118.568673	-0.052000	0.886000	0.452000	192.000000	0.000000	0.000000	0.000000	0.000000	0.000000	0.000000	0.000000	0.000000	0.000000	1733433145.762272	0.000000
212.000000	86740.459411	18973.993537	187500.000000	187500.000000	85082.049380	100951.296204	109791.232323	132111.505522	-0.052000	0.886000	0.452000	192.000000	0.000000	0.000000	0.000000	0.000000	0.000000	0.000000	0.000000	0.000000	0.000000	1733433145.766553	0.000000
213.000000	86740.772336	18969.478484	187500.000000	187500.000000	85080.261240	100953.397268	109802.028215	132109.203292	-0.052000	0.886000	0.452000	192.000000	0.000000	0.000000	0.000000	0.000000	0.000000	0.000000	0.000000	0.000000	0.000000	1733433145.770508	0.000000
214.000000	86749.780089	18979.000327	187500.000000	187500.000000	85096.399200	100968.663510	109817.942657	132114.254786	-0.108000	0.804000	0.454000	192.000000	252.000000	160.000000	25.000000	32.000000	14.000000	48.000000	0.000000	0.000000	0.000000	1733433145.774544	0.000000
215.000000	86756.038577	18988.700985	187500.000000	187500.000000	85102.612984	100973.200914	109818.769672	132118.613376	-0.108000	0.804000	0.454000	192.000000	0.000000	0.000000	0.000000	0.000000	0.000000	0.000000	0.000000	0.000000	0.000000	1733433145.778320	0.000000
216.000000	86758.027882	18989.930331	187500.000000	187500.000000	85098.880243	100971.055147	109812.198259	132109.136237	-0.108000	0.804000	0.454000	192.000000	0.000000	0.000000	0.000000	0.000000	0.000000	0.000000	0.000000	0.000000	0.000000	1733433145.781288	0.000000
217.000000	86749.735385	18977.033374	187500.000000	187500.000000	85096.242737	100977.984187	109811.058320	132111.192597	-0.108000	0.804000	0.454000	192.000000	0.000000	0.000000	0.000000	0.000000	0.000000	0.000000	0.000000	0.000000	0.000000	1733433145.786285	0.000000
218.000000	86770.611914	18996.568799	187500.000000	187500.000000	85123.020127	101009.097816	109839.199166	132140.853362	-0.108000	0.804000	0.454000	192.000000	0.000000	0.000000	0.000000	0.000000	0.000000	0.000000	0.000000	0.000000	0.000000	1733433145.790344	0.000000
219.000000	86799.356258	19021.133366	187500.000000	187500.000000	85155.407805	101040.367906	109872.927949	132174.760959	-0.108000	0.804000	0.454000	192.000000	0.000000	0.000000	0.000000	0.000000	0.000000	0.000000	0.000000	0.000000	0.000000	1733433145.794509	0.000000
220.000000	86802.530206	19019.389930	187500.000000	187500.000000	85153.865535	101036.903386	109869.619890	132171.005865	-0.108000	0.804000	0.454000	192.000000	0.000000	0.000000	0.000000	0.000000	0.000000	0.000000	0.000000	0.000000	0.000000	1733433145.798664	0.000000
221.000000	86815.740087	19030.521098	187500.000000	187500.000000	85166.427215	101048.325127	109882.338033	132183.701656	-0.108000	0.804000	0.454000	192.000000	0.000000	0.000000	0.000000	0.000000	0.000000	0.000000	0.000000	0.000000	0.000000	1733433145.802491	0.000000
222.000000	86806.709982	19021.155718	187500.000000	187500.000000	85153.954942	101032.656554	109870.245739	132169.955333	-0.108000	0.804000	0.454000	192.000000	0.000000	0.000000	0.000000	0.000000	0.000000	0.000000	0.000000	0.000000	0.000000	1733433145.807730	0.000000
223.000000	86776.915106	18999.675691	187500.000000	187500.000000	85114.414706	100992.132842	109829.163233	132129.185752	-0.108000	0.804000	0.454000	192.000000	0.000000	0.000000	0.000000	0.000000	0.000000	0.000000	0.000000	0.000000	0.000000	1733433145.809565	0.000000
224.000000	86795.601165	19030.185822	187500.000000	187500.000000	85130.731479	101013.992848	109844.518881	132153.772670	-0.124000	0.794000	0.508000	192.000000	252.000000	32.000000	24.000000	208.000000	15.000000	224.000000	0.000000	0.000000	0.000000	1733433145.814602	0.000000
225.000000	86799.847996	19023.681465	187500.000000	187500.000000	85138.129906	101022.777083	109851.380867	132173.822185	-0.124000	0.794000	0.508000	192.000000	0.000000	0.000000	0.000000	0.000000	0.000000	0.000000	0.000000	0.000000	0.000000	1733433145.818409	0.000000
226.000000	86807.045258	19021.602752	187500.000000	187500.000000	85148.165840	101030.801360	109866.669460	132184.372209	-0.124000	0.794000	0.508000	192.000000	0.000000	0.000000	0.000000	0.000000	0.000000	0.000000	0.000000	0.000000	0.000000	1733433145.822418	0.000000
227.000000	86816.254177	19035.214965	187500.000000	187500.000000	85164.683779	101043.675964	109882.203923	132188.462578	-0.124000	0.794000	0.508000	192.000000	0.000000	0.000000	0.000000	0.000000	0.000000	0.000000	0.000000	0.000000	0.000000	1733433145.826441	0.000000
228.000000	86824.434915	19043.306296	187500.000000	187500.000000	85180.240593	101060.149200	109894.430327	132202.611232	-0.124000	0.794000	0.508000	192.000000	0.000000	0.000000	0.000000	0.000000	0.000000	0.000000	0.000000	0.000000	0.000000	1733433145.829452	0.000000
229.000000	86837.644796	19061.344154	187500.000000	187500.000000	85201.027715	101070.475706	109903.818059	132202.499473	-0.124000	0.794000	0.508000	192.000000	0.000000	0.000000	0.000000	0.000000	0.000000	0.000000	0.000000	0.000000	0.000000	1733433145.833764	0.000000
230.000000	86842.964511	19071.603605	187500.000000	187500.000000	85214.997556	101082.992683	109915.798594	132211.998965	-0.124000	0.794000	0.508000	192.000000	0.000000	0.000000	0.000000	0.000000	0.000000	0.000000	0.000000	0.000000	0.000000	1733433145.837589	0.000000
231.000000	86862.634046	19091.563713	187500.000000	187500.000000	85236.075251	101112.564041	109939.312630	132239.603369	-0.124000	0.794000	0.508000	192.000000	0.000000	0.000000	0.000000	0.000000	0.000000	0.000000	0.000000	0.000000	0.000000	1733433145.843349	0.000000
232.000000	86875.732169	19105.220628	187500.000000	187500.000000	85245.083004	101117.749645	109947.716886	132253.640265	-0.124000	0.794000	0.508000	192.000000	0.000000	0.000000	0.000000	0.000000	0.000000	0.000000	0.000000	0.000000	0.000000	1733433145.848347	0.000000
233.000000	86874.592230	19111.836745	187500.000000	187500.000000	85242.132573	101106.394959	109940.206699	132253.930837	-0.124000	0.794000	0.508000	192.000000	0.000000	0.000000	0.000000	0.000000	0.000000	0.000000	0.000000	0.000000	0.000000	1733433145.850724	0.000000
234.000000	86861.270590	19106.807602	187500.000000	187500.000000	85225.949910	101088.871192	109919.866612	132244.565456	-0.082000	0.758000	0.518000	192.000000	253.000000	112.000000	23.000000	176.000000	16.000000	48.000000	0.000000	0.000000	0.000000	1733433145.854446	0.000000
235.000000	86856.174392	19095.251750	187500.000000	187500.000000	85219.534960	101084.043215	109913.898696	132235.580055	-0.082000	0.758000	0.518000	192.000000	0.000000	0.000000	0.000000	0.000000	0.000000	0.000000	0.000000	0.000000	0.000000	1733433145.857513	0.000000
236.000000	86853.782756	19081.393669	187500.000000	187500.000000	85220.227864	101086.680721	109910.031844	132243.671387	-0.082000	0.758000	0.518000	192.000000	0.000000	0.000000	0.000000	0.000000	0.000000	0.000000	0.000000	0.000000	0.000000	1733433145.861701	0.000000
237.000000	86857.113166	19085.372279	187500.000000	187500.000000	85231.314329	101095.688474	109919.464281	132230.662671	-0.082000	0.758000	0.518000	192.000000	0.000000	0.000000	0.000000	0.000000	0.000000	0.000000	0.000000	0.000000	0.000000	1733433145.865445	0.000000
238.000000	86869.965419	19102.806640	187500.000000	187500.000000	85254.224867	101129.260794	109946.509891	132237.479953	-0.082000	0.758000	0.518000	192.000000	0.000000	0.000000	0.000000	0.000000	0.000000	0.000000	0.000000	0.000000	0.000000	1733433145.870458	0.000000
239.000000	86882.974134	19114.049567	187500.000000	187500.000000	85280.823443	101154.361803	109972.393211	132271.275791	-0.082000	0.758000	0.518000	192.000000	0.000000	0.000000	0.000000	0.000000	0.000000	0.000000	0.000000	0.000000	0.000000	1733433145.874722	0.000000
240.000000	86885.723398	19107.433451	187500.000000	187500.000000	85295.910871	101155.144114	109985.848962	132289.917146	-0.082000	0.758000	0.518000	192.000000	0.000000	0.000000	0.000000	0.000000	0.000000	0.000000	0.000000	0.000000	0.000000	1733433145.878610	0.000000
241.000000	86900.855529	19120.978608	187500.000000	187500.000000	85314.909853	101166.521152	110007.708968	132316.426315	-0.082000	0.758000	0.518000	192.000000	0.000000	0.000000	0.000000	0.000000	0.000000	0.000000	0.000000	0.000000	0.000000	1733433145.882474	0.000000
242.000000	86863.662227	19087.629806	187500.000000	187500.000000	85267.859431	101120.387151	109951.114351	132286.810253	-0.082000	0.758000	0.518000	192.000000	0.000000	0.000000	0.000000	0.000000	0.000000	0.000000	0.000000	0.000000	0.000000	1733433145.885681	0.000000
243.000000	86878.861413	19110.495640	187500.000000	187500.000000	85280.577574	101134.111122	109964.368935	132292.733466	-0.082000	0.758000	0.518000	192.000000	0.000000	0.000000	0.000000	0.000000	0.000000	0.000000	0.000000	0.000000	0.000000	1733433145.889777	0.000000
244.000000	86892.607736	19128.712312	187500.000000	187500.000000	85293.921565	101152.260739	109985.960720	132283.211623	-0.082000	0.758000	0.518000	192.000000	0.000000	0.000000	0.000000	0.000000	0.000000	0.000000	0.000000	0.000000	0.000000	1733433145.893471	0.000000
245.000000	86904.677678	19139.977591	187500.000000	187500.000000	85304.605699	101153.423030	110000.176430	132291.235899	-0.040000	0.804000	0.516000	192.000000	254.000000	192.000000	25.000000	32.000000	16.000000	32.000000	0.000000	0.000000	0.000000	1733433145.898452	0.000000
246.000000	86904.454160	19149.052399	187500.000000	187500.000000	85298.861301	101155.904073	109995.259046	132290.766512	-0.040000	0.804000	0.516000	192.000000	0.000000	0.000000	0.000000	0.000000	0.000000	0.000000	0.000000	0.000000	0.000000	1733433145.902475	0.000000
247.000000	86910.869111	19179.562530	187500.000000	187500.000000	85301.901138	101163.347204	109999.081194	132301.495350	-0.040000	0.804000	0.516000	192.000000	0.000000	0.000000	0.000000	0.000000	0.000000	0.000000	0.000000	0.000000	0.000000	1733433145.906471	0.000000
248.000000	86913.774838	19172.074696	187500.000000	187500.000000	85295.977926	101160.217960	109997.963607	132302.076495	-0.040000	0.804000	0.516000	192.000000	0.000000	0.000000	0.000000	0.000000	0.000000	0.000000	0.000000	0.000000	0.000000	1733433145.910501	0.000000
249.000000	86918.803980	19137.362437	187500.000000	187500.000000	85302.303469	101168.733975	110002.299845	132301.472998	-0.040000	0.804000	0.516000	192.000000	0.000000	0.000000	0.000000	0.000000	0.000000	0.000000	0.000000	0.000000	0.000000	1733433145.913510	0.000000
250.000000	86923.319033	19139.776425	187500.000000	187500.000000	85309.746600	101181.228600	110004.222096	132319.734373	-0.040000	0.804000	0.516000	192.000000	0.000000	0.000000	0.000000	0.000000	0.000000	0.000000	0.000000	0.000000	0.000000	1733433145.917523	0.000000
251.000000	86924.168399	19151.712257	187500.000000	187500.000000	85316.474475	101179.574571	110010.614694	132330.507914	-0.040000	0.804000	0.516000	192.000000	0.000000	0.000000	0.000000	0.000000	0.000000	0.000000	0.000000	0.000000	0.000000	1733433145.921664	0.000000
252.000000	86931.633882	19164.251586	187500.000000	187500.000000	85326.957444	101191.353940	110027.602020	132366.762443	-0.040000	0.804000	0.516000	192.000000	0.000000	0.000000	0.000000	0.000000	0.000000	0.000000	0.000000	0.000000	0.000000	1733433145.925806	0.000000
253.000000	86936.797134	19164.273937	187500.000000	187500.000000	85333.931188	101197.567725	110035.492186	132362.336798	-0.040000	0.804000	0.516000	192.000000	0.000000	0.000000	0.000000	0.000000	0.000000	0.000000	0.000000	0.000000	0.000000	1733433145.930812	0.000000
254.000000	86937.199466	19164.966841	187500.000000	187500.000000	85341.106098	101208.877708	110038.241451	132349.126917	-0.040000	0.804000	0.516000	192.000000	0.000000	0.000000	0.000000	0.000000	0.000000	0.000000	0.000000	0.000000	0.000000	1733433145.934829	0.000000
255.000000	86950.252885	19179.607234	187500.000000	187500.000000	85356.417043	101242.450028	110049.327916	132348.970455	-0.036000	0.816000	0.496000	192.000000	254.000000	224.000000	25.000000	128.000000	15.000000	128.000000	0.000000	0.000000	0.000000	1733433145.938541	0.000000
0.000000	86967.262562	19197.868609	187500.000000	187500.000000	85376.019523	101256.553979	110065.421172	132352.747900	-0.036000	0.816000	0.496000	192.000000	0.000000	0.000000	0.000000	0.000000	0.000000	0.000000	0.000000	0.000000	0.000000	1733433145.941567	0.000000
1.000000	86974.281010	19204.507077	187500.000000	187500.000000	85381.048665	101262.253673	110075.099477	132377.848909	-0.036000	0.816000	0.496000	192.000000	0.000000	0.000000	0.000000	0.000000	0.000000	0.000000	0.000000	0.000000	0.000000	1733433145.945820	0.000000
2.000000	86978.617248	19216.085281	187500.000000	187500.000000	85387.597726	101282.593761	110082.654367	132391.438769	-0.036000	0.816000	0.496000	192.000000	0.000000	0.000000	0.000000	0.000000	0.000000	0.000000	0.000000	0.000000	0.000000	1733433145.949593	0.000000
3.000000	86969.855365	19205.892885	187500.000000	187500.000000	85388.178872	101251.189560	110065.868207	132380.397008	-0.036000	0.816000	0.496000	192.000000	0.000000	0.000000	0.000000	0.000000	0.000000	0.000000	0.000000	0.000000	0.000000	1733433145.953585	0.000000
4.000000	86962.747510	19196.751022	187500.000000	187500.000000	85384.267316	101237.711458	110053.932375	132379.100606	-0.036000	0.816000	0.496000	192.000000	0.000000	0.000000	0.000000	0.000000	0.000000	0.000000	0.000000	0.000000	0.000000	1733433145.958570	0.000000
5.000000	86988.206147	19217.381682	187500.000000	187500.000000	85415.202131	101281.632636	110081.089745	132415.623357	-0.036000	0.816000	0.496000	192.000000	0.000000	0.000000	0.000000	0.000000	0.000000	0.000000	0.000000	0.000000	0.000000	1733433145.962812	0.000000
6.000000	86986.663876	19223.953095	187500.000000	187500.000000	85417.839637	101291.936790	110086.789440	132407.107342	-0.036000	0.816000	0.496000	192.000000	0.000000	0.000000	0.000000	0.000000	0.000000	0.000000	0.000000	0.000000	0.000000	1733433145.965809	0.000000
7.000000	86972.090539	19214.185383	187500.000000	187500.000000	85397.298383	101271.663758	110078.563998	132384.599135	-0.036000	0.816000	0.496000	192.000000	0.000000	0.000000	0.000000	0.000000	0.000000	0.000000	0.000000	0.000000	0.000000	1733433145.969671	0.000000
8.000000	86981.433568	19227.596429	187500.000000	187500.000000	85413.570453	101277.072880	110092.645597	132393.919813	-0.036000	0.816000	0.496000	192.000000	0.000000	0.000000	0.000000	0.000000	0.000000	0.000000	0.000000	0.000000	0.000000	1733433145.973732	0.000000
9.000000	86993.950545	19223.215487	187500.000000	187500.000000	85425.707451	101294.060206	110107.375396	132408.001412	-0.006000	0.842000	0.482000	192.000000	255.000000	208.000000	26.000000	80.000000	15.000000	16.000000	0.000000	0.000000	0.000000	1733433145.977640	0.000000
10.000000	86996.655106	19230.479804	187500.000000	187500.000000	85423.449924	101289.299284	110106.414271	132411.465932	-0.006000	0.842000	0.482000	192.000000	0.000000	0.000000	0.000000	0.000000	0.000000	0.000000	0.000000	0.000000	0.000000	1733433145.981611	0.000000
11.000000	87000.968993	19243.265002	187500.000000	187500.000000	85425.819209	101298.731720	110107.911838	132415.042211	-0.006000	0.842000	0.482000	192.000000	0.000000	0.000000	0.000000	0.000000	0.000000	0.000000	0.000000	0.000000	0.000000	1733433145.986610	0.000000
12.000000	86993.704676	19248.942345	187500.000000	187500.000000	85417.817285	101290.416871	110093.807887	132405.229796	-0.006000	0.842000	0.482000	192.000000	0.000000	0.000000	0.000000	0.000000	0.000000	0.000000	0.000000	0.000000	0.000000	1733433145.990661	0.000000
13.000000	87003.003002	19265.035601	187500.000000	187500.000000	85429.395488	101290.148650	110095.841896	132415.019860	-0.006000	0.842000	0.482000	192.000000	0.000000	0.000000	0.000000	0.000000	0.000000	0.000000	0.000000	0.000000	0.000000	1733433145.993675	0.000000
14.000000	87009.730877	19261.191101	187500.000000	187500.000000	85438.917332	101299.514031	110106.615437	132422.150066	-0.006000	0.842000	0.482000	192.000000	0.000000	0.000000	0.000000	0.000000	0.000000	0.000000	0.000000	0.000000	0.000000	1733433145.997648	0.000000
15.000000	87012.278976	19245.209604	187500.000000	187500.000000	85435.944550	101304.721988	110106.727196	132424.564055	-0.006000	0.842000	0.482000	192.000000	0.000000	0.000000	0.000000	0.000000	0.000000	0.000000	0.000000	0.000000	0.000000	1733433146.001768	0.000000
16.000000	87023.700717	19249.948174	187500.000000	187500.000000	85452.440137	101342.563491	110124.228611	132445.887619	-0.006000	0.842000	0.482000	192.000000	0.000000	0.000000	0.000000	0.000000	0.000000	0.000000	0.000000	0.000000	0.000000	1733433146.005734	0.000000
17.000000	87045.001929	19272.366973	187500.000000	187500.000000	85485.811291	101351.839465	110151.475388	132476.017770	-0.006000	0.842000	0.482000	192.000000	0.000000	0.000000	0.000000	0.000000	0.000000	0.000000	0.000000	0.000000	0.000000	1733433146.009861	0.000000
18.000000	87056.289560	19284.638081	187500.000000	187500.000000	85514.332117	101374.682948	110176.911673	132501.677573	-0.006000	0.842000	0.482000	192.000000	0.000000	0.000000	0.000000	0.000000	0.000000	0.000000	0.000000	0.000000	0.000000	1733433146.013771	0.000000
19.000000	87034.809534	19265.773209	187500.000000	187500.000000	85483.665524	101336.215596	110146.625059	132503.175140	0.024000	0.840000	0.488000	192.000000	0.000000	192.000000	26.000000	64.000000	15.000000	64.000000	0.000000	0.000000	0.000000	1733433146.018670	0.000000
20.000000	87018.693926	19253.323287	187500.000000	187500.000000	85461.023207	101310.220517	110121.322885	132489.875852	0.024000	0.840000	0.488000	192.000000	0.000000	0.000000	0.000000	0.000000	0.000000	0.000000	0.000000	0.000000	0.000000	1733433146.021680	0.000000
21.000000	87040.330415	19274.266872	187500.000000	187500.000000	85480.178652	101333.891014	110130.978838	132494.010925	0.024000	0.840000	0.488000	192.000000	0.000000	0.000000	0.000000	0.000000	0.000000	0.000000	0.000000	0.000000	0.000000	1733433146.025689	0.000000
22.000000	87067.264267	19297.289169	187500.000000	187500.000000	85512.007536	101376.806364	110168.395659	132522.464695	0.024000	0.840000	0.488000	192.000000	0.000000	0.000000	0.000000	0.000000	0.000000	0.000000	0.000000	0.000000	0.000000	1733433146.029720	0.000000
23.000000	87069.544145	19302.430070	187500.000000	187500.000000	85522.691670	101394.687759	110182.589016	132499.375343	0.024000	0.840000	0.488000	192.000000	0.000000	0.000000	0.000000	0.000000	0.000000	0.000000	0.000000	0.000000	0.000000	1733433146.033688	0.000000
24.000000	87069.700607	19308.643855	187500.000000	187500.000000	85530.425373	101405.930687	110195.865952	132498.525977	0.024000	0.840000	0.488000	192.000000	0.000000	0.000000	0.000000	0.000000	0.000000	0.000000	0.000000	0.000000	0.000000	1733433146.037929	0.000000
25.000000	87037.201171	19274.915072	187500.000000	187500.000000	85491.198062	101363.663538	110160.192568	132491.038143	0.024000	0.840000	0.488000	192.000000	0.000000	0.000000	0.000000	0.000000	0.000000	0.000000	0.000000	0.000000	0.000000	1733433146.041812	0.000000
26.000000	87057.340092	19295.545732	187500.000000	187500.000000	85507.112504	101381.053195	110174.408278	132525.348070	0.024000	0.840000	0.488000	192.000000	0.000000	0.000000	0.000000	0.000000	0.000000	0.000000	0.000000	0.000000	0.000000	1733433146.046988	0.000000
27.000000	87067.800709	19310.521401	187500.000000	187500.000000	85511.582853	101385.612951	110177.090487	132484.489081	0.024000	0.840000	0.488000	192.000000	0.000000	0.000000	0.000000	0.000000	0.000000	0.000000	0.000000	0.000000	0.000000	1733433146.050075	0.000000
28.000000	87084.184537	19335.667114	187500.000000	187500.000000	85522.982242	101394.151317	110188.467525	132489.629983	0.024000	0.840000	0.488000	192.000000	0.000000	0.000000	0.000000	0.000000	0.000000	0.000000	0.000000	0.000000	0.000000	1733433146.053712	0.000000
29.000000	87092.588793	19346.910041	187500.000000	187500.000000	85531.431202	101407.875288	110197.922313	132492.178082	0.052000	0.840000	0.490000	192.000000	1.000000	160.000000	26.000000	64.000000	15.000000	80.000000	0.000000	0.000000	0.000000	1733433146.057765	0.000000
30.000000	87096.790921	19335.220079	187500.000000	187500.000000	85535.052184	101408.545841	110201.722110	132495.530843	0.052000	0.840000	0.490000	192.000000	0.000000	0.000000	0.000000	0.000000	0.000000	0.000000	0.000000	0.000000	0.000000	1733433146.061805	0.000000
31.000000	87107.542110	19339.422207	187500.000000	187500.000000	85549.781984	101414.401998	110212.003912	132514.596881	0.052000	0.840000	0.490000	192.000000	0.000000	0.000000	0.000000	0.000000	0.000000	0.000000	0.000000	0.000000	0.000000	1733433146.065766	0.000000
32.000000	87117.175712	19341.813843	187500.000000	187500.000000	85560.153193	101436.887853	110223.023322	132534.065251	0.052000	0.840000	0.490000	192.000000	0.000000	0.000000	0.000000	0.000000	0.000000	0.000000	0.000000	0.000000	0.000000	1733433146.069752	0.000000
33.000000	87125.132933	19356.454236	187500.000000	187500.000000	85576.313505	101436.418466	110230.667619	132564.262457	0.052000	0.840000	0.490000	192.000000	0.000000	0.000000	0.000000	0.000000	0.000000	0.000000	0.000000	0.000000	0.000000	1733433146.074988	0.000000
34.000000	87133.090154	19367.048963	187500.000000	187500.000000	85588.361095	101438.005440	110238.043694	132563.882478	0.052000	0.840000	0.490000	192.000000	0.000000	0.000000	0.000000	0.000000	0.000000	0.000000	0.000000	0.000000	0.000000	1733433146.078156	0.000000
35.000000	87142.164963	19371.429905	187500.000000	187500.000000	85596.631240	101441.246443	110239.273040	132535.205190	0.052000	0.840000	0.490000	192.000000	0.000000	0.000000	0.000000	0.000000	0.000000	0.000000	0.000000	0.000000	0.000000	1733433146.081008	0.000000
36.000000	87144.578951	19371.541664	187500.000000	187500.000000	85605.571938	101449.963623	110244.816273	132540.547257	0.052000	0.840000	0.490000	192.000000	0.000000	0.000000	0.000000	0.000000	0.000000	0.000000	0.000000	0.000000	0.000000	1733433146.086027	0.000000
37.000000	87136.331157	19366.087838	187500.000000	187500.000000	85604.633165	101450.164789	110238.468377	132535.093431	0.052000	0.840000	0.490000	192.000000	0.000000	0.000000	0.000000	0.000000	0.000000	0.000000	0.000000	0.000000	0.000000	1733433146.089786	0.000000
38.000000	87150.904495	19393.267559	187500.000000	187500.000000	85619.564130	101466.705080	110250.940651	132548.370367	0.052000	0.840000	0.490000	192.000000	0.000000	0.000000	0.000000	0.000000	0.000000	0.000000	0.000000	0.000000	0.000000	1733433146.093794	0.000000
39.000000	87158.481736	19396.463859	187500.000000	187500.000000	85623.408630	101471.488353	110254.941613	132555.478222	0.020000	0.814000	0.518000	192.000000	0.000000	160.000000	25.000000	112.000000	16.000000	48.000000	0.000000	0.000000	0.000000	1733433146.097783	0.000000
40.000000	87163.667341	19392.351138	187500.000000	187500.000000	85634.785668	101477.992711	110263.591738	132566.140004	0.020000	0.814000	0.518000	192.000000	0.000000	0.000000	0.000000	0.000000	0.000000	0.000000	0.000000	0.000000	0.000000	1733433146.101848	0.000000
41.000000	87170.216402	19407.215048	187500.000000	187500.000000	85652.979988	101491.291999	110282.009576	132584.356676	0.020000	0.814000	0.518000	192.000000	0.000000	0.000000	0.000000	0.000000	0.000000	0.000000	0.000000	0.000000	0.000000	1733433146.104815	0.000000
42.000000	87168.428262	19412.735929	187500.000000	187500.000000	85659.998436	101489.749728	110284.602378	132586.904775	0.020000	0.814000	0.518000	192.000000	0.000000	0.000000	0.000000	0.000000	0.000000	0.000000	0.000000	0.000000	0.000000	1733433146.109950	0.000000
43.000000	87158.638198	19405.784536	187500.000000	187500.000000	85649.090785	101474.639949	110273.359451	132575.818309	0.020000	0.814000	0.518000	192.000000	0.000000	0.000000	0.000000	0.000000	0.000000	0.000000	0.000000	0.000000	0.000000	1733433146.114118	0.000000
44.000000	87172.630390	19407.639731	187500.000000	187500.000000	85663.060625	101492.342531	110295.822954	132598.706496	0.020000	0.814000	0.518000	192.000000	0.000000	0.000000	0.000000	0.000000	0.000000	0.000000	0.000000	0.000000	0.000000	1733433146.117956	0.000000
45.000000	87181.593440	19415.552248	187500.000000	187500.000000	85670.459052	101512.280287	110305.702425	132613.816275	0.020000	0.814000	0.518000	192.000000	0.000000	0.000000	0.000000	0.000000	0.000000	0.000000	0.000000	0.000000	0.000000	1733433146.121992	0.000000
46.000000	87186.801396	19428.672722	187500.000000	187500.000000	85661.384244	101517.555299	110305.925942	132627.227322	0.020000	0.814000	0.518000	192.000000	0.000000	0.000000	0.000000	0.000000	0.000000	0.000000	0.000000	0.000000	0.000000	1733433146.125862	0.000000
47.000000	87198.759580	19439.826243	187500.000000	187500.000000	85670.794329	101533.961479	110325.036684	132664.130052	0.020000	0.814000	0.518000	192.000000	0.000000	0.000000	0.000000	0.000000	0.000000	0.000000	0.000000	0.000000	0.000000	1733433146.129889	0.000000
48.000000	87205.912138	19442.463749	187500.000000	187500.000000	85674.884698	101523.366752	110335.050265	132676.579973	0.020000	0.814000	0.518000	192.000000	0.000000	0.000000	0.000000	0.000000	0.000000	0.000000	0.000000	0.000000	0.000000	1733433146.132909	0.000000
49.000000	87206.739152	19458.691115	187500.000000	187500.000000	85664.915820	101507.340551	110323.226192	132688.627564	-0.042000	0.768000	0.520000	192.000000	254.000000	176.000000	24.000000	0.000000	16.000000	64.000000	0.000000	0.000000	0.000000	1733433146.136868	0.000000
50.000000	87211.276556	19461.798008	187500.000000	187500.000000	85665.720483	101512.883784	110318.688788	132640.437203	-0.042000	0.768000	0.520000	192.000000	0.000000	0.000000	0.000000	0.000000	0.000000	0.000000	0.000000	0.000000	0.000000	1733433146.141829	0.000000
51.000000	87216.797437	19469.844636	187500.000000	187500.000000	85676.494023	101526.987735	110321.125128	132615.626766	-0.042000	0.768000	0.520000	192.000000	0.000000	0.000000	0.000000	0.000000	0.000000	0.000000	0.000000	0.000000	0.000000	1733433146.145897	0.000000
52.000000	87225.134638	19481.646357	187500.000000	187500.000000	85684.384189	101539.191787	110340.459387	132616.319670	-0.042000	0.768000	0.520000	192.000000	0.000000	0.000000	0.000000	0.000000	0.000000	0.000000	0.000000	0.000000	0.000000	1733433146.149987	0.000000
53.000000	87226.743964	19449.124569	187500.000000	187500.000000	85686.775826	101539.460008	110350.249451	132631.250636	-0.042000	0.768000	0.520000	192.000000	0.000000	0.000000	0.000000	0.000000	0.000000	0.000000	0.000000	0.000000	0.000000	1733433146.154134	0.000000
54.000000	87231.393126	19453.751380	187500.000000	187500.000000	85696.632945	101544.377392	110359.659536	132632.435278	-0.042000	0.768000	0.520000	192.000000	0.000000	0.000000	0.000000	0.000000	0.000000	0.000000	0.000000	0.000000	0.000000	1733433146.158117	0.000000
55.000000	87243.418365	19470.336374	187500.000000	187500.000000	85709.149922	101553.899235	110372.154161	132648.684996	-0.042000	0.768000	0.520000	192.000000	0.000000	0.000000	0.000000	0.000000	0.000000	0.000000	0.000000	0.000000	0.000000	1733433146.161199	0.000000
56.000000	87256.181211	19480.729935	187500.000000	187500.000000	85714.268472	101566.170343	110383.777068	132667.527517	-0.042000	0.768000	0.520000	192.000000	0.000000	0.000000	0.000000	0.000000	0.000000	0.000000	0.000000	0.000000	0.000000	1733433146.165088	0.000000
57.000000	87265.546592	19496.934950	187500.000000	187500.000000	85716.928329	101574.619302	110390.951978	132683.374904	-0.042000	0.768000	0.520000	192.000000	0.000000	0.000000	0.000000	0.000000	0.000000	0.000000	0.000000	0.000000	0.000000	1733433146.169878	0.000000
58.000000	87265.658351	19509.854258	187500.000000	187500.000000	85720.258739	101581.928323	110397.433984	132713.415648	-0.042000	0.768000	0.520000	192.000000	0.000000	0.000000	0.000000	0.000000	0.000000	0.000000	0.000000	0.000000	0.000000	1733433146.173910	0.000000
59.000000	87267.379435	19509.295465	187500.000000	187500.000000	85731.546370	101591.405462	110404.899467	132709.012354	-0.096000	0.786000	0.524000	192.000000	253.000000	0.000000	24.000000	144.000000	16.000000	96.000000	0.000000	0.000000	0.000000	1733433146.178339	0.000000
60.000000	87285.819624	19526.416901	187500.000000	187500.000000	85760.938914	101618.026390	110426.155976	132719.092991	-0.096000	0.786000	0.524000	192.000000	0.000000	0.000000	0.000000	0.000000	0.000000	0.000000	0.000000	0.000000	0.000000	1733433146.181961	0.000000
61.000000	87275.046083	19530.417863	187500.000000	187500.000000	85746.633797	101604.570640	110410.845031	132708.766485	-0.096000	0.786000	0.524000	192.000000	0.000000	0.000000	0.000000	0.000000	0.000000	0.000000	0.000000	0.000000	0.000000	1733433146.184966	0.000000
62.000000	87281.483386	19522.684160	187500.000000	187500.000000	85767.264458	101630.208091	110431.430987	132726.178494	-0.096000	0.786000	0.524000	192.000000	0.000000	0.000000	0.000000	0.000000	0.000000	0.000000	0.000000	0.000000	0.000000	1733433146.189137	0.000000
63.000000	87280.879889	19512.849392	187500.000000	187500.000000	85771.555993	101621.222689	110430.089883	132729.419497	-0.096000	0.786000	0.524000	192.000000	0.000000	0.000000	0.000000	0.000000	0.000000	0.000000	0.000000	0.000000	0.000000	1733433146.193112	0.000000
64.000000	87290.938174	19553.373105	187500.000000	187500.000000	85783.670638	101630.789236	110438.360028	132708.587671	-0.096000	0.786000	0.524000	192.000000	0.000000	0.000000	0.000000	0.000000	0.000000	0.000000	0.000000	0.000000	0.000000	1733433146.198386	0.000000
65.000000	87305.712677	19540.029113	187500.000000	187500.000000	85799.450970	101644.312041	110452.687496	132710.532273	-0.096000	0.786000	0.524000	192.000000	0.000000	0.000000	0.000000	0.000000	0.000000	0.000000	0.000000	0.000000	0.000000	1733433146.202002	0.000000
66.000000	87295.207357	19509.273113	187500.000000	187500.000000	85790.890252	101620.887413	110443.612688	132710.264052	-0.096000	0.786000	0.524000	192.000000	0.000000	0.000000	0.000000	0.000000	0.000000	0.000000	0.000000	0.000000	0.000000	1733433146.205945	0.000000
67.000000	87300.392962	19521.320703	187500.000000	187500.000000	85798.579252	101628.866986	110452.016944	132722.065773	-0.096000	0.786000	0.524000	192.000000	0.000000	0.000000	0.000000	0.000000	0.000000	0.000000	0.000000	0.000000	0.000000	1733433146.210388	0.000000
68.000000	87307.679630	19539.917355	187500.000000	187500.000000	85803.496635	101636.265413	110453.738028	132731.051175	-0.096000	0.786000	0.524000	192.000000	0.000000	0.000000	0.000000	0.000000	0.000000	0.000000	0.000000	0.000000	0.000000	1733433146.213013	0.000000
69.000000	87304.148055	19532.608334	187500.000000	187500.000000	85795.025324	101621.781483	110443.188005	132734.247474	-0.070000	0.812000	0.530000	192.000000	253.000000	208.000000	25.000000	96.000000	16.000000	144.000000	0.000000	0.000000	0.000000	1733433146.216977	0.000000
70.000000	87303.321040	19533.077721	187500.000000	187500.000000	85794.444179	101620.686247	110443.433874	132738.650768	-0.070000	0.812000	0.530000	192.000000	0.000000	0.000000	0.000000	0.000000	0.000000	0.000000	0.000000	0.000000	0.000000	1733433146.221188	0.000000
71.000000	87318.207302	19551.808483	187500.000000	187500.000000	85811.811484	101639.618175	110462.231691	132746.049195	-0.070000	0.812000	0.530000	192.000000	0.000000	0.000000	0.000000	0.000000	0.000000	0.000000	0.000000	0.000000	0.000000	1733433146.225101	0.000000
72.000000	87327.550331	19561.330326	187500.000000	187500.000000	85819.031098	101646.502512	110475.687441	132754.006416	-0.070000	0.812000	0.530000	192.000000	0.000000	0.000000	0.000000	0.000000	0.000000	0.000000	0.000000	0.000000	0.000000	1733433146.230238	0.000000
73.000000	87334.971110	19572.729715	187500.000000	187500.000000	85828.776458	101653.163332	110485.052822	132747.345596	-0.070000	0.812000	0.530000	192.000000	0.000000	0.000000	0.000000	0.000000	0.000000	0.000000	0.000000	0.000000	0.000000	1733433146.234253	0.000000
74.000000	87346.526962	19586.274873	187500.000000	187500.000000	85840.064089	101666.820248	110497.189819	132761.762471	-0.070000	0.812000	0.530000	192.000000	0.000000	0.000000	0.000000	0.000000	0.000000	0.000000	0.000000	0.000000	0.000000	1733433146.237306	0.000000
75.000000	87345.118802	19583.726774	187500.000000	187500.000000	85836.443107	101668.787201	110493.524133	132765.964599	-0.070000	0.812000	0.530000	192.000000	0.000000	0.000000	0.000000	0.000000	0.000000	0.000000	0.000000	0.000000	0.000000	1733433146.241044	0.000000
76.000000	87366.934105	19611.107661	187500.000000	187500.000000	85859.040720	101705.332304	110519.787433	132780.560288	-0.070000	0.812000	0.530000	192.000000	0.000000	0.000000	0.000000	0.000000	0.000000	0.000000	0.000000	0.000000	0.000000	1733433146.245282	0.000000
77.000000	87383.764968	19650.312620	187500.000000	187500.000000	85865.947409	101718.206908	110530.538622	132796.385324	-0.070000	0.812000	0.530000	192.000000	0.000000	0.000000	0.000000	0.000000	0.000000	0.000000	0.000000	0.000000	0.000000	1733433146.249019	0.000000
78.000000	87373.393759	19618.662550	187500.000000	187500.000000	85849.295360	101703.298295	110508.633913	132794.641888	-0.070000	0.812000	0.530000	192.000000	0.000000	0.000000	0.000000	0.000000	0.000000	0.000000	0.000000	0.000000	0.000000	1733433146.253052	0.000000
79.000000	87369.929239	19590.946387	187500.000000	187500.000000	85860.203011	101697.822118	110520.748558	132789.970373	-0.032000	0.804000	0.532000	192.000000	255.000000	0.000000	25.000000	32.000000	16.000000	160.000000	0.000000	0.000000	0.000000	1733433146.258298	0.000000
80.000000	87377.797053	19597.920131	187500.000000	187500.000000	85871.088311	101701.241934	110538.965230	132802.777922	-0.032000	0.804000	0.532000	192.000000	0.000000	0.000000	0.000000	0.000000	0.000000	0.000000	0.000000	0.000000	0.000000	1733433146.262302	0.000000
81.000000	87397.891271	19626.753882	187500.000000	187500.000000	85890.579032	101720.822063	110556.846625	132829.689423	-0.032000	0.804000	0.532000	192.000000	0.000000	0.000000	0.000000	0.000000	0.000000	0.000000	0.000000	0.000000	0.000000	1733433146.265069	0.000000
82.000000	87423.841646	19657.487530	187500.000000	187500.000000	85926.922968	101757.590682	110593.279969	132874.147043	-0.032000	0.804000	0.532000	192.000000	0.000000	0.000000	0.000000	0.000000	0.000000	0.000000	0.000000	0.000000	0.000000	1733433146.269297	0.000000
83.000000	87436.090402	19668.909272	187500.000000	187500.000000	85946.503096	101773.996863	110606.579257	132864.334627	-0.032000	0.804000	0.532000	192.000000	0.000000	0.000000	0.000000	0.000000	0.000000	0.000000	0.000000	0.000000	0.000000	1733433146.273354	0.000000
84.000000	87457.458670	19698.346519	187500.000000	187500.000000	85967.446681	101796.750939	110631.948487	132915.318956	-0.032000	0.804000	0.532000	192.000000	0.000000	0.000000	0.000000	0.000000	0.000000	0.000000	0.000000	0.000000	0.000000	1733433146.277178	0.000000
85.000000	87466.309961	19716.227915	187500.000000	187500.000000	85980.053065	101809.267915	110646.790045	132913.284947	-0.032000	0.804000	0.532000	192.000000	0.000000	0.000000	0.000000	0.000000	0.000000	0.000000	0.000000	0.000000	0.000000	1733433146.281068	0.000000
86.000000	87414.453914	19653.553623	187500.000000	187500.000000	85922.340861	101753.187389	110593.838763	132833.980958	-0.032000	0.804000	0.532000	192.000000	0.000000	0.000000	0.000000	0.000000	0.000000	0.000000	0.000000	0.000000	0.000000	1733433146.286091	0.000000
87.000000	87344.850581	19591.505181	187500.000000	187500.000000	85841.405194	101681.058309	110497.949779	132750.050157	-0.032000	0.804000	0.532000	192.000000	0.000000	0.000000	0.000000	0.000000	0.000000	0.000000	0.000000	0.000000	0.000000	1733433146.290119	0.000000
88.000000	87379.071102	19627.737359	187500.000000	187500.000000	85870.440110	101701.577211	110531.365637	132788.606916	-0.032000	0.804000	0.532000	192.000000	0.000000	0.000000	0.000000	0.000000	0.000000	0.000000	0.000000	0.000000	0.000000	1733433146.293350	0.000000
89.000000	87393.622088	19632.408873	187500.000000	187500.000000	85891.003715	101720.911470	110554.767913	132815.943100	-0.002000	0.806000	0.542000	192.000000	255.000000	240.000000	25.000000	48.000000	16.000000	240.000000	0.000000	0.000000	0.000000	1733433146.297385	0.000000
90.000000	87407.413114	19652.883071	187500.000000	187500.000000	85906.068791	101730.232147	110566.569634	132816.792466	-0.002000	0.806000	0.542000	192.000000	0.000000	0.000000	0.000000	0.000000	0.000000	0.000000	0.000000	0.000000	0.000000	1733433146.301264	0.000000
91.000000	87420.220664	19672.060868	187500.000000	187500.000000	85914.651861	101739.686935	110576.717326	132833.869199	-0.002000	0.806000	0.542000	192.000000	0.000000	0.000000	0.000000	0.000000	0.000000	0.000000	0.000000	0.000000	0.000000	1733433146.305452	0.000000
92.000000	87430.502466	19680.018089	187500.000000	187500.000000	85927.012375	101749.320537	110590.933036	132882.439540	-0.002000	0.806000	0.542000	192.000000	0.000000	0.000000	0.000000	0.000000	0.000000	0.000000	0.000000	0.000000	0.000000	1733433146.309384	0.000000
93.000000	87434.928111	19677.894673	187500.000000	187500.000000	85927.235893	101751.309842	110596.185696	132872.314199	-0.002000	0.806000	0.542000	192.000000	0.000000	0.000000	0.000000	0.000000	0.000000	0.000000	0.000000	0.000000	0.000000	1733433146.314109	0.000000
94.000000	87445.321673	19686.254226	187500.000000	187500.000000	85940.758698	101766.240807	110608.926190	132881.545470	-0.002000	0.806000	0.542000	192.000000	0.000000	0.000000	0.000000	0.000000	0.000000	0.000000	0.000000	0.000000	0.000000	1733433146.318118	0.000000
95.000000	87466.175850	19710.349406	187500.000000	187500.000000	85972.587582	101786.513840	110634.273068	132914.067258	-0.002000	0.806000	0.542000	192.000000	0.000000	0.000000	0.000000	0.000000	0.000000	0.000000	0.000000	0.000000	0.000000	1733433146.321149	0.000000
96.000000	87473.216650	19716.764357	187500.000000	187500.000000	85985.953925	101810.407854	110648.600536	132898.018706	-0.002000	0.806000	0.542000	192.000000	0.000000	0.000000	0.000000	0.000000	0.000000	0.000000	0.000000	0.000000	0.000000	1733433146.325164	0.000000
97.000000	87495.747208	19739.831357	187500.000000	187500.000000	86008.529187	101852.227968	110682.351671	132944.465631	-0.002000	0.806000	0.542000	192.000000	0.000000	0.000000	0.000000	0.000000	0.000000	0.000000	0.000000	0.000000	0.000000	1733433146.329156	0.000000
98.000000	87475.518879	19715.892639	187500.000000	187500.000000	85974.398073	101803.232944	110653.652031	132891.737865	-0.002000	0.806000	0.542000	192.000000	0.000000	0.000000	0.000000	0.000000	0.000000	0.000000	0.000000	0.000000	0.000000	1733433146.333294	0.000000
99.000000	87477.776406	19714.752700	187500.000000	187500.000000	85985.998629	101810.698427	110662.212749	132898.845720	-0.024000	0.806000	0.540000	192.000000	255.000000	64.000000	25.000000	48.000000	16.000000	224.000000	0.000000	0.000000	0.000000	1733433146.337326	0.000000
100.000000	87482.671438	19720.944133	187500.000000	187500.000000	85989.999591	101803.612924	110665.498455	132906.959403	-0.024000	0.806000	0.540000	192.000000	0.000000	0.000000	0.000000	0.000000	0.000000	0.000000	0.000000	0.000000	0.000000	1733433146.342376	0.000000
101.000000	87495.590746	19736.702113	187500.000000	187500.000000	85993.598222	101805.959857	110677.702508	132918.515255	-0.024000	0.806000	0.540000	192.000000	0.000000	0.000000	0.000000	0.000000	0.000000	0.000000	0.000000	0.000000	0.000000	1733433146.346206	0.000000
102.000000	87497.982383	19742.871194	187500.000000	187500.000000	85991.273641	101814.230003	110670.661708	132918.403497	-0.024000	0.806000	0.540000	192.000000	0.000000	0.000000	0.000000	0.000000	0.000000	0.000000	0.000000	0.000000	0.000000	1733433146.349159	0.000000
103.000000	87493.579089	19735.875098	187500.000000	187500.000000	85982.198832	101814.989962	110665.878435	132923.902026	-0.024000	0.806000	0.540000	192.000000	0.000000	0.000000	0.000000	0.000000	0.000000	0.000000	0.000000	0.000000	0.000000	1733433146.353210	0.000000
104.000000	87509.381772	19752.437741	187500.000000	187500.000000	85994.760513	101817.962744	110686.307929	132926.114848	-0.024000	0.806000	0.540000	192.000000	0.000000	0.000000	0.000000	0.000000	0.000000	0.000000	0.000000	0.000000	0.000000	1733433146.357184	0.000000
105.000000	87517.227235	19762.652488	187500.000000	187500.000000	85996.414542	101827.819863	110689.928912	132924.237302	-0.024000	0.806000	0.540000	192.000000	0.000000	0.000000	0.000000	0.000000	0.000000	0.000000	0.000000	0.000000	0.000000	1733433146.361412	0.000000
106.000000	87523.753944	19773.068401	187500.000000	187500.000000	86000.773132	101826.970497	110694.063985	132940.598779	-0.024000	0.806000	0.540000	192.000000	0.000000	0.000000	0.000000	0.000000	0.000000	0.000000	0.000000	0.000000	0.000000	1733433146.365439	0.000000
107.000000	87524.200979	19768.776866	187500.000000	187500.000000	86004.505873	101835.486512	110701.104784	132951.037043	-0.024000	0.806000	0.540000	192.000000	0.000000	0.000000	0.000000	0.000000	0.000000	0.000000	0.000000	0.000000	0.000000	1733433146.370358	0.000000
108.000000	87526.614967	19769.022735	187500.000000	187500.000000	86020.800295	101850.640994	110721.668389	132977.233288	-0.024000	0.806000	0.540000	192.000000	0.000000	0.000000	0.000000	0.000000	0.000000	0.000000	0.000000	0.000000	0.000000	1733433146.373517	0.000000
109.000000	87535.667424	19784.043108	187500.000000	187500.000000	86022.521379	101858.441753	110735.079436	132994.980573	-0.040000	0.814000	0.536000	192.000000	254.000000	192.000000	25.000000	112.000000	16.000000	192.000000	0.000000	0.000000	0.000000	1733433146.377364	0.000000
110.000000	87554.867572	19802.662111	187500.000000	187500.000000	86047.376519	101884.392129	110746.903509	132999.517977	-0.040000	0.814000	0.536000	192.000000	0.000000	0.000000	0.000000	0.000000	0.000000	0.000000	0.000000	0.000000	0.000000	1733433146.381437	0.000000
111.000000	87574.380645	19820.208230	187500.000000	187500.000000	86075.472662	101912.510623	110781.369898	133002.758980	-0.040000	0.814000	0.536000	192.000000	0.000000	0.000000	0.000000	0.000000	0.000000	0.000000	0.000000	0.000000	0.000000	1733433146.385238	0.000000
112.000000	87586.964677	19833.954553	187500.000000	187500.000000	86092.661153	101922.479501	110799.094832	133037.381832	-0.040000	0.814000	0.536000	192.000000	0.000000	0.000000	0.000000	0.000000	0.000000	0.000000	0.000000	0.000000	0.000000	1733433146.389231	0.000000
113.000000	87621.386364	19865.738733	187500.000000	187500.000000	86122.970119	101951.760286	110837.249260	133113.444819	-0.040000	0.814000	0.536000	192.000000	0.000000	0.000000	0.000000	0.000000	0.000000	0.000000	0.000000	0.000000	0.000000	1733433146.393254	0.000000
114.000000	87651.024777	19894.527780	187500.000000	187500.000000	86153.524954	101985.332606	110866.284176	133105.264080	-0.040000	0.814000	0.536000	192.000000	0.000000	0.000000	0.000000	0.000000	0.000000	0.000000	0.000000	0.000000	0.000000	1733433146.397241	0.000000
115.000000	87599.124026	19847.499710	187500.000000	187500.000000	86095.991563	101928.112141	110809.644855	133034.699623	-0.040000	0.814000	0.536000	192.000000	0.000000	0.000000	0.000000	0.000000	0.000000	0.000000	0.000000	0.000000	0.000000	1733433146.401313	0.000000
116.000000	87596.039485	19849.377257	187500.000000	187500.000000	86094.806921	101922.635963	110797.552561	133035.660748	-0.040000	0.814000	0.536000	192.000000	0.000000	0.000000	0.000000	0.000000	0.000000	0.000000	0.000000	0.000000	0.000000	1733433146.404610	0.000000
117.000000	87609.428180	19861.044867	187500.000000	187500.000000	86123.752430	101951.402658	110818.920829	133046.546048	-0.040000	0.814000	0.536000	192.000000	0.000000	0.000000	0.000000	0.000000	0.000000	0.000000	0.000000	0.000000	0.000000	1733433146.409479	0.000000
118.000000	87583.164881	19852.685315	187500.000000	187500.000000	86094.538700	101932.023696	110783.001576	133022.294405	-0.040000	0.814000	0.536000	192.000000	0.000000	0.000000	0.000000	0.000000	0.000000	0.000000	0.000000	0.000000	0.000000	1733433146.413554	0.000000
119.000000	87525.095049	19818.241277	187500.000000	187500.000000	86007.635117	101843.510788	110711.967732	132942.208104	-0.058000	0.808000	0.532000	192.000000	254.000000	48.000000	25.000000	64.000000	16.000000	160.000000	0.000000	0.000000	0.000000	1733433146.417443	0.000000
120.000000	87558.689720	19842.336457	187500.000000	187500.000000	86042.392080	101883.073376	110772.406849	132995.539367	-0.058000	0.808000	0.532000	192.000000	0.000000	0.000000	0.000000	0.000000	0.000000	0.000000	0.000000	0.000000	0.000000	1733433146.421327	0.000000
121.000000	87575.967619	19828.768948	187500.000000	187500.000000	86074.667999	101900.552440	110775.089058	133023.389640	-0.058000	0.808000	0.532000	192.000000	0.000000	0.000000	0.000000	0.000000	0.000000	0.000000	0.000000	0.000000	0.000000	1733433146.425308	0.000000
122.000000	87574.693570	19814.955570	187500.000000	187500.000000	86081.351171	101904.151071	110776.206646	133034.744326	-0.058000	0.808000	0.532000	192.000000	0.000000	0.000000	0.000000	0.000000	0.000000	0.000000	0.000000	0.000000	0.000000	1733433146.429296	0.000000
123.000000	87568.457433	19812.809803	187500.000000	187500.000000	86064.028569	101892.192887	110763.264985	133020.685079	-0.058000	0.808000	0.532000	192.000000	0.000000	0.000000	0.000000	0.000000	0.000000	0.000000	0.000000	0.000000	0.000000	1733433146.432335	0.000000
124.000000	87580.259154	19826.377312	187500.000000	187500.000000	86079.607735	101905.849803	110780.744050	133019.388678	-0.058000	0.808000	0.532000	192.000000	0.000000	0.000000	0.000000	0.000000	0.000000	0.000000	0.000000	0.000000	0.000000	1733433146.437332	0.000000
125.000000	87600.666297	19849.421960	187500.000000	187500.000000	86114.632918	101935.890548	110812.550582	133048.356539	-0.058000	0.808000	0.532000	192.000000	0.000000	0.000000	0.000000	0.000000	0.000000	0.000000	0.000000	0.000000	0.000000	1733433146.441397	0.000000
126.000000	87623.286262	19877.138123	187500.000000	187500.000000	86145.344215	101961.259778	110837.919812	133079.917202	-0.058000	0.808000	0.532000	192.000000	0.000000	0.000000	0.000000	0.000000	0.000000	0.000000	0.000000	0.000000	0.000000	1733433146.445591	0.000000
127.000000	87639.111297	19891.689109	187500.000000	187500.000000	86158.107061	101970.468696	110848.089856	133082.957039	-0.058000	0.808000	0.532000	192.000000	0.000000	0.000000	0.000000	0.000000	0.000000	0.000000	0.000000	0.000000	0.000000	1733433146.449486	0.000000
128.000000	87630.215303	19884.871827	187500.000000	187500.000000	86142.058509	101961.952682	110834.812919	133094.356429	-0.058000	0.808000	0.532000	192.000000	0.000000	0.000000	0.000000	0.000000	0.000000	0.000000	0.000000	0.000000	0.000000	1733433146.453631	0.000000
129.000000	87636.540846	19890.616225	187500.000000	187500.000000	86148.518163	101971.876856	110831.281344	133106.895758	-0.082000	0.814000	0.532000	192.000000	253.000000	112.000000	25.000000	112.000000	16.000000	160.000000	0.000000	0.000000	0.000000	1733433146.457332	0.000000
130.000000	87656.702120	19902.306187	187500.000000	187500.000000	86173.753282	101992.440461	110864.339574	133105.666412	-0.082000	0.814000	0.532000	192.000000	0.000000	0.000000	0.000000	0.000000	0.000000	0.000000	0.000000	0.000000	0.000000	1733433146.460623	0.000000
131.000000	87675.902268	19920.053473	187500.000000	187500.000000	86195.926213	102012.691142	110891.228722	133128.465191	-0.082000	0.814000	0.532000	192.000000	0.000000	0.000000	0.000000	0.000000	0.000000	0.000000	0.000000	0.000000	0.000000	1733433146.464411	0.000000
132.000000	87670.314332	19915.158440	187500.000000	187500.000000	86192.394637	102010.701836	110889.708804	133136.444764	-0.082000	0.814000	0.532000	192.000000	0.000000	0.000000	0.000000	0.000000	0.000000	0.000000	0.000000	0.000000	0.000000	1733433146.469410	0.000000
133.000000	87682.741902	19928.703598	187500.000000	187500.000000	86205.626870	102026.996258	110905.913819	133137.964682	-0.082000	0.814000	0.532000	192.000000	0.000000	0.000000	0.000000	0.000000	0.000000	0.000000	0.000000	0.000000	0.000000	1733433146.473448	0.000000
134.000000	87688.195728	19935.096197	187500.000000	187500.000000	86199.793065	102020.894232	110899.901199	133134.343700	-0.082000	0.814000	0.532000	192.000000	0.000000	0.000000	0.000000	0.000000	0.000000	0.000000	0.000000	0.000000	0.000000	1733433146.477579	0.000000
135.000000	87698.321068	19946.450883	187500.000000	187500.000000	86204.956318	102025.342229	110903.790403	133150.079328	-0.082000	0.814000	0.532000	192.000000	0.000000	0.000000	0.000000	0.000000	0.000000	0.000000	0.000000	0.000000	0.000000	1733433146.480735	0.000000
136.000000	87681.646667	19938.784234	187500.000000	187500.000000	86192.819320	102008.019627	110887.339519	133139.417546	-0.082000	0.814000	0.532000	192.000000	0.000000	0.000000	0.000000	0.000000	0.000000	0.000000	0.000000	0.000000	0.000000	1733433146.484656	0.000000
137.000000	87655.092794	19909.257580	187500.000000	187500.000000	86167.360683	101976.771888	110854.460103	133092.702400	-0.082000	0.814000	0.532000	192.000000	0.000000	0.000000	0.000000	0.000000	0.000000	0.000000	0.000000	0.000000	0.000000	1733433146.488660	0.000000
138.000000	87683.524213	19934.604458	187500.000000	187500.000000	86196.172082	102005.449176	110880.656347	133128.264025	-0.082000	0.814000	0.532000	192.000000	0.000000	0.000000	0.000000	0.000000	0.000000	0.000000	0.000000	0.000000	0.000000	1733433146.492530	0.000000
139.000000	87697.695219	19941.734665	187500.000000	187500.000000	86215.506341	102023.688200	110896.526086	133150.705177	-0.096000	0.806000	0.528000	192.000000	253.000000	0.000000	25.000000	48.000000	16.000000	128.000000	0.000000	0.000000	0.000000	1733433146.497434	0.000000
140.000000	87709.988679	19954.989249	187500.000000	187500.000000	86232.448963	102040.697877	110913.938095	133176.074407	-0.096000	0.806000	0.528000	192.000000	0.000000	0.000000	0.000000	0.000000	0.000000	0.000000	0.000000	0.000000	0.000000	1733433146.501440	0.000000
141.000000	87727.870074	19976.066944	187500.000000	187500.000000	86251.090318	102060.099192	110936.423950	133191.899442	-0.096000	0.806000	0.528000	192.000000	0.000000	0.000000	0.000000	0.000000	0.000000	0.000000	0.000000	0.000000	0.000000	1733433146.505431	0.000000
142.000000	87750.847668	20005.817116	187500.000000	187500.000000	86272.235068	102077.041814	110962.463732	133244.135468	-0.096000	0.806000	0.528000	192.000000	0.000000	0.000000	0.000000	0.000000	0.000000	0.000000	0.000000	0.000000	0.000000	1733433146.508451	0.000000
143.000000	87750.244170	20004.431308	187500.000000	187500.000000	86272.168013	102075.521895	110960.452075	133254.640788	-0.096000	0.806000	0.528000	192.000000	0.000000	0.000000	0.000000	0.000000	0.000000	0.000000	0.000000	0.000000	0.000000	1733433146.512665	0.000000
144.000000	87736.766069	19988.293348	187500.000000	187500.000000	86262.623818	102065.977700	110951.824302	133215.368773	-0.096000	0.806000	0.528000	192.000000	0.000000	0.000000	0.000000	0.000000	0.000000	0.000000	0.000000	0.000000	0.000000	1733433146.516578	0.000000
145.000000	87743.762165	19994.820058	187500.000000	187500.000000	86274.403188	102087.077747	110965.123590	133208.037401	-0.096000	0.806000	0.528000	192.000000	0.000000	0.000000	0.000000	0.000000	0.000000	0.000000	0.000000	0.000000	0.000000	1733433146.520740	0.000000
146.000000	87757.910819	19999.469221	187500.000000	187500.000000	86285.132025	102092.375111	110969.236311	133218.140390	-0.096000	0.806000	0.528000	192.000000	0.000000	0.000000	0.000000	0.000000	0.000000	0.000000	0.000000	0.000000	0.000000	1733433146.525650	0.000000
147.000000	87765.599819	20012.165011	187500.000000	187500.000000	86285.534356	102088.150631	110967.537578	133210.876073	-0.096000	0.806000	0.528000	192.000000	0.000000	0.000000	0.000000	0.000000	0.000000	0.000000	0.000000	0.000000	0.000000	1733433146.529464	0.000000
148.000000	87767.499717	20023.162070	187500.000000	187500.000000	86292.664563	102094.140898	110970.957395	133225.181189	-0.096000	0.806000	0.528000	192.000000	0.000000	0.000000	0.000000	0.000000	0.000000	0.000000	0.000000	0.000000	0.000000	1733433146.533454	0.000000
149.000000	87771.523031	20038.964753	187500.000000	187500.000000	86290.161167	102100.198221	110974.198398	133241.117983	-0.102000	0.790000	0.520000	192.000000	252.000000	208.000000	24.000000	176.000000	16.000000	64.000000	0.000000	0.000000	0.000000	1733433146.536490	0.000000
150.000000	87773.020598	20031.923954	187500.000000	187500.000000	86291.234051	102102.835727	110976.992366	133225.874093	-0.102000	0.790000	0.520000	192.000000	0.000000	0.000000	0.000000	0.000000	0.000000	0.000000	0.000000	0.000000	0.000000	1733433146.540493	0.000000
151.000000	87780.016694	20038.204794	187500.000000	187500.000000	86301.784075	102110.435320	110983.943758	133225.471762	-0.102000	0.790000	0.520000	192.000000	0.000000	0.000000	0.000000	0.000000	0.000000	0.000000	0.000000	0.000000	0.000000	1733433146.544560	0.000000
152.000000	87790.432607	20045.871442	187500.000000	187500.000000	86312.222339	102129.322544	110996.550142	133258.060605	-0.102000	0.790000	0.520000	192.000000	0.000000	0.000000	0.000000	0.000000	0.000000	0.000000	0.000000	0.000000	0.000000	1733433146.548590	0.000000
153.000000	87797.495758	20050.498253	187500.000000	187500.000000	86329.254368	102143.962937	111011.794032	133264.453204	-0.102000	0.790000	0.520000	192.000000	0.000000	0.000000	0.000000	0.000000	0.000000	0.000000	0.000000	0.000000	0.000000	1733433146.553717	0.000000
154.000000	87802.837825	20058.321364	187500.000000	187500.000000	86341.480773	102147.427457	111025.540355	133273.192736	-0.102000	0.790000	0.520000	192.000000	0.000000	0.000000	0.000000	0.000000	0.000000	0.000000	0.000000	0.000000	0.000000	1733433146.557738	0.000000
155.000000	87811.331488	20067.977317	187500.000000	187500.000000	86345.749956	102156.479914	111033.251707	133282.021675	-0.102000	0.790000	0.520000	192.000000	0.000000	0.000000	0.000000	0.000000	0.000000	0.000000	0.000000	0.000000	0.000000	1733433146.561484	0.000000
156.000000	87814.997174	20071.061858	187500.000000	187500.000000	86347.605151	102161.620815	111032.223527	133275.204393	-0.102000	0.790000	0.520000	192.000000	0.000000	0.000000	0.000000	0.000000	0.000000	0.000000	0.000000	0.000000	0.000000	1733433146.564465	0.000000
157.000000	87815.421857	20074.191102	187500.000000	187500.000000	86349.370938	102162.693699	111030.793015	133273.617419	-0.102000	0.790000	0.520000	192.000000	0.000000	0.000000	0.000000	0.000000	0.000000	0.000000	0.000000	0.000000	0.000000	1733433146.568542	0.000000
158.000000	87825.189570	20095.425260	187500.000000	187500.000000	86363.184317	102176.395318	111043.153530	133293.666934	-0.102000	0.790000	0.520000	192.000000	0.000000	0.000000	0.000000	0.000000	0.000000	0.000000	0.000000	0.000000	0.000000	1733433146.572545	0.000000
159.000000	87842.869799	20108.612789	187500.000000	187500.000000	86383.166776	102192.667388	111057.726867	133310.766019	-0.106000	0.810000	0.520000	192.000000	252.000000	176.000000	25.000000	80.000000	16.000000	64.000000	0.000000	0.000000	0.000000	1733433146.576526	0.000000
160.000000	87841.819267	20089.613806	187500.000000	187500.000000	86374.382541	102181.871495	111047.690934	133297.623193	-0.106000	0.810000	0.520000	192.000000	0.000000	0.000000	0.000000	0.000000	0.000000	0.000000	0.000000	0.000000	0.000000	1733433146.580663	0.000000
161.000000	87843.540352	20082.237730	187500.000000	187500.000000	86382.049189	102189.672254	111057.413943	133315.571644	-0.106000	0.810000	0.520000	192.000000	0.000000	0.000000	0.000000	0.000000	0.000000	0.000000	0.000000	0.000000	0.000000	1733433146.585843	0.000000
162.000000	87858.963055	20098.420393	187500.000000	187500.000000	86401.852834	102210.705246	111078.961024	133350.909752	-0.106000	0.810000	0.520000	192.000000	0.000000	0.000000	0.000000	0.000000	0.000000	0.000000	0.000000	0.000000	0.000000	1733433146.589812	0.000000
163.000000	87879.325495	20123.297885	187500.000000	187500.000000	86428.741983	102242.221205	111107.817126	133351.557952	-0.106000	0.810000	0.520000	192.000000	0.000000	0.000000	0.000000	0.000000	0.000000	0.000000	0.000000	0.000000	0.000000	1733433146.592682	0.000000
164.000000	87908.986260	20159.284193	187500.000000	187500.000000	86467.857536	102278.833363	111145.725685	133387.231337	-0.106000	0.810000	0.520000	192.000000	0.000000	0.000000	0.000000	0.000000	0.000000	0.000000	0.000000	0.000000	0.000000	1733433146.596769	0.000000
165.000000	87939.943426	20187.626205	187500.000000	187500.000000	86499.261737	102305.342532	111175.744078	133428.425602	-0.106000	0.810000	0.520000	192.000000	0.000000	0.000000	0.000000	0.000000	0.000000	0.000000	0.000000	0.000000	0.000000	1733433146.600569	0.000000
166.000000	87899.620879	20153.271574	187500.000000	187500.000000	86452.926571	102258.135648	111128.850118	133380.883441	-0.106000	0.810000	0.520000	192.000000	0.000000	0.000000	0.000000	0.000000	0.000000	0.000000	0.000000	0.000000	0.000000	1733433146.604565	0.000000
167.000000	87867.479070	20129.064635	187500.000000	187500.000000	86409.944166	102215.846147	111087.454687	133342.930179	-0.106000	0.810000	0.520000	192.000000	0.000000	0.000000	0.000000	0.000000	0.000000	0.000000	0.000000	0.000000	0.000000	1733433146.608570	0.000000
168.000000	87863.612218	20125.980094	187500.000000	187500.000000	86404.892672	102201.630438	111081.240902	133325.317004	-0.106000	0.810000	0.520000	192.000000	0.000000	0.000000	0.000000	0.000000	0.000000	0.000000	0.000000	0.000000	0.000000	1733433146.613900	0.000000
169.000000	87853.643340	20106.735242	187500.000000	187500.000000	86387.458311	102180.932722	111059.246786	133301.043010	-0.096000	0.788000	0.536000	192.000000	253.000000	0.000000	24.000000	160.000000	16.000000	192.000000	0.000000	0.000000	0.000000	1733433146.617727	0.000000
170.000000	87874.072835	20123.431995	187500.000000	187500.000000	86414.034535	102224.183348	111084.772478	133324.959376	-0.096000	0.788000	0.536000	192.000000	0.000000	0.000000	0.000000	0.000000	0.000000	0.000000	0.000000	0.000000	0.000000	1733433146.620790	0.000000
171.000000	87889.115559	20145.381408	187500.000000	187500.000000	86435.715727	102258.359165	111104.978455	133352.496726	-0.096000	0.788000	0.536000	192.000000	0.000000	0.000000	0.000000	0.000000	0.000000	0.000000	0.000000	0.000000	0.000000	1733433146.624838	0.000000
172.000000	87901.990164	20167.330821	187500.000000	187500.000000	86442.085974	102237.236766	111108.040644	133358.084662	-0.096000	0.788000	0.536000	192.000000	0.000000	0.000000	0.000000	0.000000	0.000000	0.000000	0.000000	0.000000	0.000000	1733433146.628642	0.000000
173.000000	87904.806483	20167.710801	187500.000000	187500.000000	86445.170515	102232.922880	111107.571257	133352.094394	-0.096000	0.788000	0.536000	192.000000	0.000000	0.000000	0.000000	0.000000	0.000000	0.000000	0.000000	0.000000	0.000000	1733433146.632592	0.000000
174.000000	87909.366239	20158.390124	187500.000000	187500.000000	86448.702091	102240.142493	111117.070748	133371.361598	-0.096000	0.788000	0.536000	192.000000	0.000000	0.000000	0.000000	0.000000	0.000000	0.000000	0.000000	0.000000	0.000000	1733433146.636624	0.000000
175.000000	87910.819103	20152.913946	187500.000000	187500.000000	86451.138431	102250.245482	111128.604249	133394.160377	-0.096000	0.788000	0.536000	192.000000	0.000000	0.000000	0.000000	0.000000	0.000000	0.000000	0.000000	0.000000	0.000000	1733433146.641607	0.000000
176.000000	87913.434257	20156.981964	187500.000000	187500.000000	86456.704015	102259.633214	111133.320467	133397.423732	-0.096000	0.788000	0.536000	192.000000	0.000000	0.000000	0.000000	0.000000	0.000000	0.000000	0.000000	0.000000	0.000000	1733433146.645014	0.000000
177.000000	87922.240844	20165.185054	187500.000000	187500.000000	86463.789518	102265.623482	111135.801510	133397.066104	-0.096000	0.788000	0.536000	192.000000	0.000000	0.000000	0.000000	0.000000	0.000000	0.000000	0.000000	0.000000	0.000000	1733433146.648644	0.000000
178.000000	87931.047431	20176.070354	187500.000000	187500.000000	86478.206394	102272.865447	111142.395275	133396.864938	-0.096000	0.788000	0.536000	192.000000	0.000000	0.000000	0.000000	0.000000	0.000000	0.000000	0.000000	0.000000	0.000000	1733433146.652896	0.000000
179.000000	87936.389498	20183.982871	187500.000000	187500.000000	86488.644658	102284.510706	111157.013316	133411.035944	-0.102000	0.784000	0.538000	192.000000	252.000000	208.000000	24.000000	128.000000	16.000000	208.000000	0.000000	0.000000	0.000000	1733433146.656862	0.000000
180.000000	87941.016309	20187.290929	187500.000000	187500.000000	86490.477501	102290.344511	111163.182397	133417.942633	-0.102000	0.784000	0.538000	192.000000	0.000000	0.000000	0.000000	0.000000	0.000000	0.000000	0.000000	0.000000	0.000000	1733433146.660918	0.000000
181.000000	87946.045452	20193.102383	187500.000000	187500.000000	86490.835129	102287.528192	111161.930700	133428.291491	-0.102000	0.784000	0.538000	192.000000	0.000000	0.000000	0.000000	0.000000	0.000000	0.000000	0.000000	0.000000	0.000000	1733433146.664838	0.000000
182.000000	87948.481792	20196.119868	187500.000000	187500.000000	86489.203452	102284.778927	111169.999679	133429.945520	-0.102000	0.784000	0.538000	192.000000	0.000000	0.000000	0.000000	0.000000	0.000000	0.000000	0.000000	0.000000	0.000000	1733433146.668791	0.000000
183.000000	87952.750975	20196.723365	187500.000000	187500.000000	86499.172330	102289.606904	111179.767392	133431.286625	-0.102000	0.784000	0.538000	192.000000	0.000000	0.000000	0.000000	0.000000	0.000000	0.000000	0.000000	0.000000	0.000000	1733433146.672688	0.000000
184.000000	87955.835516	20198.019767	187500.000000	187500.000000	86504.648507	102286.969398	111180.348537	133427.822104	-0.102000	0.784000	0.538000	192.000000	0.000000	0.000000	0.000000	0.000000	0.000000	0.000000	0.000000	0.000000	0.000000	1733433146.677010	0.000000
185.000000	87970.341798	20214.537706	187500.000000	187500.000000	86519.177141	102294.278418	111190.250360	133441.300206	-0.102000	0.784000	0.538000	192.000000	0.000000	0.000000	0.000000	0.000000	0.000000	0.000000	0.000000	0.000000	0.000000	1733433146.680687	0.000000
186.000000	87964.507993	20210.313226	187500.000000	187500.000000	86517.746629	102287.930523	111187.568150	133435.645215	-0.102000	0.784000	0.538000	192.000000	0.000000	0.000000	0.000000	0.000000	0.000000	0.000000	0.000000	0.000000	0.000000	1733433146.684714	0.000000
187.000000	87961.490507	20208.078052	187500.000000	187500.000000	86514.170350	102280.934427	111188.506924	133436.338119	-0.102000	0.784000	0.538000	192.000000	0.000000	0.000000	0.000000	0.000000	0.000000	0.000000	0.000000	0.000000	0.000000	1733433146.688732	0.000000
188.000000	87960.887010	20206.155802	187500.000000	187500.000000	86515.533807	102283.147250	111189.155124	133448.117488	-0.102000	0.784000	0.538000	192.000000	0.000000	0.000000	0.000000	0.000000	0.000000	0.000000	0.000000	0.000000	0.000000	1733433146.692758	0.000000
189.000000	87955.835516	20196.455144	187500.000000	187500.000000	86512.605728	102286.656473	111185.087107	133455.426509	-0.106000	0.792000	0.540000	192.000000	252.000000	176.000000	24.000000	192.000000	16.000000	224.000000	0.000000	0.000000	0.000000	1733433146.696960	0.000000
190.000000	87964.597400	20204.367662	187500.000000	187500.000000	86518.193664	102300.894535	111190.093898	133433.141820	-0.106000	0.792000	0.540000	192.000000	0.000000	0.000000	0.000000	0.000000	0.000000	0.000000	0.000000	0.000000	0.000000	1733433146.701036	0.000000
191.000000	87958.070690	20198.802078	187500.000000	187500.000000	86522.619310	102303.956724	111192.127906	133455.873544	-0.106000	0.792000	0.540000	192.000000	0.000000	0.000000	0.000000	0.000000	0.000000	0.000000	0.000000	0.000000	0.000000	1733433146.703961	0.000000
192.000000	87954.874391	20205.373490	187500.000000	187500.000000	86529.101316	102301.118052	111202.879095	133476.146576	-0.106000	0.792000	0.540000	192.000000	0.000000	0.000000	0.000000	0.000000	0.000000	0.000000	0.000000	0.000000	0.000000	1733433146.708708	0.000000
193.000000	87958.137746	20211.207296	187500.000000	187500.000000	86531.045917	102303.129709	111203.594351	133457.661683	-0.106000	0.792000	0.540000	192.000000	0.000000	0.000000	0.000000	0.000000	0.000000	0.000000	0.000000	0.000000	0.000000	1733433146.712718	0.000000
194.000000	87965.022083	20217.219915	187500.000000	187500.000000	86534.711603	102304.962552	111203.974331	133446.038776	-0.106000	0.792000	0.540000	192.000000	0.000000	0.000000	0.000000	0.000000	0.000000	0.000000	0.000000	0.000000	0.000000	1733433146.716722	0.000000
195.000000	87970.408853	20217.666950	187500.000000	187500.000000	86535.985653	102307.085968	111207.617665	133444.787078	-0.106000	0.792000	0.540000	192.000000	0.000000	0.000000	0.000000	0.000000	0.000000	0.000000	0.000000	0.000000	0.000000	1733433146.720737	0.000000
196.000000	87977.270839	20222.360816	187500.000000	187500.000000	86540.590112	102316.116073	111220.179346	133462.579067	-0.106000	0.792000	0.540000	192.000000	0.000000	0.000000	0.000000	0.000000	0.000000	0.000000	0.000000	0.000000	0.000000	1733433146.725738	0.000000
197.000000	87980.802415	20228.574601	187500.000000	187500.000000	86543.697005	102323.961535	111228.382436	133484.751998	-0.106000	0.792000	0.540000	192.000000	0.000000	0.000000	0.000000	0.000000	0.000000	0.000000	0.000000	0.000000	0.000000	1733433146.729074	0.000000
198.000000	87986.949144	20233.380226	187500.000000	187500.000000	86550.447232	102332.477550	111232.852785	133489.669381	-0.106000	0.792000	0.540000	192.000000	0.000000	0.000000	0.000000	0.000000	0.000000	0.000000	0.000000	0.000000	0.000000	1733433146.732954	0.000000
199.000000	87981.115339	20231.279162	187500.000000	187500.000000	86550.067252	102331.404666	111225.879040	133474.425492	-0.094000	0.788000	0.542000	192.000000	253.000000	16.000000	24.000000	160.000000	16.000000	240.000000	0.000000	0.000000	0.000000	1733433146.737067	0.000000
200.000000	87976.399121	20226.361779	187500.000000	187500.000000	86551.341301	102328.074256	111223.733273	133466.870602	-0.094000	0.788000	0.542000	192.000000	0.000000	0.000000	0.000000	0.000000	0.000000	0.000000	0.000000	0.000000	0.000000	1733433146.740836	0.000000
201.000000	87980.288324	20225.847688	187500.000000	187500.000000	86556.303389	102326.800207	111226.974276	133481.175718	-0.094000	0.788000	0.542000	192.000000	0.000000	0.000000	0.000000	0.000000	0.000000	0.000000	0.000000	0.000000	0.000000	1733433146.744817	0.000000
202.000000	87977.896688	20220.371511	187500.000000	187500.000000	86550.268418	102318.708875	111223.509756	133485.266088	-0.094000	0.788000	0.542000	192.000000	0.000000	0.000000	0.000000	0.000000	0.000000	0.000000	0.000000	0.000000	0.000000	1733433146.748756	0.000000
203.000000	87977.226135	20222.651389	187500.000000	187500.000000	86548.614389	102315.065541	111218.726482	133468.658742	-0.094000	0.788000	0.542000	192.000000	0.000000	0.000000	0.000000	0.000000	0.000000	0.000000	0.000000	0.000000	0.000000	1733433146.751796	0.000000
204.000000	87982.747016	20231.636790	187500.000000	187500.000000	86560.729034	102326.509634	111229.790596	133470.245715	-0.094000	0.788000	0.542000	192.000000	0.000000	0.000000	0.000000	0.000000	0.000000	0.000000	0.000000	0.000000	0.000000	1733433146.755792	0.000000
205.000000	87989.385484	20236.531822	187500.000000	187500.000000	86572.642514	102333.148102	111238.910107	133476.638314	-0.094000	0.788000	0.542000	192.000000	0.000000	0.000000	0.000000	0.000000	0.000000	0.000000	0.000000	0.000000	0.000000	1733433146.759824	0.000000
206.000000	87998.952031	20244.064360	187500.000000	187500.000000	86581.247935	102334.176282	111242.441683	133483.030913	-0.094000	0.788000	0.542000	192.000000	0.000000	0.000000	0.000000	0.000000	0.000000	0.000000	0.000000	0.000000	0.000000	1733433146.764942	0.000000
207.000000	87994.548737	20238.923459	187500.000000	187500.000000	86571.949610	102326.956669	111242.240517	133485.646067	-0.094000	0.788000	0.542000	192.000000	0.000000	0.000000	0.000000	0.000000	0.000000	0.000000	0.000000	0.000000	0.000000	1733433146.769022	0.000000
208.000000	87994.995772	20239.884584	187500.000000	187500.000000	86569.870898	102324.028590	111243.581622	133492.664515	-0.094000	0.788000	0.542000	192.000000	0.000000	0.000000	0.000000	0.000000	0.000000	0.000000	0.000000	0.000000	0.000000	1733433146.773047	0.000000
209.000000	88000.583708	20246.947735	187500.000000	187500.000000	86577.470491	102324.587384	111245.705038	133493.580937	-0.094000	0.788000	0.542000	192.000000	0.000000	0.000000	0.000000	0.000000	0.000000	0.000000	0.000000	0.000000	0.000000	1733433146.777061	0.000000
210.000000	88000.360191	20249.406427	187500.000000	187500.000000	86573.402473	102321.055808	111247.739047	133487.411855	-0.086000	0.788000	0.552000	192.000000	253.000000	80.000000	24.000000	160.000000	17.000000	64.000000	0.000000	0.000000	0.000000	1733433146.780108	0.000000
211.000000	88003.601194	20248.937040	187500.000000	187500.000000	86574.810633	102329.504768	111254.355163	133496.084332	-0.086000	0.788000	0.552000	192.000000	0.000000	0.000000	0.000000	0.000000	0.000000	0.000000	0.000000	0.000000	0.000000	1733433146.783814	0.000000
212.000000	88001.254261	20246.657163	187500.000000	187500.000000	86590.859186	102340.993564	111266.536864	133494.631469	-0.086000	0.788000	0.552000	192.000000	0.000000	0.000000	0.000000	0.000000	0.000000	0.000000	0.000000	0.000000	0.000000	1733433146.787853	0.000000
213.000000	88002.483607	20252.334506	187500.000000	187500.000000	86591.462683	102327.716628	111264.994593	133503.192187	-0.086000	0.788000	0.552000	192.000000	0.000000	0.000000	0.000000	0.000000	0.000000	0.000000	0.000000	0.000000	0.000000	1733433146.792862	0.000000
214.000000	88014.844121	20261.923404	187500.000000	187500.000000	86600.738657	102335.405628	111273.376497	133512.065829	-0.086000	0.788000	0.552000	192.000000	0.000000	0.000000	0.000000	0.000000	0.000000	0.000000	0.000000	0.000000	0.000000	1733433146.796831	0.000000
215.000000	88013.301851	20264.672669	187500.000000	187500.000000	86601.766837	102339.093666	111271.923634	133504.555643	-0.086000	0.788000	0.552000	192.000000	0.000000	0.000000	0.000000	0.000000	0.000000	0.000000	0.000000	0.000000	0.000000	1733433146.801037	0.000000
216.000000	88028.903369	20282.442305	187500.000000	187500.000000	86627.851323	102362.630053	111299.349224	133528.270844	-0.086000	0.788000	0.552000	192.000000	0.000000	0.000000	0.000000	0.000000	0.000000	0.000000	0.000000	0.000000	0.000000	1733433146.804955	0.000000
217.000000	88027.942244	20272.674593	187500.000000	187500.000000	86633.081631	102367.033347	111304.803050	133544.766431	-0.086000	0.788000	0.552000	192.000000	0.000000	0.000000	0.000000	0.000000	0.000000	0.000000	0.000000	0.000000	0.000000	1733433146.808059	0.000000
218.000000	88029.506866	20272.942814	187500.000000	187500.000000	86638.289587	102371.011957	111307.351149	133539.066737	-0.086000	0.788000	0.552000	192.000000	0.000000	0.000000	0.000000	0.000000	0.000000	0.000000	0.000000	0.000000	0.000000	1733433146.812009	0.000000
219.000000	88015.648784	20262.348087	187500.000000	187500.000000	86617.971852	102357.444448	111290.408527	133523.085239	-0.086000	0.788000	0.552000	192.000000	0.000000	0.000000	0.000000	0.000000	0.000000	0.000000	0.000000	0.000000	0.000000	1733433146.816309	0.000000
220.000000	88007.289232	20256.670744	187500.000000	187500.000000	86597.609412	102352.750582	111272.705945	133516.200902	-0.080000	0.778000	0.556000	192.000000	253.000000	128.000000	24.000000	80.000000	17.000000	96.000000	0.000000	0.000000	0.000000	1733433146.819854	0.000000
221.000000	88012.452485	20262.102218	187500.000000	187500.000000	86598.659944	102348.459047	111267.632099	133512.691678	-0.080000	0.778000	0.556000	192.000000	0.000000	0.000000	0.000000	0.000000	0.000000	0.000000	0.000000	0.000000	0.000000	1733433146.824899	0.000000
222.000000	88018.532159	20294.333433	187500.000000	187500.000000	86601.185691	102340.635936	111274.695250	133511.887015	-0.080000	0.778000	0.556000	192.000000	0.000000	0.000000	0.000000	0.000000	0.000000	0.000000	0.000000	0.000000	0.000000	1733433146.828900	0.000000
223.000000	88035.765354	20305.285788	187500.000000	187500.000000	86616.027250	102354.628128	111296.734070	133527.823809	-0.080000	0.778000	0.556000	192.000000	0.000000	0.000000	0.000000	0.000000	0.000000	0.000000	0.000000	0.000000	0.000000	1733433146.832924	0.000000
224.000000	88038.268750	20273.121628	187500.000000	187500.000000	86622.978642	102358.740849	111300.578570	133544.542914	-0.080000	0.778000	0.556000	192.000000	0.000000	0.000000	0.000000	0.000000	0.000000	0.000000	0.000000	0.000000	0.000000	1733433146.836321	0.000000
225.000000	88045.890694	20261.208148	187500.000000	187500.000000	86639.675395	102374.252960	111317.096510	133561.753757	-0.080000	0.778000	0.556000	192.000000	0.000000	0.000000	0.000000	0.000000	0.000000	0.000000	0.000000	0.000000	0.000000	1733433146.840198	0.000000
226.000000	88057.066567	20274.708602	187500.000000	187500.000000	86661.200125	102397.677588	111337.168376	133580.953906	-0.080000	0.778000	0.556000	192.000000	0.000000	0.000000	0.000000	0.000000	0.000000	0.000000	0.000000	0.000000	0.000000	1733433146.844210	0.000000
227.000000	88059.257038	20275.468561	187500.000000	187500.000000	86650.605398	102391.530858	111330.038170	133576.729426	-0.080000	0.778000	0.556000	192.000000	0.000000	0.000000	0.000000	0.000000	0.000000	0.000000	0.000000	0.000000	0.000000	1733433146.848806	0.000000
228.000000	88040.548627	20259.196491	187500.000000	187500.000000	86636.054413	102375.035271	111314.973094	133530.126039	-0.080000	0.778000	0.556000	192.000000	0.000000	0.000000	0.000000	0.000000	0.000000	0.000000	0.000000	0.000000	0.000000	1733433146.852929	0.000000
229.000000	88026.467028	20249.875814	187500.000000	187500.000000	86625.057355	102359.389050	111299.058652	133519.888940	-0.080000	0.778000	0.556000	192.000000	0.000000	0.000000	0.000000	0.000000	0.000000	0.000000	0.000000	0.000000	0.000000	1733433146.856907	0.000000
230.000000	88029.193941	20251.507491	187500.000000	187500.000000	86619.201198	102354.002280	111291.593169	133522.258225	-0.088000	0.786000	0.564000	192.000000	253.000000	64.000000	24.000000	144.000000	17.000000	160.000000	0.000000	0.000000	0.000000	1733433146.861091	0.000000
231.000000	88047.365910	20274.909767	187500.000000	187500.000000	86635.160343	102374.208257	111307.462908	133529.299024	-0.088000	0.786000	0.564000	192.000000	0.000000	0.000000	0.000000	0.000000	0.000000	0.000000	0.000000	0.000000	0.000000	1733433146.863931	0.000000
232.000000	88048.841125	20287.918483	187500.000000	187500.000000	86633.774535	102378.790364	111311.687387	133539.670234	-0.088000	0.786000	0.564000	192.000000	0.000000	0.000000	0.000000	0.000000	0.000000	0.000000	0.000000	0.000000	0.000000	1733433146.867951	0.000000
233.000000	88049.534029	20281.257663	187500.000000	187500.000000	86640.144782	102385.026501	111321.969190	133552.857763	-0.088000	0.786000	0.564000	192.000000	0.000000	0.000000	0.000000	0.000000	0.000000	0.000000	0.000000	0.000000	0.000000	1733433146.872754	0.000000
234.000000	88061.626322	20288.544332	187500.000000	187500.000000	86652.862925	102397.834050	111335.648457	133560.569115	-0.088000	0.786000	0.564000	192.000000	0.000000	0.000000	0.000000	0.000000	0.000000	0.000000	0.000000	0.000000	0.000000	1733433146.875983	0.000000
235.000000	88069.382378	20293.908750	187500.000000	187500.000000	86660.417814	102406.283010	111347.405475	133592.107426	-0.088000	0.786000	0.564000	192.000000	0.000000	0.000000	0.000000	0.000000	0.000000	0.000000	0.000000	0.000000	0.000000	1733433146.880187	0.000000
236.000000	88068.577715	20294.534599	187500.000000	187500.000000	86665.357550	102410.708655	111351.227623	133599.237633	-0.088000	0.786000	0.564000	192.000000	0.000000	0.000000	0.000000	0.000000	0.000000	0.000000	0.000000	0.000000	0.000000	1733433146.885061	0.000000
237.000000	88074.344465	20297.753250	187500.000000	187500.000000	86682.054303	102419.582298	111362.895234	133607.463075	-0.088000	0.786000	0.564000	192.000000	0.000000	0.000000	0.000000	0.000000	0.000000	0.000000	0.000000	0.000000	0.000000	1733433146.888212	0.000000
238.000000	88075.618514	20301.463640	187500.000000	187500.000000	86688.089274	102421.549251	111363.610490	133587.570022	-0.088000	0.786000	0.564000	192.000000	0.000000	0.000000	0.000000	0.000000	0.000000	0.000000	0.000000	0.000000	0.000000	1733433146.892264	0.000000
239.000000	88075.730273	20303.341186	187500.000000	187500.000000	86680.579088	102413.368513	111352.769894	133590.878080	-0.088000	0.786000	0.564000	192.000000	0.000000	0.000000	0.000000	0.000000	0.000000	0.000000	0.000000	0.000000	0.000000	1733433146.896084	0.000000
240.000000	88075.909087	20309.823192	187500.000000	187500.000000	86677.986285	102418.799987	111355.899138	133584.038446	-0.088000	0.792000	0.564000	192.000000	253.000000	64.000000	24.000000	192.000000	17.000000	160.000000	0.000000	0.000000	0.000000	1733433146.900010	0.000000
241.000000	88074.120948	20311.030187	187500.000000	187500.000000	86677.360437	102423.046818	111364.705725	133584.261964	-0.088000	0.792000	0.564000	192.000000	0.000000	0.000000	0.000000	0.000000	0.000000	0.000000	0.000000	0.000000	0.000000	1733433146.904010	0.000000
242.000000	88085.252116	20308.012701	187500.000000	187500.000000	86697.544062	102445.197397	111380.419002	133590.542804	-0.088000	0.792000	0.564000	192.000000	0.000000	0.000000	0.000000	0.000000	0.000000	0.000000	0.000000	0.000000	0.000000	1733433146.908995	0.000000
243.000000	88090.303611	20313.779451	187500.000000	187500.000000	86704.741324	102452.148789	111394.791173	133613.587453	-0.088000	0.792000	0.564000	192.000000	0.000000	0.000000	0.000000	0.000000	0.000000	0.000000	0.000000	0.000000	0.000000	1733433146.913016	0.000000
244.000000	88093.388151	20324.195364	187500.000000	187500.000000	86706.887091	102459.301348	111403.709519	133625.612691	-0.088000	0.792000	0.564000	192.000000	0.000000	0.000000	0.000000	0.000000	0.000000	0.000000	0.000000	0.000000	0.000000	1733433146.916119	0.000000
245.000000	88078.345427	20312.550105	187500.000000	187500.000000	86691.933774	102445.443266	111383.123563	133585.334848	-0.088000	0.792000	0.564000	192.000000	0.000000	0.000000	0.000000	0.000000	0.000000	0.000000	0.000000	0.000000	0.000000	1733433146.920210	0.000000
246.000000	88095.176291	20327.414015	187500.000000	187500.000000	86701.477969	102457.893188	111393.293606	133586.787711	-0.088000	0.792000	0.564000	192.000000	0.000000	0.000000	0.000000	0.000000	0.000000	0.000000	0.000000	0.000000	0.000000	1733433146.924497	0.000000
247.000000	88095.399808	20327.995161	187500.000000	187500.000000	86702.081466	102457.088525	111399.708557	133600.131702	-0.088000	0.792000	0.564000	192.000000	0.000000	0.000000	0.000000	0.000000	0.000000	0.000000	0.000000	0.000000	0.000000	1733433146.928269	0.000000
248.000000	88104.876948	20336.578230	187500.000000	187500.000000	86707.535292	102463.838752	111399.887371	133615.017964	-0.088000	0.792000	0.564000	192.000000	0.000000	0.000000	0.000000	0.000000	0.000000	0.000000	0.000000	0.000000	0.000000	1733433146.932071	0.000000
249.000000	88115.516378	20347.508233	187500.000000	187500.000000	86713.614966	102467.191513	111401.831973	133624.271586	-0.088000	0.792000	0.564000	192.000000	0.000000	0.000000	0.000000	0.000000	0.000000	0.000000	0.000000	0.000000	0.000000	1733433146.937023	0.000000
250.000000	88122.847751	20356.136007	187500.000000	187500.000000	86730.691699	102482.480107	111422.797909	133632.809953	-0.062000	0.808000	0.548000	192.000000	254.000000	16.000000	25.000000	64.000000	17.000000	32.000000	0.000000	0.000000	0.000000	1733433146.941021	0.000000
251.000000	88122.333660	20353.140873	187500.000000	187500.000000	86741.129964	102507.603467	111428.475252	133634.463982	-0.062000	0.808000	0.548000	192.000000	0.000000	0.000000	0.000000	0.000000	0.000000	0.000000	0.000000	0.000000	0.000000	1733433146.944290	0.000000
252.000000	88118.131532	20358.952327	187500.000000	187500.000000	86733.105687	102489.006816	111417.947581	133618.638947	-0.062000	0.808000	0.548000	192.000000	0.000000	0.000000	0.000000	0.000000	0.000000	0.000000	0.000000	0.000000	0.000000	1733433146.948096	0.000000
253.000000	88123.384192	20362.305088	187500.000000	187500.000000	86724.768487	102482.323644	111407.151688	133621.991709	-0.062000	0.808000	0.548000	192.000000	0.000000	0.000000	0.000000	0.000000	0.000000	0.000000	0.000000	0.000000	0.000000	1733433146.952071	0.000000
254.000000	88128.078059	20358.661754	187500.000000	187500.000000	86725.506094	102482.547162	111406.972874	133620.382383	-0.062000	0.808000	0.548000	192.000000	0.000000	0.000000	0.000000	0.000000	0.000000	0.000000	0.000000	0.000000	0.000000	1733433146.956330	0.000000
255.000000	88140.326815	20369.345888	187500.000000	187500.000000	86733.217446	102496.561706	111434.756092	133643.292921	-0.062000	0.808000	0.548000	192.000000	0.000000	0.000000	0.000000	0.000000	0.000000	0.000000	0.000000	0.000000	0.000000	1733433146.960246	0.000000
0.000000	88148.708719	20370.508179	187500.000000	187500.000000	86733.575074	102494.885325	111440.858119	133644.343453	-0.062000	0.808000	0.548000	192.000000	0.000000	0.000000	0.000000	0.000000	0.000000	0.000000	0.000000	0.000000	0.000000	1733433146.964353	0.000000
1.000000	88158.856411	20375.090286	187500.000000	187500.000000	86744.236856	102500.361502	111451.698715	133647.025662	-0.062000	0.808000	0.548000	192.000000	0.000000	0.000000	0.000000	0.000000	0.000000	0.000000	0.000000	0.000000	0.000000	1733433146.969184	0.000000
2.000000	88160.152812	20379.627690	187500.000000	187500.000000	86750.227124	102508.452834	111457.778389	133650.780755	-0.062000	0.808000	0.548000	192.000000	0.000000	0.000000	0.000000	0.000000	0.000000	0.000000	0.000000	0.000000	0.000000	1733433146.972103	0.000000
3.000000	88167.528888	20390.021251	187500.000000	187500.000000	86756.507964	102518.309953	111469.915386	133669.667979	-0.062000	0.808000	0.548000	192.000000	0.000000	0.000000	0.000000	0.000000	0.000000	0.000000	0.000000	0.000000	0.000000	1733433146.976119	0.000000
4.000000	88168.177088	20396.927940	187500.000000	187500.000000	86752.954036	102516.342999	111466.964956	133665.979942	-0.054000	0.806000	0.538000	192.000000	254.000000	80.000000	25.000000	48.000000	16.000000	208.000000	0.000000	0.000000	0.000000	1733433146.980142	0.000000
5.000000	88183.756254	20409.400214	187500.000000	187500.000000	86771.684798	102535.744314	111484.645186	133684.666000	-0.054000	0.806000	0.538000	192.000000	0.000000	0.000000	0.000000	0.000000	0.000000	0.000000	0.000000	0.000000	0.000000	1733433146.984140	0.000000
6.000000	88175.664923	20406.829763	187500.000000	187500.000000	86763.302894	102524.724904	111472.575244	133680.218003	-0.054000	0.806000	0.538000	192.000000	0.000000	0.000000	0.000000	0.000000	0.000000	0.000000	0.000000	0.000000	0.000000	1733433146.988371	0.000000
7.000000	88163.885553	20386.824952	187500.000000	187500.000000	86759.413690	102520.098093	111467.143770	133654.133517	-0.054000	0.806000	0.538000	192.000000	0.000000	0.000000	0.000000	0.000000	0.000000	0.000000	0.000000	0.000000	0.000000	1733433146.992760	0.000000
8.000000	88167.081853	20378.219530	187500.000000	187500.000000	86767.035635	102531.497482	111477.559683	133666.941067	-0.054000	0.806000	0.538000	192.000000	0.000000	0.000000	0.000000	0.000000	0.000000	0.000000	0.000000	0.000000	0.000000	1733433146.996250	0.000000
9.000000	88168.378254	20383.025155	187500.000000	187500.000000	86774.523470	102539.253538	111485.092221	133682.900212	-0.054000	0.806000	0.538000	192.000000	0.000000	0.000000	0.000000	0.000000	0.000000	0.000000	0.000000	0.000000	0.000000	1733433146.999341	0.000000
10.000000	88172.379216	20392.904626	187500.000000	187500.000000	86785.565232	102546.584910	111493.764698	133701.183939	-0.054000	0.806000	0.538000	192.000000	0.000000	0.000000	0.000000	0.000000	0.000000	0.000000	0.000000	0.000000	0.000000	1733433147.003383	0.000000
11.000000	88211.025382	20433.629505	187500.000000	187500.000000	86824.434915	102581.297169	111532.209698	133757.286818	-0.054000	0.806000	0.538000	192.000000	0.000000	0.000000	0.000000	0.000000	0.000000	0.000000	0.000000	0.000000	0.000000	1733433147.008164	0.000000
12.000000	88212.277080	20436.803453	187500.000000	187500.000000	86818.489351	102577.027986	111522.777262	133728.654233	-0.054000	0.806000	0.538000	192.000000	0.000000	0.000000	0.000000	0.000000	0.000000	0.000000	0.000000	0.000000	0.000000	1733433147.012174	0.000000
13.000000	88208.991374	20428.667418	187500.000000	187500.000000	86800.295031	102558.029003	111511.310817	133735.002128	-0.054000	0.806000	0.538000	192.000000	0.000000	0.000000	0.000000	0.000000	0.000000	0.000000	0.000000	0.000000	0.000000	1733433147.016201	0.000000
14.000000	88224.637595	20444.000714	187500.000000	187500.000000	86804.519511	102573.004672	111535.785977	133817.301252	-0.058000	0.802000	0.546000	192.000000	254.000000	48.000000	25.000000	16.000000	17.000000	16.000000	0.000000	0.000000	0.000000	1733433147.020169	0.000000
15.000000	88232.863037	20463.111456	187500.000000	187500.000000	86811.917938	102588.449727	111537.998800	133727.044907	-0.058000	0.802000	0.546000	192.000000	0.000000	0.000000	0.000000	0.000000	0.000000	0.000000	0.000000	0.000000	0.000000	1733433147.024462	0.000000
16.000000	88225.174037	20474.108514	187500.000000	187500.000000	86804.363049	102569.003709	111521.190288	133665.354093	-0.058000	0.802000	0.546000	192.000000	0.000000	0.000000	0.000000	0.000000	0.000000	0.000000	0.000000	0.000000	0.000000	1733433147.027431	0.000000
17.000000	88229.398516	20463.424380	187500.000000	187500.000000	86806.821740	102575.217494	111520.363274	133675.434730	-0.058000	0.802000	0.546000	192.000000	0.000000	0.000000	0.000000	0.000000	0.000000	0.000000	0.000000	0.000000	0.000000	1733433147.032525	0.000000
18.000000	88229.107944	20452.136749	187500.000000	187500.000000	86809.615709	102578.994939	111522.352579	133686.968230	-0.058000	0.802000	0.546000	192.000000	0.000000	0.000000	0.000000	0.000000	0.000000	0.000000	0.000000	0.000000	0.000000	1733433147.036481	0.000000
19.000000	88227.722136	20447.286421	187500.000000	187500.000000	86820.277491	102569.696614	111526.845280	133712.851550	-0.058000	0.802000	0.546000	192.000000	0.000000	0.000000	0.000000	0.000000	0.000000	0.000000	0.000000	0.000000	0.000000	1733433147.040318	0.000000
20.000000	88238.674490	20458.149369	187500.000000	187500.000000	86835.499029	102574.077555	111537.819986	133737.773745	-0.058000	0.802000	0.546000	192.000000	0.000000	0.000000	0.000000	0.000000	0.000000	0.000000	0.000000	0.000000	0.000000	1733433147.044445	0.000000
21.000000	88240.596740	20467.760619	187500.000000	187500.000000	86837.376575	102578.614960	111540.792768	133733.839838	-0.058000	0.802000	0.546000	192.000000	0.000000	0.000000	0.000000	0.000000	0.000000	0.000000	0.000000	0.000000	0.000000	1733433147.048219	0.000000
22.000000	88240.283816	20462.239738	187500.000000	187500.000000	86845.780831	102600.653780	111548.638230	133738.019614	-0.058000	0.802000	0.546000	192.000000	0.000000	0.000000	0.000000	0.000000	0.000000	0.000000	0.000000	0.000000	0.000000	1733433147.052197	0.000000
23.000000	88248.665720	20461.300965	187500.000000	187500.000000	86856.375558	102604.565335	111556.751914	133751.676530	-0.058000	0.802000	0.546000	192.000000	0.000000	0.000000	0.000000	0.000000	0.000000	0.000000	0.000000	0.000000	0.000000	1733433147.055262	0.000000
24.000000	88253.381938	20467.805322	187500.000000	187500.000000	86853.022796	102601.033759	111557.355411	133763.210030	-0.074000	0.792000	0.552000	192.000000	253.000000	176.000000	24.000000	192.000000	17.000000	64.000000	0.000000	0.000000	0.000000	1733433147.059257	0.000000
25.000000	88266.167136	20486.513732	187500.000000	187500.000000	86864.645703	102608.633352	111559.344716	133756.169230	-0.074000	0.792000	0.552000	192.000000	0.000000	0.000000	0.000000	0.000000	0.000000	0.000000	0.000000	0.000000	0.000000	1733433147.064256	0.000000
26.000000	88271.419796	20489.106535	187500.000000	187500.000000	86870.725378	102609.974457	111567.503103	133760.103138	-0.074000	0.792000	0.552000	192.000000	0.000000	0.000000	0.000000	0.000000	0.000000	0.000000	0.000000	0.000000	0.000000	1733433147.068404	0.000000
27.000000	88269.184621	20495.879113	187500.000000	187500.000000	86870.054826	102609.505070	111570.140609	133757.108004	-0.074000	0.792000	0.552000	192.000000	0.000000	0.000000	0.000000	0.000000	0.000000	0.000000	0.000000	0.000000	0.000000	1733433147.072458	0.000000
28.000000	88274.616095	20492.995738	187500.000000	187500.000000	86874.145195	102622.536137	111576.287338	133750.402480	-0.074000	0.792000	0.552000	192.000000	0.000000	0.000000	0.000000	0.000000	0.000000	0.000000	0.000000	0.000000	0.000000	1733433147.076498	0.000000
29.000000	88285.881375	20498.293102	187500.000000	187500.000000	86885.879861	102634.226100	111588.714908	133766.428681	-0.074000	0.792000	0.552000	192.000000	0.000000	0.000000	0.000000	0.000000	0.000000	0.000000	0.000000	0.000000	0.000000	1733433147.080283	0.000000
30.000000	88286.708389	20503.523410	187500.000000	187500.000000	86884.225832	102633.421437	111590.547751	133773.692998	-0.074000	0.792000	0.552000	192.000000	0.000000	0.000000	0.000000	0.000000	0.000000	0.000000	0.000000	0.000000	0.000000	1733433147.083266	0.000000
31.000000	88291.625773	20504.708052	187500.000000	187500.000000	86882.705913	102638.964670	111594.079327	133780.420873	-0.074000	0.792000	0.552000	192.000000	0.000000	0.000000	0.000000	0.000000	0.000000	0.000000	0.000000	0.000000	0.000000	1733433147.087272	0.000000
32.000000	88289.815282	20502.852857	187500.000000	187500.000000	86882.080064	102645.647841	111594.034623	133777.246926	-0.074000	0.792000	0.552000	192.000000	0.000000	0.000000	0.000000	0.000000	0.000000	0.000000	0.000000	0.000000	0.000000	1733433147.092264	0.000000
33.000000	88295.067942	20517.470898	187500.000000	187500.000000	86885.455177	102647.167760	111599.868429	133795.776522	-0.074000	0.792000	0.552000	192.000000	0.000000	0.000000	0.000000	0.000000	0.000000	0.000000	0.000000	0.000000	0.000000	1733433147.096304	0.000000
34.000000	88298.286593	20513.626398	187500.000000	187500.000000	86884.516404	102644.150274	111598.527324	133797.676420	-0.092000	0.802000	0.538000	192.000000	253.000000	32.000000	25.000000	16.000000	16.000000	208.000000	0.000000	0.000000	0.000000	1733433147.100320	0.000000
35.000000	88305.416799	20513.268770	187500.000000	187500.000000	86896.876919	102655.147333	111608.406795	133796.715295	-0.092000	0.802000	0.538000	192.000000	0.000000	0.000000	0.000000	0.000000	0.000000	0.000000	0.000000	0.000000	0.000000	1733433147.103397	0.000000
36.000000	88304.835654	20519.683721	187500.000000	187500.000000	86895.446407	102655.706126	111611.312522	133794.927155	-0.092000	0.802000	0.538000	192.000000	0.000000	0.000000	0.000000	0.000000	0.000000	0.000000	0.000000	0.000000	0.000000	1733433147.107633	0.000000
37.000000	88309.306003	20530.367855	187500.000000	187500.000000	86899.514425	102657.337804	111619.090929	133803.599632	-0.092000	0.802000	0.538000	192.000000	0.000000	0.000000	0.000000	0.000000	0.000000	0.000000	0.000000	0.000000	0.000000	1733433147.111517	0.000000
38.000000	88315.966823	20545.120006	187500.000000	187500.000000	86903.604794	102666.971405	111627.651647	133805.790103	-0.092000	0.802000	0.538000	192.000000	0.000000	0.000000	0.000000	0.000000	0.000000	0.000000	0.000000	0.000000	0.000000	1733433147.115645	0.000000
39.000000	88310.445942	20523.729387	187500.000000	187500.000000	86893.322992	102663.082202	111625.349417	133800.090408	-0.092000	0.802000	0.538000	192.000000	0.000000	0.000000	0.000000	0.000000	0.000000	0.000000	0.000000	0.000000	0.000000	1733433147.120329	0.000000
40.000000	88314.849235	20528.758529	187500.000000	187500.000000	86902.464855	102673.185190	111639.296906	133833.215694	-0.092000	0.802000	0.538000	192.000000	0.000000	0.000000	0.000000	0.000000	0.000000	0.000000	0.000000	0.000000	0.000000	1733433147.124342	0.000000
41.000000	88321.554759	20528.043273	187500.000000	187500.000000	86905.683506	102670.950016	111637.598173	133825.124362	-0.092000	0.802000	0.538000	192.000000	0.000000	0.000000	0.000000	0.000000	0.000000	0.000000	0.000000	0.000000	0.000000	1733433147.128378	0.000000
42.000000	88324.840465	20525.964561	187500.000000	187500.000000	86905.102361	102673.855743	111635.698275	133813.792028	-0.092000	0.802000	0.538000	192.000000	0.000000	0.000000	0.000000	0.000000	0.000000	0.000000	0.000000	0.000000	0.000000	1733433147.131348	0.000000
43.000000	88324.236968	20540.113215	187500.000000	187500.000000	86896.072256	102665.697356	111629.104510	133820.810475	-0.092000	0.802000	0.538000	192.000000	0.000000	0.000000	0.000000	0.000000	0.000000	0.000000	0.000000	0.000000	0.000000	1733433147.135351	0.000000
44.000000	88319.431343	20544.449454	187500.000000	187500.000000	86890.216099	102646.117228	111613.793565	133803.152597	-0.102000	0.810000	0.538000	192.000000	252.000000	208.000000	25.000000	80.000000	16.000000	208.000000	0.000000	0.000000	0.000000	1733433147.139512	0.000000
45.000000	88327.455619	20533.966486	187500.000000	187500.000000	86895.736980	102643.435018	111614.553525	133808.517016	-0.102000	0.810000	0.538000	192.000000	0.000000	0.000000	0.000000	0.000000	0.000000	0.000000	0.000000	0.000000	0.000000	1733433147.143505	0.000000
46.000000	88329.623738	20542.549556	187500.000000	187500.000000	86905.839968	102654.722649	111631.138519	133799.844539	-0.102000	0.810000	0.538000	192.000000	0.000000	0.000000	0.000000	0.000000	0.000000	0.000000	0.000000	0.000000	0.000000	1733433147.147875	0.000000
47.000000	88329.579035	20548.204547	187500.000000	187500.000000	86906.532873	102662.501056	111629.350380	133813.412048	-0.102000	0.810000	0.538000	192.000000	0.000000	0.000000	0.000000	0.000000	0.000000	0.000000	0.000000	0.000000	0.000000	1733433147.152499	0.000000
48.000000	88335.390489	20555.915899	187500.000000	187500.000000	86908.566881	102670.391222	111636.413531	133824.878493	-0.102000	0.810000	0.538000	192.000000	0.000000	0.000000	0.000000	0.000000	0.000000	0.000000	0.000000	0.000000	0.000000	1733433147.156434	0.000000
49.000000	88333.892922	20570.735105	187500.000000	187500.000000	86909.528006	102664.423307	111645.018952	133836.724917	-0.102000	0.810000	0.538000	192.000000	0.000000	0.000000	0.000000	0.000000	0.000000	0.000000	0.000000	0.000000	0.000000	1733433147.159408	0.000000
50.000000	88334.407012	20557.860501	187500.000000	187500.000000	86911.718477	102678.303740	111648.550528	133830.466429	-0.102000	0.810000	0.538000	192.000000	0.000000	0.000000	0.000000	0.000000	0.000000	0.000000	0.000000	0.000000	0.000000	1733433147.163437	0.000000
51.000000	88345.359367	20548.718637	187500.000000	187500.000000	86925.889483	102699.917877	111665.247281	133829.550008	-0.102000	0.810000	0.538000	192.000000	0.000000	0.000000	0.000000	0.000000	0.000000	0.000000	0.000000	0.000000	0.000000	1733433147.167428	0.000000
52.000000	88335.032861	20532.066587	187500.000000	187500.000000	86907.404591	102665.205618	111645.711857	133825.973728	-0.102000	0.810000	0.538000	192.000000	0.000000	0.000000	0.000000	0.000000	0.000000	0.000000	0.000000	0.000000	0.000000	1733433147.171447	0.000000
53.000000	88338.966768	20540.560250	187500.000000	187500.000000	86914.445390	102674.660405	111655.054886	133831.069926	-0.102000	0.810000	0.538000	192.000000	0.000000	0.000000	0.000000	0.000000	0.000000	0.000000	0.000000	0.000000	0.000000	1733433147.176545	0.000000
54.000000	88347.125154	20549.120968	187500.000000	187500.000000	86921.061506	102688.183211	111665.582557	133839.340072	-0.084000	0.798000	0.534000	192.000000	253.000000	96.000000	24.000000	240.000000	16.000000	176.000000	0.000000	0.000000	0.000000	1733433147.180553	0.000000
55.000000	88354.903561	20550.797349	187500.000000	187500.000000	86916.859378	102694.709920	111668.734153	133846.783203	-0.084000	0.798000	0.534000	192.000000	0.000000	0.000000	0.000000	0.000000	0.000000	0.000000	0.000000	0.000000	0.000000	1733433147.184771	0.000000
56.000000	88363.643094	20564.901300	187500.000000	187500.000000	86921.776762	102703.583563	111671.483418	133846.850258	-0.084000	0.798000	0.534000	192.000000	0.000000	0.000000	0.000000	0.000000	0.000000	0.000000	0.000000	0.000000	0.000000	1733433147.187593	0.000000
57.000000	88369.096919	20574.870178	187500.000000	187500.000000	86917.619338	102703.896487	111675.082049	133845.889133	-0.084000	0.798000	0.534000	192.000000	0.000000	0.000000	0.000000	0.000000	0.000000	0.000000	0.000000	0.000000	0.000000	1733433147.191403	0.000000
58.000000	88368.694588	20565.705963	187500.000000	187500.000000	86906.845797	102704.052949	111675.037345	133845.553857	-0.084000	0.798000	0.534000	192.000000	0.000000	0.000000	0.000000	0.000000	0.000000	0.000000	0.000000	0.000000	0.000000	1733433147.195444	0.000000
59.000000	88381.144509	20569.103428	187500.000000	187500.000000	86916.926434	102717.128720	111686.883770	133882.367180	-0.084000	0.798000	0.534000	192.000000	0.000000	0.000000	0.000000	0.000000	0.000000	0.000000	0.000000	0.000000	0.000000	1733433147.199460	0.000000
60.000000	88388.498233	20579.564044	187500.000000	187500.000000	86935.791306	102742.944985	111700.205410	133903.623689	-0.084000	0.798000	0.534000	192.000000	0.000000	0.000000	0.000000	0.000000	0.000000	0.000000	0.000000	0.000000	0.000000	1733433147.203478	0.000000
61.000000	88390.487539	20580.972204	187500.000000	187500.000000	86941.491001	102751.393944	111701.814735	133894.481825	-0.084000	0.798000	0.534000	192.000000	0.000000	0.000000	0.000000	0.000000	0.000000	0.000000	0.000000	0.000000	0.000000	1733433147.208441	0.000000
62.000000	88367.308780	20557.033486	187500.000000	187500.000000	86913.148989	102725.890604	111674.411496	133855.410976	-0.084000	0.798000	0.534000	192.000000	0.000000	0.000000	0.000000	0.000000	0.000000	0.000000	0.000000	0.000000	0.000000	1733433147.212704	0.000000
63.000000	88375.534222	20564.744838	187500.000000	187500.000000	86918.401649	102723.878947	111680.245302	133863.010569	-0.084000	0.798000	0.534000	192.000000	0.000000	0.000000	0.000000	0.000000	0.000000	0.000000	0.000000	0.000000	0.000000	1733433147.215615	0.000000
64.000000	88368.314608	20564.946004	187500.000000	187500.000000	86903.984774	102698.353255	111672.131619	133857.467336	-0.076000	0.790000	0.538000	192.000000	253.000000	160.000000	24.000000	176.000000	16.000000	208.000000	0.000000	0.000000	0.000000	1733433147.219594	0.000000
65.000000	88371.622666	20584.704946	187500.000000	187500.000000	86912.076105	102700.297856	111670.365831	133863.211735	-0.076000	0.790000	0.538000	192.000000	0.000000	0.000000	0.000000	0.000000	0.000000	0.000000	0.000000	0.000000	0.000000	1733433147.223687	0.000000
66.000000	88380.339847	20574.378440	187500.000000	187500.000000	86926.716498	102719.140377	111678.367755	133856.506211	-0.076000	0.790000	0.538000	192.000000	0.000000	0.000000	0.000000	0.000000	0.000000	0.000000	0.000000	0.000000	0.000000	1733433147.227865	0.000000
67.000000	88386.017190	20565.795370	187500.000000	187500.000000	86937.311225	102730.271546	111695.623302	133842.871647	-0.076000	0.790000	0.538000	192.000000	0.000000	0.000000	0.000000	0.000000	0.000000	0.000000	0.000000	0.000000	0.000000	1733433147.231483	0.000000
68.000000	88393.080341	20571.003326	187500.000000	187500.000000	86941.580408	102736.127703	111707.380320	133855.343921	-0.076000	0.790000	0.538000	192.000000	0.000000	0.000000	0.000000	0.000000	0.000000	0.000000	0.000000	0.000000	0.000000	1733433147.236492	0.000000
69.000000	88406.200815	20587.096582	187500.000000	187500.000000	86955.617303	102750.142247	111725.574640	133883.887098	-0.076000	0.790000	0.538000	192.000000	0.000000	0.000000	0.000000	0.000000	0.000000	0.000000	0.000000	0.000000	0.000000	1733433147.239517	0.000000
70.000000	88421.690574	20603.234542	187500.000000	187500.000000	86969.073053	102767.844828	111743.590146	133901.433218	-0.076000	0.790000	0.538000	192.000000	0.000000	0.000000	0.000000	0.000000	0.000000	0.000000	0.000000	0.000000	0.000000	1733433147.243511	0.000000
71.000000	88438.566141	20617.070272	187500.000000	187500.000000	86984.026371	102794.085776	111762.946756	133924.343756	-0.076000	0.790000	0.538000	192.000000	0.000000	0.000000	0.000000	0.000000	0.000000	0.000000	0.000000	0.000000	0.000000	1733433147.247618	0.000000
72.000000	88451.843077	20630.190746	187500.000000	187500.000000	86998.175025	102801.260686	111775.441381	133947.880143	-0.076000	0.790000	0.538000	192.000000	0.000000	0.000000	0.000000	0.000000	0.000000	0.000000	0.000000	0.000000	0.000000	1733433147.252664	0.000000
73.000000	88499.787569	20680.146894	187500.000000	187500.000000	87061.072834	102854.994280	111829.309086	133987.398027	-0.076000	0.790000	0.538000	192.000000	0.000000	0.000000	0.000000	0.000000	0.000000	0.000000	0.000000	0.000000	0.000000	1733433147.256719	0.000000
74.000000	88565.524049	20733.075825	187500.000000	187500.000000	87140.242713	102926.542214	111908.881296	134072.647580	-0.084000	0.794000	0.544000	192.000000	253.000000	96.000000	24.000000	208.000000	17.000000	0.000000	0.000000	0.000000	0.000000	1733433147.259845	0.000000
75.000000	88634.702699	20794.856047	187500.000000	187500.000000	87225.604025	103007.924915	111990.912198	134141.826229	-0.084000	0.794000	0.544000	192.000000	0.000000	0.000000	0.000000	0.000000	0.000000	0.000000	0.000000	0.000000	0.000000	1733433147.264510	0.000000
76.000000	88493.640839	20656.498749	187500.000000	187500.000000	87064.269133	102849.451047	111832.795958	133985.475777	-0.084000	0.794000	0.544000	192.000000	0.000000	0.000000	0.000000	0.000000	0.000000	0.000000	0.000000	0.000000	0.000000	1733433147.267498	0.000000
77.000000	88374.684855	20545.365875	187500.000000	187500.000000	86919.228663	102705.326999	111691.979968	133847.140830	-0.084000	0.794000	0.544000	192.000000	0.000000	0.000000	0.000000	0.000000	0.000000	0.000000	0.000000	0.000000	0.000000	1733433147.270504	0.000000
78.000000	88373.746082	20556.631155	187500.000000	187500.000000	86912.836064	102699.515545	111686.727308	133838.624816	-0.084000	0.794000	0.544000	192.000000	0.000000	0.000000	0.000000	0.000000	0.000000	0.000000	0.000000	0.000000	0.000000	1733433147.275550	0.000000
79.000000	88383.916126	20574.870178	187500.000000	187500.000000	86915.831198	102701.393092	111693.298721	133844.346862	-0.084000	0.794000	0.544000	192.000000	0.000000	0.000000	0.000000	0.000000	0.000000	0.000000	0.000000	0.000000	0.000000	1733433147.279566	0.000000
80.000000	88444.534057	20630.436615	187500.000000	187500.000000	86987.759112	102771.197590	111767.640623	133924.075535	-0.084000	0.794000	0.544000	192.000000	0.000000	0.000000	0.000000	0.000000	0.000000	0.000000	0.000000	0.000000	0.000000	1733433147.284007	0.000000
81.000000	88471.937295	20658.912737	187500.000000	187500.000000	87021.130266	102802.177108	111799.603617	133963.012274	-0.084000	0.794000	0.544000	192.000000	0.000000	0.000000	0.000000	0.000000	0.000000	0.000000	0.000000	0.000000	0.000000	1733433147.287772	0.000000
82.000000	88642.861085	20812.893905	187500.000000	187500.000000	87240.378528	103023.906413	112017.510774	134170.682331	-0.084000	0.794000	0.544000	192.000000	0.000000	0.000000	0.000000	0.000000	0.000000	0.000000	0.000000	0.000000	0.000000	1733433147.291721	0.000000
83.000000	88787.789796	20941.192918	187500.000000	187500.000000	87424.042812	103206.140185	112198.738718	134359.107537	-0.084000	0.794000	0.544000	192.000000	0.000000	0.000000	0.000000	0.000000	0.000000	0.000000	0.000000	0.000000	0.000000	1733433147.295803	0.000000
84.000000	88748.182505	20904.424298	187500.000000	187500.000000	87372.253820	103158.218045	112150.816578	134321.802476	-0.068000	0.792000	0.548000	192.000000	253.000000	224.000000	24.000000	192.000000	17.000000	32.000000	0.000000	0.000000	0.000000	1733433147.298620	0.000000
85.000000	88582.556079	20754.041762	187500.000000	187500.000000	87171.579858	102968.429383	111957.719857	134111.360802	-0.068000	0.792000	0.548000	192.000000	0.000000	0.000000	0.000000	0.000000	0.000000	0.000000	0.000000	0.000000	0.000000	1733433147.303652	0.000000
86.000000	88340.754907	20514.945151	187500.000000	187500.000000	86869.071349	102672.961673	111661.246319	133807.354725	-0.068000	0.792000	0.548000	192.000000	0.000000	0.000000	0.000000	0.000000	0.000000	0.000000	0.000000	0.000000	0.000000	1733433147.307552	0.000000
87.000000	88352.713091	20527.909163	187500.000000	187500.000000	86862.790509	102665.049155	111655.434865	133811.936833	-0.068000	0.792000	0.548000	192.000000	0.000000	0.000000	0.000000	0.000000	0.000000	0.000000	0.000000	0.000000	0.000000	1733433147.311640	0.000000
88.000000	88398.824739	20573.685536	187500.000000	187500.000000	86911.763181	102715.519394	111710.867192	133879.573212	-0.068000	0.792000	0.548000	192.000000	0.000000	0.000000	0.000000	0.000000	0.000000	0.000000	0.000000	0.000000	0.000000	1733433147.315617	0.000000
89.000000	88402.021039	20580.726335	187500.000000	187500.000000	86901.749599	102713.194813	111710.889543	133880.780206	-0.068000	0.792000	0.548000	192.000000	0.000000	0.000000	0.000000	0.000000	0.000000	0.000000	0.000000	0.000000	0.000000	1733433147.319633	0.000000
90.000000	88414.538016	20593.466829	187500.000000	187500.000000	86897.793340	102718.715694	111720.366683	133858.853145	-0.068000	0.792000	0.548000	192.000000	0.000000	0.000000	0.000000	0.000000	0.000000	0.000000	0.000000	0.000000	0.000000	1733433147.322608	0.000000
91.000000	88476.050016	20651.268441	187500.000000	187500.000000	86969.542440	102789.101337	111789.612387	133921.572139	-0.068000	0.792000	0.548000	192.000000	0.000000	0.000000	0.000000	0.000000	0.000000	0.000000	0.000000	0.000000	0.000000	1733433147.326742	0.000000
92.000000	88504.839063	20682.024441	187500.000000	187500.000000	87013.463618	102832.262556	111831.767777	133959.592457	-0.068000	0.792000	0.548000	192.000000	0.000000	0.000000	0.000000	0.000000	0.000000	0.000000	0.000000	0.000000	0.000000	1733433147.331735	0.000000
93.000000	88524.955633	20705.337310	187500.000000	187500.000000	87034.451906	102853.250844	111858.701629	133996.316373	-0.068000	0.792000	0.548000	192.000000	0.000000	0.000000	0.000000	0.000000	0.000000	0.000000	0.000000	0.000000	0.000000	1733433147.336004	0.000000
94.000000	88534.723346	20716.960218	187500.000000	187500.000000	87031.568531	102848.355812	111859.819217	134000.004411	-0.054000	0.788000	0.554000	192.000000	254.000000	80.000000	24.000000	160.000000	17.000000	80.000000	0.000000	0.000000	0.000000	1733433147.339994	0.000000
95.000000	88546.212142	20724.559811	187500.000000	187500.000000	87035.055403	102846.947652	111863.998993	134011.314393	-0.054000	0.788000	0.554000	192.000000	0.000000	0.000000	0.000000	0.000000	0.000000	0.000000	0.000000	0.000000	0.000000	1733433147.344026	0.000000
96.000000	88567.468651	20743.670552	187500.000000	187500.000000	87050.768679	102869.120582	111884.249673	134034.426097	-0.054000	0.788000	0.554000	192.000000	0.000000	0.000000	0.000000	0.000000	0.000000	0.000000	0.000000	0.000000	0.000000	1733433147.347615	0.000000
97.000000	88551.017767	20730.483023	187500.000000	187500.000000	87032.060269	102851.395649	111864.691897	134011.582614	-0.054000	0.788000	0.554000	192.000000	0.000000	0.000000	0.000000	0.000000	0.000000	0.000000	0.000000	0.000000	0.000000	1733433147.351640	0.000000
98.000000	88500.525177	20683.589063	187500.000000	187500.000000	86983.467577	102800.523079	111812.813498	133968.086120	-0.054000	0.788000	0.554000	192.000000	0.000000	0.000000	0.000000	0.000000	0.000000	0.000000	0.000000	0.000000	0.000000	1733433147.354635	0.000000
99.000000	88480.050979	20663.941880	187500.000000	187500.000000	86969.877716	102779.803011	111800.318873	133964.532192	-0.054000	0.788000	0.554000	192.000000	0.000000	0.000000	0.000000	0.000000	0.000000	0.000000	0.000000	0.000000	0.000000	1733433147.358688	0.000000
100.000000	88497.574746	20684.661947	187500.000000	187500.000000	86995.671629	102799.941933	111822.827080	133965.582724	-0.054000	0.788000	0.554000	192.000000	0.000000	0.000000	0.000000	0.000000	0.000000	0.000000	0.000000	0.000000	0.000000	1733433147.363896	0.000000
101.000000	88530.767087	20717.563715	187500.000000	187500.000000	87031.926159	102836.710553	111856.309993	133988.582669	-0.054000	0.788000	0.554000	192.000000	0.000000	0.000000	0.000000	0.000000	0.000000	0.000000	0.000000	0.000000	0.000000	1733433147.367907	0.000000
102.000000	88567.155727	20747.559756	187500.000000	187500.000000	87068.717130	102875.379071	111898.666549	134032.414440	-0.054000	0.788000	0.554000	192.000000	0.000000	0.000000	0.000000	0.000000	0.000000	0.000000	0.000000	0.000000	0.000000	1733433147.371965	0.000000
103.000000	88571.961352	20747.917384	187500.000000	187500.000000	87066.101976	102874.283835	111903.047490	134043.992644	-0.054000	0.788000	0.554000	192.000000	0.000000	0.000000	0.000000	0.000000	0.000000	0.000000	0.000000	0.000000	0.000000	1733433147.374887	0.000000
104.000000	88573.078939	20749.437302	187500.000000	187500.000000	87061.341055	102865.387841	111895.447897	134033.666138	-0.086000	0.790000	0.544000	192.000000	253.000000	80.000000	24.000000	176.000000	17.000000	0.000000	0.000000	0.000000	0.000000	1733433147.378691	0.000000
105.000000	88586.981724	20772.638413	187500.000000	187500.000000	87071.444043	102877.122507	111904.321540	134035.387222	-0.086000	0.790000	0.544000	192.000000	0.000000	0.000000	0.000000	0.000000	0.000000	0.000000	0.000000	0.000000	0.000000	1733433147.382653	0.000000
106.000000	88587.115835	20766.759904	187500.000000	187500.000000	87063.576229	102872.540399	111899.515915	134037.577693	-0.086000	0.790000	0.544000	192.000000	0.000000	0.000000	0.000000	0.000000	0.000000	0.000000	0.000000	0.000000	0.000000	1733433147.387690	0.000000
107.000000	88617.424800	20784.551893	187500.000000	187500.000000	87100.903642	102918.026199	111940.531366	134082.281182	-0.086000	0.790000	0.544000	192.000000	0.000000	0.000000	0.000000	0.000000	0.000000	0.000000	0.000000	0.000000	0.000000	1733433147.391730	0.000000
108.000000	88622.297480	20792.062079	187500.000000	187500.000000	87103.921128	102919.702580	111946.164006	134082.102368	-0.086000	0.790000	0.544000	192.000000	0.000000	0.000000	0.000000	0.000000	0.000000	0.000000	0.000000	0.000000	0.000000	1733433147.395706	0.000000
109.000000	88635.529713	20806.970693	187500.000000	187500.000000	87122.942462	102935.929946	111964.179512	134108.812703	-0.086000	0.790000	0.544000	192.000000	0.000000	0.000000	0.000000	0.000000	0.000000	0.000000	0.000000	0.000000	0.000000	1733433147.399732	0.000000
110.000000	88644.805687	20816.783108	187500.000000	187500.000000	87132.419602	102938.634507	111971.980270	134122.402563	-0.086000	0.790000	0.544000	192.000000	0.000000	0.000000	0.000000	0.000000	0.000000	0.000000	0.000000	0.000000	0.000000	1733433147.402938	0.000000
111.000000	88655.087489	20825.567344	187500.000000	187500.000000	87140.265064	102936.175816	111981.345651	134160.713453	-0.086000	0.790000	0.544000	192.000000	0.000000	0.000000	0.000000	0.000000	0.000000	0.000000	0.000000	0.000000	0.000000	1733433147.407031	0.000000
112.000000	88663.089414	20834.016303	187500.000000	187500.000000	87149.764556	102944.937699	111983.826695	134131.902055	-0.086000	0.790000	0.544000	192.000000	0.000000	0.000000	0.000000	0.000000	0.000000	0.000000	0.000000	0.000000	0.000000	1733433147.410897	0.000000
113.000000	88675.315818	20841.414731	187500.000000	187500.000000	87161.342759	102957.745249	111991.202771	134126.247063	-0.086000	0.790000	0.544000	192.000000	0.000000	0.000000	0.000000	0.000000	0.000000	0.000000	0.000000	0.000000	0.000000	1733433147.414852	0.000000
114.000000	88671.337208	20841.839414	187500.000000	187500.000000	87161.275704	102962.282653	111999.092936	134132.393793	-0.084000	0.802000	0.536000	192.000000	253.000000	96.000000	25.000000	16.000000	16.000000	192.000000	0.000000	0.000000	0.000000	1733433147.419794	0.000000
115.000000	88676.701626	20862.067743	187500.000000	187500.000000	87168.852945	102974.978444	112010.693492	134143.793183	-0.084000	0.802000	0.536000	192.000000	0.000000	0.000000	0.000000	0.000000	0.000000	0.000000	0.000000	0.000000	0.000000	1733433147.423724	0.000000
116.000000	88689.017438	20869.488522	187500.000000	187500.000000	87178.598306	102979.649959	112024.685684	134161.652227	-0.084000	0.802000	0.536000	192.000000	0.000000	0.000000	0.000000	0.000000	0.000000	0.000000	0.000000	0.000000	0.000000	1733433147.427956	0.000000
117.000000	88704.864824	20873.780057	187500.000000	187500.000000	87203.006411	103001.197040	112047.573870	134186.663829	-0.084000	0.802000	0.536000	192.000000	0.000000	0.000000	0.000000	0.000000	0.000000	0.000000	0.000000	0.000000	0.000000	1733433147.430747	0.000000
118.000000	88713.291432	20883.346603	187500.000000	187500.000000	87205.465103	103004.840375	112049.362010	134186.216794	-0.084000	0.802000	0.536000	192.000000	0.000000	0.000000	0.000000	0.000000	0.000000	0.000000	0.000000	0.000000	0.000000	1733433147.434745	0.000000
119.000000	88717.381801	20890.968548	187500.000000	187500.000000	87212.327088	103015.233936	112057.408638	134197.325611	-0.084000	0.802000	0.536000	192.000000	0.000000	0.000000	0.000000	0.000000	0.000000	0.000000	0.000000	0.000000	0.000000	1733433147.438892	0.000000
120.000000	88733.810333	20909.185220	187500.000000	187500.000000	87227.034536	103047.420448	112075.804123	134200.454855	-0.084000	0.802000	0.536000	192.000000	0.000000	0.000000	0.000000	0.000000	0.000000	0.000000	0.000000	0.000000	0.000000	1733433147.443000	0.000000
121.000000	88745.835572	20919.109394	187500.000000	187500.000000	87234.455315	103064.206608	112083.202551	134202.354753	-0.084000	0.802000	0.536000	192.000000	0.000000	0.000000	0.000000	0.000000	0.000000	0.000000	0.000000	0.000000	0.000000	1733433147.448158	0.000000
122.000000	88770.377787	20935.850851	187500.000000	187500.000000	87258.952827	103073.862561	112105.666054	134240.911512	-0.084000	0.802000	0.536000	192.000000	0.000000	0.000000	0.000000	0.000000	0.000000	0.000000	0.000000	0.000000	0.000000	1733433147.452009	0.000000
123.000000	88775.250468	20943.249278	187500.000000	187500.000000	87266.932400	103061.859675	112112.237467	134265.945466	-0.084000	0.802000	0.536000	192.000000	0.000000	0.000000	0.000000	0.000000	0.000000	0.000000	0.000000	0.000000	0.000000	1733433147.455820	0.000000
124.000000	88763.068767	20929.793528	187500.000000	187500.000000	87255.264789	103046.705192	112101.106298	134256.311864	-0.082000	0.816000	0.536000	192.000000	253.000000	112.000000	25.000000	128.000000	16.000000	192.000000	0.000000	0.000000	0.000000	1733433147.458876	0.000000
125.000000	88784.057055	20952.592308	187500.000000	187500.000000	87285.640810	103076.634178	112127.436653	134259.821088	-0.082000	0.816000	0.536000	192.000000	0.000000	0.000000	0.000000	0.000000	0.000000	0.000000	0.000000	0.000000	0.000000	1733433147.462818	0.000000
126.000000	88783.140633	20955.051000	187500.000000	187500.000000	87282.757435	103077.818820	112122.452214	134261.564524	-0.082000	0.816000	0.536000	192.000000	0.000000	0.000000	0.000000	0.000000	0.000000	0.000000	0.000000	0.000000	0.000000	1733433147.466814	0.000000
127.000000	88795.568203	20965.623375	187500.000000	187500.000000	87292.681610	103086.513649	112123.458043	134270.952257	-0.082000	0.816000	0.536000	192.000000	0.000000	0.000000	0.000000	0.000000	0.000000	0.000000	0.000000	0.000000	0.000000	1733433147.470814	0.000000
128.000000	88820.177474	21001.050890	187500.000000	187500.000000	87321.694174	103118.856623	112156.538624	134312.101819	-0.082000	0.816000	0.536000	192.000000	0.000000	0.000000	0.000000	0.000000	0.000000	0.000000	0.000000	0.000000	0.000000	1733433147.476009	0.000000
129.000000	88836.427192	21018.440547	187500.000000	187500.000000	87327.438572	103132.021801	112172.475418	134342.589598	-0.082000	0.816000	0.536000	192.000000	0.000000	0.000000	0.000000	0.000000	0.000000	0.000000	0.000000	0.000000	0.000000	1733433147.479942	0.000000
130.000000	88847.603064	21031.024579	187500.000000	187500.000000	87339.866142	103146.103400	112184.411250	134337.985139	-0.082000	0.816000	0.536000	192.000000	0.000000	0.000000	0.000000	0.000000	0.000000	0.000000	0.000000	0.000000	0.000000	1733433147.483059	0.000000
131.000000	88861.885829	21033.729140	187500.000000	187500.000000	87357.367558	103165.348252	112200.459802	134332.397203	-0.082000	0.816000	0.536000	192.000000	0.000000	0.000000	0.000000	0.000000	0.000000	0.000000	0.000000	0.000000	0.000000	1733433147.487069	0.000000
132.000000	88889.110254	21049.464768	187500.000000	187500.000000	87395.454931	103200.373435	112234.389750	134341.986101	-0.082000	0.816000	0.536000	192.000000	0.000000	0.000000	0.000000	0.000000	0.000000	0.000000	0.000000	0.000000	0.000000	1733433147.490829	0.000000
133.000000	88874.536917	21046.693152	187500.000000	187500.000000	87373.326704	103184.280179	112215.256657	134327.613929	-0.082000	0.816000	0.536000	192.000000	0.000000	0.000000	0.000000	0.000000	0.000000	0.000000	0.000000	0.000000	0.000000	1733433147.495060	0.000000
134.000000	88863.025768	21034.019713	187500.000000	187500.000000	87356.495840	103168.589254	112197.375261	134316.594519	-0.054000	0.790000	0.544000	192.000000	254.000000	80.000000	24.000000	176.000000	17.000000	0.000000	0.000000	0.000000	0.000000	1733433147.498852	0.000000
135.000000	88862.891658	21018.395843	187500.000000	187500.000000	87354.886515	103167.896350	112196.011805	134326.362232	-0.054000	0.790000	0.544000	192.000000	0.000000	0.000000	0.000000	0.000000	0.000000	0.000000	0.000000	0.000000	0.000000	1733433147.502856	0.000000
136.000000	88872.949943	21022.687378	187500.000000	187500.000000	87358.753366	103170.377394	112204.818392	134340.041499	-0.054000	0.790000	0.544000	192.000000	0.000000	0.000000	0.000000	0.000000	0.000000	0.000000	0.000000	0.000000	0.000000	1733433147.507868	0.000000
137.000000	88871.519431	21021.033349	187500.000000	187500.000000	87345.856410	103157.838065	112198.202276	134344.377738	-0.054000	0.790000	0.544000	192.000000	0.000000	0.000000	0.000000	0.000000	0.000000	0.000000	0.000000	0.000000	0.000000	1733433147.510862	0.000000
138.000000	88892.530071	21041.619306	187500.000000	187500.000000	87366.777643	103182.201467	112220.576372	134355.084223	-0.054000	0.790000	0.544000	192.000000	0.000000	0.000000	0.000000	0.000000	0.000000	0.000000	0.000000	0.000000	0.000000	1733433147.514983	0.000000
139.000000	88909.830321	21060.148902	187500.000000	187500.000000	87396.863091	103206.542517	112237.474291	134374.932572	-0.054000	0.790000	0.544000	192.000000	0.000000	0.000000	0.000000	0.000000	0.000000	0.000000	0.000000	0.000000	0.000000	1733433147.519034	0.000000
140.000000	88935.199551	21093.765926	187500.000000	187500.000000	87429.228417	103239.891319	112267.537387	134421.111276	-0.054000	0.790000	0.544000	192.000000	0.000000	0.000000	0.000000	0.000000	0.000000	0.000000	0.000000	0.000000	0.000000	1733433147.523125	0.000000
141.000000	88922.637871	21091.173123	187500.000000	187500.000000	87415.996184	103233.811645	112260.697754	134412.304689	-0.054000	0.790000	0.544000	192.000000	0.000000	0.000000	0.000000	0.000000	0.000000	0.000000	0.000000	0.000000	0.000000	1733433147.527670	0.000000
142.000000	88924.671879	21103.377176	187500.000000	187500.000000	87422.165265	103230.861215	112265.011640	134393.551575	-0.054000	0.790000	0.544000	192.000000	0.000000	0.000000	0.000000	0.000000	0.000000	0.000000	0.000000	0.000000	0.000000	1733433147.531904	0.000000
143.000000	88947.627121	21116.341188	187500.000000	187500.000000	87451.244885	103241.388886	112292.414879	134406.247366	-0.054000	0.790000	0.544000	192.000000	0.000000	0.000000	0.000000	0.000000	0.000000	0.000000	0.000000	0.000000	0.000000	1733433147.535930	0.000000
144.000000	88965.016778	21116.452946	187500.000000	187500.000000	87473.104891	103269.730898	112315.705397	134421.558311	-0.022000	0.790000	0.548000	192.000000	255.000000	80.000000	24.000000	176.000000	17.000000	32.000000	0.000000	0.000000	0.000000	1733433147.538927	0.000000
145.000000	88981.646476	21129.953400	187500.000000	187500.000000	87494.584917	103295.927143	112337.028961	134439.171486	-0.022000	0.790000	0.548000	192.000000	0.000000	0.000000	0.000000	0.000000	0.000000	0.000000	0.000000	0.000000	0.000000	1733433147.542919	0.000000
146.000000	88987.122653	21137.664752	187500.000000	187500.000000	87494.227289	103290.942704	112337.028961	134430.610768	-0.022000	0.790000	0.548000	192.000000	0.000000	0.000000	0.000000	0.000000	0.000000	0.000000	0.000000	0.000000	0.000000	1733433147.546926	0.000000
147.000000	88971.476432	21117.570533	187500.000000	187500.000000	87469.506260	103266.802820	112315.057196	134424.419334	-0.022000	0.790000	0.548000	192.000000	0.000000	0.000000	0.000000	0.000000	0.000000	0.000000	0.000000	0.000000	0.000000	1733433147.550951	0.000000
148.000000	88975.119767	21121.415034	187500.000000	187500.000000	87469.305094	103269.708546	112321.427443	134443.306559	-0.022000	0.790000	0.548000	192.000000	0.000000	0.000000	0.000000	0.000000	0.000000	0.000000	0.000000	0.000000	0.000000	1733433147.554971	0.000000
149.000000	88976.215002	21122.085586	187500.000000	187500.000000	87461.504336	103268.076869	112321.539202	134432.868294	-0.022000	0.790000	0.548000	192.000000	0.000000	0.000000	0.000000	0.000000	0.000000	0.000000	0.000000	0.000000	0.000000	1733433147.559391	0.000000
150.000000	89010.100247	21153.869766	187500.000000	187500.000000	87491.612135	103297.312951	112352.541071	134458.170469	-0.022000	0.790000	0.548000	192.000000	0.000000	0.000000	0.000000	0.000000	0.000000	0.000000	0.000000	0.000000	0.000000	1733433147.564143	0.000000
151.000000	89036.832933	21182.837627	187500.000000	187500.000000	87528.961900	103328.605393	112387.253331	134497.263670	-0.022000	0.790000	0.548000	192.000000	0.000000	0.000000	0.000000	0.000000	0.000000	0.000000	0.000000	0.000000	0.000000	1733433147.566997	0.000000
152.000000	89078.273067	21226.065901	187500.000000	187500.000000	87576.302895	103375.678167	112431.308619	134535.082821	-0.022000	0.790000	0.548000	192.000000	0.000000	0.000000	0.000000	0.000000	0.000000	0.000000	0.000000	0.000000	0.000000	1733433147.571271	0.000000
153.000000	89061.397500	21234.403102	187500.000000	187500.000000	87548.273808	103350.688917	112409.135688	134509.601833	-0.022000	0.790000	0.548000	192.000000	0.000000	0.000000	0.000000	0.000000	0.000000	0.000000	0.000000	0.000000	0.000000	1733433147.575162	0.000000
154.000000	89084.084521	21256.173701	187500.000000	187500.000000	87569.351503	103374.739394	112433.588497	134537.250940	-0.022000	0.784000	0.550000	192.000000	255.000000	80.000000	24.000000	128.000000	17.000000	48.000000	0.000000	0.000000	0.000000	1733433147.579009	0.000000
155.000000	89071.791061	21213.258351	187500.000000	187500.000000	87562.154241	103365.061088	112428.335837	134535.351042	-0.022000	0.784000	0.550000	192.000000	0.000000	0.000000	0.000000	0.000000	0.000000	0.000000	0.000000	0.000000	0.000000	1733433147.582962	0.000000
156.000000	89072.215745	21206.731642	187500.000000	187500.000000	87575.922915	103372.817144	112441.880994	134554.081804	-0.022000	0.784000	0.550000	192.000000	0.000000	0.000000	0.000000	0.000000	0.000000	0.000000	0.000000	0.000000	0.000000	1733433147.586986	0.000000
157.000000	89114.773466	21251.681000	187500.000000	187500.000000	87624.090925	103422.661534	112488.976120	134608.754171	-0.022000	0.784000	0.550000	192.000000	0.000000	0.000000	0.000000	0.000000	0.000000	0.000000	0.000000	0.000000	0.000000	1733433147.592146	0.000000
158.000000	89108.045591	21251.725704	187500.000000	187500.000000	87595.346581	103402.567315	112462.936337	134571.627923	-0.022000	0.784000	0.550000	192.000000	0.000000	0.000000	0.000000	0.000000	0.000000	0.000000	0.000000	0.000000	0.000000	1733433147.595094	0.000000
159.000000	89085.872660	21229.150442	187500.000000	187500.000000	87569.776186	103365.843399	112428.358189	134525.516275	-0.022000	0.784000	0.550000	192.000000	0.000000	0.000000	0.000000	0.000000	0.000000	0.000000	0.000000	0.000000	0.000000	1733433147.599192	0.000000
160.000000	89075.233230	21219.360378	187500.000000	187500.000000	87568.748005	103362.557693	112420.132747	134523.817542	-0.022000	0.784000	0.550000	192.000000	0.000000	0.000000	0.000000	0.000000	0.000000	0.000000	0.000000	0.000000	0.000000	1733433147.603215	0.000000
161.000000	89100.714219	21247.747093	187500.000000	187500.000000	87601.761532	103395.258295	112456.968422	134558.619208	-0.022000	0.784000	0.550000	192.000000	0.000000	0.000000	0.000000	0.000000	0.000000	0.000000	0.000000	0.000000	0.000000	1733433147.607226	0.000000
162.000000	89163.366158	21301.212466	187500.000000	187500.000000	87668.101510	103456.099743	112526.147071	134624.802724	-0.022000	0.784000	0.550000	192.000000	0.000000	0.000000	0.000000	0.000000	0.000000	0.000000	0.000000	0.000000	0.000000	1733433147.611216	0.000000
163.000000	89217.524435	21364.557310	187500.000000	187500.000000	87723.198560	103506.100596	112579.187760	134677.105806	-0.022000	0.784000	0.550000	192.000000	0.000000	0.000000	0.000000	0.000000	0.000000	0.000000	0.000000	0.000000	0.000000	1733433147.615318	0.000000
164.000000	89158.046443	21305.504001	187500.000000	187500.000000	87642.799335	103428.450635	112503.214181	134605.691982	-0.068000	0.780000	0.530000	192.000000	253.000000	224.000000	24.000000	96.000000	16.000000	144.000000	0.000000	0.000000	0.000000	1733433147.620035	0.000000
165.000000	89052.166230	21194.728755	187500.000000	187500.000000	87533.879284	103321.475187	112397.222209	134498.224795	-0.068000	0.780000	0.530000	192.000000	0.000000	0.000000	0.000000	0.000000	0.000000	0.000000	0.000000	0.000000	0.000000	1733433147.623043	0.000000
166.000000	89043.002015	21187.777363	187500.000000	187500.000000	87530.258302	103306.633628	112390.919017	134500.527024	-0.068000	0.780000	0.530000	192.000000	0.000000	0.000000	0.000000	0.000000	0.000000	0.000000	0.000000	0.000000	0.000000	1733433147.626073	0.000000
167.000000	89075.233230	21220.723834	187500.000000	187500.000000	87556.722767	103330.952326	112417.405834	134525.091591	-0.068000	0.780000	0.530000	192.000000	0.000000	0.000000	0.000000	0.000000	0.000000	0.000000	0.000000	0.000000	0.000000	1733433147.631094	0.000000
168.000000	89102.122379	21249.110550	187500.000000	187500.000000	87597.313535	103375.432298	112460.879977	134564.274200	-0.068000	0.780000	0.530000	192.000000	0.000000	0.000000	0.000000	0.000000	0.000000	0.000000	0.000000	0.000000	0.000000	1733433147.635380	0.000000
169.000000	89118.215635	21269.785913	187500.000000	187500.000000	87614.636137	103398.588705	112480.303643	134583.228479	-0.068000	0.780000	0.530000	192.000000	0.000000	0.000000	0.000000	0.000000	0.000000	0.000000	0.000000	0.000000	0.000000	1733433147.639360	0.000000
170.000000	89130.911425	21263.326259	187500.000000	187500.000000	87620.559349	103406.300057	112485.332785	134597.265374	-0.068000	0.780000	0.530000	192.000000	0.000000	0.000000	0.000000	0.000000	0.000000	0.000000	0.000000	0.000000	0.000000	1733433147.643301	0.000000
171.000000	89134.241835	21261.269899	187500.000000	187500.000000	87624.672070	103402.701426	112483.924625	134589.442264	-0.068000	0.780000	0.530000	192.000000	0.000000	0.000000	0.000000	0.000000	0.000000	0.000000	0.000000	0.000000	0.000000	1733433147.648424	0.000000
172.000000	89133.191303	21260.733457	187500.000000	187500.000000	87615.440800	103387.099908	112474.000451	134583.340238	-0.068000	0.780000	0.530000	192.000000	0.000000	0.000000	0.000000	0.000000	0.000000	0.000000	0.000000	0.000000	0.000000	1733433147.650486	0.000000
173.000000	89157.711167	21285.767410	187500.000000	187500.000000	87651.158887	103421.454539	112506.857515	134595.566642	-0.068000	0.780000	0.530000	192.000000	0.000000	0.000000	0.000000	0.000000	0.000000	0.000000	0.000000	0.000000	0.000000	1733433147.654131	0.000000
174.000000	89158.448775	21287.376736	187500.000000	187500.000000	87655.428070	103431.244604	112511.707844	134617.024316	-0.068000	0.780000	0.530000	192.000000	0.000000	0.000000	0.000000	0.000000	0.000000	0.000000	0.000000	0.000000	0.000000	1733433147.659090	0.000000
175.000000	89169.937571	21300.161934	187500.000000	187500.000000	87669.934353	103449.014240	112522.570792	134619.035973	-0.052000	0.812000	0.538000	192.000000	254.000000	96.000000	25.000000	96.000000	16.000000	208.000000	0.000000	0.000000	0.000000	1733433147.663165	0.000000
176.000000	89187.170766	21318.423309	187500.000000	187500.000000	87695.080065	103471.433040	112542.665010	134619.125380	-0.052000	0.812000	0.538000	192.000000	0.000000	0.000000	0.000000	0.000000	0.000000	0.000000	0.000000	0.000000	0.000000	1733433147.667112	0.000000
177.000000	89190.300010	21321.396091	187500.000000	187500.000000	87692.733132	103475.881037	112552.790350	134635.352747	-0.052000	0.812000	0.538000	192.000000	0.000000	0.000000	0.000000	0.000000	0.000000	0.000000	0.000000	0.000000	0.000000	1733433147.671178	0.000000
178.000000	89198.368990	21338.696341	187500.000000	187500.000000	87694.275402	103475.165781	112559.562929	134645.522791	-0.052000	0.812000	0.538000	192.000000	0.000000	0.000000	0.000000	0.000000	0.000000	0.000000	0.000000	0.000000	0.000000	1733433147.674348	0.000000
179.000000	89216.116275	21346.005362	187500.000000	187500.000000	87709.653403	103469.935473	112574.024507	134673.909506	-0.052000	0.812000	0.538000	192.000000	0.000000	0.000000	0.000000	0.000000	0.000000	0.000000	0.000000	0.000000	0.000000	1733433147.678454	0.000000
180.000000	89231.650738	21355.214281	187500.000000	187500.000000	87723.980871	103485.089956	112586.139153	134703.793788	-0.052000	0.812000	0.538000	192.000000	0.000000	0.000000	0.000000	0.000000	0.000000	0.000000	0.000000	0.000000	0.000000	1733433147.682319	0.000000
181.000000	89244.480639	21364.423199	187500.000000	187500.000000	87741.951673	103509.632171	112604.355825	134699.189329	-0.052000	0.812000	0.538000	192.000000	0.000000	0.000000	0.000000	0.000000	0.000000	0.000000	0.000000	0.000000	0.000000	1733433147.687362	0.000000
182.000000	89226.286319	21349.916917	187500.000000	187500.000000	87729.769973	103496.869325	112590.117763	134687.544070	-0.052000	0.812000	0.538000	192.000000	0.000000	0.000000	0.000000	0.000000	0.000000	0.000000	0.000000	0.000000	0.000000	1733433147.691134	0.000000
183.000000	89247.006386	21377.901301	187500.000000	187500.000000	87750.490040	103525.926593	112621.566668	134726.301995	-0.052000	0.812000	0.538000	192.000000	0.000000	0.000000	0.000000	0.000000	0.000000	0.000000	0.000000	0.000000	0.000000	1733433147.695148	0.000000
184.000000	89278.187070	21407.539714	187500.000000	187500.000000	87771.254810	103556.548483	112650.601584	134744.876295	-0.052000	0.812000	0.538000	192.000000	0.000000	0.000000	0.000000	0.000000	0.000000	0.000000	0.000000	0.000000	0.000000	1733433147.699183	0.000000
185.000000	89272.196802	21399.873066	187500.000000	187500.000000	87774.294647	103553.106314	112652.210909	134738.997786	0.004000	0.800000	0.554000	192.000000	0.000000	32.000000	25.000000	0.000000	17.000000	80.000000	0.000000	0.000000	0.000000	1733433147.702193	0.000000
186.000000	89258.763404	21384.360955	187500.000000	187500.000000	87770.673665	103546.266681	112643.694895	134733.432202	0.004000	0.800000	0.554000	192.000000	0.000000	0.000000	0.000000	0.000000	0.000000	0.000000	0.000000	0.000000	0.000000	1733433147.706174	0.000000
187.000000	89253.622503	21387.825476	187500.000000	187500.000000	87763.409348	103536.655430	112625.098243	134739.064841	0.004000	0.800000	0.554000	192.000000	0.000000	0.000000	0.000000	0.000000	0.000000	0.000000	0.000000	0.000000	0.000000	1733433147.710397	0.000000
188.000000	89252.124936	21396.341490	187500.000000	187500.000000	87749.551266	103527.446512	112613.117708	134754.420490	0.004000	0.800000	0.554000	192.000000	0.000000	0.000000	0.000000	0.000000	0.000000	0.000000	0.000000	0.000000	0.000000	1733433147.715395	0.000000
189.000000	89259.210439	21388.943063	187500.000000	187500.000000	87764.281066	103536.498968	112626.998142	134717.718925	0.004000	0.800000	0.554000	192.000000	0.000000	0.000000	0.000000	0.000000	0.000000	0.000000	0.000000	0.000000	0.000000	1733433147.719483	0.000000
190.000000	89272.621485	21394.642758	187500.000000	187500.000000	87794.433569	103557.263739	112651.205081	134724.491504	0.004000	0.800000	0.554000	192.000000	0.000000	0.000000	0.000000	0.000000	0.000000	0.000000	0.000000	0.000000	0.000000	1733433147.723557	0.000000
191.000000	89278.321180	21406.735051	187500.000000	187500.000000	87799.440360	103564.796277	112657.172997	134733.409850	0.004000	0.800000	0.554000	192.000000	0.000000	0.000000	0.000000	0.000000	0.000000	0.000000	0.000000	0.000000	0.000000	1733433147.727493	0.000000
192.000000	89284.110282	21415.452232	187500.000000	187500.000000	87801.139093	103575.323948	112663.118561	134749.056071	0.004000	0.800000	0.554000	192.000000	0.000000	0.000000	0.000000	0.000000	0.000000	0.000000	0.000000	0.000000	0.000000	1733433147.730242	0.000000
193.000000	89295.397913	21439.770930	187500.000000	187500.000000	87812.538482	103585.695158	112677.557788	134776.861641	0.004000	0.800000	0.554000	192.000000	0.000000	0.000000	0.000000	0.000000	0.000000	0.000000	0.000000	0.000000	0.000000	1733433147.734226	0.000000
194.000000	89312.429942	21442.050808	187500.000000	187500.000000	87829.972843	103596.781623	112692.466401	134791.479682	0.004000	0.800000	0.554000	192.000000	0.000000	0.000000	0.000000	0.000000	0.000000	0.000000	0.000000	0.000000	0.000000	1733433147.738245	0.000000
195.000000	89320.990660	21437.468700	187500.000000	187500.000000	87840.254645	103605.990542	112701.876486	134798.922813	0.002000	0.786000	0.552000	192.000000	0.000000	16.000000	24.000000	144.000000	17.000000	64.000000	0.000000	0.000000	0.000000	1733433147.742213	0.000000
196.000000	89319.649556	21439.770930	187500.000000	187500.000000	87847.228390	103608.225716	112701.697672	134782.941316	0.002000	0.786000	0.552000	192.000000	0.000000	0.000000	0.000000	0.000000	0.000000	0.000000	0.000000	0.000000	0.000000	1733433147.747524	0.000000
197.000000	89330.177227	21446.543508	187500.000000	187500.000000	87860.304160	103611.243202	112711.398329	134789.020990	0.002000	0.786000	0.552000	192.000000	0.000000	0.000000	0.000000	0.000000	0.000000	0.000000	0.000000	0.000000	0.000000	1733433147.751475	0.000000
198.000000	89347.745698	21468.358811	187500.000000	187500.000000	87882.119463	103631.158606	112733.191280	134817.899444	0.002000	0.786000	0.552000	192.000000	0.000000	0.000000	0.000000	0.000000	0.000000	0.000000	0.000000	0.000000	0.000000	1733433147.754429	0.000000
199.000000	89357.379300	21480.316994	187500.000000	187500.000000	87881.247745	103635.181920	112734.130053	134835.713784	0.002000	0.786000	0.552000	192.000000	0.000000	0.000000	0.000000	0.000000	0.000000	0.000000	0.000000	0.000000	0.000000	1733433147.758472	0.000000
200.000000	89367.169364	21489.615320	187500.000000	187500.000000	87883.549974	103642.200368	112741.394370	134837.792496	0.002000	0.786000	0.552000	192.000000	0.000000	0.000000	0.000000	0.000000	0.000000	0.000000	0.000000	0.000000	0.000000	1733433147.762266	0.000000
201.000000	89356.328768	21471.957442	187500.000000	187500.000000	87866.585000	103628.454045	112725.524631	134811.171569	0.002000	0.786000	0.552000	192.000000	0.000000	0.000000	0.000000	0.000000	0.000000	0.000000	0.000000	0.000000	0.000000	1733433147.766269	0.000000
202.000000	89351.277274	21472.784456	187500.000000	187500.000000	87862.449928	103623.424902	112713.499393	134807.774104	0.002000	0.786000	0.552000	192.000000	0.000000	0.000000	0.000000	0.000000	0.000000	0.000000	0.000000	0.000000	0.000000	1733433147.770289	0.000000
203.000000	89359.167440	21498.935997	187500.000000	187500.000000	87867.009683	103633.371429	112727.178660	134820.492246	0.002000	0.786000	0.552000	192.000000	0.000000	0.000000	0.000000	0.000000	0.000000	0.000000	0.000000	0.000000	0.000000	1733433147.775383	0.000000
204.000000	89377.875850	21514.492812	187500.000000	187500.000000	87869.803652	103636.523025	112740.612059	134829.902331	0.002000	0.786000	0.552000	192.000000	0.000000	0.000000	0.000000	0.000000	0.000000	0.000000	0.000000	0.000000	0.000000	1733433147.779375	0.000000
205.000000	89387.911783	21516.348006	187500.000000	187500.000000	87865.556820	103656.684298	112747.295230	134838.708918	0.002000	0.786000	0.552000	192.000000	0.000000	0.000000	24.000000	224.000000	17.000000	80.000000	0.000000	0.000000	0.000000	1733433147.782297	0.000000
206.000000	89396.517205	21503.026367	187500.000000	187500.000000	87869.200154	103665.915569	112758.985193	134857.618494	0.002000	0.786000	0.552000	192.000000	0.000000	0.000000	0.000000	0.000000	0.000000	0.000000	0.000000	0.000000	0.000000	1733433147.786421	0.000000
207.000000	89400.786388	21503.763974	187500.000000	187500.000000	87872.508213	103658.785362	112766.249510	134874.941096	0.002000	0.786000	0.552000	192.000000	0.000000	0.000000	0.000000	0.000000	0.000000	0.000000	0.000000	0.000000	0.000000	1733433147.790459	0.000000
208.000000	89413.772752	21521.645370	187500.000000	187500.000000	87883.058236	103666.295548	112776.061925	134881.691323	0.002000	0.786000	0.552000	192.000000	0.000000	0.000000	0.000000	0.000000	0.000000	0.000000	0.000000	0.000000	0.000000	1733433147.794628	0.000000
209.000000	89422.154656	21534.810547	187500.000000	187500.000000	87893.161225	103672.397574	112777.492437	134896.108198	0.002000	0.786000	0.552000	192.000000	0.000000	0.000000	0.000000	0.000000	0.000000	0.000000	0.000000	0.000000	0.000000	1733433147.798396	0.000000
210.000000	89432.570569	21540.845518	187500.000000	187500.000000	87904.024172	103690.502487	112796.558475	134931.021623	0.002000	0.786000	0.552000	192.000000	0.000000	0.000000	0.000000	0.000000	0.000000	0.000000	0.000000	0.000000	0.000000	1733433147.803318	0.000000
211.000000	89425.373307	21523.992303	187500.000000	187500.000000	87904.292393	103686.792098	112793.116306	134901.763189	0.002000	0.786000	0.552000	192.000000	0.000000	0.000000	0.000000	0.000000	0.000000	0.000000	0.000000	0.000000	0.000000	1733433147.807331	0.000000
212.000000	89423.562816	21539.236193	187500.000000	187500.000000	87895.731675	103679.416022	112784.265016	134884.261773	0.002000	0.786000	0.552000	192.000000	0.000000	0.000000	0.000000	0.000000	0.000000	0.000000	0.000000	0.000000	0.000000	1733433147.810621	0.000000
213.000000	89437.666766	21562.325545	187500.000000	187500.000000	87911.154379	103688.826107	112798.905408	134905.205358	0.002000	0.786000	0.552000	192.000000	0.000000	0.000000	0.000000	0.000000	0.000000	0.000000	0.000000	0.000000	0.000000	1733433147.814415	0.000000
214.000000	89445.132249	21618.786051	187500.000000	187500.000000	87913.501312	103693.967008	112800.291216	134890.475558	0.002000	0.786000	0.552000	192.000000	0.000000	0.000000	0.000000	0.000000	0.000000	0.000000	0.000000	0.000000	0.000000	1733433147.818458	0.000000
215.000000	89460.040863	21615.008606	187500.000000	187500.000000	87925.079516	103709.434415	112805.074490	134898.276317	-0.004000	0.782000	0.560000	192.000000	255.000000	224.000000	24.000000	112.000000	17.000000	128.000000	0.000000	0.000000	0.000000	1733433147.822657	0.000000
216.000000	89464.846488	21545.271164	187500.000000	187500.000000	87942.849152	103718.419816	112820.139565	134897.158730	-0.004000	0.782000	0.560000	192.000000	0.000000	0.000000	0.000000	0.000000	0.000000	0.000000	0.000000	0.000000	0.000000	1733433147.826593	0.000000
217.000000	89437.577359	21519.186678	187500.000000	187500.000000	87927.582911	103689.608418	112809.276618	134880.350218	-0.004000	0.782000	0.560000	192.000000	0.000000	0.000000	0.000000	0.000000	0.000000	0.000000	0.000000	0.000000	0.000000	1733433147.830705	0.000000
218.000000	89443.657034	21530.049626	187500.000000	187500.000000	87933.483772	103693.631732	112811.221219	134898.052799	-0.004000	0.782000	0.560000	192.000000	0.000000	0.000000	0.000000	0.000000	0.000000	0.000000	0.000000	0.000000	0.000000	1733433147.835652	0.000000
219.000000	89455.145831	21549.495643	187500.000000	187500.000000	87937.775306	103703.444148	112816.496231	134904.803026	-0.004000	0.782000	0.560000	192.000000	0.000000	0.000000	0.000000	0.000000	0.000000	0.000000	0.000000	0.000000	0.000000	1733433147.838451	0.000000
220.000000	89463.594790	21563.353725	187500.000000	187500.000000	87944.302016	103725.058284	112832.142452	134905.898262	-0.004000	0.782000	0.560000	192.000000	0.000000	0.000000	0.000000	0.000000	0.000000	0.000000	0.000000	0.000000	0.000000	1733433147.842437	0.000000
221.000000	89473.004874	21575.669536	187500.000000	187500.000000	87950.649911	103732.166139	112836.545746	134913.140227	-0.004000	0.782000	0.560000	192.000000	0.000000	0.000000	0.000000	0.000000	0.000000	0.000000	0.000000	0.000000	0.000000	1733433147.846417	0.000000
222.000000	89475.843546	21579.424629	187500.000000	187500.000000	87950.158173	103716.989305	112837.976258	134928.920559	-0.004000	0.782000	0.560000	192.000000	0.000000	0.000000	0.000000	0.000000	0.000000	0.000000	0.000000	0.000000	0.000000	1733433147.850449	0.000000
223.000000	89482.593773	21584.453772	187500.000000	187500.000000	87960.752900	103729.595689	112848.570984	134942.219847	-0.004000	0.782000	0.560000	192.000000	0.000000	0.000000	0.000000	0.000000	0.000000	0.000000	0.000000	0.000000	0.000000	1733433147.854451	0.000000
224.000000	89484.292505	21593.327414	187500.000000	187500.000000	87959.210629	103734.624831	112848.928612	134940.811687	-0.004000	0.782000	0.560000	192.000000	0.000000	0.000000	0.000000	0.000000	0.000000	0.000000	0.000000	0.000000	0.000000	1733433147.858460	0.000000
225.000000	89484.113691	21605.754984	187500.000000	187500.000000	87952.192182	103741.687982	112845.709961	134933.860294	-0.008000	0.786000	0.558000	192.000000	255.000000	192.000000	24.000000	144.000000	17.000000	112.000000	0.000000	0.000000	0.000000	1733433147.863658	0.000000
226.000000	89494.283735	21622.094109	187500.000000	187500.000000	87965.424414	103754.070849	112855.164749	134963.342245	-0.008000	0.786000	0.558000	192.000000	0.000000	0.000000	0.000000	0.000000	0.000000	0.000000	0.000000	0.000000	0.000000	1733433147.866583	0.000000
227.000000	89496.273040	21606.269074	187500.000000	187500.000000	87967.212554	103734.870700	112849.330944	134976.172146	-0.008000	0.786000	0.558000	192.000000	0.000000	0.000000	0.000000	0.000000	0.000000	0.000000	0.000000	0.000000	0.000000	1733433147.870598	0.000000
228.000000	89487.757026	21596.479010	187500.000000	187500.000000	87964.150365	103738.469331	112847.721618	134934.597902	-0.008000	0.786000	0.558000	192.000000	0.000000	0.000000	0.000000	0.000000	0.000000	0.000000	0.000000	0.000000	0.000000	1733433147.874751	0.000000
229.000000	89489.813386	21613.376929	187500.000000	187500.000000	87974.678037	103756.887169	112862.138493	134960.280056	-0.008000	0.786000	0.558000	192.000000	0.000000	0.000000	0.000000	0.000000	0.000000	0.000000	0.000000	0.000000	0.000000	1733433147.878818	0.000000
230.000000	89483.063159	21596.970749	187500.000000	187500.000000	87962.004597	103736.770599	112851.499063	134965.219792	-0.008000	0.786000	0.558000	192.000000	0.000000	0.000000	0.000000	0.000000	0.000000	0.000000	0.000000	0.000000	0.000000	1733433147.882457	0.000000
231.000000	89480.045674	21559.956260	187500.000000	187500.000000	87968.330141	103738.536386	112853.935403	134952.993387	-0.008000	0.786000	0.558000	192.000000	0.000000	0.000000	0.000000	0.000000	0.000000	0.000000	0.000000	0.000000	0.000000	1733433147.887439	0.000000
232.000000	89482.817290	21564.426609	187500.000000	187500.000000	87985.026894	103752.863855	112861.646755	134942.800992	-0.008000	0.786000	0.558000	192.000000	0.000000	0.000000	0.000000	0.000000	0.000000	0.000000	0.000000	0.000000	0.000000	1733433147.890451	0.000000
233.000000	89506.286622	21597.283673	187500.000000	187500.000000	87993.073522	103759.949358	112873.917863	134969.801899	-0.008000	0.786000	0.558000	192.000000	0.000000	0.000000	0.000000	0.000000	0.000000	0.000000	0.000000	0.000000	0.000000	1733433147.893735	0.000000
234.000000	89516.434314	21616.014435	187500.000000	187500.000000	87998.460293	103767.750116	112882.545636	134971.724149	-0.008000	0.786000	0.558000	192.000000	0.000000	0.000000	0.000000	0.000000	0.000000	0.000000	0.000000	0.000000	0.000000	1733433147.898528	0.000000
235.000000	89510.555805	21604.391528	187500.000000	187500.000000	87999.399066	103769.739422	112879.259930	134956.927294	-0.028000	0.784000	0.560000	192.000000	255.000000	32.000000	24.000000	128.000000	17.000000	128.000000	0.000000	0.000000	0.000000	1733433147.902456	0.000000
236.000000	89525.129142	21636.622743	187500.000000	187500.000000	88008.987964	103777.920160	112890.793430	134993.830024	-0.028000	0.784000	0.560000	192.000000	0.000000	0.000000	0.000000	0.000000	0.000000	0.000000	0.000000	0.000000	0.000000	1733433147.906898	0.000000
237.000000	89517.484846	21633.761720	187500.000000	187500.000000	87990.458368	103762.698622	112874.946043	134991.885423	-0.028000	0.784000	0.560000	192.000000	0.000000	0.000000	0.000000	0.000000	0.000000	0.000000	0.000000	0.000000	0.000000	1733433147.910762	0.000000
238.000000	89526.202026	21609.554781	187500.000000	187500.000000	88001.745999	103779.730651	112888.804124	134992.265402	-0.028000	0.784000	0.560000	192.000000	0.000000	0.000000	0.000000	0.000000	0.000000	0.000000	0.000000	0.000000	0.000000	1733433147.915591	0.000000
239.000000	89535.455648	21608.951284	187500.000000	187500.000000	88021.348479	103789.520715	112898.571837	134978.250859	-0.028000	0.784000	0.560000	192.000000	0.000000	0.000000	0.000000	0.000000	0.000000	0.000000	0.000000	0.000000	0.000000	1733433147.918930	0.000000
240.000000	89537.422602	21619.143679	187500.000000	187500.000000	88025.125924	103803.021169	112903.668035	134977.803824	-0.028000	0.784000	0.560000	192.000000	0.000000	0.000000	0.000000	0.000000	0.000000	0.000000	0.000000	0.000000	0.000000	1733433147.921738	0.000000
241.000000	89538.584893	21619.881287	187500.000000	187500.000000	88021.259072	103812.498309	112903.735090	134978.697893	-0.028000	0.784000	0.560000	192.000000	0.000000	0.000000	0.000000	0.000000	0.000000	0.000000	0.000000	0.000000	0.000000	1733433147.926554	0.000000
242.000000	89553.001768	21626.966790	187500.000000	187500.000000	88034.312491	103813.973524	112915.425052	134997.853338	-0.028000	0.784000	0.560000	192.000000	0.000000	0.000000	0.000000	0.000000	0.000000	0.000000	0.000000	0.000000	0.000000	1733433147.930514	0.000000
243.000000	89552.331215	21626.430348	187500.000000	187500.000000	88029.529217	103804.004646	112908.451308	135004.223586	-0.028000	0.784000	0.560000	192.000000	0.000000	0.000000	0.000000	0.000000	0.000000	0.000000	0.000000	0.000000	0.000000	1733433147.934510	0.000000
244.000000	89556.019253	21630.453662	187500.000000	187500.000000	88039.341633	103819.807329	112918.509593	135008.068086	-0.028000	0.784000	0.560000	192.000000	0.000000	0.000000	0.000000	0.000000	0.000000	0.000000	0.000000	0.000000	0.000000	1733433147.938544	0.000000
245.000000	89533.332233	21626.206830	187500.000000	187500.000000	88015.872302	103789.408957	112894.034433	134984.442292	-0.032000	0.780000	0.562000	192.000000	255.000000	0.000000	24.000000	96.000000	17.000000	144.000000	0.000000	0.000000	0.000000	1733433147.942506	0.000000
246.000000	89545.536285	21655.912299	187500.000000	187500.000000	88022.823694	103798.841393	112899.935293	135000.446141	-0.032000	0.780000	0.562000	192.000000	0.000000	0.000000	0.000000	0.000000	0.000000	0.000000	0.000000	0.000000	0.000000	1733433147.946527	0.000000
247.000000	89555.683977	21650.145549	187500.000000	187500.000000	88030.445639	103816.901602	112902.371633	135016.807618	-0.032000	0.780000	0.562000	192.000000	0.000000	0.000000	0.000000	0.000000	0.000000	0.000000	0.000000	0.000000	0.000000	1733433147.949562	0.000000
248.000000	89560.400195	21635.326342	187500.000000	187500.000000	88046.896523	103845.869463	112921.169450	135023.624900	-0.032000	0.780000	0.562000	192.000000	0.000000	0.000000	0.000000	0.000000	0.000000	0.000000	0.000000	0.000000	0.000000	1733433147.954690	0.000000
249.000000	89571.956047	21631.235973	187500.000000	187500.000000	88059.681721	103847.747010	112939.162605	135030.263368	-0.032000	0.780000	0.562000	192.000000	0.000000	0.000000	0.000000	0.000000	0.000000	0.000000	0.000000	0.000000	0.000000	1733433147.958728	0.000000
250.000000	89576.806376	21632.755891	187500.000000	187500.000000	88055.233724	103824.925879	112935.742788	135023.602548	-0.032000	0.780000	0.562000	192.000000	0.000000	0.000000	0.000000	0.000000	0.000000	0.000000	0.000000	0.000000	0.000000	1733433147.962836	0.000000
251.000000	89581.902573	21638.187365	187500.000000	187500.000000	88056.999511	103827.406922	112923.851660	135021.903815	-0.032000	0.780000	0.562000	192.000000	0.000000	0.000000	0.000000	0.000000	0.000000	0.000000	0.000000	0.000000	0.000000	1733433147.966574	0.000000
252.000000	89582.975457	21653.788883	187500.000000	187500.000000	88065.515526	103832.301954	112925.349227	135018.148722	-0.032000	0.780000	0.562000	192.000000	0.000000	0.000000	0.000000	0.000000	0.000000	0.000000	0.000000	0.000000	0.000000	1733433147.970563	0.000000
253.000000	89584.294210	21668.809255	187500.000000	187500.000000	88069.985875	103839.186292	112931.160680	135035.247807	-0.032000	0.780000	0.562000	192.000000	0.000000	0.000000	0.000000	0.000000	0.000000	0.000000	0.000000	0.000000	0.000000	1733433147.974634	0.000000
254.000000	89589.680980	21663.333078	187500.000000	187500.000000	88066.364892	103844.573062	112933.619372	135057.711310	-0.032000	0.780000	0.562000	192.000000	0.000000	0.000000	0.000000	0.000000	0.000000	0.000000	0.000000	0.000000	0.000000	1733433147.977877	0.000000
255.000000	89582.193146	21638.254421	187500.000000	187500.000000	88062.900372	103847.344678	112927.830270	135040.500467	-0.026000	0.782000	0.560000	192.000000	255.000000	48.000000	24.000000	112.000000	17.000000	128.000000	0.000000	0.000000	0.000000	1733433147.981594	0.000000
0.000000	89569.497355	21618.406071	187500.000000	187500.000000	88056.440718	103831.966678	112913.212229	135039.584045	-0.026000	0.782000	0.560000	192.000000	0.000000	0.000000	0.000000	0.000000	0.000000	0.000000	0.000000	0.000000	0.000000	1733433147.986584	0.000000
1.000000	89578.661570	21629.179612	187500.000000	187500.000000	88069.181212	103846.964699	112925.773910	135024.675432	-0.026000	0.782000	0.560000	192.000000	0.000000	0.000000	0.000000	0.000000	0.000000	0.000000	0.000000	0.000000	0.000000	1733433147.990927	0.000000
2.000000	89596.319449	21651.374895	187500.000000	187500.000000	88084.112177	103862.432106	112946.650439	135030.062202	-0.026000	0.782000	0.560000	192.000000	0.000000	0.000000	0.000000	0.000000	0.000000	0.000000	0.000000	0.000000	0.000000	1733433147.994788	0.000000
3.000000	89599.247527	21666.864653	187500.000000	187500.000000	88081.497023	103868.131801	112949.824387	135034.130220	-0.026000	0.782000	0.560000	192.000000	0.000000	0.000000	0.000000	0.000000	0.000000	0.000000	0.000000	0.000000	0.000000	1733433147.997646	0.000000
4.000000	89600.990963	21664.182444	187500.000000	187500.000000	88081.809948	103865.270777	112951.456064	135059.074767	-0.026000	0.782000	0.560000	192.000000	0.000000	0.000000	0.000000	0.000000	0.000000	0.000000	0.000000	0.000000	0.000000	1733433148.001969	0.000000
5.000000	89596.788835	21663.556595	187500.000000	187500.000000	88081.385265	103861.426277	112943.141215	135053.509182	-0.026000	0.782000	0.560000	192.000000	0.000000	0.000000	0.000000	0.000000	0.000000	0.000000	0.000000	0.000000	0.000000	1733433148.005936	0.000000
6.000000	89578.818033	21652.872461	187500.000000	187500.000000	88062.609799	103833.955983	112913.994540	135041.394537	-0.026000	0.782000	0.560000	192.000000	0.000000	0.000000	0.000000	0.000000	0.000000	0.000000	0.000000	0.000000	0.000000	1733433148.009652	0.000000
7.000000	89597.727608	21650.883156	187500.000000	187500.000000	88080.357084	103844.595414	112937.083892	135048.368281	-0.026000	0.782000	0.560000	192.000000	0.000000	0.000000	0.000000	0.000000	0.000000	0.000000	0.000000	0.000000	0.000000	1733433148.014660	0.000000
8.000000	89609.886957	21669.077476	187500.000000	187500.000000	88091.175329	103856.821818	112953.870053	135067.188450	-0.026000	0.782000	0.560000	192.000000	0.000000	0.000000	0.000000	0.000000	0.000000	0.000000	0.000000	0.000000	0.000000	1733433148.018673	0.000000
9.000000	89611.876263	21693.172657	187500.000000	187500.000000	88086.302648	103859.369917	112947.052771	135038.734679	-0.026000	0.782000	0.560000	192.000000	255.000000	48.000000	24.000000	112.000000	17.000000	128.000000	0.000000	0.000000	0.000000	1733433148.022672	0.000000
10.000000	89604.768408	21685.997747	187500.000000	187500.000000	88079.373608	103854.005498	112946.046942	135021.322670	-0.026000	0.782000	0.560000	192.000000	0.000000	0.000000	0.000000	0.000000	0.000000	0.000000	0.000000	0.000000	0.000000	1733433148.025678	0.000000
11.000000	89598.264050	21663.266023	187500.000000	187500.000000	88077.943096	103861.649795	112950.584346	135031.269196	-0.026000	0.782000	0.560000	192.000000	0.000000	0.000000	0.000000	0.000000	0.000000	0.000000	0.000000	0.000000	0.000000	1733433148.029832	0.000000
12.000000	89596.252393	21651.017267	187500.000000	187500.000000	88079.015980	103869.830533	112952.618355	135048.211819	-0.026000	0.782000	0.560000	192.000000	0.000000	0.000000	0.000000	0.000000	0.000000	0.000000	0.000000	0.000000	0.000000	1733433148.033921	0.000000
13.000000	89589.323352	21643.104749	187500.000000	187500.000000	88073.048064	103856.665356	112948.349172	135047.384804	-0.026000	0.782000	0.560000	192.000000	0.000000	0.000000	0.000000	0.000000	0.000000	0.000000	0.000000	0.000000	0.000000	1733433148.037902	0.000000
14.000000	89593.748998	21644.624668	187500.000000	187500.000000	88083.061645	103866.634234	112950.025553	135046.043700	-0.026000	0.782000	0.560000	192.000000	0.000000	0.000000	0.000000	0.000000	0.000000	0.000000	0.000000	0.000000	0.000000	1733433148.042719	0.000000
15.000000	89603.136731	21666.887005	187500.000000	187500.000000	88092.002343	103871.193990	112951.970154	135065.556772	-0.026000	0.782000	0.560000	192.000000	0.000000	0.000000	0.000000	0.000000	0.000000	0.000000	0.000000	0.000000	0.000000	1733433148.046694	0.000000
16.000000	89607.137693	21683.114372	187500.000000	187500.000000	88090.549480	103871.037527	112943.521195	135048.457688	-0.026000	0.782000	0.560000	192.000000	0.000000	0.000000	0.000000	0.000000	0.000000	0.000000	0.000000	0.000000	0.000000	1733433148.050678	0.000000
17.000000	89608.925832	21674.620709	187500.000000	187500.000000	88096.070361	103879.642949	112958.653326	135060.035892	-0.026000	0.782000	0.560000	192.000000	0.000000	0.000000	0.000000	0.000000	0.000000	0.000000	0.000000	0.000000	0.000000	1733433148.053709	0.000000
18.000000	89625.980213	21685.863636	187500.000000	187500.000000	88109.570814	103884.940312	112972.556111	135075.033912	-0.026000	0.782000	0.560000	192.000000	0.000000	0.000000	0.000000	0.000000	0.000000	0.000000	0.000000	0.000000	0.000000	1733433148.057713	0.000000
19.000000	89645.985025	21709.891762	187500.000000	187500.000000	88131.252006	103908.186127	112996.830105	135097.296250	-0.030000	0.788000	0.556000	192.000000	255.000000	16.000000	24.000000	160.000000	17.000000	96.000000	0.000000	0.000000	0.000000	1733433148.062002	0.000000
20.000000	89629.131809	21699.945235	187500.000000	187500.000000	88110.241367	103888.002501	112974.008974	135072.239944	-0.030000	0.788000	0.556000	192.000000	0.000000	0.000000	0.000000	0.000000	0.000000	0.000000	0.000000	0.000000	0.000000	1733433148.066016	0.000000
21.000000	89618.738248	21684.008441	187500.000000	187500.000000	88095.668029	103873.831496	112962.430771	135079.146633	-0.030000	0.788000	0.556000	192.000000	0.000000	0.000000	0.000000	0.000000	0.000000	0.000000	0.000000	0.000000	0.000000	1733433148.071010	0.000000
22.000000	89624.862626	21691.339814	187500.000000	187500.000000	88103.513492	103883.845077	112976.400611	135084.488700	-0.030000	0.788000	0.556000	192.000000	0.000000	0.000000	0.000000	0.000000	0.000000	0.000000	0.000000	0.000000	0.000000	1733433148.074908	0.000000
23.000000	89622.739210	21694.804334	187500.000000	187500.000000	88103.044105	103884.426222	112968.130466	135059.611208	-0.030000	0.788000	0.556000	192.000000	0.000000	0.000000	0.000000	0.000000	0.000000	0.000000	0.000000	0.000000	0.000000	1733433148.079066	0.000000
24.000000	89626.337841	21700.727546	187500.000000	187500.000000	88099.423122	103876.469001	112961.089666	135051.497525	-0.030000	0.788000	0.556000	192.000000	0.000000	0.000000	0.000000	0.000000	0.000000	0.000000	0.000000	0.000000	0.000000	1733433148.081739	0.000000
25.000000	89626.203731	21669.032773	187500.000000	187500.000000	88103.625250	103881.207571	112965.180035	135063.746281	-0.030000	0.788000	0.556000	192.000000	0.000000	0.000000	0.000000	0.000000	0.000000	0.000000	0.000000	0.000000	0.000000	1733433148.085721	0.000000
26.000000	89621.755734	21663.087209	187500.000000	187500.000000	88103.178215	103872.311577	112967.392858	135081.493566	-0.030000	0.788000	0.556000	192.000000	0.000000	0.000000	0.000000	0.000000	0.000000	0.000000	0.000000	0.000000	0.000000	1733433148.089759	0.000000
27.000000	89626.516655	21685.863636	187500.000000	187500.000000	88109.280242	103875.194952	112972.936091	135087.461482	-0.030000	0.788000	0.556000	192.000000	0.000000	0.000000	0.000000	0.000000	0.000000	0.000000	0.000000	0.000000	0.000000	1733433148.093795	0.000000
28.000000	89636.619644	21712.283398	187500.000000	187500.000000	88115.628137	103878.346548	112974.970099	135076.486775	-0.030000	0.788000	0.556000	192.000000	0.000000	0.000000	0.000000	0.000000	0.000000	0.000000	0.000000	0.000000	0.000000	1733433148.098035	0.000000
29.000000	89641.246455	21687.092982	187500.000000	187500.000000	88119.651451	103882.123993	112986.145972	135085.896860	-0.028000	0.790000	0.556000	192.000000	255.000000	32.000000	24.000000	176.000000	17.000000	96.000000	0.000000	0.000000	0.000000	1733433148.102834	0.000000
30.000000	89640.732365	21682.019136	187500.000000	187500.000000	88122.020736	103887.242542	112991.242169	135100.157273	-0.028000	0.790000	0.556000	192.000000	0.000000	0.000000	0.000000	0.000000	0.000000	0.000000	0.000000	0.000000	0.000000	1733433148.106996	0.000000
31.000000	89641.224103	21689.663433	187500.000000	187500.000000	88116.186931	103890.483545	112985.743640	135093.563508	-0.028000	0.790000	0.556000	192.000000	0.000000	0.000000	0.000000	0.000000	0.000000	0.000000	0.000000	0.000000	0.000000	1733433148.109955	0.000000
32.000000	89642.252283	21717.603113	187500.000000	187500.000000	88108.252061	103886.460231	112978.322861	135117.166950	-0.028000	0.790000	0.556000	192.000000	0.000000	0.000000	0.000000	0.000000	0.000000	0.000000	0.000000	0.000000	0.000000	1733433148.113944	0.000000
33.000000	89630.562321	21691.339814	187500.000000	187500.000000	88106.329811	103884.180353	112981.094477	135079.191337	-0.028000	0.790000	0.556000	192.000000	0.000000	0.000000	0.000000	0.000000	0.000000	0.000000	0.000000	0.000000	0.000000	1733433148.117778	0.000000
34.000000	89626.159027	21665.680011	187500.000000	187500.000000	88106.978012	103893.903362	112988.939940	135074.564525	-0.028000	0.790000	0.556000	192.000000	0.000000	0.000000	0.000000	0.000000	0.000000	0.000000	0.000000	0.000000	0.000000	1733433148.121800	0.000000
35.000000	89642.229932	21688.657604	187500.000000	187500.000000	88123.831227	103917.752673	112996.561884	135096.201014	-0.028000	0.790000	0.556000	192.000000	0.000000	0.000000	0.000000	0.000000	0.000000	0.000000	0.000000	0.000000	0.000000	1733433148.125821	0.000000
36.000000	89643.124001	21698.760593	187500.000000	187500.000000	88128.011003	103918.602040	113005.457879	135103.979421	-0.028000	0.790000	0.556000	192.000000	0.000000	0.000000	0.000000	0.000000	0.000000	0.000000	0.000000	0.000000	0.000000	1733433148.130818	0.000000
37.000000	89639.190094	21703.365052	187500.000000	187500.000000	88119.316175	103918.222060	113004.474402	135103.063000	-0.028000	0.790000	0.556000	192.000000	0.000000	0.000000	0.000000	0.000000	0.000000	0.000000	0.000000	0.000000	0.000000	1733433148.133992	0.000000
38.000000	89646.163839	21700.682843	187500.000000	187500.000000	88124.054745	103910.220135	113007.961274	135108.293308	-0.028000	0.790000	0.556000	192.000000	0.000000	0.000000	0.000000	0.000000	0.000000	0.000000	0.000000	0.000000	0.000000	1733433148.138000	0.000000
39.000000	89643.235760	21698.470020	187500.000000	187500.000000	88116.321041	103906.532098	112996.271312	135085.472177	-0.030000	0.790000	0.558000	192.000000	255.000000	16.000000	24.000000	176.000000	17.000000	112.000000	0.000000	0.000000	0.000000	1733433148.142246	0.000000
40.000000	89642.520504	21690.199875	187500.000000	187500.000000	88110.263718	103898.507821	112988.984643	135086.343895	-0.030000	0.790000	0.558000	192.000000	0.000000	0.000000	0.000000	0.000000	0.000000	0.000000	0.000000	0.000000	0.000000	1733433148.145913	0.000000
41.000000	89645.716804	21695.452535	187500.000000	187500.000000	88105.011058	103896.160888	112987.330614	135088.646124	-0.030000	0.790000	0.558000	192.000000	0.000000	0.000000	0.000000	0.000000	0.000000	0.000000	0.000000	0.000000	0.000000	1733433148.149862	0.000000
42.000000	89633.378641	21693.552636	187500.000000	187500.000000	88090.437721	103889.611827	112977.920530	135072.552868	-0.030000	0.790000	0.558000	192.000000	0.000000	0.000000	0.000000	0.000000	0.000000	0.000000	0.000000	0.000000	0.000000	1733433148.153821	0.000000
43.000000	89622.470990	21668.049296	187500.000000	187500.000000	88083.508680	103886.728452	112972.623166	135068.708368	-0.030000	0.790000	0.558000	192.000000	0.000000	0.000000	0.000000	0.000000	0.000000	0.000000	0.000000	0.000000	0.000000	1733433148.158872	0.000000
44.000000	89630.964652	21658.929784	187500.000000	187500.000000	88086.973201	103900.877106	112984.648405	135089.137863	-0.030000	0.790000	0.558000	192.000000	0.000000	0.000000	0.000000	0.000000	0.000000	0.000000	0.000000	0.000000	0.000000	1733433148.161907	0.000000
45.000000	89642.364042	21674.777171	187500.000000	187500.000000	88109.995497	103934.985868	112999.869943	135095.843386	-0.030000	0.790000	0.558000	192.000000	0.000000	0.000000	0.000000	0.000000	0.000000	0.000000	0.000000	0.000000	0.000000	1733433148.164896	0.000000
46.000000	89634.987966	21679.471037	187500.000000	187500.000000	88096.562099	103912.052979	112990.817486	135091.283630	-0.030000	0.790000	0.558000	192.000000	0.000000	0.000000	0.000000	0.000000	0.000000	0.000000	0.000000	0.000000	0.000000	1733433148.170049	0.000000
47.000000	89640.799420	21682.600282	187500.000000	187500.000000	88104.541672	103915.070464	112996.450126	135087.215613	-0.030000	0.790000	0.558000	192.000000	0.000000	0.000000	0.000000	0.000000	0.000000	0.000000	0.000000	0.000000	0.000000	1733433148.174875	0.000000
48.000000	89643.258112	21686.176561	187500.000000	187500.000000	88100.138378	103910.220135	113004.675568	135097.966802	-0.030000	0.790000	0.558000	192.000000	0.000000	0.000000	0.000000	0.000000	0.000000	0.000000	0.000000	0.000000	0.000000	1733433148.178242	0.000000
49.000000	89627.947167	21665.881177	187500.000000	187500.000000	88077.071378	103885.052071	112981.876788	135090.121340	-0.030000	0.792000	0.556000	192.000000	255.000000	16.000000	24.000000	192.000000	17.000000	96.000000	0.000000	0.000000	0.000000	1733433148.182106	0.000000
50.000000	89628.841237	21676.274738	187500.000000	187500.000000	88077.026674	103889.656531	112973.114905	135107.332183	-0.030000	0.792000	0.556000	192.000000	0.000000	0.000000	0.000000	0.000000	0.000000	0.000000	0.000000	0.000000	0.000000	1733433148.186918	0.000000
51.000000	89631.724612	21674.374840	187500.000000	187500.000000	88077.920744	103897.010255	112977.697012	135100.246680	-0.030000	0.792000	0.556000	192.000000	0.000000	0.000000	0.000000	0.000000	0.000000	0.000000	0.000000	0.000000	0.000000	1733433148.189914	0.000000
52.000000	89622.962728	21676.654718	187500.000000	187500.000000	88070.589372	103891.757595	112973.338422	135080.599496	-0.030000	0.792000	0.556000	192.000000	0.000000	0.000000	0.000000	0.000000	0.000000	0.000000	0.000000	0.000000	0.000000	1733433148.193087	0.000000
53.000000	89628.707126	21673.391363	187500.000000	187500.000000	88069.762357	103894.395100	112970.119771	135094.882261	-0.030000	0.792000	0.556000	192.000000	0.000000	0.000000	0.000000	0.000000	0.000000	0.000000	0.000000	0.000000	0.000000	1733433148.197971	0.000000
54.000000	89631.814019	21685.617767	187500.000000	187500.000000	88073.405692	103892.539906	112971.416172	135085.047494	-0.030000	0.792000	0.556000	192.000000	0.000000	0.000000	0.000000	0.000000	0.000000	0.000000	0.000000	0.000000	0.000000	1733433148.201916	0.000000
55.000000	89632.305757	21685.640119	187500.000000	187500.000000	88080.290029	103893.366920	112972.489056	135075.771520	-0.030000	0.792000	0.556000	192.000000	0.000000	0.000000	0.000000	0.000000	0.000000	0.000000	0.000000	0.000000	0.000000	1733433148.206088	0.000000
56.000000	89633.311586	21674.218377	187500.000000	187500.000000	88081.094692	103894.842135	112973.338422	135080.420682	-0.030000	0.792000	0.556000	192.000000	0.000000	0.000000	0.000000	0.000000	0.000000	0.000000	0.000000	0.000000	0.000000	1733433148.210158	0.000000
57.000000	89625.756696	21668.652793	187500.000000	187500.000000	88082.614611	103896.026778	112969.583329	135090.836595	-0.030000	0.792000	0.556000	192.000000	0.000000	0.000000	0.000000	0.000000	0.000000	0.000000	0.000000	0.000000	0.000000	1733433148.214163	0.000000
58.000000	89626.516655	21671.714982	187500.000000	187500.000000	88083.039294	103890.595304	112974.277195	135085.405121	-0.030000	0.792000	0.556000	192.000000	0.000000	0.000000	0.000000	0.000000	0.000000	0.000000	0.000000	0.000000	0.000000	1733433148.218109	0.000000
59.000000	89625.466123	21668.071648	187500.000000	187500.000000	88080.312381	103888.650702	112976.378259	135082.275877	-0.038000	0.786000	0.552000	192.000000	254.000000	208.000000	24.000000	144.000000	17.000000	64.000000	0.000000	0.000000	0.000000	1733433148.220936	0.000000
60.000000	89624.147370	21671.245595	187500.000000	187500.000000	88073.070416	103883.554504	112973.092553	135083.751092	-0.038000	0.786000	0.552000	192.000000	0.000000	0.000000	0.000000	0.000000	0.000000	0.000000	0.000000	0.000000	0.000000	1733433148.225971	0.000000
61.000000	89625.443772	21676.699421	187500.000000	187500.000000	88071.729311	103880.447612	112973.740753	135115.423514	-0.038000	0.786000	0.552000	192.000000	0.000000	0.000000	0.000000	0.000000	0.000000	0.000000	0.000000	0.000000	0.000000	1733433148.229951	0.000000
62.000000	89627.902463	21666.887005	187500.000000	187500.000000	88071.483442	103871.529266	112968.577500	135117.479875	-0.038000	0.786000	0.552000	192.000000	0.000000	0.000000	0.000000	0.000000	0.000000	0.000000	0.000000	0.000000	0.000000	1733433148.233984	0.000000
63.000000	89634.295062	21679.158113	187500.000000	187500.000000	88077.250192	103877.675996	112970.365640	135088.377904	-0.038000	0.786000	0.552000	192.000000	0.000000	0.000000	0.000000	0.000000	0.000000	0.000000	0.000000	0.000000	0.000000	1733433148.238223	0.000000
64.000000	89642.095821	21701.465154	187500.000000	187500.000000	88086.280297	103892.338740	112977.294681	135080.107758	-0.038000	0.786000	0.552000	192.000000	0.000000	0.000000	0.000000	0.000000	0.000000	0.000000	0.000000	0.000000	0.000000	1733433148.242215	0.000000
65.000000	89629.623548	21676.341793	187500.000000	187500.000000	88066.163727	103876.737222	112964.844759	135063.969799	-0.038000	0.786000	0.552000	192.000000	0.000000	0.000000	0.000000	0.000000	0.000000	0.000000	0.000000	0.000000	0.000000	1733433148.246302	0.000000
66.000000	89624.728516	21664.115389	187500.000000	187500.000000	88054.786689	103869.495257	112961.044963	135064.014502	-0.038000	0.786000	0.552000	192.000000	0.000000	0.000000	0.000000	0.000000	0.000000	0.000000	0.000000	0.000000	0.000000	1733433148.249305	0.000000
67.000000	89631.568150	21662.394305	187500.000000	187500.000000	88058.854706	103879.799411	112966.297622	135069.356569	-0.038000	0.786000	0.552000	192.000000	0.000000	0.000000	0.000000	0.000000	0.000000	0.000000	0.000000	0.000000	0.000000	1733433148.254016	0.000000
68.000000	89634.719745	21667.982241	187500.000000	187500.000000	88059.212334	103881.408737	112965.180035	135073.245773	-0.038000	0.786000	0.552000	192.000000	0.000000	0.000000	0.000000	0.000000	0.000000	0.000000	0.000000	0.000000	0.000000	1733433148.258032	0.000000
69.000000	89630.227045	21663.690706	187500.000000	187500.000000	88047.522372	103870.881065	112950.874919	135047.876543	-0.036000	0.788000	0.554000	192.000000	254.000000	224.000000	24.000000	160.000000	17.000000	80.000000	0.000000	0.000000	0.000000	1733433148.262042	0.000000
70.000000	89638.787763	21673.726639	187500.000000	187500.000000	88058.921761	103911.382426	112960.285003	135073.625752	-0.036000	0.788000	0.554000	192.000000	0.000000	0.000000	0.000000	0.000000	0.000000	0.000000	0.000000	0.000000	0.000000	1733433148.266039	0.000000
71.000000	89646.365004	21694.491410	187500.000000	187500.000000	88068.823584	103936.595194	112970.700916	135103.420628	-0.036000	0.788000	0.554000	192.000000	0.000000	0.000000	0.000000	0.000000	0.000000	0.000000	0.000000	0.000000	0.000000	1733433148.269054	0.000000
72.000000	89648.287254	21692.099773	187500.000000	187500.000000	88068.309494	103888.985978	112960.083838	135068.373092	-0.036000	0.788000	0.554000	192.000000	0.000000	0.000000	0.000000	0.000000	0.000000	0.000000	0.000000	0.000000	0.000000	1733433148.273303	0.000000
73.000000	89648.108440	21679.269872	187500.000000	187500.000000	88074.098596	103870.456382	112953.199500	135059.767671	-0.036000	0.788000	0.554000	192.000000	0.000000	0.000000	0.000000	0.000000	0.000000	0.000000	0.000000	0.000000	0.000000	1733433148.277317	0.000000
74.000000	89642.542856	21673.860749	187500.000000	187500.000000	88071.885773	103873.004481	112966.029402	135068.127223	-0.036000	0.788000	0.554000	192.000000	0.000000	0.000000	0.000000	0.000000	0.000000	0.000000	0.000000	0.000000	0.000000	1733433148.281265	0.000000
75.000000	89639.860647	21670.351526	187500.000000	187500.000000	88075.394997	103879.777060	112977.764067	135064.685054	-0.036000	0.788000	0.554000	192.000000	0.000000	0.000000	0.000000	0.000000	0.000000	0.000000	0.000000	0.000000	0.000000	1733433148.286204	0.000000
76.000000	89642.878132	21659.265060	187500.000000	187500.000000	88080.580602	103885.230885	112975.841817	135074.363360	-0.036000	0.788000	0.554000	192.000000	0.000000	0.000000	0.000000	0.000000	0.000000	0.000000	0.000000	0.000000	0.000000	1733433148.290055	0.000000
77.000000	89646.722632	21657.298107	187500.000000	187500.000000	88090.862404	103898.485470	112987.397669	135084.846328	-0.036000	0.788000	0.554000	192.000000	0.000000	0.000000	0.000000	0.000000	0.000000	0.000000	0.000000	0.000000	0.000000	1733433148.294292	0.000000
78.000000	89650.008339	21670.977374	187500.000000	187500.000000	88090.907108	103899.156022	112976.400611	135090.791892	-0.036000	0.788000	0.554000	192.000000	0.000000	0.000000	0.000000	0.000000	0.000000	0.000000	0.000000	0.000000	0.000000	1733433148.297057	0.000000
79.000000	89651.751775	21678.755782	187500.000000	187500.000000	88083.553384	103896.809089	112972.667870	135085.539232	-0.034000	0.782000	0.554000	192.000000	254.000000	240.000000	24.000000	112.000000	17.000000	80.000000	0.000000	0.000000	0.000000	1733433148.301089	0.000000
80.000000	89635.814981	21666.439970	187500.000000	187500.000000	88069.538840	103888.851868	112963.794227	135062.002845	-0.034000	0.782000	0.554000	192.000000	0.000000	0.000000	0.000000	0.000000	0.000000	0.000000	0.000000	0.000000	0.000000	1733433148.305188	0.000000
81.000000	89640.955882	21693.127953	187500.000000	187500.000000	88079.306552	103922.111264	112973.785457	135073.335179	-0.034000	0.782000	0.554000	192.000000	0.000000	0.000000	0.000000	0.000000	0.000000	0.000000	0.000000	0.000000	0.000000	1733433148.310379	0.000000
82.000000	89648.823696	21680.700383	187500.000000	187500.000000	88083.955715	103905.079234	112970.924434	135068.998941	-0.034000	0.782000	0.554000	192.000000	0.000000	0.000000	0.000000	0.000000	0.000000	0.000000	0.000000	0.000000	0.000000	1733433148.314357	0.000000
83.000000	89648.466068	21657.007534	187500.000000	187500.000000	88077.786634	103884.850906	112964.509483	135070.250639	-0.034000	0.782000	0.554000	192.000000	0.000000	0.000000	0.000000	0.000000	0.000000	0.000000	0.000000	0.000000	0.000000	1733433148.318493	0.000000
84.000000	89644.554513	21655.085284	187500.000000	187500.000000	88080.222974	103881.095812	112968.488093	135068.998941	-0.034000	0.782000	0.554000	192.000000	0.000000	0.000000	0.000000	0.000000	0.000000	0.000000	0.000000	0.000000	0.000000	1733433148.322137	0.000000
85.000000	89647.102612	21675.291261	187500.000000	187500.000000	88081.541727	103891.891705	112978.367564	135090.389561	-0.034000	0.782000	0.554000	192.000000	0.000000	0.000000	0.000000	0.000000	0.000000	0.000000	0.000000	0.000000	0.000000	1733433148.325138	0.000000
86.000000	89647.124964	21666.909357	187500.000000	187500.000000	88083.218108	103896.943199	112980.803905	135089.339029	-0.034000	0.782000	0.554000	192.000000	0.000000	0.000000	0.000000	0.000000	0.000000	0.000000	0.000000	0.000000	0.000000	1733433148.329158	0.000000
87.000000	89644.152182	21652.313668	187500.000000	187500.000000	88085.609744	103902.486432	112982.301472	135091.976534	-0.034000	0.782000	0.554000	192.000000	0.000000	0.000000	0.000000	0.000000	0.000000	0.000000	0.000000	0.000000	0.000000	1733433148.333149	0.000000
88.000000	89639.726536	21660.159130	187500.000000	187500.000000	88085.788558	103920.211365	112975.081858	135089.853119	-0.034000	0.782000	0.554000	192.000000	0.000000	0.000000	0.000000	0.000000	0.000000	0.000000	0.000000	0.000000	0.000000	1733433148.337113	0.000000
89.000000	89629.981176	21659.779150	187500.000000	187500.000000	88071.595200	103906.643856	112976.713535	135087.617944	-0.030000	0.786000	0.556000	192.000000	255.000000	16.000000	24.000000	144.000000	17.000000	96.000000	0.000000	0.000000	0.000000	1733433148.342253	0.000000
90.000000	89633.356289	21673.503122	187500.000000	187500.000000	88079.708884	103910.242487	112992.203294	135103.018296	-0.030000	0.786000	0.556000	192.000000	0.000000	0.000000	0.000000	0.000000	0.000000	0.000000	0.000000	0.000000	0.000000	1733433148.346411	0.000000
91.000000	89633.311586	21679.962776	187500.000000	187500.000000	88080.938230	103908.655513	112986.593006	135066.361435	-0.030000	0.786000	0.556000	192.000000	0.000000	0.000000	0.000000	0.000000	0.000000	0.000000	0.000000	0.000000	0.000000	1733433148.350336	0.000000
92.000000	89622.359231	21638.567345	187500.000000	187500.000000	88065.962561	103901.279438	112981.340346	135087.103854	-0.030000	0.786000	0.556000	192.000000	0.000000	0.000000	0.000000	0.000000	0.000000	0.000000	0.000000	0.000000	0.000000	1733433148.353373	0.000000
93.000000	89619.073524	21618.517830	187500.000000	187500.000000	88054.607875	103887.242542	112968.756314	135096.044552	-0.030000	0.786000	0.556000	192.000000	0.000000	0.000000	0.000000	0.000000	0.000000	0.000000	0.000000	0.000000	0.000000	1733433148.357157	0.000000
94.000000	89628.014222	21635.952191	187500.000000	187500.000000	88057.066567	103873.205647	112958.943899	135077.380845	-0.030000	0.786000	0.556000	192.000000	0.000000	0.000000	0.000000	0.000000	0.000000	0.000000	0.000000	0.000000	0.000000	1733433148.361325	0.000000
95.000000	89623.990908	21638.053255	187500.000000	187500.000000	88061.514564	103873.116240	112960.039134	135055.252618	-0.030000	0.786000	0.556000	192.000000	0.000000	0.000000	0.000000	0.000000	0.000000	0.000000	0.000000	0.000000	0.000000	1733433148.365153	0.000000
96.000000	89624.706164	21646.457511	187500.000000	187500.000000	88067.683645	103885.946141	112973.003146	135053.643293	-0.030000	0.786000	0.556000	192.000000	0.000000	0.000000	0.000000	0.000000	0.000000	0.000000	0.000000	0.000000	0.000000	1733433148.370209	0.000000
97.000000	89629.087106	21659.868557	187500.000000	187500.000000	88073.919782	103894.171583	112984.223722	135086.030970	-0.030000	0.786000	0.556000	192.000000	0.000000	0.000000	0.000000	0.000000	0.000000	0.000000	0.000000	0.000000	0.000000	1733433148.374189	0.000000
98.000000	89631.299929	21658.996839	187500.000000	187500.000000	88074.970314	103910.309542	112984.782515	135075.525650	-0.030000	0.786000	0.556000	192.000000	0.000000	0.000000	0.000000	0.000000	0.000000	0.000000	0.000000	0.000000	0.000000	1733433148.377260	0.000000
99.000000	89626.918987	21648.402113	187500.000000	187500.000000	88065.403767	103900.318313	112978.412268	135066.920229	-0.038000	0.784000	0.562000	192.000000	254.000000	208.000000	24.000000	128.000000	17.000000	144.000000	0.000000	0.000000	0.000000	1733433148.381373	0.000000
100.000000	89624.706164	21642.992990	187500.000000	187500.000000	88057.290084	103872.333929	112971.550282	135049.485868	-0.038000	0.784000	0.562000	192.000000	0.000000	0.000000	0.000000	0.000000	0.000000	0.000000	0.000000	0.000000	0.000000	1733433148.385343	0.000000
101.000000	89631.635205	21658.840377	187500.000000	187500.000000	88067.571886	103887.242542	112979.283986	135059.007711	-0.038000	0.784000	0.562000	192.000000	0.000000	0.000000	0.000000	0.000000	0.000000	0.000000	0.000000	0.000000	0.000000	1733433148.389499	0.000000
102.000000	89629.109458	21651.464302	187500.000000	187500.000000	88062.207468	103882.436917	112978.747544	135060.482926	-0.038000	0.784000	0.562000	192.000000	0.000000	0.000000	0.000000	0.000000	0.000000	0.000000	0.000000	0.000000	0.000000	1733433148.393249	0.000000
103.000000	89635.457353	21644.602316	187500.000000	187500.000000	88061.313398	103887.510763	112981.541512	135073.312828	-0.038000	0.784000	0.562000	192.000000	0.000000	0.000000	0.000000	0.000000	0.000000	0.000000	0.000000	0.000000	0.000000	1733433148.398207	0.000000
104.000000	89635.636167	21647.932726	187500.000000	187500.000000	88055.747814	103874.591455	112980.289815	135082.208822	-0.038000	0.784000	0.562000	192.000000	0.000000	0.000000	0.000000	0.000000	0.000000	0.000000	0.000000	0.000000	0.000000	1733433148.402200	0.000000
105.000000	89635.278539	21651.061970	187500.000000	187500.000000	88051.031596	103878.391251	112978.702841	135074.072787	-0.038000	0.784000	0.562000	192.000000	0.000000	0.000000	0.000000	0.000000	0.000000	0.000000	0.000000	0.000000	0.000000	1733433148.405280	0.000000
106.000000	89639.525371	21646.837490	187500.000000	187500.000000	88057.133622	103894.842135	112983.799038	135073.782214	-0.038000	0.784000	0.562000	192.000000	0.000000	0.000000	0.000000	0.000000	0.000000	0.000000	0.000000	0.000000	0.000000	1733433148.409273	0.000000
107.000000	89644.889789	21676.207683	187500.000000	187500.000000	88057.155974	103893.881010	112985.676585	135087.774406	-0.038000	0.784000	0.562000	192.000000	0.000000	0.000000	0.000000	0.000000	0.000000	0.000000	0.000000	0.000000	0.000000	1733433148.413287	0.000000
108.000000	89638.564246	21693.351471	187500.000000	187500.000000	88039.386337	103879.866467	112975.953576	135088.668476	-0.038000	0.784000	0.562000	192.000000	0.000000	0.000000	0.000000	0.000000	0.000000	0.000000	0.000000	0.000000	0.000000	1733433148.417497	0.000000
109.000000	89646.208542	21671.714982	187500.000000	187500.000000	88052.596218	103886.571990	112981.809733	135086.433302	-0.030000	0.782000	0.566000	192.000000	255.000000	16.000000	24.000000	112.000000	17.000000	176.000000	0.000000	0.000000	0.000000	1733433148.421509	0.000000
110.000000	89641.268807	21669.993898	187500.000000	187500.000000	88055.613703	103892.428147	112970.835027	135070.317694	-0.030000	0.782000	0.566000	192.000000	0.000000	0.000000	0.000000	0.000000	0.000000	0.000000	0.000000	0.000000	0.000000	1733433148.425497	0.000000
111.000000	89628.662423	21618.294313	187500.000000	187500.000000	88050.651616	103905.570973	112974.478361	135050.558752	-0.030000	0.782000	0.566000	192.000000	0.000000	0.000000	0.000000	0.000000	0.000000	0.000000	0.000000	0.000000	0.000000	1733433148.430555	0.000000
112.000000	89628.215388	21615.343882	187500.000000	187500.000000	88048.505848	103897.233772	112973.316070	135047.608322	-0.030000	0.782000	0.566000	192.000000	0.000000	0.000000	0.000000	0.000000	0.000000	0.000000	0.000000	0.000000	0.000000	1733433148.433297	0.000000
113.000000	89631.188170	21624.821022	187500.000000	187500.000000	88043.029671	103886.124955	112968.376335	135056.861944	-0.030000	0.782000	0.566000	192.000000	0.000000	0.000000	0.000000	0.000000	0.000000	0.000000	0.000000	0.000000	0.000000	1733433148.437318	0.000000
114.000000	89625.086144	21640.444892	187500.000000	187500.000000	88031.406764	103875.597283	112960.664983	135055.342025	-0.030000	0.782000	0.566000	192.000000	0.000000	0.000000	0.000000	0.000000	0.000000	0.000000	0.000000	0.000000	0.000000	1733433148.441280	0.000000
115.000000	89633.870379	21689.618729	187500.000000	187500.000000	88038.313453	103889.880048	112967.951652	135060.617037	-0.030000	0.782000	0.566000	192.000000	0.000000	0.000000	0.000000	0.000000	0.000000	0.000000	0.000000	0.000000	0.000000	1733433148.445362	0.000000
116.000000	89634.049193	21662.818988	187500.000000	187500.000000	88034.200732	103869.294091	112962.229605	135075.011560	-0.030000	0.782000	0.566000	192.000000	0.000000	0.000000	0.000000	0.000000	0.000000	0.000000	0.000000	0.000000	0.000000	1733433148.449296	0.000000
117.000000	89625.935510	21616.260304	187500.000000	187500.000000	88020.588520	103851.144475	112947.298640	135052.972740	-0.030000	0.782000	0.566000	192.000000	0.000000	0.000000	0.000000	0.000000	0.000000	0.000000	0.000000	0.000000	0.000000	1733433148.453438	0.000000
118.000000	89616.704239	21612.684025	187500.000000	187500.000000	88017.123999	103865.673109	112959.659154	135029.369298	-0.030000	0.782000	0.566000	192.000000	0.000000	0.000000	0.000000	0.000000	0.000000	0.000000	0.000000	0.000000	0.000000	1733433148.458581	0.000000
119.000000	89613.150312	21623.211697	187500.000000	187500.000000	88016.475799	103884.515629	112966.632899	135034.085516	-0.034000	0.782000	0.568000	192.000000	254.000000	240.000000	24.000000	112.000000	17.000000	192.000000	0.000000	0.000000	0.000000	1733433148.461574	0.000000
120.000000	89610.669268	21616.617932	187500.000000	187500.000000	88011.670174	103864.756687	112955.635840	135045.171981	-0.034000	0.782000	0.568000	192.000000	0.000000	0.000000	0.000000	0.000000	0.000000	0.000000	0.000000	0.000000	0.000000	1733433148.465570	0.000000
121.000000	89609.104646	21615.388586	187500.000000	187500.000000	88008.697392	103848.305803	112945.510500	135062.047549	-0.034000	0.782000	0.568000	192.000000	0.000000	0.000000	0.000000	0.000000	0.000000	0.000000	0.000000	0.000000	0.000000	1733433148.469315	0.000000
122.000000	89600.968611	21607.118441	187500.000000	187500.000000	88002.796531	103852.217359	112941.017799	135058.985360	-0.034000	0.782000	0.568000	192.000000	0.000000	0.000000	0.000000	0.000000	0.000000	0.000000	0.000000	0.000000	0.000000	1733433148.473362	0.000000
123.000000	89591.849100	21592.701565	187500.000000	187500.000000	88003.891767	103851.993841	112957.871015	135072.686979	-0.034000	0.782000	0.568000	192.000000	0.000000	0.000000	0.000000	0.000000	0.000000	0.000000	0.000000	0.000000	0.000000	1733433148.477598	0.000000
124.000000	89598.353457	21599.429440	187500.000000	187500.000000	87999.354362	103851.189178	112954.719419	135105.253471	-0.034000	0.782000	0.568000	192.000000	0.000000	0.000000	0.000000	0.000000	0.000000	0.000000	0.000000	0.000000	0.000000	1733433148.481377	0.000000
125.000000	89600.141597	21602.089298	187500.000000	187500.000000	87992.358266	103836.124103	112940.280192	135078.476081	-0.034000	0.782000	0.568000	192.000000	0.000000	0.000000	0.000000	0.000000	0.000000	0.000000	0.000000	0.000000	0.000000	1733433148.485445	0.000000
126.000000	89605.282498	21604.704452	187500.000000	187500.000000	87999.376714	103839.163940	112948.863262	135020.070972	-0.034000	0.782000	0.568000	192.000000	0.000000	0.000000	0.000000	0.000000	0.000000	0.000000	0.000000	0.000000	0.000000	1733433148.489666	0.000000
127.000000	89617.285385	21610.985292	187500.000000	187500.000000	88012.407781	103855.391306	112968.868073	135012.873711	-0.034000	0.782000	0.568000	192.000000	0.000000	0.000000	0.000000	0.000000	0.000000	0.000000	0.000000	0.000000	0.000000	1733433148.492586	0.000000
128.000000	89631.769315	21644.892889	187500.000000	187500.000000	88027.159933	103883.308635	112987.643538	135036.208932	-0.034000	0.782000	0.568000	192.000000	0.000000	0.000000	0.000000	0.000000	0.000000	0.000000	0.000000	0.000000	0.000000	1733433148.497499	0.000000
129.000000	89634.429173	21662.103732	187500.000000	187500.000000	88031.987909	103889.120089	112996.405422	135061.354644	-0.034000	0.778000	0.560000	192.000000	254.000000	240.000000	24.000000	80.000000	17.000000	128.000000	0.000000	0.000000	0.000000	1733433148.501726	0.000000
130.000000	89632.864551	21639.975505	187500.000000	187500.000000	88036.122982	103879.754708	112993.365585	135071.278819	-0.034000	0.778000	0.560000	192.000000	0.000000	0.000000	0.000000	0.000000	0.000000	0.000000	0.000000	0.000000	0.000000	1733433148.505525	0.000000
131.000000	89609.819902	21601.038766	187500.000000	187500.000000	88027.986947	103855.570120	112962.542529	135070.652970	-0.034000	0.778000	0.560000	192.000000	0.000000	0.000000	0.000000	0.000000	0.000000	0.000000	0.000000	0.000000	0.000000	1733433148.509440	0.000000
132.000000	89609.551681	21593.483876	187500.000000	187500.000000	88035.675947	103872.222170	112978.926358	135071.994075	-0.034000	0.778000	0.560000	192.000000	0.000000	0.000000	0.000000	0.000000	0.000000	0.000000	0.000000	0.000000	0.000000	1733433148.513432	0.000000
133.000000	89611.071600	21614.159240	187500.000000	187500.000000	88032.613758	103875.217304	112977.160570	135078.207860	-0.034000	0.778000	0.560000	192.000000	0.000000	0.000000	0.000000	0.000000	0.000000	0.000000	0.000000	0.000000	0.000000	1733433148.516447	0.000000
134.000000	89613.440885	21620.194211	187500.000000	187500.000000	88033.217255	103861.135705	112978.144047	135059.790022	-0.034000	0.778000	0.560000	192.000000	0.000000	0.000000	0.000000	0.000000	0.000000	0.000000	0.000000	0.000000	0.000000	1733433148.520407	0.000000
135.000000	89621.129885	21615.366234	187500.000000	187500.000000	88044.728404	103876.446650	113006.329597	135073.625752	-0.034000	0.778000	0.560000	192.000000	0.000000	0.000000	0.000000	0.000000	0.000000	0.000000	0.000000	0.000000	0.000000	1733433148.525542	0.000000
136.000000	89625.220254	21625.871554	187500.000000	187500.000000	88048.997587	103872.937426	113009.212972	135070.809432	-0.034000	0.778000	0.560000	192.000000	0.000000	0.000000	0.000000	0.000000	0.000000	0.000000	0.000000	0.000000	0.000000	1733433148.529450	0.000000
137.000000	89626.114324	21635.728673	187500.000000	187500.000000	88044.549590	103865.606054	112995.198428	135073.156366	-0.034000	0.778000	0.560000	192.000000	0.000000	0.000000	0.000000	0.000000	0.000000	0.000000	0.000000	0.000000	0.000000	1733433148.533692	0.000000
138.000000	89618.648841	21628.576115	187500.000000	187500.000000	88032.814924	103864.801391	112984.111963	135049.888200	-0.034000	0.778000	0.560000	192.000000	0.000000	0.000000	0.000000	0.000000	0.000000	0.000000	0.000000	0.000000	0.000000	1733433148.537673	0.000000
139.000000	89616.950109	21630.476013	187500.000000	187500.000000	88024.880055	103859.906359	112976.914701	135040.634577	-0.034000	0.778000	0.560000	192.000000	0.000000	0.000000	0.000000	0.000000	0.000000	0.000000	0.000000	0.000000	0.000000	1733433148.541470	0.000000
140.000000	89614.692582	21615.545048	187500.000000	187500.000000	88015.760543	103853.804332	112973.651346	135043.272083	-0.026000	0.786000	0.558000	192.000000	255.000000	48.000000	24.000000	144.000000	17.000000	112.000000	0.000000	0.000000	0.000000	1733433148.544618	0.000000
141.000000	89622.627452	21624.843374	187500.000000	187500.000000	88021.259072	103865.896626	112981.742678	135065.310903	-0.026000	0.786000	0.558000	192.000000	0.000000	0.000000	0.000000	0.000000	0.000000	0.000000	0.000000	0.000000	0.000000	1733433148.548430	0.000000
142.000000	89621.979251	21616.506173	187500.000000	187500.000000	88024.030688	103876.759574	112987.241207	135056.370205	-0.026000	0.786000	0.558000	192.000000	0.000000	0.000000	0.000000	0.000000	0.000000	0.000000	0.000000	0.000000	0.000000	1733433148.553425	0.000000
143.000000	89614.133789	21604.346824	187500.000000	187500.000000	88018.979194	103878.123030	112989.006995	135072.016427	-0.026000	0.786000	0.558000	192.000000	0.000000	0.000000	0.000000	0.000000	0.000000	0.000000	0.000000	0.000000	0.000000	1733433148.557476	0.000000
144.000000	89609.104646	21602.089298	187500.000000	187500.000000	88009.814979	103892.338740	112990.213989	135082.901726	-0.026000	0.786000	0.558000	192.000000	0.000000	0.000000	0.000000	0.000000	0.000000	0.000000	0.000000	0.000000	0.000000	1733433148.561489	0.000000
145.000000	89629.645899	21620.104804	187500.000000	187500.000000	88028.255168	103891.847002	113005.457879	135059.745319	-0.026000	0.786000	0.558000	192.000000	0.000000	0.000000	0.000000	0.000000	0.000000	0.000000	0.000000	0.000000	0.000000	1733433148.565613	0.000000
146.000000	89631.411687	21618.473127	187500.000000	187500.000000	88034.401898	103879.978225	113008.832992	135055.453784	-0.026000	0.786000	0.558000	192.000000	0.000000	0.000000	0.000000	0.000000	0.000000	0.000000	0.000000	0.000000	0.000000	1733433148.568643	0.000000
147.000000	89634.362118	21633.202926	187500.000000	187500.000000	88038.224046	103891.265856	113020.768824	135073.804566	-0.026000	0.786000	0.558000	192.000000	0.000000	0.000000	0.000000	0.000000	0.000000	0.000000	0.000000	0.000000	0.000000	1733433148.572776	0.000000
148.000000	89635.099725	21634.007589	187500.000000	187500.000000	88035.452430	103885.677920	113022.400501	135069.825956	-0.026000	0.786000	0.558000	192.000000	0.000000	0.000000	0.000000	0.000000	0.000000	0.000000	0.000000	0.000000	0.000000	1733433148.576748	0.000000
149.000000	89628.841237	21621.267095	187500.000000	187500.000000	88032.770220	103861.918016	113016.946675	135077.023217	-0.026000	0.786000	0.558000	192.000000	0.000000	0.000000	0.000000	0.000000	0.000000	0.000000	0.000000	0.000000	0.000000	1733433148.581506	0.000000
150.000000	89623.253301	21616.752042	187500.000000	187500.000000	88032.680813	103871.484562	113013.906838	135078.498432	-0.022000	0.786000	0.560000	192.000000	255.000000	80.000000	24.000000	144.000000	17.000000	128.000000	0.000000	0.000000	0.000000	1733433148.585504	0.000000
151.000000	89628.908292	21638.656752	187500.000000	187500.000000	88038.224046	103875.641987	113021.282914	135106.840444	-0.022000	0.786000	0.560000	192.000000	0.000000	0.000000	0.000000	0.000000	0.000000	0.000000	0.000000	0.000000	0.000000	1733433148.589516	0.000000
152.000000	89623.856798	21633.560554	187500.000000	187500.000000	88024.455371	103856.821818	113002.462745	135063.969799	-0.022000	0.786000	0.560000	192.000000	0.000000	0.000000	0.000000	0.000000	0.000000	0.000000	0.000000	0.000000	0.000000	1733433148.593760	0.000000
153.000000	89624.974385	21621.311798	187500.000000	187500.000000	88024.365964	103851.435048	112990.996300	135056.839592	-0.022000	0.786000	0.560000	192.000000	0.000000	0.000000	0.000000	0.000000	0.000000	0.000000	0.000000	0.000000	0.000000	1733433148.596645	0.000000
154.000000	89623.879149	21621.848240	187500.000000	187500.000000	88019.113305	103852.530283	112986.995338	135063.545115	-0.022000	0.786000	0.560000	192.000000	0.000000	0.000000	0.000000	0.000000	0.000000	0.000000	0.000000	0.000000	0.000000	1733433148.600683	0.000000
155.000000	89626.471952	21626.519755	187500.000000	187500.000000	88026.444677	103864.622577	113006.128431	135067.322560	-0.022000	0.786000	0.560000	192.000000	0.000000	0.000000	0.000000	0.000000	0.000000	0.000000	0.000000	0.000000	0.000000	1733433148.604712	0.000000
156.000000	89621.353402	21633.649961	187500.000000	187500.000000	88022.577825	103853.178484	113006.664873	135068.373092	-0.022000	0.786000	0.560000	192.000000	0.000000	0.000000	0.000000	0.000000	0.000000	0.000000	0.000000	0.000000	0.000000	1733433148.608734	0.000000
157.000000	89623.365059	21632.755891	187500.000000	187500.000000	88023.561302	103860.107524	113003.066242	135053.978569	-0.022000	0.786000	0.560000	192.000000	0.000000	0.000000	0.000000	0.000000	0.000000	0.000000	0.000000	0.000000	0.000000	1733433148.613559	0.000000
158.000000	89617.643013	21627.190307	187500.000000	187500.000000	88016.900482	103865.695461	113004.027367	135056.414909	-0.022000	0.786000	0.560000	192.000000	0.000000	0.000000	0.000000	0.000000	0.000000	0.000000	0.000000	0.000000	0.000000	1733433148.617537	0.000000
159.000000	89605.930699	21613.287522	187500.000000	187500.000000	88003.712953	103855.950100	112991.756259	135053.263313	-0.022000	0.786000	0.560000	192.000000	0.000000	0.000000	0.000000	0.000000	0.000000	0.000000	0.000000	0.000000	0.000000	1733433148.621588	0.000000
160.000000	89598.733437	21608.839525	187500.000000	187500.000000	88005.612851	103854.564292	112988.492905	135065.266200	-0.034000	0.784000	0.560000	192.000000	254.000000	240.000000	24.000000	128.000000	17.000000	128.000000	0.000000	0.000000	0.000000	1733433148.624566	0.000000
161.000000	89607.517672	21622.250572	187500.000000	187500.000000	88017.660441	103852.709097	112990.281044	135043.652063	-0.034000	0.784000	0.560000	192.000000	0.000000	0.000000	0.000000	0.000000	0.000000	0.000000	0.000000	0.000000	0.000000	1733433148.628564	0.000000
162.000000	89607.249452	21635.952191	187500.000000	187500.000000	88023.963633	103855.681879	112991.264521	135046.490734	-0.034000	0.784000	0.560000	192.000000	0.000000	0.000000	0.000000	0.000000	0.000000	0.000000	0.000000	0.000000	0.000000	1733433148.632694	0.000000
163.000000	89598.666382	21637.762682	187500.000000	187500.000000	88016.945185	103859.571083	112988.671719	135060.192354	-0.034000	0.784000	0.560000	192.000000	0.000000	0.000000	0.000000	0.000000	0.000000	0.000000	0.000000	0.000000	0.000000	1733433148.637794	0.000000
164.000000	89589.613925	21610.247685	187500.000000	187500.000000	87998.795569	103841.063838	112976.914701	135065.623828	-0.034000	0.784000	0.560000	192.000000	0.000000	0.000000	0.000000	0.000000	0.000000	0.000000	0.000000	0.000000	0.000000	1733433148.641997	0.000000
165.000000	89580.226193	21582.777391	187500.000000	187500.000000	87983.417569	103817.952134	112949.220890	135025.636557	-0.034000	0.784000	0.560000	192.000000	0.000000	0.000000	0.000000	0.000000	0.000000	0.000000	0.000000	0.000000	0.000000	1733433148.645869	0.000000
166.000000	89582.282553	21571.042725	187500.000000	187500.000000	87987.440883	103821.595469	112955.211157	135007.509292	-0.034000	0.784000	0.560000	192.000000	0.000000	0.000000	0.000000	0.000000	0.000000	0.000000	0.000000	0.000000	0.000000	1733433148.648614	0.000000
167.000000	89581.656704	21577.100048	187500.000000	187500.000000	87990.123092	103829.619745	112967.839893	135008.224548	-0.034000	0.784000	0.560000	192.000000	0.000000	0.000000	0.000000	0.000000	0.000000	0.000000	0.000000	0.000000	0.000000	1733433148.652607	0.000000
168.000000	89594.777178	21597.037804	187500.000000	187500.000000	87995.532214	103848.529321	112979.574559	135036.208932	-0.034000	0.784000	0.560000	192.000000	0.000000	0.000000	0.000000	0.000000	0.000000	0.000000	0.000000	0.000000	0.000000	1733433148.656614	0.000000
169.000000	89596.900594	21615.142717	187500.000000	187500.000000	87998.326182	103855.637176	112986.816524	135051.341063	-0.034000	0.784000	0.560000	192.000000	0.000000	0.000000	0.000000	0.000000	0.000000	0.000000	0.000000	0.000000	0.000000	1733433148.660930	0.000000
170.000000	89610.244585	21637.092130	187500.000000	187500.000000	88019.962671	103862.387402	113002.708614	135073.223421	-0.030000	0.782000	0.562000	192.000000	255.000000	16.000000	24.000000	112.000000	17.000000	144.000000	0.000000	0.000000	0.000000	1733433148.664778	0.000000
171.000000	89599.113417	21616.573228	187500.000000	187500.000000	88005.545796	103843.053143	112982.167361	135056.705482	-0.030000	0.782000	0.562000	192.000000	0.000000	0.000000	0.000000	0.000000	0.000000	0.000000	0.000000	0.000000	0.000000	1733433148.669757	0.000000
172.000000	89578.281591	21583.492647	187500.000000	187500.000000	87984.266935	103823.942402	112963.280137	135031.895045	-0.030000	0.782000	0.562000	192.000000	0.000000	0.000000	0.000000	0.000000	0.000000	0.000000	0.000000	0.000000	0.000000	1733433148.673862	0.000000
173.000000	89574.750015	21583.112667	187500.000000	187500.000000	87981.070635	103815.381684	112961.000259	135018.394592	-0.030000	0.782000	0.562000	192.000000	0.000000	0.000000	0.000000	0.000000	0.000000	0.000000	0.000000	0.000000	0.000000	1733433148.677001	0.000000
174.000000	89575.018236	21582.553873	187500.000000	187500.000000	87986.144481	103829.686800	112971.729096	135015.846493	-0.030000	0.782000	0.562000	192.000000	0.000000	0.000000	0.000000	0.000000	0.000000	0.000000	0.000000	0.000000	0.000000	1733433148.681034	0.000000
175.000000	89580.896745	21588.566493	187500.000000	187500.000000	87983.842252	103840.952079	112976.244149	135011.666717	-0.030000	0.782000	0.562000	192.000000	0.000000	0.000000	0.000000	0.000000	0.000000	0.000000	0.000000	0.000000	0.000000	1733433148.684662	0.000000
176.000000	89580.717931	21593.349766	187500.000000	187500.000000	87986.658572	103837.800483	112977.451143	135020.853284	-0.030000	0.782000	0.562000	192.000000	0.000000	0.000000	0.000000	0.000000	0.000000	0.000000	0.000000	0.000000	0.000000	1733433148.688668	0.000000
177.000000	89574.347684	21589.393507	187500.000000	187500.000000	87972.353455	103817.572155	112965.783532	135026.821199	-0.030000	0.782000	0.562000	192.000000	0.000000	0.000000	0.000000	0.000000	0.000000	0.000000	0.000000	0.000000	0.000000	1733433148.692657	0.000000
178.000000	89578.326294	21588.007699	187500.000000	187500.000000	87968.486603	103821.148434	112967.750486	135010.951461	-0.030000	0.782000	0.562000	192.000000	0.000000	0.000000	0.000000	0.000000	0.000000	0.000000	0.000000	0.000000	0.000000	1733433148.697695	0.000000
179.000000	89594.263088	21598.870647	187500.000000	187500.000000	87983.305810	103837.621669	112978.255806	135040.545170	-0.030000	0.782000	0.562000	192.000000	0.000000	0.000000	0.000000	0.000000	0.000000	0.000000	0.000000	0.000000	0.000000	1733433148.701936	0.000000
180.000000	89584.473024	21594.266187	187500.000000	187500.000000	87975.169775	103831.251422	112973.874864	135050.737566	-0.038000	0.788000	0.562000	192.000000	254.000000	208.000000	24.000000	160.000000	17.000000	144.000000	0.000000	0.000000	0.000000	1733433148.705006	0.000000
181.000000	89583.780120	21587.828885	187500.000000	187500.000000	87976.644990	103829.530338	112969.985660	135013.723077	-0.038000	0.788000	0.562000	192.000000	0.000000	0.000000	0.000000	0.000000	0.000000	0.000000	0.000000	0.000000	0.000000	1733433148.708840	0.000000
182.000000	89576.962838	21580.475161	187500.000000	187500.000000	87962.742205	103826.110521	112959.480340	135002.614260	-0.038000	0.788000	0.562000	192.000000	0.000000	0.000000	0.000000	0.000000	0.000000	0.000000	0.000000	0.000000	0.000000	1733433148.712915	0.000000
183.000000	89552.241808	21563.599594	187500.000000	187500.000000	87927.694670	103797.232067	112933.485262	135009.990336	-0.038000	0.788000	0.562000	192.000000	0.000000	0.000000	0.000000	0.000000	0.000000	0.000000	0.000000	0.000000	0.000000	1733433148.716914	0.000000
184.000000	89562.009521	21571.512112	187500.000000	187500.000000	87935.182504	103799.958980	112938.849680	134982.721207	-0.038000	0.788000	0.562000	192.000000	0.000000	0.000000	0.000000	0.000000	0.000000	0.000000	0.000000	0.000000	0.000000	1733433148.720767	0.000000
185.000000	89565.406986	21571.780333	187500.000000	187500.000000	87944.145554	103804.250515	112943.878823	134987.303315	-0.038000	0.788000	0.562000	192.000000	0.000000	0.000000	0.000000	0.000000	0.000000	0.000000	0.000000	0.000000	0.000000	1733433148.725688	0.000000
186.000000	89557.717986	21551.373190	187500.000000	187500.000000	87942.111545	103785.407994	112935.116939	134997.652173	-0.038000	0.788000	0.562000	192.000000	0.000000	0.000000	0.000000	0.000000	0.000000	0.000000	0.000000	0.000000	0.000000	1733433148.729735	0.000000
187.000000	89560.176678	21565.253623	187500.000000	187500.000000	87937.909417	103768.353613	112920.409491	134999.976754	-0.038000	0.788000	0.562000	192.000000	0.000000	0.000000	0.000000	0.000000	0.000000	0.000000	0.000000	0.000000	0.000000	1733433148.732729	0.000000
188.000000	89563.618846	21585.616062	187500.000000	187500.000000	87933.729641	103776.959035	112924.723378	135006.347001	-0.038000	0.788000	0.562000	192.000000	0.000000	0.000000	0.000000	0.000000	0.000000	0.000000	0.000000	0.000000	0.000000	1733433148.736735	0.000000
189.000000	89572.112509	21581.928025	187500.000000	187500.000000	87939.921074	103799.400186	112941.107206	135002.278984	-0.038000	0.788000	0.562000	192.000000	0.000000	0.000000	0.000000	0.000000	0.000000	0.000000	0.000000	0.000000	0.000000	1733433148.740718	0.000000
190.000000	89564.468213	21558.034010	187500.000000	187500.000000	87932.679109	103792.962884	112950.718457	135014.058353	-0.042000	0.786000	0.566000	192.000000	254.000000	176.000000	24.000000	144.000000	17.000000	176.000000	0.000000	0.000000	0.000000	1733433148.744783	0.000000
191.000000	89570.011445	21552.490777	187500.000000	187500.000000	87940.546923	103791.442965	112952.126616	134996.892213	-0.042000	0.786000	0.566000	192.000000	0.000000	0.000000	0.000000	0.000000	0.000000	0.000000	0.000000	0.000000	0.000000	1733433148.748972	0.000000
192.000000	89578.460405	21555.418856	187500.000000	187500.000000	87950.515801	103802.037692	112948.684448	134969.354864	-0.042000	0.786000	0.566000	192.000000	0.000000	0.000000	0.000000	0.000000	0.000000	0.000000	0.000000	0.000000	0.000000	1733433148.754182	0.000000
193.000000	89574.995884	21562.616117	187500.000000	187500.000000	87951.141650	103804.965771	112948.080951	134967.276152	-0.042000	0.786000	0.566000	192.000000	0.000000	0.000000	0.000000	0.000000	0.000000	0.000000	0.000000	0.000000	0.000000	1733433148.758020	0.000000
194.000000	89598.442864	21586.085449	187500.000000	187500.000000	87969.671246	103818.577983	112968.331631	135006.682278	-0.042000	0.786000	0.566000	192.000000	0.000000	0.000000	0.000000	0.000000	0.000000	0.000000	0.000000	0.000000	0.000000	1733433148.760844	0.000000
195.000000	89575.845251	21563.979574	187500.000000	187500.000000	87945.754879	103791.800593	112947.790378	135012.247862	-0.042000	0.786000	0.566000	192.000000	0.000000	0.000000	0.000000	0.000000	0.000000	0.000000	0.000000	0.000000	0.000000	1733433148.764768	0.000000
196.000000	89575.241753	21566.438266	187500.000000	187500.000000	87944.458478	103790.817117	112947.924489	135020.786228	-0.042000	0.786000	0.566000	192.000000	0.000000	0.000000	0.000000	0.000000	0.000000	0.000000	0.000000	0.000000	0.000000	1733433148.768809	0.000000
197.000000	89567.396291	21557.005829	187500.000000	187500.000000	87939.652853	103790.548896	112949.802035	134985.783396	-0.042000	0.786000	0.566000	192.000000	0.000000	0.000000	0.000000	0.000000	0.000000	0.000000	0.000000	0.000000	0.000000	1733433148.772768	0.000000
198.000000	89570.547887	21558.168120	187500.000000	187500.000000	87944.614940	103800.383663	112946.695143	134977.267382	-0.042000	0.786000	0.566000	192.000000	0.000000	0.000000	0.000000	0.000000	0.000000	0.000000	0.000000	0.000000	0.000000	1733433148.777053	0.000000
199.000000	89571.821937	21569.701620	187500.000000	187500.000000	87946.872466	103819.695570	112947.119826	134975.546297	-0.042000	0.786000	0.566000	192.000000	0.000000	0.000000	0.000000	0.000000	0.000000	0.000000	0.000000	0.000000	0.000000	1733433148.780872	0.000000
200.000000	89562.009521	21555.217690	187500.000000	187500.000000	87937.529437	103785.653864	112932.255916	134979.167280	-0.038000	0.784000	0.560000	192.000000	254.000000	208.000000	24.000000	128.000000	17.000000	128.000000	0.000000	0.000000	0.000000	1733433148.785947	0.000000
201.000000	89562.523611	21549.517995	187500.000000	187500.000000	87935.204856	103777.607236	112925.751558	134998.278022	-0.038000	0.784000	0.560000	192.000000	0.000000	0.000000	0.000000	0.000000	0.000000	0.000000	0.000000	0.000000	0.000000	1733433148.789050	0.000000
202.000000	89567.776271	21547.998076	187500.000000	187500.000000	87938.088231	103794.035768	112934.625201	134997.026324	-0.038000	0.784000	0.560000	192.000000	0.000000	0.000000	0.000000	0.000000	0.000000	0.000000	0.000000	0.000000	0.000000	1733433148.792849	0.000000
203.000000	89560.713120	21551.015562	187500.000000	187500.000000	87925.213626	103793.633436	112924.566916	134989.896117	-0.038000	0.784000	0.560000	192.000000	0.000000	0.000000	0.000000	0.000000	0.000000	0.000000	0.000000	0.000000	0.000000	1733433148.796780	0.000000
204.000000	89558.723814	21554.189510	187500.000000	187500.000000	87922.620824	103788.112556	112927.562049	135003.284812	-0.038000	0.784000	0.560000	192.000000	0.000000	0.000000	0.000000	0.000000	0.000000	0.000000	0.000000	0.000000	0.000000	1733433148.800806	0.000000
205.000000	89552.688843	21538.990323	187500.000000	187500.000000	87925.437143	103787.665521	112927.182070	134967.902001	-0.038000	0.784000	0.560000	192.000000	0.000000	0.000000	0.000000	0.000000	0.000000	0.000000	0.000000	0.000000	0.000000	1733433148.804860	0.000000
206.000000	89542.585855	21530.787233	187500.000000	187500.000000	87916.854074	103761.782201	112916.229715	134957.329626	-0.038000	0.784000	0.560000	192.000000	0.000000	0.000000	0.000000	0.000000	0.000000	0.000000	0.000000	0.000000	0.000000	1733433148.808834	0.000000
207.000000	89560.400195	21547.841614	187500.000000	187500.000000	87926.308862	103772.421631	112922.845831	134984.107016	-0.038000	0.784000	0.560000	192.000000	0.000000	0.000000	0.000000	0.000000	0.000000	0.000000	0.000000	0.000000	0.000000	1733433148.812849	0.000000
208.000000	89560.176678	21565.521844	187500.000000	187500.000000	87924.028984	103778.568361	112939.274363	135003.061295	-0.038000	0.784000	0.560000	192.000000	0.000000	0.000000	0.000000	0.000000	0.000000	0.000000	0.000000	0.000000	0.000000	1733433148.815833	0.000000
209.000000	89549.649006	21561.856158	187500.000000	187500.000000	87912.361373	103772.309872	112937.955611	134980.128405	-0.038000	0.784000	0.560000	192.000000	0.000000	0.000000	0.000000	0.000000	0.000000	0.000000	0.000000	0.000000	0.000000	1733433148.821025	0.000000
210.000000	89545.826858	21559.129245	187500.000000	187500.000000	87908.919204	103763.615044	112930.713645	134973.691103	-0.040000	0.784000	0.566000	192.000000	254.000000	192.000000	24.000000	128.000000	17.000000	176.000000	0.000000	0.000000	0.000000	1733433148.825190	0.000000
211.000000	89547.436183	21531.480137	187500.000000	187500.000000	87901.744294	103763.324471	112923.315218	134951.473469	-0.040000	0.784000	0.566000	192.000000	0.000000	0.000000	0.000000	0.000000	0.000000	0.000000	0.000000	0.000000	0.000000	1733433148.828998	0.000000
212.000000	89544.731622	21524.349931	187500.000000	187500.000000	87894.055294	103759.234102	112919.761291	134969.734844	-0.040000	0.784000	0.566000	192.000000	0.000000	0.000000	0.000000	0.000000	0.000000	0.000000	0.000000	0.000000	0.000000	1733433148.833188	0.000000
213.000000	89544.686919	21527.836803	187500.000000	187500.000000	87887.550937	103768.219503	112920.878878	134985.671638	-0.040000	0.784000	0.566000	192.000000	0.000000	0.000000	0.000000	0.000000	0.000000	0.000000	0.000000	0.000000	0.000000	1733433148.836890	0.000000
214.000000	89546.139782	21541.471367	187500.000000	187500.000000	87891.730713	103784.916256	112924.991599	134952.725166	-0.040000	0.784000	0.566000	192.000000	0.000000	0.000000	0.000000	0.000000	0.000000	0.000000	0.000000	0.000000	0.000000	1733433148.840861	0.000000
215.000000	89542.049413	21536.129300	187500.000000	187500.000000	87889.607297	103792.538201	112920.744767	134942.018681	-0.040000	0.784000	0.566000	192.000000	0.000000	0.000000	0.000000	0.000000	0.000000	0.000000	0.000000	0.000000	0.000000	1733433148.844154	0.000000
216.000000	89532.862846	21511.832954	187500.000000	187500.000000	87874.475166	103758.764715	112904.182125	134940.811687	-0.040000	0.784000	0.566000	192.000000	0.000000	0.000000	0.000000	0.000000	0.000000	0.000000	0.000000	0.000000	0.000000	1733433148.848919	0.000000
217.000000	89531.007651	21513.844611	187500.000000	187500.000000	87875.235125	103757.133038	112908.227790	134971.053597	-0.040000	0.784000	0.566000	192.000000	0.000000	0.000000	0.000000	0.000000	0.000000	0.000000	0.000000	0.000000	0.000000	1733433148.852934	0.000000
218.000000	89539.523666	21525.400463	187500.000000	187500.000000	87881.985352	103783.373986	112917.302599	134985.403417	-0.040000	0.784000	0.566000	192.000000	0.000000	0.000000	0.000000	0.000000	0.000000	0.000000	0.000000	0.000000	0.000000	1733433148.857041	0.000000
219.000000	89543.435221	21531.189565	187500.000000	187500.000000	87874.005780	103777.897808	112912.094642	134966.516193	-0.040000	0.784000	0.566000	192.000000	0.000000	0.000000	0.000000	0.000000	0.000000	0.000000	0.000000	0.000000	0.000000	1733433148.861037	0.000000
220.000000	89539.546018	21528.887335	187500.000000	187500.000000	87863.723977	103763.190360	112911.535849	134962.984617	-0.034000	0.792000	0.568000	192.000000	254.000000	240.000000	24.000000	192.000000	17.000000	192.000000	0.000000	0.000000	0.000000	1733433148.865166	0.000000
221.000000	89530.895892	21524.238172	187500.000000	187500.000000	87860.639436	103779.685948	112919.783642	134947.740727	-0.034000	0.792000	0.568000	192.000000	0.000000	0.000000	0.000000	0.000000	0.000000	0.000000	0.000000	0.000000	0.000000	1733433148.869147	0.000000
222.000000	89530.985299	21521.891239	187500.000000	187500.000000	87853.241009	103779.373023	112918.733110	134959.341283	-0.034000	0.792000	0.568000	192.000000	0.000000	0.000000	0.000000	0.000000	0.000000	0.000000	0.000000	0.000000	0.000000	1733433148.871913	0.000000
223.000000	89541.445916	21531.569544	187500.000000	187500.000000	87852.212829	103766.386660	112911.826421	134972.931143	-0.034000	0.792000	0.568000	192.000000	0.000000	0.000000	0.000000	0.000000	0.000000	0.000000	0.000000	0.000000	0.000000	1733433148.877341	0.000000
224.000000	89545.580989	21541.001980	187500.000000	187500.000000	87857.979579	103780.132983	112924.902192	134960.771794	-0.034000	0.792000	0.568000	192.000000	0.000000	0.000000	0.000000	0.000000	0.000000	0.000000	0.000000	0.000000	0.000000	1733433148.880906	0.000000
225.000000	89530.605320	21515.655102	187500.000000	187500.000000	87842.534523	103761.536331	112906.953741	134939.224713	-0.034000	0.792000	0.568000	192.000000	0.000000	0.000000	0.000000	0.000000	0.000000	0.000000	0.000000	0.000000	0.000000	1733433148.884901	0.000000
226.000000	89533.443991	21514.068128	187500.000000	187500.000000	87840.209942	103758.496494	112902.706910	134948.321873	-0.034000	0.792000	0.568000	192.000000	0.000000	0.000000	0.000000	0.000000	0.000000	0.000000	0.000000	0.000000	0.000000	1733433148.888977	0.000000
227.000000	89536.908512	21510.983588	187500.000000	187500.000000	87832.431535	103763.078602	112904.875029	134926.774791	-0.034000	0.792000	0.568000	192.000000	0.000000	0.000000	0.000000	0.000000	0.000000	0.000000	0.000000	0.000000	0.000000	1733433148.892979	0.000000
228.000000	89546.497410	21539.035027	187500.000000	187500.000000	87840.098183	103774.388584	112919.470718	134945.662015	-0.034000	0.792000	0.568000	192.000000	0.000000	0.000000	0.000000	0.000000	0.000000	0.000000	0.000000	0.000000	0.000000	1733433148.897079	0.000000
229.000000	89546.497410	21541.180794	187500.000000	187500.000000	87833.839695	103771.214637	112912.698139	134948.478335	-0.034000	0.792000	0.568000	192.000000	0.000000	0.000000	0.000000	0.000000	0.000000	0.000000	0.000000	0.000000	0.000000	1733433148.900169	0.000000
230.000000	89543.524628	21526.875678	187500.000000	187500.000000	87830.509285	103769.247683	112907.691349	134951.093489	-0.038000	0.784000	0.560000	192.000000	254.000000	208.000000	24.000000	128.000000	17.000000	128.000000	0.000000	0.000000	0.000000	1733433148.904313	0.000000
231.000000	89547.950274	21523.299399	187500.000000	187500.000000	87830.509285	103778.523657	112919.805994	134949.104184	-0.038000	0.784000	0.560000	192.000000	0.000000	0.000000	0.000000	0.000000	0.000000	0.000000	0.000000	0.000000	0.000000	1733433148.909154	0.000000
232.000000	89534.673337	21509.351910	187500.000000	187500.000000	87820.719221	103761.961015	112905.724395	134947.919541	-0.038000	0.784000	0.560000	192.000000	0.000000	0.000000	0.000000	0.000000	0.000000	0.000000	0.000000	0.000000	0.000000	1733433148.912976	0.000000
233.000000	89515.160264	21485.368488	187500.000000	187500.000000	87801.653183	103744.817227	112887.910055	134919.286957	-0.038000	0.784000	0.560000	192.000000	0.000000	0.000000	0.000000	0.000000	0.000000	0.000000	0.000000	0.000000	0.000000	1733433148.916955	0.000000
234.000000	89537.266140	21520.728948	187500.000000	187500.000000	87814.147808	103766.006680	112907.579590	134950.065309	-0.038000	0.784000	0.560000	192.000000	0.000000	0.000000	0.000000	0.000000	0.000000	0.000000	0.000000	0.000000	0.000000	1733433148.920017	0.000000
235.000000	89548.911399	21526.138070	187500.000000	187500.000000	87820.093372	103767.593654	112908.361901	134972.998199	-0.038000	0.784000	0.560000	192.000000	0.000000	0.000000	0.000000	0.000000	0.000000	0.000000	0.000000	0.000000	0.000000	1733433148.925046	0.000000
236.000000	89534.561579	21503.518105	187500.000000	187500.000000	87823.557892	103763.704451	112895.263779	134934.821419	-0.038000	0.784000	0.560000	192.000000	0.000000	0.000000	0.000000	0.000000	0.000000	0.000000	0.000000	0.000000	0.000000	1733433148.929004	0.000000
237.000000	89530.426506	21502.735794	187500.000000	187500.000000	87821.099200	103760.441096	112906.573761	134930.708698	-0.038000	0.784000	0.560000	192.000000	0.000000	0.000000	0.000000	0.000000	0.000000	0.000000	0.000000	0.000000	0.000000	1733433148.932988	0.000000
238.000000	89534.740393	21513.978721	187500.000000	187500.000000	87821.389773	103766.453715	112912.787546	134935.201399	-0.038000	0.784000	0.560000	192.000000	0.000000	0.000000	0.000000	0.000000	0.000000	0.000000	0.000000	0.000000	0.000000	1733433148.936334	0.000000
239.000000	89539.858942	21520.527783	187500.000000	187500.000000	87830.308119	103788.403128	112919.738939	134942.912751	-0.038000	0.784000	0.560000	192.000000	0.000000	0.000000	0.000000	0.000000	0.000000	0.000000	0.000000	0.000000	0.000000	1733433148.940230	0.000000
240.000000	89534.405116	21508.927227	187500.000000	187500.000000	87823.155561	103783.195172	112903.489221	134934.597902	-0.038000	0.778000	0.562000	192.000000	254.000000	208.000000	24.000000	80.000000	17.000000	144.000000	0.000000	0.000000	0.000000	1733433148.944197	0.000000
241.000000	89526.604358	21499.494791	187500.000000	187500.000000	87809.252776	103746.538311	112878.969357	134930.149905	-0.038000	0.778000	0.562000	192.000000	0.000000	0.000000	0.000000	0.000000	0.000000	0.000000	0.000000	0.000000	0.000000	1733433148.948393	0.000000
242.000000	89530.448858	21509.731890	187500.000000	187500.000000	87814.214863	103762.944491	112901.410508	134922.773829	-0.038000	0.778000	0.562000	192.000000	0.000000	0.000000	0.000000	0.000000	0.000000	0.000000	0.000000	0.000000	0.000000	1733433148.953056	0.000000
243.000000	89540.931826	21528.127376	187500.000000	187500.000000	87819.288709	103766.610177	112909.188915	134924.584320	-0.038000	0.778000	0.562000	192.000000	0.000000	0.000000	0.000000	0.000000	0.000000	0.000000	0.000000	0.000000	0.000000	1733433148.957012	0.000000
244.000000	89545.044547	21535.794024	187500.000000	187500.000000	87826.240102	103766.386660	112910.708834	134931.245140	-0.038000	0.778000	0.562000	192.000000	0.000000	0.000000	0.000000	0.000000	0.000000	0.000000	0.000000	0.000000	0.000000	1733433148.960247	0.000000
245.000000	89540.753012	21525.266352	187500.000000	187500.000000	87826.329509	103764.732631	112907.020796	134948.187762	-0.038000	0.778000	0.562000	192.000000	0.000000	0.000000	0.000000	0.000000	0.000000	0.000000	0.000000	0.000000	0.000000	1733433148.964065	0.000000
246.000000	89540.663605	21526.942733	187500.000000	187500.000000	87826.530674	103759.792895	112901.321101	134942.376309	-0.038000	0.778000	0.562000	192.000000	0.000000	0.000000	0.000000	0.000000	0.000000	0.000000	0.000000	0.000000	0.000000	1733433148.968069	0.000000
247.000000	89532.929901	21510.335387	187500.000000	187500.000000	87819.579282	103746.247738	112893.565046	134931.245140	-0.038000	0.778000	0.562000	192.000000	0.000000	0.000000	0.000000	0.000000	0.000000	0.000000	0.000000	0.000000	0.000000	1733433148.972078	0.000000
248.000000	89531.633500	21505.753279	187500.000000	187500.000000	87819.534578	103749.421686	112889.362918	134915.867140	-0.038000	0.778000	0.562000	192.000000	0.000000	0.000000	0.000000	0.000000	0.000000	0.000000	0.000000	0.000000	0.000000	1733433148.977087	0.000000
249.000000	89526.425544	21511.676492	187500.000000	187500.000000	87821.702697	103742.693811	112888.222979	134913.542558	-0.038000	0.778000	0.562000	192.000000	0.000000	0.000000	0.000000	0.000000	0.000000	0.000000	0.000000	0.000000	0.000000	1733433148.981194	0.000000
250.000000	89510.935785	21486.284910	187500.000000	187500.000000	87805.855311	103727.852252	112880.891607	134920.963338	-0.040000	0.784000	0.564000	192.000000	254.000000	192.000000	24.000000	128.000000	17.000000	160.000000	0.000000	0.000000	0.000000	1733433148.985136	0.000000
251.000000	89507.538320	21482.507465	187500.000000	187500.000000	87809.498645	103720.252659	112883.417354	134951.853448	-0.040000	0.784000	0.564000	192.000000	0.000000	0.000000	0.000000	0.000000	0.000000	0.000000	0.000000	0.000000	0.000000	1733433148.988328	0.000000
252.000000	89511.583985	21490.665852	187500.000000	187500.000000	87830.911616	103736.547081	112890.838133	134914.302518	-0.040000	0.784000	0.564000	192.000000	0.000000	0.000000	0.000000	0.000000	0.000000	0.000000	0.000000	0.000000	0.000000	1733433148.992094	0.000000
253.000000	89511.226357	21488.721250	187500.000000	187500.000000	87828.341166	103722.845462	112884.020851	134890.184985	-0.040000	0.784000	0.564000	192.000000	0.000000	0.000000	0.000000	0.000000	0.000000	0.000000	0.000000	0.000000	0.000000	1733433148.996285	0.000000
254.000000	89504.185558	21475.846645	187500.000000	187500.000000	87825.368384	103720.610287	112878.723488	134891.414331	-0.040000	0.784000	0.564000	192.000000	0.000000	0.000000	0.000000	0.000000	0.000000	0.000000	0.000000	0.000000	0.000000	1733433149.000087	0.000000
255.000000	89507.292450	21483.692108	187500.000000	187500.000000	87833.772639	103733.082561	112886.501895	134910.972108	-0.040000	0.784000	0.564000	192.000000	0.000000	0.000000	0.000000	0.000000	0.000000	0.000000	0.000000	0.000000	0.000000	1733433149.004116	0.000000
0.000000	89506.554843	21488.922416	187500.000000	187500.000000	87827.268282	103731.026200	112882.299767	134918.437590	-0.040000	0.784000	0.564000	192.000000	0.000000	0.000000	0.000000	0.000000	0.000000	0.000000	0.000000	0.000000	0.000000	1733433149.008128	0.000000
1.000000	89502.509177	21480.227587	187500.000000	187500.000000	87820.316889	103732.791988	112886.188970	134904.378343	-0.040000	0.784000	0.564000	192.000000	0.000000	0.000000	0.000000	0.000000	0.000000	0.000000	0.000000	0.000000	0.000000	1733433149.013287	0.000000
2.000000	89508.052410	21504.546285	187500.000000	187500.000000	87819.266357	103738.201110	112892.268645	134926.595977	-0.040000	0.784000	0.564000	192.000000	0.000000	0.000000	0.000000	0.000000	0.000000	0.000000	0.000000	0.000000	0.000000	1733433149.016189	0.000000
3.000000	89504.342020	21476.070163	187500.000000	187500.000000	87819.333413	103732.836691	112892.268645	134912.715544	-0.040000	0.784000	0.564000	192.000000	0.000000	0.000000	0.000000	0.000000	0.000000	0.000000	0.000000	0.000000	0.000000	1733433149.020398	0.000000
4.000000	89502.598584	21475.958404	187500.000000	187500.000000	87818.171122	103731.987325	112885.451363	134904.378343	-0.038000	0.780000	0.562000	192.000000	254.000000	208.000000	24.000000	96.000000	17.000000	144.000000	0.000000	0.000000	0.000000	1733433149.024290	0.000000
5.000000	89502.553881	21471.823331	187500.000000	187500.000000	87807.755209	103710.730816	112876.689479	134920.493951	-0.038000	0.780000	0.562000	192.000000	0.000000	0.000000	0.000000	0.000000	0.000000	0.000000	0.000000	0.000000	0.000000	1733433149.028270	0.000000
6.000000	89503.157378	21482.105134	187500.000000	187500.000000	87797.562813	103705.589915	112858.137531	134914.414276	-0.038000	0.780000	0.562000	192.000000	0.000000	0.000000	0.000000	0.000000	0.000000	0.000000	0.000000	0.000000	0.000000	1733433149.032139	0.000000
7.000000	89506.621898	21488.587140	187500.000000	187500.000000	87805.877662	103718.978610	112870.162770	134894.476520	-0.038000	0.780000	0.562000	192.000000	0.000000	0.000000	0.000000	0.000000	0.000000	0.000000	0.000000	0.000000	0.000000	1733433149.036134	0.000000
8.000000	89520.256462	21494.867980	187500.000000	187500.000000	87824.541369	103728.612212	112894.660281	134890.497910	-0.038000	0.780000	0.562000	192.000000	0.000000	0.000000	0.000000	0.000000	0.000000	0.000000	0.000000	0.000000	0.000000	1733433149.041175	0.000000
9.000000	89519.362392	21495.203256	187500.000000	187500.000000	87813.477256	103723.381904	112895.263779	134899.013924	-0.038000	0.780000	0.562000	192.000000	0.000000	0.000000	0.000000	0.000000	0.000000	0.000000	0.000000	0.000000	0.000000	1733433149.044166	0.000000
10.000000	89512.612166	21490.554093	187500.000000	187500.000000	87801.630831	103719.827976	112890.189933	134921.522131	-0.038000	0.780000	0.562000	192.000000	0.000000	0.000000	0.000000	0.000000	0.000000	0.000000	0.000000	0.000000	0.000000	1733433149.048446	0.000000
11.000000	89512.142779	21487.715422	187500.000000	187500.000000	87806.727029	103722.197261	112888.267683	134905.428875	-0.038000	0.780000	0.562000	192.000000	0.000000	0.000000	0.000000	0.000000	0.000000	0.000000	0.000000	0.000000	0.000000	1733433149.052364	0.000000
12.000000	89505.191386	21485.167323	187500.000000	187500.000000	87805.318869	103722.174909	112879.639909	134893.582451	-0.038000	0.780000	0.562000	192.000000	0.000000	0.000000	0.000000	0.000000	0.000000	0.000000	0.000000	0.000000	0.000000	1733433149.056517	0.000000
13.000000	89505.638421	21485.256730	187500.000000	187500.000000	87801.586127	103707.914496	112871.414467	134882.093654	-0.038000	0.780000	0.562000	192.000000	0.000000	0.000000	0.000000	0.000000	0.000000	0.000000	0.000000	0.000000	0.000000	1733433149.060219	0.000000
14.000000	89514.422657	21491.358756	187500.000000	187500.000000	87805.430628	103708.473290	112871.660336	134874.203488	-0.052000	0.782000	0.562000	192.000000	254.000000	96.000000	24.000000	112.000000	17.000000	144.000000	0.000000	0.000000	0.000000	1733433149.064453	0.000000
15.000000	89513.841511	21490.554093	187500.000000	187500.000000	87815.153636	103708.920325	112874.007270	134886.206375	-0.052000	0.782000	0.562000	192.000000	0.000000	0.000000	0.000000	0.000000	0.000000	0.000000	0.000000	0.000000	0.000000	1733433149.069192	0.000000
16.000000	89510.824026	21483.669756	187500.000000	187500.000000	87810.415067	103701.253677	112866.832360	134894.811797	-0.052000	0.782000	0.562000	192.000000	0.000000	0.000000	0.000000	0.000000	0.000000	0.000000	0.000000	0.000000	0.000000	1733433149.072211	0.000000
17.000000	89518.200102	21492.945730	187500.000000	187500.000000	87821.590939	103714.463558	112871.079191	134893.984782	-0.052000	0.782000	0.562000	192.000000	0.000000	0.000000	0.000000	0.000000	0.000000	0.000000	0.000000	0.000000	0.000000	1733433149.076210	0.000000
18.000000	89515.294375	21484.586177	187500.000000	187500.000000	87819.445171	103713.413026	112867.234691	134888.441549	-0.052000	0.782000	0.562000	192.000000	0.000000	0.000000	0.000000	0.000000	0.000000	0.000000	0.000000	0.000000	0.000000	1733433149.080220	0.000000
19.000000	89510.131122	21483.848570	187500.000000	187500.000000	87808.358706	103714.843537	112852.951926	134889.514433	-0.052000	0.782000	0.562000	192.000000	0.000000	0.000000	0.000000	0.000000	0.000000	0.000000	0.000000	0.000000	0.000000	1733433149.084563	0.000000
20.000000	89510.935785	21478.193579	187500.000000	187500.000000	87812.359668	103730.288593	112865.111275	134898.611593	-0.052000	0.782000	0.562000	192.000000	0.000000	0.000000	0.000000	0.000000	0.000000	0.000000	0.000000	0.000000	0.000000	1733433149.088528	0.000000
21.000000	89519.630613	21482.485113	187500.000000	187500.000000	87815.421857	103712.228383	112876.890645	134909.809817	-0.052000	0.782000	0.562000	192.000000	0.000000	0.000000	0.000000	0.000000	0.000000	0.000000	0.000000	0.000000	0.000000	1733433149.092494	0.000000
22.000000	89518.736544	21481.903968	187500.000000	187500.000000	87812.672593	103703.242982	112871.325060	134926.618329	-0.052000	0.782000	0.562000	192.000000	0.000000	0.000000	0.000000	0.000000	0.000000	0.000000	0.000000	0.000000	0.000000	1733433149.096397	0.000000
23.000000	89517.909529	21492.185771	187500.000000	187500.000000	87814.058401	103705.187584	112863.636060	134890.944945	-0.052000	0.782000	0.562000	192.000000	0.000000	0.000000	0.000000	0.000000	0.000000	0.000000	0.000000	0.000000	0.000000	1733433149.100212	0.000000
24.000000	89514.422657	21489.078878	187500.000000	187500.000000	87808.470465	103708.339180	112856.036467	134869.397863	-0.050000	0.776000	0.564000	192.000000	254.000000	112.000000	24.000000	64.000000	17.000000	160.000000	0.000000	0.000000	0.000000	1733433149.104253	0.000000
25.000000	89508.655907	21458.479340	187500.000000	187500.000000	87805.452979	103712.071921	112851.387304	134867.989703	-0.050000	0.776000	0.564000	192.000000	0.000000	0.000000	0.000000	0.000000	0.000000	0.000000	0.000000	0.000000	0.000000	1733433149.108224	0.000000
26.000000	89512.992145	21468.157645	187500.000000	187500.000000	87801.407314	103701.030159	112850.426179	134891.302573	-0.050000	0.776000	0.564000	192.000000	0.000000	0.000000	0.000000	0.000000	0.000000	0.000000	0.000000	0.000000	0.000000	1733433149.112276	0.000000
27.000000	89512.165131	21481.188712	187500.000000	187500.000000	87802.323735	103707.132185	112849.733275	134880.909011	-0.050000	0.776000	0.564000	192.000000	0.000000	0.000000	0.000000	0.000000	0.000000	0.000000	0.000000	0.000000	0.000000	1733433149.116300	0.000000
28.000000	89507.359506	21487.335442	187500.000000	187500.000000	87805.073000	103700.113738	112858.182235	134890.676724	-0.050000	0.776000	0.564000	192.000000	0.000000	0.000000	0.000000	0.000000	0.000000	0.000000	0.000000	0.000000	0.000000	1733433149.120328	0.000000
29.000000	89484.292505	21451.036209	187500.000000	187500.000000	87790.186738	103673.559865	112833.304743	134865.218087	-0.050000	0.776000	0.564000	192.000000	0.000000	0.000000	0.000000	0.000000	0.000000	0.000000	0.000000	0.000000	0.000000	1733433149.124445	0.000000
30.000000	89468.221601	21436.105244	187500.000000	187500.000000	87787.906860	103684.221647	112830.644885	134839.379470	-0.050000	0.776000	0.564000	192.000000	0.000000	0.000000	0.000000	0.000000	0.000000	0.000000	0.000000	0.000000	0.000000	1733433149.127475	0.000000
31.000000	89498.038828	21474.773762	187500.000000	187500.000000	87813.991346	103703.153575	112861.803217	134853.416366	-0.050000	0.776000	0.564000	192.000000	0.000000	0.000000	0.000000	0.000000	0.000000	0.000000	0.000000	0.000000	0.000000	1733433149.132490	0.000000
32.000000	89493.791997	21455.059523	187500.000000	187500.000000	87803.083694	103689.139031	112848.705095	134856.433851	-0.050000	0.776000	0.564000	192.000000	0.000000	0.000000	0.000000	0.000000	0.000000	0.000000	0.000000	0.000000	0.000000	1733433149.136417	0.000000
33.000000	89504.520834	21471.532759	187500.000000	187500.000000	87810.258604	103718.688037	112861.132665	134864.078148	-0.050000	0.776000	0.564000	192.000000	0.000000	0.000000	0.000000	0.000000	0.000000	0.000000	0.000000	0.000000	0.000000	1733433149.140321	0.000000
34.000000	89497.949421	21468.068238	187500.000000	187500.000000	87806.168235	103712.004866	112853.845996	134870.806023	-0.048000	0.774000	0.568000	192.000000	254.000000	128.000000	24.000000	48.000000	17.000000	192.000000	0.000000	0.000000	0.000000	1733433149.144346	0.000000
35.000000	89497.301221	21459.529872	187500.000000	187500.000000	87798.166311	103689.653121	112858.629269	134878.115043	-0.048000	0.774000	0.568000	192.000000	0.000000	0.000000	0.000000	0.000000	0.000000	0.000000	0.000000	0.000000	0.000000	1733433149.148340	0.000000
36.000000	89495.133101	21463.061448	187500.000000	187500.000000	87800.960279	103686.792098	112860.864444	134866.559192	-0.048000	0.774000	0.568000	192.000000	0.000000	0.000000	0.000000	0.000000	0.000000	0.000000	0.000000	0.000000	0.000000	1733433149.152359	0.000000
37.000000	89493.993162	21456.199462	187500.000000	187500.000000	87799.909747	103695.911610	112857.668144	134887.972163	-0.048000	0.774000	0.568000	192.000000	0.000000	0.000000	0.000000	0.000000	0.000000	0.000000	0.000000	0.000000	0.000000	1733433149.155472	0.000000
38.000000	89487.086473	21445.582383	187500.000000	187500.000000	87794.545328	103683.171115	112841.954868	134866.760357	-0.048000	0.774000	0.568000	192.000000	0.000000	0.000000	0.000000	0.000000	0.000000	0.000000	0.000000	0.000000	0.000000	1733433149.160529	0.000000
39.000000	89477.452871	21440.821462	187500.000000	187500.000000	87785.761092	103680.913589	112830.130795	134846.688491	-0.048000	0.774000	0.568000	192.000000	0.000000	0.000000	0.000000	0.000000	0.000000	0.000000	0.000000	0.000000	0.000000	1733433149.164473	0.000000
40.000000	89484.896002	21466.525968	187500.000000	187500.000000	87793.159520	103698.437357	112837.484519	134832.629243	-0.048000	0.774000	0.568000	192.000000	0.000000	0.000000	0.000000	0.000000	0.000000	0.000000	0.000000	0.000000	0.000000	1733433149.168513	0.000000
41.000000	89488.829909	21443.235450	187500.000000	187500.000000	87793.628906	103682.880543	112838.222127	134848.923665	-0.048000	0.774000	0.568000	192.000000	0.000000	0.000000	0.000000	0.000000	0.000000	0.000000	0.000000	0.000000	0.000000	1733433149.172436	0.000000
42.000000	89495.356619	21436.328761	187500.000000	187500.000000	87800.423837	103693.676435	112855.097694	134865.195735	-0.048000	0.774000	0.568000	192.000000	0.000000	0.000000	0.000000	0.000000	0.000000	0.000000	0.000000	0.000000	0.000000	1733433149.176642	0.000000
43.000000	89487.891136	21435.546450	187500.000000	187500.000000	87795.886433	103688.356720	112849.777979	134864.145203	-0.048000	0.774000	0.568000	192.000000	0.000000	0.000000	0.000000	0.000000	0.000000	0.000000	0.000000	0.000000	0.000000	1733433149.179443	0.000000
44.000000	89483.979581	21420.034339	187500.000000	187500.000000	87795.372343	103700.091386	112850.247365	134853.304607	-0.042000	0.780000	0.570000	192.000000	254.000000	176.000000	24.000000	96.000000	17.000000	208.000000	0.000000	0.000000	0.000000	1733433149.183415	0.000000
45.000000	89486.348866	21426.784566	187500.000000	187500.000000	87790.656124	103720.900860	112844.413560	134826.393107	-0.042000	0.780000	0.570000	192.000000	0.000000	0.000000	0.000000	0.000000	0.000000	0.000000	0.000000	0.000000	0.000000	1733433149.188512	0.000000
46.000000	89485.499499	21428.416244	187500.000000	187500.000000	87782.028351	103692.335331	112837.149243	134844.073337	-0.042000	0.780000	0.570000	192.000000	0.000000	0.000000	0.000000	0.000000	0.000000	0.000000	0.000000	0.000000	0.000000	1733433149.192670	0.000000
47.000000	89478.682217	21424.012950	187500.000000	187500.000000	87767.991456	103667.882522	112816.496231	134860.993607	-0.042000	0.780000	0.570000	192.000000	0.000000	0.000000	0.000000	0.000000	0.000000	0.000000	0.000000	0.000000	0.000000	1733433149.196734	0.000000
48.000000	89476.782319	21414.178182	187500.000000	187500.000000	87761.174173	103664.462705	112812.450565	134872.281238	-0.042000	0.780000	0.570000	192.000000	0.000000	0.000000	0.000000	0.000000	0.000000	0.000000	0.000000	0.000000	0.000000	1733433149.200813	0.000000
49.000000	89484.314857	21420.369616	187500.000000	187500.000000	87776.663932	103671.928188	112833.751778	134852.946979	-0.042000	0.780000	0.570000	192.000000	0.000000	0.000000	0.000000	0.000000	0.000000	0.000000	0.000000	0.000000	0.000000	1733433149.204680	0.000000
50.000000	89496.183633	21445.157700	187500.000000	187500.000000	87780.284915	103673.269293	112843.586545	134845.213276	-0.042000	0.780000	0.570000	192.000000	0.000000	0.000000	0.000000	0.000000	0.000000	0.000000	0.000000	0.000000	0.000000	1733433149.208429	0.000000
51.000000	89508.387686	21465.184863	187500.000000	187500.000000	87783.324752	103678.767822	112851.588470	134860.568924	-0.042000	0.780000	0.570000	192.000000	0.000000	0.000000	0.000000	0.000000	0.000000	0.000000	0.000000	0.000000	0.000000	1733433149.211451	0.000000
52.000000	89513.774456	21454.947764	187500.000000	187500.000000	87789.337372	103688.133203	112855.723543	134860.859497	-0.042000	0.780000	0.570000	192.000000	0.000000	0.000000	0.000000	0.000000	0.000000	0.000000	0.000000	0.000000	0.000000	1733433149.215431	0.000000
53.000000	89502.196253	21443.391912	187500.000000	187500.000000	87783.145938	103683.238171	112843.720656	134842.173438	-0.042000	0.780000	0.570000	192.000000	0.000000	0.000000	0.000000	0.000000	0.000000	0.000000	0.000000	0.000000	0.000000	1733433149.220436	0.000000
54.000000	89501.302183	21444.151872	187500.000000	187500.000000	87768.416139	103675.191543	112833.125929	134862.960561	-0.040000	0.778000	0.572000	192.000000	254.000000	192.000000	24.000000	80.000000	17.000000	224.000000	0.000000	0.000000	0.000000	1733433149.224427	0.000000
55.000000	89491.109787	21427.611581	187500.000000	187500.000000	87758.849592	103672.352871	112822.665313	134850.577694	-0.040000	0.778000	0.572000	192.000000	0.000000	0.000000	0.000000	0.000000	0.000000	0.000000	0.000000	0.000000	0.000000	1733433149.228440	0.000000
56.000000	89479.241011	21422.716549	187500.000000	187500.000000	87749.283045	103653.800923	112813.925781	134832.942168	-0.040000	0.778000	0.572000	192.000000	0.000000	0.000000	0.000000	0.000000	0.000000	0.000000	0.000000	0.000000	0.000000	1733433149.231700	0.000000
57.000000	89486.639438	21429.310313	187500.000000	187500.000000	87756.055624	103661.512275	112817.032673	134819.195845	-0.040000	0.778000	0.572000	192.000000	0.000000	0.000000	0.000000	0.000000	0.000000	0.000000	0.000000	0.000000	0.000000	1733433149.235695	0.000000
58.000000	89487.958191	21427.343360	187500.000000	187500.000000	87763.185830	103676.286778	112830.734292	134812.311508	-0.040000	0.778000	0.572000	192.000000	0.000000	0.000000	0.000000	0.000000	0.000000	0.000000	0.000000	0.000000	0.000000	1733433149.239669	0.000000
59.000000	89481.878517	21419.967284	187500.000000	187500.000000	87756.301493	103675.437412	112834.064702	134824.403801	-0.040000	0.778000	0.572000	192.000000	0.000000	0.000000	0.000000	0.000000	0.000000	0.000000	0.000000	0.000000	0.000000	1733433149.243463	0.000000
60.000000	89477.877555	21414.289941	187500.000000	187500.000000	87754.625112	103668.865999	112827.426234	134835.557322	-0.040000	0.778000	0.572000	192.000000	0.000000	0.000000	0.000000	0.000000	0.000000	0.000000	0.000000	0.000000	0.000000	1733433149.248442	0.000000
61.000000	89473.720130	21403.739918	187500.000000	187500.000000	87758.603723	103672.263464	112831.762473	134849.281293	-0.040000	0.778000	0.572000	192.000000	0.000000	0.000000	0.000000	0.000000	0.000000	0.000000	0.000000	0.000000	0.000000	1733433149.252483	0.000000
62.000000	89467.953380	21404.701043	187500.000000	187500.000000	87756.346197	103665.222665	112830.019037	134845.906180	-0.040000	0.778000	0.572000	192.000000	0.000000	0.000000	0.000000	0.000000	0.000000	0.000000	0.000000	0.000000	0.000000	1733433149.256489	0.000000
63.000000	89466.969903	21406.466831	187500.000000	187500.000000	87750.646502	103662.249882	112827.560345	134832.964520	-0.040000	0.778000	0.572000	192.000000	0.000000	0.000000	0.000000	0.000000	0.000000	0.000000	0.000000	0.000000	0.000000	1733433149.259741	0.000000
64.000000	89471.842584	21420.481374	187500.000000	187500.000000	87751.652330	103682.008825	112827.649752	134835.400860	-0.040000	0.776000	0.566000	192.000000	254.000000	192.000000	24.000000	64.000000	17.000000	176.000000	0.000000	0.000000	0.000000	1733433149.263624	0.000000
65.000000	89470.300313	21411.138345	187500.000000	187500.000000	87751.786441	103683.618150	112818.105557	134838.373642	-0.040000	0.776000	0.566000	192.000000	0.000000	0.000000	0.000000	0.000000	0.000000	0.000000	0.000000	0.000000	0.000000	1733433149.267748	0.000000
66.000000	89477.542278	21414.871086	187500.000000	187500.000000	87761.308284	103668.776592	112821.190097	134839.960616	-0.040000	0.776000	0.566000	192.000000	0.000000	0.000000	0.000000	0.000000	0.000000	0.000000	0.000000	0.000000	0.000000	1733433149.271796	0.000000
67.000000	89474.211869	21414.602866	187500.000000	187500.000000	87754.356891	103648.212987	112815.758624	134802.096761	-0.040000	0.776000	0.566000	192.000000	0.000000	0.000000	0.000000	0.000000	0.000000	0.000000	0.000000	0.000000	0.000000	1733433149.275524	0.000000
68.000000	89478.235183	21419.319084	187500.000000	187500.000000	87760.101290	103662.160476	112817.993798	134798.162853	-0.040000	0.776000	0.566000	192.000000	0.000000	0.000000	0.000000	0.000000	0.000000	0.000000	0.000000	0.000000	0.000000	1733433149.280503	0.000000
69.000000	89473.116633	21408.992578	187500.000000	187500.000000	87759.967179	103664.999147	112816.429176	134801.180339	-0.040000	0.776000	0.566000	192.000000	0.000000	0.000000	0.000000	0.000000	0.000000	0.000000	0.000000	0.000000	0.000000	1733433149.284549	0.000000
70.000000	89470.479127	21402.778793	187500.000000	187500.000000	87764.102252	103664.730926	112821.570077	134813.406743	-0.040000	0.776000	0.566000	192.000000	0.000000	0.000000	0.000000	0.000000	0.000000	0.000000	0.000000	0.000000	0.000000	1733433149.287543	0.000000
71.000000	89462.544258	21388.250159	187500.000000	187500.000000	87749.573618	103657.868941	112817.814984	134814.256110	-0.040000	0.776000	0.566000	192.000000	0.000000	0.000000	0.000000	0.000000	0.000000	0.000000	0.000000	0.000000	0.000000	1733433149.291542	0.000000
72.000000	89460.040863	21388.719545	187500.000000	187500.000000	87738.151877	103641.932147	112808.740176	134803.728438	-0.040000	0.776000	0.566000	192.000000	0.000000	0.000000	0.000000	0.000000	0.000000	0.000000	0.000000	0.000000	0.000000	1733433149.295879	0.000000
73.000000	89463.728900	21390.127705	187500.000000	187500.000000	87740.610569	103651.476342	112813.411690	134821.788647	-0.040000	0.776000	0.566000	192.000000	0.000000	0.000000	0.000000	0.000000	0.000000	0.000000	0.000000	0.000000	0.000000	1733433149.299807	0.000000
74.000000	89462.566610	21394.486296	187500.000000	187500.000000	87738.598912	103646.782475	112812.897600	134806.008316	-0.038000	0.784000	0.560000	192.000000	254.000000	208.000000	24.000000	128.000000	17.000000	128.000000	0.000000	0.000000	0.000000	1733433149.304895	0.000000
75.000000	89459.862049	21383.869217	187500.000000	187500.000000	87736.766069	103639.965193	112810.505964	134796.262955	-0.038000	0.784000	0.560000	192.000000	0.000000	0.000000	0.000000	0.000000	0.000000	0.000000	0.000000	0.000000	0.000000	1733433149.308708	0.000000
76.000000	89454.922313	21384.271548	187500.000000	187500.000000	87731.982795	103630.644516	112797.743118	134825.208464	-0.038000	0.784000	0.560000	192.000000	0.000000	0.000000	0.000000	0.000000	0.000000	0.000000	0.000000	0.000000	0.000000	1733433149.312760	0.000000
77.000000	89457.313950	21390.910016	187500.000000	187500.000000	87731.625167	103622.642591	112788.221274	134832.830409	-0.038000	0.784000	0.560000	192.000000	0.000000	0.000000	0.000000	0.000000	0.000000	0.000000	0.000000	0.000000	0.000000	1733433149.315528	0.000000
78.000000	89459.012682	21393.994557	187500.000000	187500.000000	87740.834086	103650.023478	112806.884981	134821.229854	-0.038000	0.784000	0.560000	192.000000	0.000000	0.000000	0.000000	0.000000	0.000000	0.000000	0.000000	0.000000	0.000000	1733433149.319578	0.000000
79.000000	89451.569551	21376.984880	187500.000000	187500.000000	87734.530894	103637.037115	112796.759641	134788.529252	-0.038000	0.784000	0.560000	192.000000	0.000000	0.000000	0.000000	0.000000	0.000000	0.000000	0.000000	0.000000	0.000000	1733433149.323627	0.000000
80.000000	89444.886380	21368.938252	187500.000000	187500.000000	87727.534798	103611.913754	112790.858780	134774.514708	-0.038000	0.784000	0.560000	192.000000	0.000000	0.000000	0.000000	0.000000	0.000000	0.000000	0.000000	0.000000	0.000000	1733433149.327706	0.000000
81.000000	89449.334377	21379.957662	187500.000000	187500.000000	87733.659176	103641.440408	112803.509868	134780.795548	-0.038000	0.784000	0.560000	192.000000	0.000000	0.000000	0.000000	0.000000	0.000000	0.000000	0.000000	0.000000	0.000000	1733433149.331782	0.000000
82.000000	89435.610406	21358.052952	187500.000000	187500.000000	87725.098458	103627.247051	112787.260149	134787.679885	-0.038000	0.784000	0.560000	192.000000	0.000000	0.000000	0.000000	0.000000	0.000000	0.000000	0.000000	0.000000	0.000000	1733433149.336867	0.000000
83.000000	89434.604577	21357.628269	187500.000000	187500.000000	87720.471647	103612.472548	112781.202827	134803.907252	-0.038000	0.784000	0.560000	192.000000	0.000000	0.000000	0.000000	0.000000	0.000000	0.000000	0.000000	0.000000	0.000000	1733433149.340017	0.000000
84.000000	89436.593883	21374.705002	187500.000000	187500.000000	87721.902158	103612.159623	112790.009414	134786.875223	-0.038000	0.784000	0.564000	192.000000	254.000000	208.000000	24.000000	128.000000	17.000000	160.000000	0.000000	0.000000	0.000000	1733433149.343807	0.000000
85.000000	89435.543351	21366.345449	187500.000000	187500.000000	87710.301603	103613.008989	112775.614891	134788.484548	-0.038000	0.784000	0.564000	192.000000	0.000000	0.000000	0.000000	0.000000	0.000000	0.000000	0.000000	0.000000	0.000000	1733433149.347751	0.000000
86.000000	89440.796011	21360.958679	187500.000000	187500.000000	87709.519292	103607.063425	112773.335013	134800.532138	-0.038000	0.784000	0.564000	192.000000	0.000000	0.000000	0.000000	0.000000	0.000000	0.000000	0.000000	0.000000	0.000000	1733433149.351570	0.000000
87.000000	89445.154601	21363.685592	187500.000000	187500.000000	87711.687411	103608.940972	112781.538103	134820.313432	-0.038000	0.784000	0.564000	192.000000	0.000000	0.000000	0.000000	0.000000	0.000000	0.000000	0.000000	0.000000	0.000000	1733433149.355577	0.000000
88.000000	89432.414106	21343.211394	187500.000000	187500.000000	87706.300641	103597.787451	112775.078449	134782.561336	-0.038000	0.784000	0.564000	192.000000	0.000000	0.000000	0.000000	0.000000	0.000000	0.000000	0.000000	0.000000	0.000000	1733433149.359859	0.000000
89.000000	89431.251816	21360.578699	187500.000000	187500.000000	87704.154873	103606.169356	112778.699431	134783.589516	-0.038000	0.784000	0.564000	192.000000	0.000000	0.000000	0.000000	0.000000	0.000000	0.000000	0.000000	0.000000	0.000000	1733433149.364645	0.000000
90.000000	89438.605540	21373.028621	187500.000000	187500.000000	87696.152949	103593.495917	112761.175664	134780.996714	-0.038000	0.784000	0.564000	192.000000	0.000000	0.000000	0.000000	0.000000	0.000000	0.000000	0.000000	0.000000	0.000000	1733433149.367901	0.000000
91.000000	89432.592920	21335.790615	187500.000000	187500.000000	87701.718533	103629.817501	112767.300042	134745.837420	-0.038000	0.784000	0.564000	192.000000	0.000000	0.000000	0.000000	0.000000	0.000000	0.000000	0.000000	0.000000	0.000000	1733433149.371769	0.000000
92.000000	89442.092412	21335.432987	187500.000000	187500.000000	87721.969214	103645.217853	112791.998719	134766.669246	-0.038000	0.784000	0.564000	192.000000	0.000000	0.000000	0.000000	0.000000	0.000000	0.000000	0.000000	0.000000	0.000000	1733433149.375992	0.000000
93.000000	89441.980653	21341.914993	187500.000000	187500.000000	87706.993545	103585.538696	112774.229082	134780.124996	-0.038000	0.784000	0.564000	192.000000	0.000000	0.000000	0.000000	0.000000	0.000000	0.000000	0.000000	0.000000	0.000000	1733433149.379855	0.000000
94.000000	89436.102144	21341.512661	187500.000000	187500.000000	87699.326897	103583.325873	112771.904501	134777.889821	-0.040000	0.782000	0.562000	192.000000	254.000000	192.000000	24.000000	112.000000	17.000000	144.000000	0.000000	0.000000	0.000000	1733433149.383977	0.000000
95.000000	89439.365499	21346.295934	187500.000000	187500.000000	87702.366734	103596.915733	112782.409821	134771.474871	-0.040000	0.782000	0.562000	192.000000	0.000000	0.000000	0.000000	0.000000	0.000000	0.000000	0.000000	0.000000	0.000000	1733433149.387642	0.000000
96.000000	89445.847505	21373.632118	187500.000000	187500.000000	87712.223853	103624.542490	112798.547780	134766.468080	-0.040000	0.782000	0.562000	192.000000	0.000000	0.000000	0.000000	0.000000	0.000000	0.000000	0.000000	0.000000	0.000000	1733433149.392650	0.000000
97.000000	89445.892208	21349.380475	187500.000000	187500.000000	87711.843873	103611.533774	112792.512809	134769.150289	-0.040000	0.782000	0.562000	192.000000	0.000000	0.000000	0.000000	0.000000	0.000000	0.000000	0.000000	0.000000	0.000000	1733433149.395673	0.000000
98.000000	89437.376194	21322.200754	187500.000000	187500.000000	87702.456141	103585.158716	112778.386507	134756.834478	-0.040000	0.782000	0.562000	192.000000	0.000000	0.000000	0.000000	0.000000	0.000000	0.000000	0.000000	0.000000	0.000000	1733433149.399691	0.000000
99.000000	89424.635699	21325.642923	187500.000000	187500.000000	87685.424112	103580.062518	112765.578957	134770.580801	-0.040000	0.782000	0.562000	192.000000	0.000000	0.000000	0.000000	0.000000	0.000000	0.000000	0.000000	0.000000	0.000000	1733433149.404034	0.000000
100.000000	89424.903920	21326.112309	187500.000000	187500.000000	87684.060655	103584.197591	112766.964765	134766.959818	-0.040000	0.782000	0.562000	192.000000	0.000000	0.000000	0.000000	0.000000	0.000000	0.000000	0.000000	0.000000	0.000000	1733433149.407912	0.000000
101.000000	89429.463676	21330.783824	187500.000000	187500.000000	87692.844891	103599.173260	112773.066792	134760.053129	-0.040000	0.782000	0.562000	192.000000	0.000000	0.000000	0.000000	0.000000	0.000000	0.000000	0.000000	0.000000	0.000000	1733433149.411964	0.000000
102.000000	89432.235292	21340.618591	187500.000000	187500.000000	87692.599022	103600.871992	112767.657670	134756.208629	-0.040000	0.782000	0.562000	192.000000	0.000000	0.000000	0.000000	0.000000	0.000000	0.000000	0.000000	0.000000	0.000000	1733433149.415905	0.000000
103.000000	89424.389830	21320.457318	187500.000000	187500.000000	87685.088835	103575.726280	112752.436132	134755.403966	-0.040000	0.782000	0.562000	192.000000	0.000000	0.000000	0.000000	0.000000	0.000000	0.000000	0.000000	0.000000	0.000000	1733433149.420723	0.000000
104.000000	89423.071077	21320.233800	187500.000000	187500.000000	87693.113112	103587.103318	112763.567300	134754.107565	-0.040000	0.782000	0.562000	192.000000	0.000000	0.000000	0.000000	0.000000	0.000000	0.000000	0.000000	0.000000	0.000000	1733433149.423683	0.000000
105.000000	89418.265452	21303.514696	187500.000000	187500.000000	87689.000391	103594.993483	112768.037649	134753.928751	-0.044000	0.778000	0.568000	192.000000	254.000000	160.000000	24.000000	80.000000	17.000000	192.000000	0.000000	0.000000	0.000000	1733433149.426708	0.000000
106.000000	89417.147865	21293.344652	187500.000000	187500.000000	87679.277382	103581.984768	112765.958937	134770.200821	-0.044000	0.778000	0.568000	192.000000	0.000000	0.000000	0.000000	0.000000	0.000000	0.000000	0.000000	0.000000	0.000000	1733433149.431682	0.000000
107.000000	89418.623080	21295.021033	187500.000000	187500.000000	87683.278344	103584.443460	112762.203844	134744.093984	-0.044000	0.778000	0.568000	192.000000	0.000000	0.000000	0.000000	0.000000	0.000000	0.000000	0.000000	0.000000	0.000000	1733433149.435750	0.000000
108.000000	89430.938891	21312.120117	187500.000000	187500.000000	87685.424112	103591.305446	112761.332126	134734.147457	-0.044000	0.778000	0.568000	192.000000	0.000000	0.000000	0.000000	0.000000	0.000000	0.000000	0.000000	0.000000	0.000000	1733433149.439756	0.000000
109.000000	89424.121609	21310.331978	187500.000000	187500.000000	87671.208402	103582.208286	112758.381696	134740.070670	-0.044000	0.778000	0.568000	192.000000	0.000000	0.000000	0.000000	0.000000	0.000000	0.000000	0.000000	0.000000	0.000000	1733433149.443872	0.000000
110.000000	89416.186740	21311.695434	187500.000000	187500.000000	87657.283265	103578.162620	112754.403085	134738.573103	-0.044000	0.778000	0.568000	192.000000	0.000000	0.000000	0.000000	0.000000	0.000000	0.000000	0.000000	0.000000	0.000000	1733433149.449118	0.000000
111.000000	89402.418065	21291.131829	187500.000000	187500.000000	87637.099640	103564.863332	112732.386617	134750.531286	-0.044000	0.778000	0.568000	192.000000	0.000000	0.000000	0.000000	0.000000	0.000000	0.000000	0.000000	0.000000	0.000000	1733433149.451879	0.000000
112.000000	89405.904937	21296.272730	187500.000000	187500.000000	87641.502934	103579.615483	112752.100855	134762.198897	-0.044000	0.778000	0.568000	192.000000	0.000000	0.000000	0.000000	0.000000	0.000000	0.000000	0.000000	0.000000	0.000000	1733433149.455882	0.000000
113.000000	89404.429722	21292.875265	187500.000000	187500.000000	87657.059748	103577.693233	112767.098876	134752.520591	-0.044000	0.778000	0.568000	192.000000	0.000000	0.000000	0.000000	0.000000	0.000000	0.000000	0.000000	0.000000	0.000000	1733433149.459780	0.000000
114.000000	89406.977821	21276.267919	187500.000000	187500.000000	87654.891629	103583.057652	112757.152350	134750.464231	-0.044000	0.778000	0.568000	192.000000	0.000000	0.000000	0.000000	0.000000	0.000000	0.000000	0.000000	0.000000	0.000000	1733433149.463773	0.000000
115.000000	89407.044876	21277.586672	187500.000000	187500.000000	87666.961571	103589.763175	112762.405010	134727.464286	-0.040000	0.776000	0.574000	192.000000	254.000000	192.000000	24.000000	64.000000	17.000000	240.000000	0.000000	0.000000	0.000000	1733433149.467791	0.000000
116.000000	89406.150807	21293.255245	187500.000000	187500.000000	87671.051940	103578.788469	112771.837446	134741.523533	-0.040000	0.776000	0.574000	192.000000	0.000000	0.000000	0.000000	0.000000	0.000000	0.000000	0.000000	0.000000	0.000000	1733433149.471773	0.000000
117.000000	89404.966164	21277.899596	187500.000000	187500.000000	87658.043225	103586.611579	112763.947280	134741.769402	-0.040000	0.776000	0.574000	192.000000	0.000000	0.000000	0.000000	0.000000	0.000000	0.000000	0.000000	0.000000	0.000000	1733433149.474801	0.000000
118.000000	89399.288821	21274.010393	187500.000000	187500.000000	87647.359091	103577.827344	112747.339934	134733.655719	-0.040000	0.776000	0.574000	192.000000	0.000000	0.000000	0.000000	0.000000	0.000000	0.000000	0.000000	0.000000	0.000000	1733433149.478777	0.000000
119.000000	89395.667839	21271.775218	187500.000000	187500.000000	87645.123916	103560.437686	112742.333143	134724.826780	-0.040000	0.776000	0.574000	192.000000	0.000000	0.000000	0.000000	0.000000	0.000000	0.000000	0.000000	0.000000	0.000000	1733433149.482955	0.000000
120.000000	89384.089635	21251.189262	187500.000000	187500.000000	87642.329948	103553.374535	112740.388541	134706.006611	-0.040000	0.776000	0.574000	192.000000	0.000000	0.000000	0.000000	0.000000	0.000000	0.000000	0.000000	0.000000	0.000000	1733433149.487839	0.000000
121.000000	89379.127548	21248.216480	187500.000000	187500.000000	87631.019966	103546.154922	112735.046474	134711.035754	-0.040000	0.776000	0.574000	192.000000	0.000000	0.000000	0.000000	0.000000	0.000000	0.000000	0.000000	0.000000	0.000000	1733433149.491983	0.000000
122.000000	89393.298554	21266.857835	187500.000000	187500.000000	87638.373689	103558.314271	112741.863756	134708.532358	-0.040000	0.776000	0.574000	192.000000	0.000000	0.000000	0.000000	0.000000	0.000000	0.000000	0.000000	0.000000	0.000000	1733433149.496066	0.000000
123.000000	89386.414216	21265.695544	187500.000000	187500.000000	87634.283320	103561.376460	112739.919155	134706.900681	-0.040000	0.776000	0.574000	192.000000	0.000000	0.000000	0.000000	0.000000	0.000000	0.000000	0.000000	0.000000	0.000000	1733433149.499788	0.000000
124.000000	89377.652333	21246.137768	187500.000000	187500.000000	87619.307651	103541.550462	112720.249620	134699.703419	-0.040000	0.776000	0.574000	192.000000	0.000000	0.000000	0.000000	0.000000	0.000000	0.000000	0.000000	0.000000	0.000000	1733433149.503782	0.000000
125.000000	89386.593030	21254.787893	187500.000000	187500.000000	87618.123009	103545.484369	112714.952256	134734.929768	-0.036000	0.780000	0.572000	192.000000	254.000000	224.000000	24.000000	96.000000	17.000000	224.000000	0.000000	0.000000	0.000000	1733433149.506817	0.000000
126.000000	89384.268449	21264.890881	187500.000000	187500.000000	87625.700250	103542.779808	112732.610134	134726.458457	-0.036000	0.780000	0.572000	192.000000	0.000000	0.000000	0.000000	0.000000	0.000000	0.000000	0.000000	0.000000	0.000000	1733433149.511027	0.000000
127.000000	89379.216955	21260.241718	187500.000000	187500.000000	87621.878102	103537.102465	112731.269030	134710.991050	-0.036000	0.780000	0.572000	192.000000	0.000000	0.000000	0.000000	0.000000	0.000000	0.000000	0.000000	0.000000	0.000000	1733433149.515866	0.000000
128.000000	89374.187812	21237.688808	187500.000000	187500.000000	87610.054029	103548.099524	112725.904611	134695.389532	-0.036000	0.780000	0.572000	192.000000	0.000000	0.000000	0.000000	0.000000	0.000000	0.000000	0.000000	0.000000	0.000000	1733433149.519959	0.000000
129.000000	89378.211126	21236.012427	187500.000000	187500.000000	87622.705117	103547.741896	112740.165024	134687.432311	-0.036000	0.780000	0.572000	192.000000	0.000000	0.000000	0.000000	0.000000	0.000000	0.000000	0.000000	0.000000	0.000000	1733433149.524101	0.000000
130.000000	89385.251926	21250.094026	187500.000000	187500.000000	87618.771210	103519.489291	112736.007599	134710.588719	-0.036000	0.780000	0.572000	192.000000	0.000000	0.000000	0.000000	0.000000	0.000000	0.000000	0.000000	0.000000	0.000000	1733433149.528299	0.000000
131.000000	89379.775748	21249.267012	187500.000000	187500.000000	87608.064724	103513.923706	112718.327369	134685.934745	-0.036000	0.780000	0.572000	192.000000	0.000000	0.000000	0.000000	0.000000	0.000000	0.000000	0.000000	0.000000	0.000000	1733433149.531037	0.000000
132.000000	89373.897239	21242.405026	187500.000000	187500.000000	87596.061837	103505.966485	112706.592704	134669.483861	-0.036000	0.780000	0.572000	192.000000	0.000000	0.000000	0.000000	0.000000	0.000000	0.000000	0.000000	0.000000	0.000000	1733433149.534857	0.000000
133.000000	89380.692170	21248.417646	187500.000000	187500.000000	87596.575927	103516.091825	112713.119413	134681.307933	-0.036000	0.780000	0.572000	192.000000	0.000000	0.000000	0.000000	0.000000	0.000000	0.000000	0.000000	0.000000	0.000000	1733433149.538901	0.000000
134.000000	89382.077978	21234.760730	187500.000000	187500.000000	87594.810140	103507.821680	112709.789003	134680.682085	-0.036000	0.780000	0.572000	192.000000	0.000000	0.000000	0.000000	0.000000	0.000000	0.000000	0.000000	0.000000	0.000000	1733433149.543128	0.000000
135.000000	89376.601801	21224.188355	187500.000000	187500.000000	87584.640096	103506.815852	112709.632541	134675.965867	-0.034000	0.776000	0.568000	192.000000	254.000000	240.000000	24.000000	64.000000	17.000000	192.000000	0.000000	0.000000	0.000000	1733433149.547897	0.000000
136.000000	89371.974989	21213.504221	187500.000000	187500.000000	87580.125043	103506.905259	112710.861887	134686.225317	-0.034000	0.776000	0.568000	192.000000	0.000000	0.000000	0.000000	0.000000	0.000000	0.000000	0.000000	0.000000	0.000000	1733433149.551895	0.000000
137.000000	89365.448280	21207.737471	187500.000000	187500.000000	87575.721750	103492.488383	112701.831782	134688.460492	-0.034000	0.776000	0.568000	192.000000	0.000000	0.000000	0.000000	0.000000	0.000000	0.000000	0.000000	0.000000	0.000000	1733433149.555994	0.000000
138.000000	89361.916704	21211.716081	187500.000000	187500.000000	87572.637209	103492.801308	112692.153477	134650.484878	-0.034000	0.776000	0.568000	192.000000	0.000000	0.000000	0.000000	0.000000	0.000000	0.000000	0.000000	0.000000	0.000000	1733433149.558995	0.000000
139.000000	89355.300588	21216.767575	187500.000000	187500.000000	87572.145471	103513.186099	112682.631634	134648.383814	-0.034000	0.776000	0.568000	192.000000	0.000000	0.000000	0.000000	0.000000	0.000000	0.000000	0.000000	0.000000	0.000000	1733433149.562945	0.000000
140.000000	89364.665969	21229.999808	187500.000000	187500.000000	87573.330113	103519.221070	112689.113639	134689.935707	-0.034000	0.776000	0.568000	192.000000	0.000000	0.000000	0.000000	0.000000	0.000000	0.000000	0.000000	0.000000	0.000000	1733433149.567232	0.000000
141.000000	89367.258771	21221.483793	187500.000000	187500.000000	87589.512776	103532.743875	112711.711253	134677.552840	-0.034000	0.776000	0.568000	192.000000	0.000000	0.000000	0.000000	0.000000	0.000000	0.000000	0.000000	0.000000	0.000000	1733433149.571057	0.000000
142.000000	89362.944885	21209.503258	187500.000000	187500.000000	87593.089055	103500.177383	112716.472175	134676.949343	-0.034000	0.776000	0.568000	192.000000	0.000000	0.000000	0.000000	0.000000	0.000000	0.000000	0.000000	0.000000	0.000000	1733433149.575912	0.000000
143.000000	89368.376359	21220.097985	187500.000000	187500.000000	87586.137663	103483.838258	112719.981399	134686.337076	-0.034000	0.776000	0.568000	192.000000	0.000000	0.000000	0.000000	0.000000	0.000000	0.000000	0.000000	0.000000	0.000000	1733433149.579916	0.000000
144.000000	89362.564905	21205.547000	187500.000000	187500.000000	87586.830567	103478.719709	112717.835631	134691.634439	-0.034000	0.776000	0.568000	192.000000	0.000000	0.000000	0.000000	0.000000	0.000000	0.000000	0.000000	0.000000	0.000000	1733433149.583937	0.000000
145.000000	89353.244228	21193.678223	187500.000000	187500.000000	87588.082264	103479.524372	112708.604361	134665.281733	-0.040000	0.778000	0.564000	192.000000	254.000000	192.000000	24.000000	80.000000	17.000000	160.000000	0.000000	0.000000	0.000000	1733433149.586926	0.000000
146.000000	89337.620358	21181.116543	187500.000000	187500.000000	87568.859764	103464.459296	112687.012576	134641.343014	-0.040000	0.778000	0.564000	192.000000	0.000000	0.000000	0.000000	0.000000	0.000000	0.000000	0.000000	0.000000	0.000000	1733433149.590915	0.000000
147.000000	89340.213161	21192.582988	187500.000000	187500.000000	87575.565288	103466.761525	112676.507256	134647.981483	-0.040000	0.778000	0.564000	192.000000	0.000000	0.000000	0.000000	0.000000	0.000000	0.000000	0.000000	0.000000	0.000000	1733433149.595199	0.000000
148.000000	89357.245190	21219.114509	187500.000000	187500.000000	87584.327171	103473.332938	112679.860017	134648.741442	-0.040000	0.778000	0.564000	192.000000	0.000000	0.000000	0.000000	0.000000	0.000000	0.000000	0.000000	0.000000	0.000000	1733433149.599223	0.000000
149.000000	89357.602818	21216.901686	187500.000000	187500.000000	87589.982163	103484.687625	112696.869695	134664.074739	-0.040000	0.778000	0.564000	192.000000	0.000000	0.000000	0.000000	0.000000	0.000000	0.000000	0.000000	0.000000	0.000000	1733433149.604246	0.000000
150.000000	89343.163591	21203.624750	187500.000000	187500.000000	87581.421445	103475.188133	112695.461535	134667.941590	-0.040000	0.778000	0.564000	192.000000	0.000000	0.000000	0.000000	0.000000	0.000000	0.000000	0.000000	0.000000	0.000000	1733433149.608097	0.000000
151.000000	89340.235512	21201.590741	187500.000000	187500.000000	87580.437968	103481.111345	112694.612169	134663.068910	-0.040000	0.778000	0.564000	192.000000	0.000000	0.000000	0.000000	0.000000	0.000000	0.000000	0.000000	0.000000	0.000000	1733433149.611108	0.000000
152.000000	89345.041137	21199.087345	187500.000000	187500.000000	87587.434064	103487.772165	112695.327424	134657.793898	-0.040000	0.778000	0.564000	192.000000	0.000000	0.000000	0.000000	0.000000	0.000000	0.000000	0.000000	0.000000	0.000000	1733433149.614971	0.000000
153.000000	89336.636881	21194.013499	187500.000000	187500.000000	87581.354389	103469.779011	112681.603453	134641.186552	-0.040000	0.778000	0.564000	192.000000	0.000000	0.000000	0.000000	0.000000	0.000000	0.000000	0.000000	0.000000	0.000000	1733433149.618994	0.000000
154.000000	89339.274387	21195.756936	187500.000000	187500.000000	87587.568174	103478.920874	112684.889160	134658.889134	-0.040000	0.778000	0.564000	192.000000	0.000000	0.000000	0.000000	0.000000	0.000000	0.000000	0.000000	0.000000	0.000000	1733433149.622996	0.000000
155.000000	89332.859437	21184.938691	187500.000000	187500.000000	87582.986067	103483.011244	112683.928035	134648.227352	-0.044000	0.776000	0.564000	192.000000	254.000000	160.000000	24.000000	64.000000	17.000000	160.000000	0.000000	0.000000	0.000000	1733433149.627341	0.000000
156.000000	89329.551378	21169.806560	187500.000000	187500.000000	87567.965694	103455.205674	112667.119523	134663.538297	-0.044000	0.776000	0.564000	192.000000	0.000000	0.000000	0.000000	0.000000	0.000000	0.000000	0.000000	0.000000	0.000000	1733433149.632203	0.000000
157.000000	89344.527047	21194.952273	187500.000000	187500.000000	87585.847090	103482.586561	112683.212779	134644.941645	-0.044000	0.776000	0.564000	192.000000	0.000000	0.000000	0.000000	0.000000	0.000000	0.000000	0.000000	0.000000	0.000000	1733433149.636276	0.000000
158.000000	89325.528064	21181.608281	187500.000000	187500.000000	87562.467165	103456.457371	112653.060276	134618.812456	-0.044000	0.776000	0.564000	192.000000	0.000000	0.000000	0.000000	0.000000	0.000000	0.000000	0.000000	0.000000	0.000000	1733433149.639179	0.000000
159.000000	89325.148085	21178.456685	187500.000000	187500.000000	87552.453584	103430.886976	112640.967982	134642.348843	-0.044000	0.776000	0.564000	192.000000	0.000000	0.000000	0.000000	0.000000	0.000000	0.000000	0.000000	0.000000	0.000000	1733433149.642994	0.000000
160.000000	89343.923550	21198.193276	187500.000000	187500.000000	87573.687741	103457.507903	112671.075782	134637.319700	-0.044000	0.776000	0.564000	192.000000	0.000000	0.000000	0.000000	0.000000	0.000000	0.000000	0.000000	0.000000	0.000000	1733433149.646984	0.000000
161.000000	89344.795268	21190.593683	187500.000000	187500.000000	87587.411712	103472.327110	112689.940654	134627.328471	-0.044000	0.776000	0.564000	192.000000	0.000000	0.000000	0.000000	0.000000	0.000000	0.000000	0.000000	0.000000	0.000000	1733433149.651027	0.000000
162.000000	89336.458067	21182.301185	187500.000000	187500.000000	87579.499195	103448.544854	112676.931939	134624.065116	-0.044000	0.776000	0.564000	192.000000	0.000000	0.000000	0.000000	0.000000	0.000000	0.000000	0.000000	0.000000	0.000000	1733433149.655043	0.000000
163.000000	89337.396841	21181.585930	187500.000000	187500.000000	87585.087131	103452.143485	112676.261386	134632.581131	-0.044000	0.776000	0.564000	192.000000	0.000000	0.000000	0.000000	0.000000	0.000000	0.000000	0.000000	0.000000	0.000000	1733433149.659096	0.000000
164.000000	89340.995472	21188.827895	187500.000000	187500.000000	87587.299953	103457.239682	112678.384802	134629.988328	-0.044000	0.776000	0.564000	192.000000	0.000000	0.000000	0.000000	0.000000	0.000000	0.000000	0.000000	0.000000	0.000000	1733433149.664167	0.000000
165.000000	89340.950768	21186.883293	187500.000000	187500.000000	87580.840299	103455.652708	112672.260424	134633.363442	-0.034000	0.780000	0.564000	192.000000	254.000000	240.000000	24.000000	96.000000	17.000000	160.000000	0.000000	0.000000	0.000000	1733433149.667312	0.000000
166.000000	89334.915797	21186.011575	187500.000000	187500.000000	87574.447700	103456.256206	112673.154494	134635.799782	-0.034000	0.780000	0.564000	192.000000	0.000000	0.000000	0.000000	0.000000	0.000000	0.000000	0.000000	0.000000	0.000000	1733433149.671345	0.000000
167.000000	89343.342405	21204.854096	187500.000000	187500.000000	87580.907354	103461.866493	112681.223474	134628.311947	-0.034000	0.780000	0.564000	192.000000	0.000000	0.000000	0.000000	0.000000	0.000000	0.000000	0.000000	0.000000	0.000000	1733433149.675086	0.000000
168.000000	89345.644634	21203.669453	187500.000000	187500.000000	87582.807253	103463.900502	112680.932901	134624.087468	-0.034000	0.780000	0.564000	192.000000	0.000000	0.000000	0.000000	0.000000	0.000000	0.000000	0.000000	0.000000	0.000000	1733433149.679200	0.000000
169.000000	89339.587312	21192.448877	187500.000000	187500.000000	87575.788805	103465.643938	112674.115619	134617.873683	-0.034000	0.780000	0.564000	192.000000	0.000000	0.000000	0.000000	0.000000	0.000000	0.000000	0.000000	0.000000	0.000000	1733433149.683068	0.000000
170.000000	89327.696184	21172.712287	187500.000000	187500.000000	87562.154241	103452.076429	112674.719116	134631.441192	-0.034000	0.780000	0.564000	192.000000	0.000000	0.000000	0.000000	0.000000	0.000000	0.000000	0.000000	0.000000	0.000000	1733433149.687091	0.000000
171.000000	89328.657309	21164.576252	187500.000000	187500.000000	87556.454546	103447.069639	112673.668584	134650.551933	-0.034000	0.780000	0.564000	192.000000	0.000000	0.000000	0.000000	0.000000	0.000000	0.000000	0.000000	0.000000	0.000000	1733433149.692144	0.000000
172.000000	89328.590253	21160.307069	187500.000000	187500.000000	87559.136755	103449.707144	112665.778418	134638.616102	-0.034000	0.780000	0.564000	192.000000	0.000000	0.000000	0.000000	0.000000	0.000000	0.000000	0.000000	0.000000	0.000000	1733433149.695090	0.000000
173.000000	89332.904140	21175.953290	187500.000000	187500.000000	87550.643092	103454.892749	112649.171072	134672.814271	-0.034000	0.780000	0.564000	192.000000	0.000000	0.000000	0.000000	0.000000	0.000000	0.000000	0.000000	0.000000	0.000000	1733433149.699366	0.000000
174.000000	89343.901198	21196.963930	187500.000000	187500.000000	87571.072587	103489.873229	112677.893064	134622.835770	-0.034000	0.780000	0.564000	192.000000	0.000000	0.000000	0.000000	0.000000	0.000000	0.000000	0.000000	0.000000	0.000000	1733433149.703286	0.000000
175.000000	89339.341443	21179.238996	187500.000000	187500.000000	87567.608067	103477.579770	112676.551959	134619.058325	-0.034000	0.786000	0.574000	192.000000	254.000000	240.000000	24.000000	144.000000	17.000000	240.000000	0.000000	0.000000	0.000000	1733433149.707381	0.000000
176.000000	89340.324919	21184.514008	187500.000000	187500.000000	87574.492404	103450.154179	112675.054392	134614.900901	-0.034000	0.786000	0.574000	192.000000	0.000000	0.000000	0.000000	0.000000	0.000000	0.000000	0.000000	0.000000	0.000000	1733433149.711264	0.000000
177.000000	89349.958521	21202.283645	187500.000000	187500.000000	87584.550689	103448.991889	112686.744355	134622.746363	-0.034000	0.786000	0.574000	192.000000	0.000000	0.000000	0.000000	0.000000	0.000000	0.000000	0.000000	0.000000	0.000000	1733433149.715114	0.000000
178.000000	89352.305454	21198.416793	187500.000000	187500.000000	87582.829604	103444.275671	112674.585006	134626.926139	-0.034000	0.786000	0.574000	192.000000	0.000000	0.000000	0.000000	0.000000	0.000000	0.000000	0.000000	0.000000	0.000000	1733433149.720130	0.000000
179.000000	89353.803021	21192.471229	187500.000000	187500.000000	87580.214450	103451.674098	112676.619014	134620.421782	-0.034000	0.786000	0.574000	192.000000	0.000000	0.000000	0.000000	0.000000	0.000000	0.000000	0.000000	0.000000	0.000000	1733433149.723148	0.000000
180.000000	89344.370585	21175.260386	187500.000000	187500.000000	87576.235840	103450.556511	112680.284700	134623.618081	-0.034000	0.786000	0.574000	192.000000	0.000000	0.000000	0.000000	0.000000	0.000000	0.000000	0.000000	0.000000	0.000000	1733433149.726421	0.000000
181.000000	89337.307434	21166.453799	187500.000000	187500.000000	87565.417596	103439.805322	112672.260424	134628.781334	-0.034000	0.786000	0.574000	192.000000	0.000000	0.000000	0.000000	0.000000	0.000000	0.000000	0.000000	0.000000	0.000000	1733433149.731324	0.000000
182.000000	89340.436678	21173.360488	187500.000000	187500.000000	87566.043444	103449.461275	112672.416886	134628.446058	-0.034000	0.786000	0.574000	192.000000	0.000000	0.000000	0.000000	0.000000	0.000000	0.000000	0.000000	0.000000	0.000000	1733433149.735470	0.000000
183.000000	89341.956597	21178.501389	187500.000000	187500.000000	87563.785918	103461.285348	112676.998994	134624.467447	-0.034000	0.786000	0.574000	192.000000	0.000000	0.000000	0.000000	0.000000	0.000000	0.000000	0.000000	0.000000	0.000000	1733433149.739391	0.000000
184.000000	89346.248132	21185.631595	187500.000000	187500.000000	87571.318456	103468.437906	112687.683128	134667.360445	-0.034000	0.786000	0.574000	192.000000	0.000000	0.000000	0.000000	0.000000	0.000000	0.000000	0.000000	0.000000	0.000000	1733433149.743319	0.000000
185.000000	89336.256902	21180.937729	187500.000000	187500.000000	87560.902543	103455.004508	112672.103962	134633.922235	-0.030000	0.774000	0.568000	192.000000	255.000000	16.000000	24.000000	48.000000	17.000000	192.000000	0.000000	0.000000	0.000000	1733433149.748166	0.000000
186.000000	89332.278291	21181.384764	187500.000000	187500.000000	87563.048311	103454.445714	112677.222511	134601.825130	-0.030000	0.774000	0.568000	192.000000	0.000000	0.000000	0.000000	0.000000	0.000000	0.000000	0.000000	0.000000	0.000000	1733433149.751155	0.000000
187.000000	89341.375451	21197.410965	187500.000000	187500.000000	87570.066758	103445.974403	112682.184599	134605.669630	-0.030000	0.774000	0.568000	192.000000	0.000000	0.000000	0.000000	0.000000	0.000000	0.000000	0.000000	0.000000	0.000000	1733433149.754158	0.000000
188.000000	89341.911893	21194.102906	187500.000000	187500.000000	87566.602238	103443.895691	112675.143799	134609.737648	-0.030000	0.774000	0.568000	192.000000	0.000000	0.000000	0.000000	0.000000	0.000000	0.000000	0.000000	0.000000	0.000000	1733433149.759240	0.000000
189.000000	89337.709765	21180.222473	187500.000000	187500.000000	87562.243648	103448.298985	112665.823122	134617.851331	-0.030000	0.774000	0.568000	192.000000	0.000000	0.000000	0.000000	0.000000	0.000000	0.000000	0.000000	0.000000	0.000000	1733433149.763192	0.000000
190.000000	89337.888579	21179.507217	187500.000000	187500.000000	87558.555610	103443.627470	112655.653078	134617.471351	-0.030000	0.774000	0.568000	192.000000	0.000000	0.000000	0.000000	0.000000	0.000000	0.000000	0.000000	0.000000	0.000000	1733433149.767305	0.000000
191.000000	89337.530951	21187.419735	187500.000000	187500.000000	87552.632398	103450.645918	112672.036907	134618.298366	-0.030000	0.774000	0.568000	192.000000	0.000000	0.000000	0.000000	0.000000	0.000000	0.000000	0.000000	0.000000	0.000000	1733433149.771380	0.000000
192.000000	89322.644689	21162.586947	187500.000000	187500.000000	87534.706299	103432.138673	112660.793979	134597.779464	-0.030000	0.774000	0.568000	192.000000	0.000000	0.000000	0.000000	0.000000	0.000000	0.000000	0.000000	0.000000	0.000000	1733433149.775368	0.000000
193.000000	89328.545550	21158.653040	187500.000000	187500.000000	87538.796668	103423.510900	112661.263366	134592.504453	-0.030000	0.774000	0.568000	192.000000	0.000000	0.000000	0.000000	0.000000	0.000000	0.000000	0.000000	0.000000	0.000000	1733433149.778403	0.000000
194.000000	89332.367698	21165.336211	187500.000000	187500.000000	87538.886075	103415.508975	112655.720133	134606.764866	-0.030000	0.774000	0.568000	192.000000	0.000000	0.000000	0.000000	0.000000	0.000000	0.000000	0.000000	0.000000	0.000000	1733433149.782232	0.000000
195.000000	89330.780724	21170.432409	187500.000000	187500.000000	87538.997834	103421.163967	112660.592814	134659.112651	-0.038000	0.776000	0.568000	192.000000	254.000000	208.000000	24.000000	64.000000	17.000000	192.000000	0.000000	0.000000	0.000000	1733433149.787262	0.000000
196.000000	89337.866227	21173.896929	187500.000000	187500.000000	87542.574113	103433.300964	112672.036907	134635.442154	-0.038000	0.776000	0.568000	192.000000	0.000000	0.000000	0.000000	0.000000	0.000000	0.000000	0.000000	0.000000	0.000000	1733433149.791234	0.000000
197.000000	89334.155838	21177.964947	187500.000000	187500.000000	87541.098898	103441.034668	112661.822160	134615.526750	-0.038000	0.776000	0.568000	192.000000	0.000000	0.000000	0.000000	0.000000	0.000000	0.000000	0.000000	0.000000	0.000000	1733433149.795246	0.000000
198.000000	89317.995527	21163.659831	187500.000000	187500.000000	87534.125153	103418.682923	112643.694895	134613.179816	-0.038000	0.776000	0.568000	192.000000	0.000000	0.000000	0.000000	0.000000	0.000000	0.000000	0.000000	0.000000	0.000000	1733433149.799545	0.000000
199.000000	89318.710782	21152.103979	187500.000000	187500.000000	87538.863723	103418.258240	112648.031133	134623.506322	-0.038000	0.776000	0.568000	192.000000	0.000000	0.000000	0.000000	0.000000	0.000000	0.000000	0.000000	0.000000	0.000000	1733433149.803446	0.000000
200.000000	89328.970233	21168.353697	187500.000000	187500.000000	87545.770412	103430.305830	112659.542282	134633.206979	-0.038000	0.776000	0.568000	192.000000	0.000000	0.000000	0.000000	0.000000	0.000000	0.000000	0.000000	0.000000	0.000000	1733433149.806465	0.000000
201.000000	89327.696184	21177.473209	187500.000000	187500.000000	87540.137773	103428.964726	112661.956270	134612.330450	-0.038000	0.776000	0.568000	192.000000	0.000000	0.000000	0.000000	0.000000	0.000000	0.000000	0.000000	0.000000	0.000000	1733433149.810439	0.000000
202.000000	89342.023652	21189.744316	187500.000000	187500.000000	87547.916180	103438.061886	112678.809485	134609.312965	-0.038000	0.776000	0.568000	192.000000	0.000000	0.000000	0.000000	0.000000	0.000000	0.000000	0.000000	0.000000	0.000000	1733433149.815409	0.000000
203.000000	89348.170382	21195.689880	187500.000000	187500.000000	87546.955055	103447.963708	112682.721041	134616.443171	-0.038000	0.776000	0.568000	192.000000	0.000000	0.000000	0.000000	0.000000	0.000000	0.000000	0.000000	0.000000	0.000000	1733433149.819264	0.000000
204.000000	89344.169419	21197.120392	187500.000000	187500.000000	87546.105688	103443.739229	112677.356622	134622.835770	-0.038000	0.776000	0.568000	192.000000	0.000000	0.000000	0.000000	0.000000	0.000000	0.000000	0.000000	0.000000	0.000000	1733433149.823261	0.000000
205.000000	89343.968254	21188.112639	187500.000000	187500.000000	87552.744156	103438.039534	112676.619014	134638.102011	-0.044000	0.770000	0.566000	192.000000	254.000000	160.000000	24.000000	16.000000	17.000000	176.000000	0.000000	0.000000	0.000000	1733433149.827437	0.000000
206.000000	89341.464858	21182.368241	187500.000000	187500.000000	87549.860781	103435.558490	112675.523779	134631.217674	-0.044000	0.770000	0.566000	192.000000	0.000000	0.000000	0.000000	0.000000	0.000000	0.000000	0.000000	0.000000	0.000000	1733433149.830315	0.000000
207.000000	89336.033384	21172.108790	187500.000000	187500.000000	87536.896770	103425.187281	112663.833817	134635.486857	-0.044000	0.770000	0.566000	192.000000	0.000000	0.000000	0.000000	0.000000	0.000000	0.000000	0.000000	0.000000	0.000000	1733433149.834374	0.000000
208.000000	89328.076163	21162.698706	187500.000000	187500.000000	87540.003662	103427.310697	112659.765799	134637.319700	-0.044000	0.770000	0.566000	192.000000	0.000000	0.000000	0.000000	0.000000	0.000000	0.000000	0.000000	0.000000	0.000000	1733433149.838578	0.000000
209.000000	89331.160704	21171.080610	187500.000000	187500.000000	87552.699453	103448.746019	112668.415924	134622.522846	-0.044000	0.770000	0.566000	192.000000	0.000000	0.000000	0.000000	0.000000	0.000000	0.000000	0.000000	0.000000	0.000000	1733433149.842548	0.000000
210.000000	89330.445448	21168.376049	187500.000000	187500.000000	87549.391395	103428.785912	112656.725962	134602.965069	-0.044000	0.770000	0.566000	192.000000	0.000000	0.000000	0.000000	0.000000	0.000000	0.000000	0.000000	0.000000	0.000000	1733433149.848183	0.000000
211.000000	89321.996489	21154.227394	187500.000000	187500.000000	87548.229104	103418.794682	112652.099151	134582.960258	-0.044000	0.770000	0.566000	192.000000	0.000000	0.000000	0.000000	0.000000	0.000000	0.000000	0.000000	0.000000	0.000000	1733433149.851448	0.000000
212.000000	89324.701050	21152.930993	187500.000000	187500.000000	87550.508982	103436.631374	112662.313898	134619.818284	-0.044000	0.770000	0.566000	192.000000	0.000000	0.000000	0.000000	0.000000	0.000000	0.000000	0.000000	0.000000	0.000000	1733433149.855340	0.000000
213.000000	89318.733134	21152.841586	187500.000000	187500.000000	87544.250494	103445.728534	112663.722058	134609.827055	-0.044000	0.770000	0.566000	192.000000	0.000000	0.000000	0.000000	0.000000	0.000000	0.000000	0.000000	0.000000	0.000000	1733433149.859369	0.000000
214.000000	89315.849759	21155.993182	187500.000000	187500.000000	87536.941473	103427.333048	112660.235186	134622.120514	-0.044000	0.770000	0.566000	192.000000	0.000000	0.000000	0.000000	0.000000	0.000000	0.000000	0.000000	0.000000	0.000000	1733433149.862349	0.000000
215.000000	89315.514483	21162.139912	187500.000000	187500.000000	87531.062964	103421.432188	112649.729866	134609.894110	-0.046000	0.776000	0.574000	192.000000	254.000000	144.000000	24.000000	64.000000	17.000000	240.000000	0.000000	0.000000	0.000000	1733433149.866431	0.000000
216.000000	89327.606777	21175.796828	187500.000000	187500.000000	87546.955055	103409.161080	112665.309032	134604.350877	-0.046000	0.776000	0.574000	192.000000	0.000000	0.000000	0.000000	0.000000	0.000000	0.000000	0.000000	0.000000	0.000000	1733433149.870361	0.000000
217.000000	89322.242358	21160.240014	187500.000000	187500.000000	87538.439040	103410.815109	112657.821197	134590.783368	-0.046000	0.776000	0.574000	192.000000	0.000000	0.000000	0.000000	0.000000	0.000000	0.000000	0.000000	0.000000	0.000000	1733433149.875385	0.000000
218.000000	89321.638861	21154.719133	187500.000000	187500.000000	87526.212636	103408.356417	112656.770665	134603.568566	-0.046000	0.776000	0.574000	192.000000	0.000000	0.000000	0.000000	0.000000	0.000000	0.000000	0.000000	0.000000	0.000000	1733433149.879554	0.000000
219.000000	89320.141294	21155.434389	187500.000000	187500.000000	87527.553740	103404.556621	112657.463569	134609.670593	-0.046000	0.776000	0.574000	192.000000	0.000000	0.000000	0.000000	0.000000	0.000000	0.000000	0.000000	0.000000	0.000000	1733433149.882701	0.000000
220.000000	89324.276367	21166.386743	187500.000000	187500.000000	87540.763621	103417.364170	112671.701631	134636.582093	-0.046000	0.776000	0.574000	192.000000	0.000000	0.000000	0.000000	0.000000	0.000000	0.000000	0.000000	0.000000	0.000000	1733433149.886654	0.000000
221.000000	89325.662175	21163.257499	187500.000000	187500.000000	87543.021148	103414.726664	112666.963061	134651.088375	-0.046000	0.776000	0.574000	192.000000	0.000000	0.000000	0.000000	0.000000	0.000000	0.000000	0.000000	0.000000	0.000000	1733433149.890724	0.000000
222.000000	89335.139315	21174.790999	187500.000000	187500.000000	87542.417651	103414.011409	112662.984450	134635.643320	-0.046000	0.776000	0.574000	192.000000	0.000000	0.000000	0.000000	0.000000	0.000000	0.000000	0.000000	0.000000	0.000000	1733433149.894646	0.000000
223.000000	89337.329786	21182.681165	187500.000000	187500.000000	87541.925912	103427.645973	112667.588910	134616.443171	-0.046000	0.776000	0.574000	192.000000	0.000000	0.000000	0.000000	0.000000	0.000000	0.000000	0.000000	0.000000	0.000000	1733433149.898429	0.000000
224.000000	89320.677736	21168.599566	187500.000000	187500.000000	87534.996871	103439.559452	112666.985412	134607.368363	-0.046000	0.776000	0.574000	192.000000	0.000000	0.000000	0.000000	0.000000	0.000000	0.000000	0.000000	0.000000	0.000000	1733433149.903410	0.000000
225.000000	89326.600948	21167.347868	187500.000000	187500.000000	87543.289369	103438.039534	112671.612224	134593.845557	-0.040000	0.778000	0.574000	192.000000	254.000000	192.000000	24.000000	80.000000	17.000000	240.000000	0.000000	0.000000	0.000000	1733433149.907407	0.000000
226.000000	89321.258881	21153.467435	187500.000000	187500.000000	87535.600368	103414.078464	112660.816331	134600.461674	-0.040000	0.778000	0.574000	192.000000	0.000000	0.000000	0.000000	0.000000	0.000000	0.000000	0.000000	0.000000	0.000000	1733433149.910625	0.000000
227.000000	89316.699125	21158.384819	187500.000000	187500.000000	87530.347709	103397.158193	112662.425657	134600.171101	-0.040000	0.778000	0.574000	192.000000	0.000000	0.000000	0.000000	0.000000	0.000000	0.000000	0.000000	0.000000	0.000000	1733433149.914442	0.000000
228.000000	89319.090762	21159.524758	187500.000000	187500.000000	87531.130020	103395.012426	112660.168130	134603.523863	-0.040000	0.778000	0.574000	192.000000	0.000000	0.000000	0.000000	0.000000	0.000000	0.000000	0.000000	0.000000	0.000000	1733433149.918413	0.000000
229.000000	89330.624262	21165.962060	187500.000000	187500.000000	87541.411822	103422.706237	112673.534474	134610.117627	-0.040000	0.778000	0.574000	192.000000	0.000000	0.000000	0.000000	0.000000	0.000000	0.000000	0.000000	0.000000	0.000000	1733433149.922751	0.000000
230.000000	89326.578596	21163.615127	187500.000000	187500.000000	87535.086278	103428.540042	112672.014555	134607.703639	-0.040000	0.778000	0.574000	192.000000	0.000000	0.000000	0.000000	0.000000	0.000000	0.000000	0.000000	0.000000	0.000000	1733433149.926560	0.000000
231.000000	89321.348288	21158.921261	187500.000000	187500.000000	87530.504171	103415.106644	112665.443142	134614.900901	-0.040000	0.778000	0.574000	192.000000	0.000000	0.000000	0.000000	0.000000	0.000000	0.000000	0.000000	0.000000	0.000000	1733433149.931672	0.000000
232.000000	89321.124771	21164.442142	187500.000000	187500.000000	87532.515828	103406.233001	112660.637517	134601.713371	-0.040000	0.778000	0.574000	192.000000	0.000000	0.000000	0.000000	0.000000	0.000000	0.000000	0.000000	0.000000	0.000000	1733433149.935716	0.000000
233.000000	89318.554320	21159.927089	187500.000000	187500.000000	87527.665499	103397.404062	112653.909642	134621.494665	-0.040000	0.778000	0.574000	192.000000	0.000000	0.000000	0.000000	0.000000	0.000000	0.000000	0.000000	0.000000	0.000000	1733433149.938707	0.000000
234.000000	89324.455181	21160.552938	187500.000000	187500.000000	87528.894845	103394.833612	112654.177863	134661.616047	-0.040000	0.778000	0.574000	192.000000	0.000000	0.000000	0.000000	0.000000	0.000000	0.000000	0.000000	0.000000	0.000000	1733433149.942487	0.000000
235.000000	89322.510579	21162.475188	187500.000000	187500.000000	87529.833618	103412.223269	112639.269249	134594.516110	-0.050000	0.776000	0.576000	192.000000	254.000000	112.000000	24.000000	64.000000	18.000000	0.000000	0.000000	0.000000	0.000000	1733433149.946442	0.000000
236.000000	89321.013012	21174.589834	187500.000000	187500.000000	87529.967729	103393.268990	112626.193479	134557.769842	-0.050000	0.776000	0.576000	192.000000	0.000000	0.000000	0.000000	0.000000	0.000000	0.000000	0.000000	0.000000	0.000000	1733433149.950505	0.000000
237.000000	89331.272463	21172.533473	187500.000000	187500.000000	87536.717956	103388.843344	112649.640459	134573.349008	-0.050000	0.776000	0.576000	192.000000	0.000000	0.000000	0.000000	0.000000	0.000000	0.000000	0.000000	0.000000	0.000000	1733433149.954463	0.000000
238.000000	89325.393954	21156.954307	187500.000000	187500.000000	87533.253435	103394.319522	112646.533566	134584.055493	-0.050000	0.776000	0.576000	192.000000	0.000000	0.000000	0.000000	0.000000	0.000000	0.000000	0.000000	0.000000	0.000000	1733433149.959492	0.000000
239.000000	89329.551378	21156.619031	187500.000000	187500.000000	87537.790839	103403.014350	112642.130273	134606.943680	-0.050000	0.776000	0.576000	192.000000	0.000000	0.000000	0.000000	0.000000	0.000000	0.000000	0.000000	0.000000	0.000000	1733433149.963502	0.000000
240.000000	89337.106268	21172.265252	187500.000000	187500.000000	87545.926874	103406.791795	112657.508273	134629.764811	-0.050000	0.776000	0.576000	192.000000	0.000000	0.000000	0.000000	0.000000	0.000000	0.000000	0.000000	0.000000	0.000000	1733433149.966555	0.000000
241.000000	89331.071297	21163.212796	187500.000000	187500.000000	87546.999758	103426.841310	112660.704572	134608.217729	-0.050000	0.776000	0.576000	192.000000	0.000000	0.000000	0.000000	0.000000	0.000000	0.000000	0.000000	0.000000	0.000000	1733433149.970704	0.000000
242.000000	89330.780724	21157.289583	187500.000000	187500.000000	87555.985159	103421.611002	112657.865901	134601.623965	-0.050000	0.776000	0.576000	192.000000	0.000000	0.000000	0.000000	0.000000	0.000000	0.000000	0.000000	0.000000	0.000000	1733433149.974765	0.000000
243.000000	89332.971195	21157.803673	187500.000000	187500.000000	87565.104671	103422.549775	112660.548110	134606.384886	-0.050000	0.776000	0.576000	192.000000	0.000000	0.000000	0.000000	0.000000	0.000000	0.000000	0.000000	0.000000	0.000000	1733433149.978755	0.000000
244.000000	89326.489189	21156.328458	187500.000000	187500.000000	87558.712072	103414.838423	112651.786226	134614.498569	-0.050000	0.776000	0.576000	192.000000	0.000000	0.000000	0.000000	0.000000	0.000000	0.000000	0.000000	0.000000	0.000000	1733433149.982505	0.000000
245.000000	89315.939166	21145.756083	187500.000000	187500.000000	87550.710148	103405.808318	112641.839700	134618.991270	-0.048000	0.776000	0.568000	192.000000	254.000000	128.000000	24.000000	64.000000	17.000000	192.000000	0.000000	0.000000	0.000000	1733433149.987495	0.000000
246.000000	89328.567902	21177.249691	187500.000000	187500.000000	87566.557535	103432.764522	112661.665697	134617.918386	-0.048000	0.776000	0.568000	192.000000	0.000000	0.000000	0.000000	0.000000	0.000000	0.000000	0.000000	0.000000	0.000000	1733433149.991534	0.000000
247.000000	89318.710782	21157.982487	187500.000000	187500.000000	87556.253380	103416.358342	112649.662811	134603.009773	-0.048000	0.776000	0.568000	192.000000	0.000000	0.000000	0.000000	0.000000	0.000000	0.000000	0.000000	0.000000	0.000000	1733433149.994516	0.000000
248.000000	89315.983870	21139.877574	187500.000000	187500.000000	87542.708223	103391.726719	112643.136101	134630.234197	-0.048000	0.776000	0.568000	192.000000	0.000000	0.000000	0.000000	0.000000	0.000000	0.000000	0.000000	0.000000	0.000000	1733433149.998544	0.000000
249.000000	89328.657309	21154.473264	187500.000000	187500.000000	87555.046386	103416.268935	112650.825101	134602.339220	-0.048000	0.776000	0.568000	192.000000	0.000000	0.000000	0.000000	0.000000	0.000000	0.000000	0.000000	0.000000	0.000000	1733433150.002800	0.000000
250.000000	89324.343422	21164.375086	187500.000000	187500.000000	87558.957941	103407.082368	112645.304220	134588.704656	-0.048000	0.776000	0.568000	192.000000	0.000000	0.000000	0.000000	0.000000	0.000000	0.000000	0.000000	0.000000	0.000000	1733433150.006716	0.000000
251.000000	89323.449352	21160.754104	187500.000000	187500.000000	87558.957941	103396.398234	112637.637572	134600.036991	-0.048000	0.776000	0.568000	192.000000	0.000000	0.000000	0.000000	0.000000	0.000000	0.000000	0.000000	0.000000	0.000000	1733433150.010812	0.000000
252.000000	89312.094666	21149.265307	187500.000000	187500.000000	87546.508020	103396.688807	112631.803767	134595.857214	-0.048000	0.776000	0.568000	192.000000	0.000000	0.000000	0.000000	0.000000	0.000000	0.000000	0.000000	0.000000	0.000000	1733433150.015831	0.000000
253.000000	89311.357058	21152.036923	187500.000000	187500.000000	87545.815116	103414.301981	112634.888307	134584.614287	-0.048000	0.776000	0.568000	192.000000	0.000000	0.000000	0.000000	0.000000	0.000000	0.000000	0.000000	0.000000	0.000000	1733433150.018838	0.000000
254.000000	89318.554320	21159.480054	187500.000000	187500.000000	87555.538125	103411.306847	112640.677409	134583.161424	-0.048000	0.776000	0.568000	192.000000	0.000000	0.000000	0.000000	0.000000	0.000000	0.000000	0.000000	0.000000	0.000000	1733433150.021530	0.000000
255.000000	89318.934300	21157.535453	187500.000000	187500.000000	87555.448718	103406.054188	112639.470415	134586.648296	-0.048000	0.778000	0.572000	192.000000	254.000000	128.000000	24.000000	80.000000	17.000000	224.000000	0.000000	0.000000	0.000000	1733433150.026770	0.000000
0.000000	89302.841044	21148.728865	187500.000000	187500.000000	87537.164991	103401.405025	112629.009799	134605.691982	-0.048000	0.778000	0.572000	192.000000	0.000000	0.000000	0.000000	0.000000	0.000000	0.000000	0.000000	0.000000	0.000000	1733433150.030588	0.000000
1.000000	89308.585442	21147.298354	187500.000000	187500.000000	87546.753889	103419.420531	112638.688104	134620.667651	-0.048000	0.778000	0.572000	192.000000	0.000000	0.000000	0.000000	0.000000	0.000000	0.000000	0.000000	0.000000	0.000000	1733433150.034589	0.000000
2.000000	89314.285137	21140.414016	187500.000000	187500.000000	87556.387491	103393.380748	112642.756121	134601.154578	-0.048000	0.778000	0.572000	192.000000	0.000000	0.000000	0.000000	0.000000	0.000000	0.000000	0.000000	0.000000	0.000000	1733433150.038894	0.000000
3.000000	89326.802114	21154.272098	187500.000000	187500.000000	87560.746081	103400.265086	112647.785264	134611.324622	-0.048000	0.778000	0.572000	192.000000	0.000000	0.000000	0.000000	0.000000	0.000000	0.000000	0.000000	0.000000	0.000000	1733433150.042722	0.000000
4.000000	89323.516407	21154.115636	187500.000000	187500.000000	87549.994892	103391.771423	112642.979639	134611.682250	-0.048000	0.778000	0.572000	192.000000	0.000000	0.000000	0.000000	0.000000	0.000000	0.000000	0.000000	0.000000	0.000000	1733433150.046821	0.000000
5.000000	89314.933338	21140.704589	187500.000000	187500.000000	87542.864685	103380.796716	112629.278020	134593.443226	-0.048000	0.778000	0.572000	192.000000	0.000000	0.000000	0.000000	0.000000	0.000000	0.000000	0.000000	0.000000	0.000000	1733433150.049860	0.000000
6.000000	89305.098570	21128.075853	187500.000000	187500.000000	87538.416688	103385.401176	112621.656075	134594.449055	-0.048000	0.778000	0.572000	192.000000	0.000000	0.000000	0.000000	0.000000	0.000000	0.000000	0.000000	0.000000	0.000000	1733433150.054655	0.000000
7.000000	89299.644744	21127.047673	187500.000000	187500.000000	87541.769450	103381.646083	112616.001083	134566.330560	-0.048000	0.778000	0.572000	192.000000	0.000000	0.000000	0.000000	0.000000	0.000000	0.000000	0.000000	0.000000	0.000000	1733433150.058588	0.000000
8.000000	89313.525178	21148.728865	187500.000000	187500.000000	87547.960883	103387.524591	112622.706607	134579.652200	-0.048000	0.778000	0.572000	192.000000	0.000000	0.000000	0.000000	0.000000	0.000000	0.000000	0.000000	0.000000	0.000000	1733433150.062644	0.000000
9.000000	89316.497960	21151.031095	187500.000000	187500.000000	87550.084299	103393.760728	112624.628857	134593.957316	-0.042000	0.776000	0.576000	192.000000	254.000000	176.000000	24.000000	64.000000	18.000000	0.000000	0.000000	0.000000	0.000000	1733433150.066620	0.000000
10.000000	89311.580576	21146.896022	187500.000000	187500.000000	87548.787898	103388.418661	112621.633723	134578.355799	-0.042000	0.776000	0.576000	192.000000	0.000000	0.000000	0.000000	0.000000	0.000000	0.000000	0.000000	0.000000	0.000000	1733433150.070609	0.000000
11.000000	89308.831311	21145.286697	187500.000000	187500.000000	87543.714052	103387.949275	112620.985522	134572.678455	-0.042000	0.776000	0.576000	192.000000	0.000000	0.000000	0.000000	0.000000	0.000000	0.000000	0.000000	0.000000	0.000000	1733433150.074940	0.000000
12.000000	89303.757465	21135.876612	187500.000000	187500.000000	87528.783086	103387.859868	112610.346092	134577.797005	-0.042000	0.776000	0.576000	192.000000	0.000000	0.000000	0.000000	0.000000	0.000000	0.000000	0.000000	0.000000	0.000000	1733433150.077975	0.000000
13.000000	89303.377486	21149.980563	187500.000000	187500.000000	87533.812229	103384.954141	112612.357749	134583.988438	-0.042000	0.776000	0.576000	192.000000	0.000000	0.000000	0.000000	0.000000	0.000000	0.000000	0.000000	0.000000	0.000000	1733433150.082794	0.000000
14.000000	89313.279308	21161.201139	187500.000000	187500.000000	87539.467220	103383.769498	112620.896115	134586.514185	-0.042000	0.776000	0.576000	192.000000	0.000000	0.000000	0.000000	0.000000	0.000000	0.000000	0.000000	0.000000	0.000000	1733433150.086877	0.000000
15.000000	89301.678753	21122.599676	187500.000000	187500.000000	87527.218464	103367.631539	112612.134232	134586.558889	-0.042000	0.776000	0.576000	192.000000	0.000000	0.000000	0.000000	0.000000	0.000000	0.000000	0.000000	0.000000	0.000000	1733433150.090849	0.000000
16.000000	89292.291020	21109.054519	187500.000000	187500.000000	87524.402144	103380.372033	112604.758156	134579.629848	-0.042000	0.776000	0.576000	192.000000	0.000000	0.000000	0.000000	0.000000	0.000000	0.000000	0.000000	0.000000	0.000000	1733433150.094920	0.000000
17.000000	89293.721532	21109.121574	187500.000000	187500.000000	87535.957996	103393.939542	112611.083700	134594.046723	-0.042000	0.776000	0.576000	192.000000	0.000000	0.000000	0.000000	0.000000	0.000000	0.000000	0.000000	0.000000	0.000000	1733433150.098709	0.000000
18.000000	89298.214233	21128.299371	187500.000000	187500.000000	87538.215523	103379.880295	112609.720243	134596.974802	-0.042000	0.776000	0.576000	192.000000	0.000000	0.000000	0.000000	0.000000	0.000000	0.000000	0.000000	0.000000	0.000000	1733433150.102687	0.000000
19.000000	89304.115093	21150.025266	187500.000000	187500.000000	87542.864685	103393.358397	112621.454909	134589.710485	-0.042000	0.772000	0.578000	192.000000	254.000000	176.000000	24.000000	32.000000	18.000000	16.000000	0.000000	0.000000	0.000000	1733433150.105700	0.000000
20.000000	89311.424114	21149.064141	187500.000000	187500.000000	87550.173706	103406.635333	112632.429616	134594.404351	-0.042000	0.772000	0.578000	192.000000	0.000000	0.000000	0.000000	0.000000	0.000000	0.000000	0.000000	0.000000	0.000000	1733433150.109909	0.000000
21.000000	89296.470797	21120.118632	187500.000000	187500.000000	87542.819982	103381.579027	112613.296522	134574.958333	-0.042000	0.772000	0.578000	192.000000	0.000000	0.000000	0.000000	0.000000	0.000000	0.000000	0.000000	0.000000	0.000000	1733433150.114926	0.000000
22.000000	89300.114131	21127.137080	187500.000000	187500.000000	87545.233970	103369.978472	112611.642493	134585.508357	-0.042000	0.772000	0.578000	192.000000	0.000000	0.000000	0.000000	0.000000	0.000000	0.000000	0.000000	0.000000	0.000000	1733433150.118950	0.000000
23.000000	89299.667096	21124.633685	187500.000000	187500.000000	87545.658653	103368.570312	112603.081775	134564.877697	-0.042000	0.772000	0.578000	192.000000	0.000000	0.000000	0.000000	0.000000	0.000000	0.000000	0.000000	0.000000	0.000000	1733433150.123022	0.000000
24.000000	89295.733189	21122.890249	187500.000000	187500.000000	87543.803459	103372.414812	112598.812592	134566.017636	-0.042000	0.772000	0.578000	192.000000	0.000000	0.000000	0.000000	0.000000	0.000000	0.000000	0.000000	0.000000	0.000000	1733433150.125699	0.000000
25.000000	89297.946012	21116.631760	187500.000000	187500.000000	87544.608121	103374.068841	112596.488010	134560.384996	-0.042000	0.772000	0.578000	192.000000	0.000000	0.000000	0.000000	0.000000	0.000000	0.000000	0.000000	0.000000	0.000000	1733433150.129742	0.000000
26.000000	89298.348343	21128.925220	187500.000000	187500.000000	87550.240761	103374.113545	112606.054557	134581.373284	-0.042000	0.772000	0.578000	192.000000	0.000000	0.000000	0.000000	0.000000	0.000000	0.000000	0.000000	0.000000	0.000000	1733433150.133741	0.000000
27.000000	89302.550471	21138.737635	187500.000000	187500.000000	87559.516735	103376.438126	112617.006912	134591.230403	-0.042000	0.772000	0.578000	192.000000	0.000000	0.000000	0.000000	0.000000	0.000000	0.000000	0.000000	0.000000	0.000000	1733433150.137883	0.000000
28.000000	89289.720570	21124.901906	187500.000000	187500.000000	87554.845220	103370.783135	112610.591961	134579.585144	-0.042000	0.772000	0.578000	192.000000	0.000000	0.000000	0.000000	0.000000	0.000000	0.000000	0.000000	0.000000	0.000000	1733433150.142720	0.000000
29.000000	89280.936334	21106.729937	187500.000000	187500.000000	87547.580903	103374.270007	112605.428708	134572.946676	-0.040000	0.774000	0.580000	192.000000	254.000000	192.000000	24.000000	48.000000	18.000000	32.000000	0.000000	0.000000	0.000000	1733433150.146826	0.000000
30.000000	89287.753616	21105.925275	187500.000000	187500.000000	87557.996816	103378.650949	112612.804784	134578.355799	-0.040000	0.774000	0.580000	192.000000	0.000000	0.000000	0.000000	0.000000	0.000000	0.000000	0.000000	0.000000	0.000000	1733433150.150970	0.000000
31.000000	89291.531061	21109.859182	187500.000000	187500.000000	87563.987084	103377.421603	112613.922371	134587.743531	-0.040000	0.774000	0.580000	192.000000	0.000000	0.000000	0.000000	0.000000	0.000000	0.000000	0.000000	0.000000	0.000000	1733433150.153974	0.000000
32.000000	89293.945050	21117.950513	187500.000000	187500.000000	87569.619724	103390.452670	112627.087549	134583.608458	-0.040000	0.774000	0.580000	192.000000	0.000000	0.000000	0.000000	0.000000	0.000000	0.000000	0.000000	0.000000	0.000000	1733433150.157948	0.000000
33.000000	89291.262840	21124.566629	187500.000000	187500.000000	87559.583790	103389.446841	112620.449081	134592.325639	-0.040000	0.774000	0.580000	192.000000	0.000000	0.000000	0.000000	0.000000	0.000000	0.000000	0.000000	0.000000	0.000000	1733433150.161829	0.000000
34.000000	89291.911041	21125.036016	187500.000000	187500.000000	87558.913238	103393.380748	112612.536563	134588.972877	-0.040000	0.774000	0.580000	192.000000	0.000000	0.000000	0.000000	0.000000	0.000000	0.000000	0.000000	0.000000	0.000000	1733433150.165787	0.000000
35.000000	89283.417378	21120.833888	187500.000000	187500.000000	87564.076491	103395.459461	112602.813554	134577.037046	-0.040000	0.774000	0.580000	192.000000	0.000000	0.000000	0.000000	0.000000	0.000000	0.000000	0.000000	0.000000	0.000000	1733433150.170799	0.000000
36.000000	89273.493203	21101.343167	187500.000000	187500.000000	87554.621703	103393.648969	112596.085679	134576.701769	-0.040000	0.774000	0.580000	192.000000	0.000000	0.000000	0.000000	0.000000	0.000000	0.000000	0.000000	0.000000	0.000000	1733433150.174796	0.000000
37.000000	89271.436843	21101.454926	187500.000000	187500.000000	87547.491497	103371.185466	112588.150810	134560.384996	-0.040000	0.774000	0.580000	192.000000	0.000000	0.000000	0.000000	0.000000	0.000000	0.000000	0.000000	0.000000	0.000000	1733433150.178902	0.000000
38.000000	89284.333799	21117.212906	187500.000000	187500.000000	87554.532296	103374.158248	112595.213961	134565.525897	-0.040000	0.774000	0.580000	192.000000	0.000000	0.000000	0.000000	0.000000	0.000000	0.000000	0.000000	0.000000	0.000000	1733433150.182085	0.000000
39.000000	89288.088892	21126.511231	187500.000000	187500.000000	87560.902543	103370.067879	112591.414164	134555.959351	-0.040000	0.772000	0.572000	192.000000	254.000000	192.000000	24.000000	32.000000	17.000000	224.000000	0.000000	0.000000	0.000000	1733433150.186076	0.000000
40.000000	89285.876070	21116.765871	187500.000000	187500.000000	87554.711110	103376.236960	112592.218827	134549.365586	-0.040000	0.772000	0.572000	192.000000	0.000000	0.000000	0.000000	0.000000	0.000000	0.000000	0.000000	0.000000	0.000000	1733433150.190023	0.000000
41.000000	89275.773081	21113.591923	187500.000000	187500.000000	87545.725709	103371.431335	112591.861199	134561.167307	-0.040000	0.772000	0.572000	192.000000	0.000000	0.000000	0.000000	0.000000	0.000000	0.000000	0.000000	0.000000	0.000000	1733433150.194064	0.000000
42.000000	89282.389198	21136.703627	187500.000000	187500.000000	87550.598389	103366.402193	112595.973920	134572.097310	-0.040000	0.772000	0.572000	192.000000	0.000000	0.000000	0.000000	0.000000	0.000000	0.000000	0.000000	0.000000	0.000000	1733433150.198838	0.000000
43.000000	89278.097663	21121.146813	187500.000000	187500.000000	87542.551761	103365.172847	112589.581321	134580.970953	-0.040000	0.772000	0.572000	192.000000	0.000000	0.000000	0.000000	0.000000	0.000000	0.000000	0.000000	0.000000	0.000000	1733433150.202843	0.000000
44.000000	89280.645762	21099.130344	187500.000000	187500.000000	87545.211619	103362.267120	112589.581321	134576.455900	-0.040000	0.772000	0.572000	192.000000	0.000000	0.000000	0.000000	0.000000	0.000000	0.000000	0.000000	0.000000	0.000000	1733433150.206832	0.000000
45.000000	89273.627314	21080.556045	187500.000000	187500.000000	87551.648921	103359.450800	112581.177066	134554.215915	-0.040000	0.772000	0.572000	192.000000	0.000000	0.000000	0.000000	0.000000	0.000000	0.000000	0.000000	0.000000	0.000000	1733433150.209920	0.000000
46.000000	89276.510689	21086.814533	187500.000000	187500.000000	87553.638226	103365.262254	112575.298557	134579.696903	-0.040000	0.772000	0.572000	192.000000	0.000000	0.000000	0.000000	0.000000	0.000000	0.000000	0.000000	0.000000	0.000000	1733433150.214019	0.000000
47.000000	89288.290058	21100.583208	187500.000000	187500.000000	87564.590581	103384.395347	112581.467638	134545.185810	-0.040000	0.772000	0.572000	192.000000	0.000000	0.000000	0.000000	0.000000	0.000000	0.000000	0.000000	0.000000	0.000000	1733433150.218086	0.000000
48.000000	89293.565070	21115.447118	187500.000000	187500.000000	87576.571116	103378.181562	112592.710566	134552.226609	-0.040000	0.772000	0.572000	192.000000	0.000000	0.000000	0.000000	0.000000	0.000000	0.000000	0.000000	0.000000	0.000000	1733433150.222120	0.000000
49.000000	89290.771102	21119.716301	187500.000000	187500.000000	87572.391340	103370.224341	112597.180915	134572.231421	-0.050000	0.776000	0.564000	192.000000	254.000000	112.000000	24.000000	64.000000	17.000000	160.000000	0.000000	0.000000	0.000000	1733433150.225884	0.000000
50.000000	89287.261878	21122.644379	187500.000000	187500.000000	87558.868534	103359.897835	112579.768906	134575.472423	-0.050000	0.776000	0.564000	192.000000	0.000000	0.000000	0.000000	0.000000	0.000000	0.000000	0.000000	0.000000	0.000000	1733433150.230818	0.000000
51.000000	89260.663302	21101.633740	187500.000000	187500.000000	87531.800572	103335.109751	112556.299574	134523.661080	-0.050000	0.776000	0.564000	192.000000	0.000000	0.000000	0.000000	0.000000	0.000000	0.000000	0.000000	0.000000	0.000000	1733433150.234870	0.000000
52.000000	89262.317331	21090.122591	187500.000000	187500.000000	87535.667424	103340.898852	112558.043010	134534.144048	-0.050000	0.776000	0.564000	192.000000	0.000000	0.000000	0.000000	0.000000	0.000000	0.000000	0.000000	0.000000	0.000000	1733433150.237877	0.000000
53.000000	89266.966494	21077.650318	187500.000000	187500.000000	87533.208732	103340.965908	112560.144074	134557.971008	-0.050000	0.776000	0.564000	192.000000	0.000000	0.000000	0.000000	0.000000	0.000000	0.000000	0.000000	0.000000	0.000000	1733433150.241920	0.000000
54.000000	89264.999540	21078.566739	187500.000000	187500.000000	87529.364232	103359.450800	112569.509455	134547.868019	-0.050000	0.776000	0.564000	192.000000	0.000000	0.000000	0.000000	0.000000	0.000000	0.000000	0.000000	0.000000	0.000000	1733433150.246067	0.000000
55.000000	89272.129747	21085.562835	187500.000000	187500.000000	87543.937569	103375.275835	112578.070173	134517.939033	-0.050000	0.776000	0.564000	192.000000	0.000000	0.000000	0.000000	0.000000	0.000000	0.000000	0.000000	0.000000	0.000000	1733433150.250158	0.000000
56.000000	89272.062692	21091.396641	187500.000000	187500.000000	87542.842334	103364.144667	112585.043917	134524.510446	-0.050000	0.776000	0.564000	192.000000	0.000000	0.000000	0.000000	0.000000	0.000000	0.000000	0.000000	0.000000	0.000000	1733433150.255224	0.000000
57.000000	89275.706026	21096.045804	187500.000000	187500.000000	87547.379738	103357.170922	112588.396679	134546.839839	-0.050000	0.776000	0.564000	192.000000	0.000000	0.000000	0.000000	0.000000	0.000000	0.000000	0.000000	0.000000	0.000000	1733433150.258948	0.000000
58.000000	89281.696294	21102.326644	187500.000000	187500.000000	87555.113441	103368.905588	112591.861199	134560.988493	-0.050000	0.776000	0.564000	192.000000	0.000000	0.000000	0.000000	0.000000	0.000000	0.000000	0.000000	0.000000	0.000000	1733433150.262094	0.000000
59.000000	89291.531061	21125.281885	187500.000000	187500.000000	87556.678063	103379.008577	112605.987502	134579.518089	-0.040000	0.768000	0.562000	192.000000	254.000000	192.000000	24.000000	0.000000	17.000000	144.000000	0.000000	0.000000	0.000000	1733433150.265906	0.000000
60.000000	89295.397913	21128.746406	187500.000000	187500.000000	87555.895752	103374.873504	112614.145889	134598.271203	-0.040000	0.768000	0.562000	192.000000	0.000000	0.000000	0.000000	0.000000	0.000000	0.000000	0.000000	0.000000	0.000000	1733433150.269915	0.000000
61.000000	89282.992695	21088.714431	187500.000000	187500.000000	87549.726671	103372.347757	112601.561856	134581.015656	-0.040000	0.768000	0.562000	192.000000	0.000000	0.000000	0.000000	0.000000	0.000000	0.000000	0.000000	0.000000	0.000000	1733433150.273943	0.000000
62.000000	89273.314389	21075.146922	187500.000000	187500.000000	87531.353537	103334.550957	112577.198455	134568.655141	-0.040000	0.768000	0.562000	192.000000	0.000000	0.000000	0.000000	0.000000	0.000000	0.000000	0.000000	0.000000	0.000000	1733433150.278006	0.000000
63.000000	89285.294924	21083.707641	187500.000000	187500.000000	87532.985214	103329.052428	112577.265510	134549.454993	-0.040000	0.768000	0.562000	192.000000	0.000000	0.000000	0.000000	0.000000	0.000000	0.000000	0.000000	0.000000	0.000000	1733433150.282146	0.000000
64.000000	89283.216212	21085.652242	187500.000000	187500.000000	87542.015319	103345.123332	112580.618272	134537.072127	-0.040000	0.768000	0.562000	192.000000	0.000000	0.000000	0.000000	0.000000	0.000000	0.000000	0.000000	0.000000	0.000000	1733433150.287151	0.000000
65.000000	89278.365884	21081.941853	187500.000000	187500.000000	87533.521656	103347.179693	112583.121667	134549.343234	-0.040000	0.768000	0.562000	192.000000	0.000000	0.000000	0.000000	0.000000	0.000000	0.000000	0.000000	0.000000	0.000000	1733433150.290178	0.000000
66.000000	89285.294924	21093.296539	187500.000000	187500.000000	87535.667424	103339.468341	112585.245083	134537.206237	-0.040000	0.768000	0.562000	192.000000	0.000000	0.000000	0.000000	0.000000	0.000000	0.000000	0.000000	0.000000	0.000000	1733433150.294054	0.000000
67.000000	89287.574802	21108.719243	187500.000000	187500.000000	87538.394337	103349.571329	112581.802914	134550.818449	-0.040000	0.768000	0.562000	192.000000	0.000000	0.000000	0.000000	0.000000	0.000000	0.000000	0.000000	0.000000	0.000000	1733433150.297931	0.000000
68.000000	89268.397006	21090.837847	187500.000000	187500.000000	87514.589729	103331.756989	112560.166426	134536.021595	-0.040000	0.768000	0.562000	192.000000	0.000000	0.000000	0.000000	0.000000	0.000000	0.000000	0.000000	0.000000	0.000000	1733433150.302034	0.000000
69.000000	89268.262895	21095.889341	187500.000000	187500.000000	87517.853083	103332.963983	112565.463789	134523.392859	-0.040000	0.768000	0.562000	192.000000	0.000000	0.000000	0.000000	0.000000	0.000000	0.000000	0.000000	0.000000	0.000000	1733433150.305978	0.000000
70.000000	89277.360055	21093.676519	187500.000000	187500.000000	87522.725764	103353.058201	112573.666879	134535.954539	-0.048000	0.776000	0.570000	192.000000	254.000000	128.000000	24.000000	64.000000	17.000000	208.000000	0.000000	0.000000	0.000000	1733433150.310209	0.000000
71.000000	89274.454328	21071.682402	187500.000000	187500.000000	87515.483798	103369.978472	112572.728106	134532.065336	-0.048000	0.776000	0.570000	192.000000	0.000000	0.000000	0.000000	0.000000	0.000000	0.000000	0.000000	0.000000	0.000000	1733433150.315025	0.000000
72.000000	89265.893610	21063.926347	187500.000000	187500.000000	87503.145636	103342.977565	112566.782542	134534.434621	-0.048000	0.776000	0.570000	192.000000	0.000000	0.000000	0.000000	0.000000	0.000000	0.000000	0.000000	0.000000	0.000000	1733433150.318208	0.000000
73.000000	89259.880991	21071.302422	187500.000000	187500.000000	87497.490644	103328.158358	112560.345240	134540.804868	-0.048000	0.776000	0.570000	192.000000	0.000000	0.000000	0.000000	0.000000	0.000000	0.000000	0.000000	0.000000	0.000000	1733433150.322180	0.000000
74.000000	89260.372729	21076.130399	187500.000000	187500.000000	87495.926022	103332.986335	112557.774789	134547.063356	-0.048000	0.776000	0.570000	192.000000	0.000000	0.000000	0.000000	0.000000	0.000000	0.000000	0.000000	0.000000	0.000000	1733433150.326290	0.000000
75.000000	89265.826555	21067.659088	187500.000000	187500.000000	87491.969763	103333.008687	112546.598917	134579.071054	-0.048000	0.776000	0.570000	192.000000	0.000000	0.000000	0.000000	0.000000	0.000000	0.000000	0.000000	0.000000	0.000000	1733433150.330181	0.000000
76.000000	89263.524325	21065.043934	187500.000000	187500.000000	87494.294345	103335.288565	112538.731103	134526.589158	-0.048000	0.776000	0.570000	192.000000	0.000000	0.000000	0.000000	0.000000	0.000000	0.000000	0.000000	0.000000	0.000000	1733433150.334068	0.000000
77.000000	89266.608866	21072.978803	187500.000000	187500.000000	87503.927947	103353.929919	112558.333583	134508.439542	-0.048000	0.776000	0.570000	192.000000	0.000000	0.000000	0.000000	0.000000	0.000000	0.000000	0.000000	0.000000	0.000000	1733433150.338040	0.000000
78.000000	89276.935372	21089.273225	187500.000000	187500.000000	87512.980403	103367.117449	112563.183911	134511.993469	-0.048000	0.776000	0.570000	192.000000	0.000000	0.000000	0.000000	0.000000	0.000000	0.000000	0.000000	0.000000	0.000000	1733433150.343284	0.000000
79.000000	89280.399892	21079.326699	187500.000000	187500.000000	87519.194188	103341.189425	112569.218882	134518.855455	-0.048000	0.776000	0.570000	192.000000	0.000000	0.000000	0.000000	0.000000	0.000000	0.000000	0.000000	0.000000	0.000000	1733433150.346052	0.000000
80.000000	89279.528174	21076.242158	187500.000000	187500.000000	87523.865703	103341.994088	112576.214978	134521.358850	-0.042000	0.778000	0.576000	192.000000	254.000000	176.000000	24.000000	80.000000	18.000000	0.000000	0.000000	0.000000	0.000000	1733433150.350070	0.000000
81.000000	89271.950933	21073.559949	187500.000000	187500.000000	87518.300118	103344.966870	112568.615385	134524.935129	-0.042000	0.778000	0.576000	192.000000	0.000000	0.000000	0.000000	0.000000	0.000000	0.000000	0.000000	0.000000	0.000000	1733433150.354198	0.000000
82.000000	89259.143383	21058.561928	187500.000000	187500.000000	87502.631545	103338.574271	112552.388019	134514.787437	-0.042000	0.778000	0.576000	192.000000	0.000000	0.000000	0.000000	0.000000	0.000000	0.000000	0.000000	0.000000	0.000000	1733433150.358363	0.000000
83.000000	89258.763404	21067.592033	187500.000000	187500.000000	87502.184510	103348.498446	112550.577527	134505.109132	-0.042000	0.778000	0.576000	192.000000	0.000000	0.000000	0.000000	0.000000	0.000000	0.000000	0.000000	0.000000	0.000000	1733433150.362298	0.000000
84.000000	89270.989808	21080.153713	187500.000000	187500.000000	87512.801589	103357.059164	112561.351068	134542.883580	-0.042000	0.778000	0.576000	192.000000	0.000000	0.000000	0.000000	0.000000	0.000000	0.000000	0.000000	0.000000	0.000000	1733433150.366228	0.000000
85.000000	89265.580686	21054.359800	187500.000000	187500.000000	87512.734534	103341.010611	112561.351068	134575.338313	-0.042000	0.778000	0.576000	192.000000	0.000000	0.000000	0.000000	0.000000	0.000000	0.000000	0.000000	0.000000	0.000000	1733433150.371066	0.000000
86.000000	89263.412567	21052.236384	187500.000000	187500.000000	87516.601386	103338.931899	112555.874891	134533.093516	-0.042000	0.778000	0.576000	192.000000	0.000000	0.000000	0.000000	0.000000	0.000000	0.000000	0.000000	0.000000	0.000000	1733433150.374090	0.000000
87.000000	89264.798375	21062.562890	187500.000000	187500.000000	87519.864740	103329.767684	112550.488120	134529.293719	-0.042000	0.778000	0.576000	192.000000	0.000000	0.000000	0.000000	0.000000	0.000000	0.000000	0.000000	0.000000	0.000000	1733433150.378095	0.000000
88.000000	89264.060767	21067.748495	187500.000000	187500.000000	87516.780200	103331.578175	112554.332620	134535.731022	-0.042000	0.778000	0.576000	192.000000	0.000000	0.000000	0.000000	0.000000	0.000000	0.000000	0.000000	0.000000	0.000000	1733433150.382064	0.000000
89.000000	89266.273590	21065.490969	187500.000000	187500.000000	87515.796723	103331.198195	112554.712600	134516.910853	-0.042000	0.778000	0.576000	192.000000	0.000000	0.000000	0.000000	0.000000	0.000000	0.000000	0.000000	0.000000	0.000000	1733433150.385086	0.000000
90.000000	89257.578761	21054.851539	187500.000000	187500.000000	87509.068848	103333.031038	112547.381228	134533.428792	-0.050000	0.768000	0.574000	192.000000	254.000000	112.000000	24.000000	0.000000	17.000000	240.000000	0.000000	0.000000	0.000000	1733433150.389188	0.000000
91.000000	89259.210439	21063.725181	187500.000000	187500.000000	87507.101894	103340.474169	112545.034295	134528.690222	-0.050000	0.768000	0.574000	192.000000	0.000000	0.000000	0.000000	0.000000	0.000000	0.000000	0.000000	0.000000	0.000000	1733433150.396639	0.000000
92.000000	89267.815860	21069.290765	187500.000000	187500.000000	87513.181569	103352.789981	112545.078998	134524.331632	-0.050000	0.768000	0.574000	192.000000	0.000000	0.000000	0.000000	0.000000	0.000000	0.000000	0.000000	0.000000	0.000000	1733433150.398288	0.000000
93.000000	89263.300808	21059.008963	187500.000000	187500.000000	87514.589729	103342.217605	112544.810777	134525.337461	-0.050000	0.768000	0.574000	192.000000	0.000000	0.000000	0.000000	0.000000	0.000000	0.000000	0.000000	0.000000	0.000000	1733433150.402313	0.000000
94.000000	89262.719663	21041.574602	187500.000000	187500.000000	87513.248624	103326.906660	112541.703885	134537.317996	-0.050000	0.768000	0.574000	192.000000	0.000000	0.000000	0.000000	0.000000	0.000000	0.000000	0.000000	0.000000	0.000000	1733433150.406150	0.000000
95.000000	89269.313427	21053.510434	187500.000000	187500.000000	87512.622775	103330.326477	112539.289896	134516.195597	-0.050000	0.768000	0.574000	192.000000	0.000000	0.000000	0.000000	0.000000	0.000000	0.000000	0.000000	0.000000	0.000000	1733433150.410286	0.000000
96.000000	89265.983017	21054.337448	187500.000000	187500.000000	87505.470217	103319.463530	112535.423045	134516.843798	-0.050000	0.768000	0.574000	192.000000	0.000000	0.000000	0.000000	0.000000	0.000000	0.000000	0.000000	0.000000	0.000000	1733433150.414164	0.000000
97.000000	89256.997616	21035.852556	187500.000000	187500.000000	87497.200071	103311.707474	112532.226745	134542.190676	-0.050000	0.768000	0.574000	192.000000	0.000000	0.000000	0.000000	0.000000	0.000000	0.000000	0.000000	0.000000	0.000000	1733433150.417127	0.000000
98.000000	89261.378558	21048.838919	187500.000000	187500.000000	87504.799665	103317.563631	112530.729178	134562.173136	-0.050000	0.768000	0.574000	192.000000	0.000000	0.000000	0.000000	0.000000	0.000000	0.000000	0.000000	0.000000	0.000000	1733433150.421174	0.000000
99.000000	89267.815860	21059.388943	187500.000000	187500.000000	87505.671383	103308.891154	112516.200544	134530.031327	-0.050000	0.768000	0.574000	192.000000	0.000000	0.000000	0.000000	0.000000	0.000000	0.000000	0.000000	0.000000	0.000000	1733433150.426383	0.000000
100.000000	89261.445613	21054.628021	187500.000000	187500.000000	87502.788008	103317.004838	112528.248135	134512.485208	-0.052000	0.772000	0.576000	192.000000	254.000000	96.000000	24.000000	32.000000	18.000000	0.000000	0.000000	0.000000	0.000000	1733433150.430326	0.000000
101.000000	89251.946122	21033.729140	187500.000000	187500.000000	87496.708333	103309.315838	112523.911896	134506.182016	-0.052000	0.772000	0.576000	192.000000	0.000000	0.000000	0.000000	0.000000	0.000000	0.000000	0.000000	0.000000	0.000000	1733433150.434346	0.000000
102.000000	89258.606942	21035.673742	187500.000000	187500.000000	87497.714162	103305.270172	112524.694207	134504.840911	-0.052000	0.772000	0.576000	192.000000	0.000000	0.000000	0.000000	0.000000	0.000000	0.000000	0.000000	0.000000	0.000000	1733433150.438321	0.000000
103.000000	89265.938314	21058.427818	187500.000000	187500.000000	87502.028048	103313.853242	112526.415292	134531.260673	-0.052000	0.772000	0.576000	192.000000	0.000000	0.000000	0.000000	0.000000	0.000000	0.000000	0.000000	0.000000	0.000000	1733433150.442206	0.000000
104.000000	89279.662285	21069.111951	187500.000000	187500.000000	87522.926929	103331.086437	112533.187870	134533.562903	-0.052000	0.772000	0.576000	192.000000	0.000000	0.000000	0.000000	0.000000	0.000000	0.000000	0.000000	0.000000	0.000000	1733433150.445176	0.000000
105.000000	89265.692445	21045.039123	187500.000000	187500.000000	87516.221406	103307.572401	112516.804041	134533.048813	-0.052000	0.772000	0.576000	192.000000	0.000000	0.000000	0.000000	0.000000	0.000000	0.000000	0.000000	0.000000	0.000000	1733433150.449194	0.000000
106.000000	89257.891686	21035.405521	187500.000000	187500.000000	87505.581976	103313.093282	112507.371605	134538.793211	-0.052000	0.772000	0.576000	192.000000	0.000000	0.000000	0.000000	0.000000	0.000000	0.000000	0.000000	0.000000	0.000000	1733433150.454216	0.000000
107.000000	89265.290113	21056.997306	187500.000000	187500.000000	87505.134941	103317.876556	112515.775861	134537.563865	-0.052000	0.772000	0.576000	192.000000	0.000000	0.000000	0.000000	0.000000	0.000000	0.000000	0.000000	0.000000	0.000000	1733433150.458301	0.000000
108.000000	89262.339683	21057.153768	187500.000000	187500.000000	87497.423589	103309.740521	112522.548440	134560.541458	-0.052000	0.772000	0.576000	192.000000	0.000000	0.000000	0.000000	0.000000	0.000000	0.000000	0.000000	0.000000	0.000000	1733433150.462424	0.000000
109.000000	89257.511706	21041.194623	187500.000000	187500.000000	87492.349743	103304.420806	112508.712710	134509.132446	-0.052000	0.772000	0.576000	192.000000	0.000000	0.000000	0.000000	0.000000	0.000000	0.000000	0.000000	0.000000	0.000000	1733433150.465403	0.000000
110.000000	89264.708968	21044.770902	187500.000000	187500.000000	87501.670420	103284.080718	112519.888582	134493.374466	-0.042000	0.774000	0.572000	192.000000	254.000000	176.000000	24.000000	48.000000	17.000000	224.000000	0.000000	0.000000	0.000000	1733433150.469508	0.000000
111.000000	89264.574857	21050.872928	187500.000000	187500.000000	87500.195205	103289.311026	112520.492079	134508.752466	-0.042000	0.774000	0.572000	192.000000	0.000000	0.000000	0.000000	0.000000	0.000000	0.000000	0.000000	0.000000	0.000000	1733433150.473243	0.000000
112.000000	89244.614750	21043.765073	187500.000000	187500.000000	87482.269106	103263.718279	112504.130602	134546.929246	-0.042000	0.774000	0.572000	192.000000	0.000000	0.000000	0.000000	0.000000	0.000000	0.000000	0.000000	0.000000	0.000000	1733433150.477267	0.000000
113.000000	89246.805220	21033.304457	187500.000000	187500.000000	87480.503318	103258.309157	112494.899332	134497.129559	-0.042000	0.774000	0.572000	192.000000	0.000000	0.000000	0.000000	0.000000	0.000000	0.000000	0.000000	0.000000	0.000000	1733433150.482241	0.000000
114.000000	89254.360110	21028.632942	187500.000000	187500.000000	87490.740417	103273.687157	112504.242361	134484.701989	-0.042000	0.774000	0.572000	192.000000	0.000000	0.000000	0.000000	0.000000	0.000000	0.000000	0.000000	0.000000	0.000000	1733433150.486247	0.000000
115.000000	89257.578761	21032.946829	187500.000000	187500.000000	87495.635449	103267.495724	112508.466841	134503.119827	-0.042000	0.774000	0.572000	192.000000	0.000000	0.000000	0.000000	0.000000	0.000000	0.000000	0.000000	0.000000	0.000000	1733433150.490393	0.000000
116.000000	89253.197819	21036.232535	187500.000000	187500.000000	87492.327391	103273.620102	112504.443527	134498.761237	-0.042000	0.774000	0.572000	192.000000	0.000000	0.000000	0.000000	0.000000	0.000000	0.000000	0.000000	0.000000	0.000000	1733433150.493473	0.000000
117.000000	89256.617636	21039.562945	187500.000000	187500.000000	87495.657801	103269.328567	112505.225838	134499.409437	-0.042000	0.774000	0.572000	192.000000	0.000000	0.000000	0.000000	0.000000	0.000000	0.000000	0.000000	0.000000	0.000000	1733433150.497404	0.000000
118.000000	89247.296959	21026.263657	187500.000000	187500.000000	87492.617964	103252.676517	112496.888637	134508.439542	-0.042000	0.774000	0.572000	192.000000	0.000000	0.000000	0.000000	0.000000	0.000000	0.000000	0.000000	0.000000	0.000000	1733433150.501540	0.000000
119.000000	89252.303750	21038.445358	187500.000000	187500.000000	87501.022220	103256.364555	112498.028576	134524.555150	-0.042000	0.774000	0.572000	192.000000	0.000000	0.000000	0.000000	0.000000	0.000000	0.000000	0.000000	0.000000	0.000000	1733433150.505368	0.000000
120.000000	89258.450479	21048.973030	187500.000000	187500.000000	87502.631545	103268.345090	112500.979006	134535.574560	-0.044000	0.774000	0.572000	192.000000	254.000000	160.000000	24.000000	48.000000	17.000000	224.000000	0.000000	0.000000	0.000000	1733433150.510503	0.000000
121.000000	89257.243485	21041.038160	187500.000000	187500.000000	87493.087350	103266.378136	112481.510637	134532.311205	-0.044000	0.774000	0.572000	192.000000	0.000000	0.000000	0.000000	0.000000	0.000000	0.000000	0.000000	0.000000	0.000000	1733433150.514290	0.000000
122.000000	89246.916979	21043.228631	187500.000000	187500.000000	87482.179699	103255.202264	112468.837198	134498.671830	-0.044000	0.774000	0.572000	192.000000	0.000000	0.000000	0.000000	0.000000	0.000000	0.000000	0.000000	0.000000	0.000000	1733433150.518318	0.000000
123.000000	89243.452459	21052.348143	187500.000000	187500.000000	87481.777368	103234.236328	112473.106381	134481.304524	-0.044000	0.774000	0.572000	192.000000	0.000000	0.000000	0.000000	0.000000	0.000000	0.000000	0.000000	0.000000	0.000000	1733433150.521330	0.000000
124.000000	89242.111354	21046.693152	187500.000000	187500.000000	87489.913403	103225.161520	112487.009166	134491.966306	-0.044000	0.774000	0.572000	192.000000	0.000000	0.000000	0.000000	0.000000	0.000000	0.000000	0.000000	0.000000	0.000000	1733433150.525390	0.000000
125.000000	89239.362090	21034.287934	187500.000000	187500.000000	87494.160234	103217.874851	112498.408556	134495.766103	-0.044000	0.774000	0.572000	192.000000	0.000000	0.000000	0.000000	0.000000	0.000000	0.000000	0.000000	0.000000	0.000000	1733433150.529522	0.000000
126.000000	89237.775116	21010.550381	187500.000000	187500.000000	87486.404179	103215.997304	112494.117021	134507.389010	-0.044000	0.774000	0.572000	192.000000	0.000000	0.000000	0.000000	0.000000	0.000000	0.000000	0.000000	0.000000	0.000000	1733433150.533638	0.000000
127.000000	89230.711964	21015.914800	187500.000000	187500.000000	87482.269106	103218.366589	112487.076221	134521.381202	-0.044000	0.774000	0.572000	192.000000	0.000000	0.000000	0.000000	0.000000	0.000000	0.000000	0.000000	0.000000	0.000000	1733433150.538558	0.000000
128.000000	89232.634214	21031.404559	187500.000000	187500.000000	87477.351722	103221.518185	112480.236588	134520.911815	-0.044000	0.774000	0.572000	192.000000	0.000000	0.000000	0.000000	0.000000	0.000000	0.000000	0.000000	0.000000	0.000000	1733433150.542345	0.000000
129.000000	89240.814953	21011.064471	187500.000000	187500.000000	87478.558717	103213.762130	112480.080125	134495.699048	-0.044000	0.774000	0.572000	192.000000	0.000000	0.000000	0.000000	0.000000	0.000000	0.000000	0.000000	0.000000	0.000000	1733433150.546324	0.000000
130.000000	89234.668223	21006.080032	187500.000000	187500.000000	87483.833728	103207.011903	112481.711803	134474.040207	-0.038000	0.774000	0.568000	192.000000	254.000000	208.000000	24.000000	48.000000	17.000000	192.000000	0.000000	0.000000	0.000000	1733433150.549335	0.000000
131.000000	89237.015156	21017.680587	187500.000000	187500.000000	87496.328353	103222.881642	112490.741907	134501.309335	-0.038000	0.774000	0.568000	192.000000	0.000000	0.000000	0.000000	0.000000	0.000000	0.000000	0.000000	0.000000	0.000000	1733433150.553362	0.000000
132.000000	89235.718755	21022.106233	187500.000000	187500.000000	87494.651973	103231.218842	112488.149105	134510.317088	-0.038000	0.774000	0.568000	192.000000	0.000000	0.000000	0.000000	0.000000	0.000000	0.000000	0.000000	0.000000	0.000000	1733433150.557448	0.000000
133.000000	89240.077345	21029.392902	187500.000000	187500.000000	87488.706409	103197.244191	112481.667099	134497.218966	-0.038000	0.774000	0.568000	192.000000	0.000000	0.000000	0.000000	0.000000	0.000000	0.000000	0.000000	0.000000	0.000000	1733433150.561755	0.000000
134.000000	89239.049165	21038.892393	187500.000000	187500.000000	87481.240926	103183.877848	112472.882864	134496.570766	-0.038000	0.774000	0.568000	192.000000	0.000000	0.000000	0.000000	0.000000	0.000000	0.000000	0.000000	0.000000	0.000000	1733433150.565583	0.000000
135.000000	89234.087078	21008.359910	187500.000000	187500.000000	87478.558717	103196.551287	112472.458180	134497.621298	-0.038000	0.774000	0.568000	192.000000	0.000000	0.000000	0.000000	0.000000	0.000000	0.000000	0.000000	0.000000	0.000000	1733433150.570702	0.000000
136.000000	89232.209531	20997.832238	187500.000000	187500.000000	87472.635504	103174.288949	112464.009221	134488.904117	-0.038000	0.774000	0.568000	192.000000	0.000000	0.000000	0.000000	0.000000	0.000000	0.000000	0.000000	0.000000	0.000000	1733433150.574620	0.000000
137.000000	89231.606034	21013.746680	187500.000000	187500.000000	87473.641333	103163.984795	112462.176378	134475.426015	-0.038000	0.774000	0.568000	192.000000	0.000000	0.000000	0.000000	0.000000	0.000000	0.000000	0.000000	0.000000	0.000000	1733433150.577432	0.000000
138.000000	89230.197874	21016.294779	187500.000000	187500.000000	87463.203068	103154.485304	112467.652555	134501.421094	-0.038000	0.774000	0.568000	192.000000	0.000000	0.000000	0.000000	0.000000	0.000000	0.000000	0.000000	0.000000	0.000000	1733433150.581396	0.000000
139.000000	89224.744049	21008.270503	187500.000000	187500.000000	87451.736623	103143.890577	112459.583576	134506.226719	-0.038000	0.774000	0.568000	192.000000	0.000000	0.000000	0.000000	0.000000	0.000000	0.000000	0.000000	0.000000	0.000000	1733433150.585436	0.000000
140.000000	89226.554540	21005.655349	187500.000000	187500.000000	87450.976664	103155.088801	112453.839177	134473.369655	-0.046000	0.778000	0.578000	192.000000	254.000000	144.000000	24.000000	80.000000	18.000000	16.000000	0.000000	0.000000	0.000000	1733433150.589451	0.000000
141.000000	89216.138627	20989.204465	187500.000000	187500.000000	87447.020405	103142.370658	112451.201672	134465.904172	-0.046000	0.778000	0.578000	192.000000	0.000000	0.000000	0.000000	0.000000	0.000000	0.000000	0.000000	0.000000	0.000000	1733433150.593753	0.000000
142.000000	89217.233863	21001.587331	187500.000000	187500.000000	87445.522838	103120.577707	112440.316372	134496.615469	-0.046000	0.778000	0.578000	192.000000	0.000000	0.000000	0.000000	0.000000	0.000000	0.000000	0.000000	0.000000	0.000000	1733433150.598684	0.000000
143.000000	89211.690630	21004.537762	187500.000000	187500.000000	87440.761917	103120.845928	112435.242526	134488.054751	-0.046000	0.778000	0.578000	192.000000	0.000000	0.000000	0.000000	0.000000	0.000000	0.000000	0.000000	0.000000	0.000000	1733433150.601545	0.000000
144.000000	89216.295089	21000.581503	187500.000000	187500.000000	87451.311940	103133.139388	112444.272631	134459.958608	-0.046000	0.778000	0.578000	192.000000	0.000000	0.000000	0.000000	0.000000	0.000000	0.000000	0.000000	0.000000	0.000000	1733433150.605734	0.000000
145.000000	89223.604110	21004.873038	187500.000000	187500.000000	87466.488775	103146.013993	112458.063657	134465.747710	-0.046000	0.778000	0.578000	192.000000	0.000000	0.000000	0.000000	0.000000	0.000000	0.000000	0.000000	0.000000	0.000000	1733433150.609653	0.000000
146.000000	89229.236749	21017.144146	187500.000000	187500.000000	87467.561658	103151.981908	112474.134561	134471.201536	-0.046000	0.778000	0.578000	192.000000	0.000000	0.000000	0.000000	0.000000	0.000000	0.000000	0.000000	0.000000	0.000000	1733433150.613444	0.000000
147.000000	89225.638118	21011.399747	187500.000000	187500.000000	87458.486850	103146.148103	112462.913986	134496.906042	-0.046000	0.778000	0.578000	192.000000	0.000000	0.000000	0.000000	0.000000	0.000000	0.000000	0.000000	0.000000	0.000000	1733433150.617459	0.000000
148.000000	89217.278566	21004.560113	187500.000000	187500.000000	87459.157402	103151.177246	112456.096704	134481.908021	-0.046000	0.778000	0.578000	192.000000	0.000000	0.000000	0.000000	0.000000	0.000000	0.000000	0.000000	0.000000	0.000000	1733433150.621474	0.000000
149.000000	89213.590528	21006.460012	187500.000000	187500.000000	87459.336216	103137.117998	112448.675924	134458.617503	-0.046000	0.778000	0.578000	192.000000	0.000000	0.000000	0.000000	0.000000	0.000000	0.000000	0.000000	0.000000	0.000000	1733433150.626704	0.000000
150.000000	89219.536092	21009.566904	187500.000000	187500.000000	87451.446051	103124.623373	112443.244450	134466.641780	-0.048000	0.770000	0.576000	192.000000	254.000000	128.000000	24.000000	16.000000	18.000000	0.000000	0.000000	0.000000	0.000000	1733433150.629509	0.000000
151.000000	89215.870406	21026.353064	187500.000000	187500.000000	87456.095213	103132.133559	112449.346477	134484.545527	-0.048000	0.770000	0.576000	192.000000	0.000000	0.000000	0.000000	0.000000	0.000000	0.000000	0.000000	0.000000	0.000000	1733433150.633822	0.000000
152.000000	89208.024944	21011.444451	187500.000000	187500.000000	87455.134088	103130.121902	112441.858642	134484.433768	-0.048000	0.770000	0.576000	192.000000	0.000000	0.000000	0.000000	0.000000	0.000000	0.000000	0.000000	0.000000	0.000000	1733433150.637710	0.000000
153.000000	89209.924842	20988.824485	187500.000000	187500.000000	87463.761862	103150.461990	112451.648706	134468.519326	-0.048000	0.770000	0.576000	192.000000	0.000000	0.000000	0.000000	0.000000	0.000000	0.000000	0.000000	0.000000	0.000000	1733433150.641546	0.000000
154.000000	89197.072589	20975.279328	187500.000000	187500.000000	87446.998053	103128.289059	112439.265840	134485.998390	-0.048000	0.770000	0.576000	192.000000	0.000000	0.000000	0.000000	0.000000	0.000000	0.000000	0.000000	0.000000	0.000000	1733433150.645764	0.000000
155.000000	89188.936554	20975.860474	187500.000000	187500.000000	87439.197295	103116.666152	112423.217287	134445.273512	-0.048000	0.770000	0.576000	192.000000	0.000000	0.000000	0.000000	0.000000	0.000000	0.000000	0.000000	0.000000	0.000000	1733433150.649749	0.000000
156.000000	89192.222261	20983.460067	187500.000000	187500.000000	87440.672510	103111.972286	112422.367921	134457.388158	-0.048000	0.770000	0.576000	192.000000	0.000000	0.000000	0.000000	0.000000	0.000000	0.000000	0.000000	0.000000	0.000000	1733433150.654504	0.000000
157.000000	89198.503101	20993.026613	187500.000000	187500.000000	87448.562676	103112.642838	112421.831479	134453.945989	-0.048000	0.770000	0.576000	192.000000	0.000000	0.000000	0.000000	0.000000	0.000000	0.000000	0.000000	0.000000	0.000000	1733433150.657488	0.000000
158.000000	89205.253328	20991.596102	187500.000000	187500.000000	87447.646254	103120.421245	112422.457328	134456.739957	-0.048000	0.770000	0.576000	192.000000	0.000000	0.000000	0.000000	0.000000	0.000000	0.000000	0.000000	0.000000	0.000000	1733433150.660546	0.000000
159.000000	89208.136703	21003.353119	187500.000000	187500.000000	87439.599626	103130.188957	112429.118148	134448.670977	-0.048000	0.770000	0.576000	192.000000	0.000000	0.000000	0.000000	0.000000	0.000000	0.000000	0.000000	0.000000	0.000000	1733433150.665524	0.000000
160.000000	89200.045371	20992.736041	187500.000000	187500.000000	87444.807582	103124.578670	112438.751750	134443.574779	-0.052000	0.776000	0.580000	192.000000	254.000000	96.000000	24.000000	64.000000	18.000000	32.000000	0.000000	0.000000	0.000000	1733433150.669555	0.000000
161.000000	89214.886929	21007.421137	187500.000000	187500.000000	87459.716196	103137.185053	112444.853776	134461.009140	-0.052000	0.776000	0.580000	192.000000	0.000000	0.000000	0.000000	0.000000	0.000000	0.000000	0.000000	0.000000	0.000000	1733433150.673699	0.000000
162.000000	89216.742124	21012.830259	187500.000000	187500.000000	87466.466423	103141.878920	112442.976230	134457.388158	-0.052000	0.776000	0.580000	192.000000	0.000000	0.000000	0.000000	0.000000	0.000000	0.000000	0.000000	0.000000	0.000000	1733433150.677684	0.000000
163.000000	89206.840301	20982.320128	187500.000000	187500.000000	87459.649141	103134.279327	112432.314447	134448.782736	-0.052000	0.776000	0.580000	192.000000	0.000000	0.000000	0.000000	0.000000	0.000000	0.000000	0.000000	0.000000	0.000000	1733433150.684606	0.000000
164.000000	89198.436045	20977.447447	187500.000000	187500.000000	87453.435356	103132.357077	112426.212421	134458.438690	-0.052000	0.776000	0.580000	192.000000	0.000000	0.000000	0.000000	0.000000	0.000000	0.000000	0.000000	0.000000	0.000000	1733433150.685734	0.000000
165.000000	89198.972487	20986.477552	187500.000000	187500.000000	87452.004844	103137.073295	112425.921849	134474.800166	-0.052000	0.776000	0.580000	192.000000	0.000000	0.000000	0.000000	0.000000	0.000000	0.000000	0.000000	0.000000	0.000000	1733433150.688581	0.000000
166.000000	89194.032752	20971.792456	187500.000000	187500.000000	87441.700690	103127.283231	112421.451500	134462.193783	-0.052000	0.776000	0.580000	192.000000	0.000000	0.000000	0.000000	0.000000	0.000000	0.000000	0.000000	0.000000	0.000000	1733433150.693981	0.000000
167.000000	89187.148415	20973.066506	187500.000000	187500.000000	87430.614225	103111.726417	112412.667264	134439.439707	-0.052000	0.776000	0.580000	192.000000	0.000000	0.000000	0.000000	0.000000	0.000000	0.000000	0.000000	0.000000	0.000000	1733433150.697607	0.000000
168.000000	89199.777150	20983.080087	187500.000000	187500.000000	87442.237132	103128.601984	112425.608924	134473.503765	-0.052000	0.776000	0.580000	192.000000	0.000000	0.000000	0.000000	0.000000	0.000000	0.000000	0.000000	0.000000	0.000000	1733433150.701562	0.000000
169.000000	89197.921955	20975.033459	187500.000000	187500.000000	87444.628769	103139.911966	112436.226003	134473.324951	-0.052000	0.776000	0.580000	192.000000	0.000000	0.000000	0.000000	0.000000	0.000000	0.000000	0.000000	0.000000	0.000000	1733433150.705576	0.000000
170.000000	89193.295144	20971.144256	187500.000000	187500.000000	87444.360548	103145.812827	112434.929602	134456.784660	-0.048000	0.776000	0.580000	192.000000	254.000000	128.000000	24.000000	64.000000	18.000000	32.000000	0.000000	0.000000	0.000000	1733433150.709716	0.000000
171.000000	89188.735388	20971.524235	187500.000000	187500.000000	87439.867847	103142.460065	112426.927677	134445.474678	-0.048000	0.776000	0.580000	192.000000	0.000000	0.000000	0.000000	0.000000	0.000000	0.000000	0.000000	0.000000	0.000000	1733433150.713817	0.000000
172.000000	89198.033714	20989.450334	187500.000000	187500.000000	87442.773574	103149.277347	112434.080235	134459.355111	-0.048000	0.776000	0.580000	192.000000	0.000000	0.000000	0.000000	0.000000	0.000000	0.000000	0.000000	0.000000	0.000000	1733433150.716774	0.000000
173.000000	89198.145473	20999.843895	187500.000000	187500.000000	87439.621978	103141.767161	112434.281401	134486.780701	-0.048000	0.776000	0.580000	192.000000	0.000000	0.000000	0.000000	0.000000	0.000000	0.000000	0.000000	0.000000	0.000000	1733433150.721887	0.000000
174.000000	89197.340810	20997.809887	187500.000000	187500.000000	87424.914530	103133.809940	112411.326159	134478.130576	-0.048000	0.776000	0.580000	192.000000	0.000000	0.000000	0.000000	0.000000	0.000000	0.000000	0.000000	0.000000	0.000000	1733433150.725679	0.000000
175.000000	89196.111464	20981.090782	187500.000000	187500.000000	87421.673527	103131.798283	112411.527325	134458.326931	-0.048000	0.776000	0.580000	192.000000	0.000000	0.000000	0.000000	0.000000	0.000000	0.000000	0.000000	0.000000	0.000000	1733433150.729611	0.000000
176.000000	89188.467167	20969.780799	187500.000000	187500.000000	87407.860149	103120.845928	112410.700311	134454.147155	-0.048000	0.776000	0.580000	192.000000	0.000000	0.000000	0.000000	0.000000	0.000000	0.000000	0.000000	0.000000	0.000000	1733433150.733617	0.000000
177.000000	89176.374874	20961.711819	187500.000000	187500.000000	87395.611393	103106.496108	112409.336854	134456.717605	-0.048000	0.776000	0.580000	192.000000	0.000000	0.000000	0.000000	0.000000	0.000000	0.000000	0.000000	0.000000	0.000000	1733433150.737667	0.000000
178.000000	89184.421502	20979.235587	187500.000000	187500.000000	87403.009820	103121.941164	112418.054034	134441.004329	-0.048000	0.776000	0.580000	192.000000	0.000000	0.000000	0.000000	0.000000	0.000000	0.000000	0.000000	0.000000	0.000000	1733433150.740662	0.000000
179.000000	89190.992915	20976.285157	187500.000000	187500.000000	87404.775608	103126.903251	112416.042377	134441.116088	-0.048000	0.776000	0.580000	192.000000	0.000000	0.000000	0.000000	0.000000	0.000000	0.000000	0.000000	0.000000	0.000000	1733433150.744866	0.000000
180.000000	89176.732502	20959.454293	187500.000000	187500.000000	87397.578346	103109.111262	112406.811107	134438.791506	-0.030000	0.772000	0.580000	192.000000	255.000000	16.000000	24.000000	32.000000	18.000000	32.000000	0.000000	0.000000	0.000000	1733433150.749825	0.000000
181.000000	89181.515775	20965.936299	187500.000000	187500.000000	87406.250823	103111.122919	112410.409738	134438.232713	-0.030000	0.772000	0.580000	192.000000	0.000000	0.000000	0.000000	0.000000	0.000000	0.000000	0.000000	0.000000	0.000000	1733433150.753859	0.000000
182.000000	89192.222261	20975.055811	187500.000000	187500.000000	87422.589948	103120.689466	112424.737206	134439.350300	-0.030000	0.772000	0.580000	192.000000	0.000000	0.000000	0.000000	0.000000	0.000000	0.000000	0.000000	0.000000	0.000000	1733433150.757975	0.000000
183.000000	89190.501176	20977.022764	187500.000000	187500.000000	87419.170132	103119.750693	112427.195898	134434.142343	-0.030000	0.772000	0.580000	192.000000	0.000000	0.000000	0.000000	0.000000	0.000000	0.000000	0.000000	0.000000	0.000000	1733433150.761954	0.000000
184.000000	89182.543955	20976.821599	187500.000000	187500.000000	87412.174036	103115.213289	112421.116223	134428.062669	-0.030000	0.772000	0.580000	192.000000	0.000000	0.000000	0.000000	0.000000	0.000000	0.000000	0.000000	0.000000	0.000000	1733433150.764696	0.000000
185.000000	89176.285467	20961.890633	187500.000000	187500.000000	87410.162379	103117.671981	112416.377654	134429.090849	-0.030000	0.772000	0.580000	192.000000	0.000000	0.000000	0.000000	0.000000	0.000000	0.000000	0.000000	0.000000	0.000000	1733433150.768691	0.000000
186.000000	89175.704321	20958.917851	187500.000000	187500.000000	87404.507387	103113.983943	112412.130822	134436.444573	-0.030000	0.772000	0.580000	192.000000	0.000000	0.000000	0.000000	0.000000	0.000000	0.000000	0.000000	0.000000	0.000000	1733433150.772694	0.000000
187.000000	89180.532298	20957.308526	187500.000000	187500.000000	87396.349000	103105.870260	112403.301883	134467.737015	-0.030000	0.772000	0.580000	192.000000	0.000000	0.000000	0.000000	0.000000	0.000000	0.000000	0.000000	0.000000	0.000000	1733433150.776781	0.000000
188.000000	89185.472034	20969.177302	187500.000000	187500.000000	87394.829082	103112.039341	112406.520534	134479.583440	-0.030000	0.772000	0.580000	192.000000	0.000000	0.000000	0.000000	0.000000	0.000000	0.000000	0.000000	0.000000	0.000000	1733433150.781820	0.000000
189.000000	89183.505080	20975.704011	187500.000000	187500.000000	87399.098265	103114.207460	112415.036549	134432.600073	-0.030000	0.772000	0.580000	192.000000	0.000000	0.000000	0.000000	0.000000	0.000000	0.000000	0.000000	0.000000	0.000000	1733433150.785735	0.000000
190.000000	89184.265039	20962.203558	187500.000000	187500.000000	87396.259594	103109.088911	112405.671168	134418.429067	-0.032000	0.770000	0.582000	192.000000	255.000000	0.000000	24.000000	16.000000	18.000000	48.000000	0.000000	0.000000	0.000000	1733433150.789950	0.000000
191.000000	89181.739292	20952.167624	187500.000000	187500.000000	87390.246974	103114.319219	112400.731433	134417.378535	-0.032000	0.770000	0.582000	192.000000	0.000000	0.000000	0.000000	0.000000	0.000000	0.000000	0.000000	0.000000	0.000000	1733433150.792888	0.000000
192.000000	89173.782071	20952.927584	187500.000000	187500.000000	87393.175053	103124.936298	112400.642026	134434.432916	-0.032000	0.770000	0.582000	192.000000	0.000000	0.000000	0.000000	0.000000	0.000000	0.000000	0.000000	0.000000	0.000000	1733433150.796838	0.000000
193.000000	89176.151356	20954.559261	187500.000000	187500.000000	87396.997201	103107.345475	112402.586627	134453.878934	-0.032000	0.770000	0.582000	192.000000	0.000000	0.000000	0.000000	0.000000	0.000000	0.000000	0.000000	0.000000	0.000000	1733433150.800697	0.000000
194.000000	89181.180499	20961.667116	187500.000000	187500.000000	87402.473378	103112.799300	112425.251296	134471.849736	-0.032000	0.770000	0.582000	192.000000	0.000000	0.000000	0.000000	0.000000	0.000000	0.000000	0.000000	0.000000	0.000000	1733433150.804693	0.000000
195.000000	89183.281563	20972.530064	187500.000000	187500.000000	87402.898062	103124.086931	112429.498128	134482.891498	-0.032000	0.770000	0.582000	192.000000	0.000000	0.000000	0.000000	0.000000	0.000000	0.000000	0.000000	0.000000	0.000000	1733433150.810031	0.000000
196.000000	89167.165955	20953.128750	187500.000000	187500.000000	87385.687218	103128.222004	112417.964628	134457.052881	-0.032000	0.770000	0.582000	192.000000	0.000000	0.000000	0.000000	0.000000	0.000000	0.000000	0.000000	0.000000	0.000000	1733433150.813724	0.000000
197.000000	89169.714054	20949.351305	187500.000000	187500.000000	87382.066236	103104.238582	112408.331026	134441.898399	-0.032000	0.770000	0.582000	192.000000	0.000000	0.000000	0.000000	0.000000	0.000000	0.000000	0.000000	0.000000	0.000000	1733433150.817879	0.000000
198.000000	89162.315626	20940.030627	187500.000000	187500.000000	87377.640590	103092.392158	112405.335892	134422.251215	-0.032000	0.770000	0.582000	192.000000	0.000000	0.000000	0.000000	0.000000	0.000000	0.000000	0.000000	0.000000	0.000000	1733433150.820865	0.000000
199.000000	89169.021150	20950.133616	187500.000000	187500.000000	87386.000143	103113.514556	112423.440805	134431.862465	-0.032000	0.770000	0.582000	192.000000	0.000000	0.000000	0.000000	0.000000	0.000000	0.000000	0.000000	0.000000	0.000000	1733433150.824946	0.000000
200.000000	89164.930781	20950.759465	187500.000000	187500.000000	87379.629896	103109.960629	112414.634218	134445.072346	-0.042000	0.774000	0.576000	192.000000	254.000000	176.000000	24.000000	48.000000	18.000000	0.000000	0.000000	0.000000	0.000000	1733433150.828977	0.000000
201.000000	89151.787955	20939.293020	187500.000000	187500.000000	87360.720320	103087.005387	112398.339796	134438.232713	-0.042000	0.774000	0.576000	192.000000	0.000000	0.000000	0.000000	0.000000	0.000000	0.000000	0.000000	0.000000	0.000000	1733433150.832794	0.000000
202.000000	89153.978426	20935.895555	187500.000000	187500.000000	87356.339378	103092.794489	112404.777098	134450.839096	-0.042000	0.774000	0.576000	192.000000	0.000000	0.000000	0.000000	0.000000	0.000000	0.000000	0.000000	0.000000	0.000000	1733433150.837740	0.000000
203.000000	89160.549839	20949.820691	187500.000000	187500.000000	87367.492898	103102.986884	112410.879125	134429.627291	-0.042000	0.774000	0.576000	192.000000	0.000000	0.000000	0.000000	0.000000	0.000000	0.000000	0.000000	0.000000	0.000000	1733433150.841795	0.000000
204.000000	89156.504173	20940.768235	187500.000000	187500.000000	87362.106128	103092.526268	112397.713947	134432.667128	-0.042000	0.774000	0.576000	192.000000	0.000000	0.000000	0.000000	0.000000	0.000000	0.000000	0.000000	0.000000	0.000000	1733433150.844827	0.000000
205.000000	89150.178629	20923.199764	187500.000000	187500.000000	87357.635779	103076.924750	112385.085211	134457.343454	-0.042000	0.774000	0.576000	192.000000	0.000000	0.000000	0.000000	0.000000	0.000000	0.000000	0.000000	0.000000	0.000000	1733433150.848811	0.000000
206.000000	89153.397280	20921.858659	187500.000000	187500.000000	87370.689198	103095.767271	112403.748918	134428.017965	-0.042000	0.774000	0.576000	192.000000	0.000000	0.000000	0.000000	0.000000	0.000000	0.000000	0.000000	0.000000	0.000000	1733433150.852963	0.000000
207.000000	89151.072699	20931.715778	187500.000000	187500.000000	87370.040997	103102.919829	112411.817898	134408.281375	-0.042000	0.774000	0.576000	192.000000	0.000000	0.000000	0.000000	0.000000	0.000000	0.000000	0.000000	0.000000	0.000000	1733433150.856981	0.000000
208.000000	89149.128097	20926.574877	187500.000000	187500.000000	87363.223715	103092.682730	112408.398081	134401.575852	-0.042000	0.774000	0.576000	192.000000	0.000000	0.000000	0.000000	0.000000	0.000000	0.000000	0.000000	0.000000	0.000000	1733433150.861014	0.000000
209.000000	89137.996928	20912.985016	187500.000000	187500.000000	87351.578456	103081.842134	112402.586627	134403.341639	-0.042000	0.774000	0.576000	192.000000	0.000000	0.000000	0.000000	0.000000	0.000000	0.000000	0.000000	0.000000	0.000000	1733433150.865795	0.000000
210.000000	89138.153391	20909.676958	187500.000000	187500.000000	87354.171259	103084.457288	112402.407813	134427.682689	-0.044000	0.774000	0.574000	192.000000	254.000000	160.000000	24.000000	48.000000	17.000000	240.000000	0.000000	0.000000	0.000000	1733433150.869814	0.000000
211.000000	89154.023129	20928.094796	187500.000000	187500.000000	87365.570648	103091.743957	112402.988959	134459.064538	-0.044000	0.774000	0.574000	192.000000	0.000000	0.000000	0.000000	0.000000	0.000000	0.000000	0.000000	0.000000	0.000000	1733433150.872798	0.000000
212.000000	89150.357443	20927.848927	187500.000000	187500.000000	87352.338416	103078.198800	112395.188200	134441.227846	-0.044000	0.774000	0.574000	192.000000	0.000000	0.000000	0.000000	0.000000	0.000000	0.000000	0.000000	0.000000	0.000000	1733433150.877125	0.000000
213.000000	89143.316644	20921.299865	187500.000000	187500.000000	87349.343282	103084.792564	112393.467116	134395.630288	-0.044000	0.774000	0.574000	192.000000	0.000000	0.000000	0.000000	0.000000	0.000000	0.000000	0.000000	0.000000	0.000000	1733433150.880872	0.000000
214.000000	89149.597484	20926.776043	187500.000000	187500.000000	87361.972018	103090.581666	112398.697424	134410.673012	-0.044000	0.774000	0.574000	192.000000	0.000000	0.000000	0.000000	0.000000	0.000000	0.000000	0.000000	0.000000	0.000000	1733433150.884933	0.000000
215.000000	89141.752022	20919.444671	187500.000000	187500.000000	87353.076023	103070.532152	112385.666357	134417.266776	-0.044000	0.774000	0.574000	192.000000	0.000000	0.000000	0.000000	0.000000	0.000000	0.000000	0.000000	0.000000	0.000000	1733433150.888962	0.000000
216.000000	89142.802554	20934.397988	187500.000000	187500.000000	87352.025491	103079.405794	112390.248464	134402.291107	-0.044000	0.774000	0.574000	192.000000	0.000000	0.000000	0.000000	0.000000	0.000000	0.000000	0.000000	0.000000	0.000000	1733433150.894188	0.000000
217.000000	89147.675234	20932.319275	187500.000000	187500.000000	87353.724224	103081.976245	112392.349528	134400.927651	-0.044000	0.774000	0.574000	192.000000	0.000000	0.000000	0.000000	0.000000	0.000000	0.000000	0.000000	0.000000	0.000000	1733433150.897899	0.000000
218.000000	89146.155315	20925.256124	187500.000000	187500.000000	87355.020625	103093.420338	112398.049223	134418.943157	-0.044000	0.774000	0.574000	192.000000	0.000000	0.000000	0.000000	0.000000	0.000000	0.000000	0.000000	0.000000	0.000000	1733433150.901092	0.000000
219.000000	89138.935702	20914.102604	187500.000000	187500.000000	87356.495840	103088.726472	112395.076441	134418.138494	-0.044000	0.774000	0.574000	192.000000	0.000000	0.000000	0.000000	0.000000	0.000000	0.000000	0.000000	0.000000	0.000000	1733433150.904854	0.000000
220.000000	89130.419687	20899.685729	187500.000000	187500.000000	87355.825288	103074.957797	112385.219322	134406.515587	-0.040000	0.780000	0.570000	192.000000	254.000000	192.000000	24.000000	96.000000	17.000000	208.000000	0.000000	0.000000	0.000000	1733433150.908870	0.000000
221.000000	89124.250606	20894.924807	187500.000000	187500.000000	87347.532791	103075.717756	112376.144514	134408.035506	-0.040000	0.780000	0.570000	192.000000	0.000000	0.000000	0.000000	0.000000	0.000000	0.000000	0.000000	0.000000	0.000000	1733433150.912894	0.000000
222.000000	89136.544065	20918.014159	187500.000000	187500.000000	87352.114898	103086.312483	112383.967624	134416.529169	-0.040000	0.780000	0.570000	192.000000	0.000000	0.000000	0.000000	0.000000	0.000000	0.000000	0.000000	0.000000	0.000000	1733433150.916883	0.000000
223.000000	89142.556684	20921.501031	187500.000000	187500.000000	87357.635779	103093.643855	112385.845171	134405.643869	-0.040000	0.780000	0.570000	192.000000	0.000000	0.000000	0.000000	0.000000	0.000000	0.000000	0.000000	0.000000	0.000000	1733433150.920871	0.000000
224.000000	89144.478934	20923.088005	187500.000000	187500.000000	87368.185802	103108.999504	112403.257180	134415.143361	-0.040000	0.780000	0.570000	192.000000	0.000000	0.000000	0.000000	0.000000	0.000000	0.000000	0.000000	0.000000	0.000000	1733433150.925901	0.000000
225.000000	89138.153391	20903.597284	187500.000000	187500.000000	87357.635779	103093.845021	112391.768383	134408.862520	-0.040000	0.780000	0.570000	192.000000	0.000000	0.000000	0.000000	0.000000	0.000000	0.000000	0.000000	0.000000	0.000000	1733433150.928900	0.000000
226.000000	89131.872550	20899.931598	187500.000000	187500.000000	87343.576532	103086.938332	112379.631386	134411.276509	-0.040000	0.780000	0.570000	192.000000	0.000000	0.000000	0.000000	0.000000	0.000000	0.000000	0.000000	0.000000	0.000000	1733433150.933002	0.000000
227.000000	89137.058155	20927.446595	187500.000000	187500.000000	87346.839887	103110.407664	112395.635235	134422.072401	-0.040000	0.780000	0.570000	192.000000	0.000000	0.000000	0.000000	0.000000	0.000000	0.000000	0.000000	0.000000	0.000000	1733433150.937303	0.000000
228.000000	89121.903672	20921.858659	187500.000000	187500.000000	87334.591131	103094.269704	112381.508932	134399.407732	-0.040000	0.780000	0.570000	192.000000	0.000000	0.000000	0.000000	0.000000	0.000000	0.000000	0.000000	0.000000	0.000000	1733433150.941099	0.000000
229.000000	89122.306004	20891.370880	187500.000000	187500.000000	87332.132439	103069.123992	112365.102752	134387.024866	-0.040000	0.780000	0.570000	192.000000	0.000000	0.000000	0.000000	0.000000	0.000000	0.000000	0.000000	0.000000	0.000000	1733433150.945257	0.000000
230.000000	89130.084411	20887.794600	187500.000000	187500.000000	87336.714546	103082.400928	112373.641118	134404.772151	-0.050000	0.774000	0.574000	192.000000	254.000000	112.000000	24.000000	48.000000	17.000000	240.000000	0.000000	0.000000	0.000000	1733433150.949087	0.000000
231.000000	89131.224350	20888.800429	187500.000000	187500.000000	87338.726203	103075.449535	112377.955005	134416.104486	-0.050000	0.774000	0.574000	192.000000	0.000000	0.000000	0.000000	0.000000	0.000000	0.000000	0.000000	0.000000	0.000000	1733433150.953944	0.000000
232.000000	89135.270016	20893.896627	187500.000000	187500.000000	87346.281093	103086.312483	112391.231941	134398.536014	-0.050000	0.774000	0.574000	192.000000	0.000000	0.000000	0.000000	0.000000	0.000000	0.000000	0.000000	0.000000	0.000000	1733433150.956929	0.000000
233.000000	89128.922120	20898.858714	187500.000000	187500.000000	87335.731070	103072.700271	112386.493371	134395.160901	-0.050000	0.774000	0.574000	192.000000	0.000000	0.000000	0.000000	0.000000	0.000000	0.000000	0.000000	0.000000	0.000000	1733433150.961076	0.000000
234.000000	89127.268091	20900.311577	187500.000000	187500.000000	87329.025546	103067.492314	112379.229054	134387.941288	-0.050000	0.774000	0.574000	192.000000	0.000000	0.000000	0.000000	0.000000	0.000000	0.000000	0.000000	0.000000	0.000000	1733433150.964946	0.000000
235.000000	89140.008585	20904.781926	187500.000000	187500.000000	87341.475468	103089.352320	112390.740203	134386.421369	-0.050000	0.774000	0.574000	192.000000	0.000000	0.000000	0.000000	0.000000	0.000000	0.000000	0.000000	0.000000	0.000000	1733433150.968942	0.000000
236.000000	89129.659728	20898.054051	187500.000000	187500.000000	87346.638721	103089.687597	112394.539999	134399.452436	-0.050000	0.774000	0.574000	192.000000	0.000000	0.000000	0.000000	0.000000	0.000000	0.000000	0.000000	0.000000	0.000000	1733433150.973085	0.000000
237.000000	89131.514923	20906.570066	187500.000000	187500.000000	87345.498782	103085.038434	112388.236807	134423.458209	-0.050000	0.774000	0.574000	192.000000	0.000000	0.000000	0.000000	0.000000	0.000000	0.000000	0.000000	0.000000	0.000000	1733433150.977132	0.000000
238.000000	89128.206864	20908.291150	187500.000000	187500.000000	87343.375366	103081.573913	112383.654700	134425.693384	-0.050000	0.774000	0.574000	192.000000	0.000000	0.000000	0.000000	0.000000	0.000000	0.000000	0.000000	0.000000	0.000000	1733433150.981141	0.000000
239.000000	89122.194245	20903.776098	187500.000000	187500.000000	87342.503648	103060.965605	112369.796618	134376.072511	-0.050000	0.774000	0.574000	192.000000	0.000000	0.000000	0.000000	0.000000	0.000000	0.000000	0.000000	0.000000	0.000000	1733433150.984252	0.000000
240.000000	89126.083449	20901.652682	187500.000000	187500.000000	87354.037148	103081.439803	112388.437973	134385.236726	-0.038000	0.772000	0.578000	192.000000	254.000000	208.000000	24.000000	32.000000	18.000000	16.000000	0.000000	0.000000	0.000000	1733433150.988996	0.000000
241.000000	89133.727745	20892.421412	187500.000000	187500.000000	87352.003139	103090.335797	112396.104621	134396.457302	-0.038000	0.772000	0.578000	192.000000	0.000000	0.000000	0.000000	0.000000	0.000000	0.000000	0.000000	0.000000	0.000000	1733433150.993164	0.000000
242.000000	89131.067888	20892.488467	187500.000000	187500.000000	87343.174200	103083.540867	112387.990938	134393.909203	-0.038000	0.772000	0.578000	192.000000	0.000000	0.000000	0.000000	0.000000	0.000000	0.000000	0.000000	0.000000	0.000000	1733433150.996978	0.000000
243.000000	89122.574225	20883.972452	187500.000000	187500.000000	87339.061479	103077.863524	112377.329156	134384.767340	-0.038000	0.772000	0.578000	192.000000	0.000000	0.000000	0.000000	0.000000	0.000000	0.000000	0.000000	0.000000	0.000000	1733433151.000984	0.000000
244.000000	89115.958108	20884.084211	187500.000000	187500.000000	87329.047898	103064.027794	112365.303918	134378.642962	-0.038000	0.772000	0.578000	192.000000	0.000000	0.000000	0.000000	0.000000	0.000000	0.000000	0.000000	0.000000	0.000000	1733433151.005002	0.000000
245.000000	89125.099972	20890.208589	187500.000000	187500.000000	87330.612520	103067.268797	112369.394287	134406.940270	-0.038000	0.772000	0.578000	192.000000	0.000000	0.000000	0.000000	0.000000	0.000000	0.000000	0.000000	0.000000	0.000000	1733433151.009022	0.000000
246.000000	89125.725821	20885.201798	187500.000000	187500.000000	87327.706793	103068.565198	112361.749990	134400.659430	-0.038000	0.772000	0.578000	192.000000	0.000000	0.000000	0.000000	0.000000	0.000000	0.000000	0.000000	0.000000	0.000000	1733433151.012214	0.000000
247.000000	89117.142751	20887.168752	187500.000000	187500.000000	87313.424029	103055.645890	112345.455568	134389.885889	-0.038000	0.772000	0.578000	192.000000	0.000000	0.000000	0.000000	0.000000	0.000000	0.000000	0.000000	0.000000	0.000000	1733433151.016229	0.000000
248.000000	89114.348783	20880.753801	187500.000000	187500.000000	87321.291843	103056.539959	112344.248574	134385.057912	-0.038000	0.772000	0.578000	192.000000	0.000000	0.000000	0.000000	0.000000	0.000000	0.000000	0.000000	0.000000	0.000000	1733433151.021243	0.000000
249.000000	89110.794855	20866.068705	187500.000000	187500.000000	87320.375421	103057.612843	112347.958964	134367.690607	-0.038000	0.772000	0.578000	192.000000	0.000000	0.000000	0.000000	0.000000	0.000000	0.000000	0.000000	0.000000	0.000000	1733433151.025211	0.000000
250.000000	89107.799722	20868.505045	187500.000000	187500.000000	87314.094581	103072.879085	112354.217452	134374.396130	-0.036000	0.768000	0.578000	192.000000	254.000000	224.000000	24.000000	0.000000	18.000000	16.000000	0.000000	0.000000	0.000000	1733433151.029040	0.000000
251.000000	89115.108742	20881.424353	187500.000000	187500.000000	87321.180084	103061.814971	112362.621708	134386.309610	-0.036000	0.768000	0.578000	192.000000	0.000000	0.000000	0.000000	0.000000	0.000000	0.000000	0.000000	0.000000	0.000000	1733433151.033024	0.000000
252.000000	89107.531501	20873.087153	187500.000000	187500.000000	87315.502741	103061.636157	112354.753894	134375.804290	-0.036000	0.768000	0.578000	192.000000	0.000000	0.000000	0.000000	0.000000	0.000000	0.000000	0.000000	0.000000	0.000000	1733433151.037035	0.000000
253.000000	89104.961050	20866.001650	187500.000000	187500.000000	87314.631023	103060.317404	112351.714057	134364.248438	-0.036000	0.768000	0.578000	192.000000	0.000000	0.000000	0.000000	0.000000	0.000000	0.000000	0.000000	0.000000	0.000000	1733433151.042125	0.000000
254.000000	89101.228309	20852.747065	187500.000000	187500.000000	87313.088752	103064.854808	112346.863728	134342.835467	-0.036000	0.768000	0.578000	192.000000	0.000000	0.000000	0.000000	0.000000	0.000000	0.000000	0.000000	0.000000	0.000000	1733433151.045403	0.000000
255.000000	89104.134036	20860.436065	187500.000000	187500.000000	87313.200511	103069.347509	112339.778225	134357.811136	-0.036000	0.768000	0.578000	192.000000	0.000000	0.000000	0.000000	0.000000	0.000000	0.000000	0.000000	0.000000	0.000000	1733433151.049276	0.000000
0.000000	89100.155425	20848.902565	187500.000000	187500.000000	87306.718505	103067.827590	112335.441987	134371.110424	-0.036000	0.768000	0.578000	192.000000	0.000000	0.000000	0.000000	0.000000	0.000000	0.000000	0.000000	0.000000	0.000000	1733433151.053342	0.000000
1.000000	89094.902765	20840.341847	187500.000000	187500.000000	87302.069342	103058.685727	112339.822929	134366.796537	-0.036000	0.768000	0.578000	192.000000	0.000000	0.000000	0.000000	0.000000	0.000000	0.000000	0.000000	0.000000	0.000000	1733433151.057291	0.000000
2.000000	89105.855120	20852.747065	187500.000000	187500.000000	87312.306441	103055.623538	112343.779188	134360.448642	-0.036000	0.768000	0.578000	192.000000	0.000000	0.000000	0.000000	0.000000	0.000000	0.000000	0.000000	0.000000	0.000000	1733433151.061095	0.000000
3.000000	89096.959126	20847.047370	187500.000000	187500.000000	87302.270508	103041.005497	112341.789882	134362.505002	-0.036000	0.768000	0.578000	192.000000	0.000000	0.000000	0.000000	0.000000	0.000000	0.000000	0.000000	0.000000	0.000000	1733433151.064094	0.000000
4.000000	89092.622887	20839.045446	187500.000000	187500.000000	87295.475578	103035.529320	112338.839452	134357.185287	-0.042000	0.768000	0.572000	192.000000	254.000000	176.000000	24.000000	0.000000	17.000000	224.000000	0.000000	0.000000	0.000000	1733433151.068095	0.000000
5.000000	89101.384771	20849.707228	187500.000000	187500.000000	87292.927479	103037.898605	112334.927897	134347.484630	-0.042000	0.768000	0.572000	192.000000	0.000000	0.000000	0.000000	0.000000	0.000000	0.000000	0.000000	0.000000	0.000000	1733433151.072089	0.000000
6.000000	89098.836672	20861.419542	187500.000000	187500.000000	87287.384246	103040.670221	112327.663580	134348.132831	-0.042000	0.768000	0.572000	192.000000	0.000000	0.000000	0.000000	0.000000	0.000000	0.000000	0.000000	0.000000	0.000000	1733433151.076373	0.000000
7.000000	89098.635506	20849.059027	187500.000000	187500.000000	87288.926517	103044.179445	112327.417711	134346.992892	-0.042000	0.768000	0.572000	192.000000	0.000000	0.000000	0.000000	0.000000	0.000000	0.000000	0.000000	0.000000	0.000000	1733433151.081268	0.000000
8.000000	89102.010620	20845.974487	187500.000000	187500.000000	87303.008116	103046.548730	112337.028961	134346.590560	-0.042000	0.768000	0.572000	192.000000	0.000000	0.000000	0.000000	0.000000	0.000000	0.000000	0.000000	0.000000	0.000000	1733433151.085400	0.000000
9.000000	89100.021315	20839.067798	187500.000000	187500.000000	87295.050895	103036.982183	112330.971638	134353.944284	-0.042000	0.768000	0.572000	192.000000	0.000000	0.000000	0.000000	0.000000	0.000000	0.000000	0.000000	0.000000	0.000000	1733433151.088310	0.000000
10.000000	89091.639410	20830.015341	187500.000000	187500.000000	87283.897374	103030.030791	112326.344827	134346.322339	-0.042000	0.768000	0.572000	192.000000	0.000000	0.000000	0.000000	0.000000	0.000000	0.000000	0.000000	0.000000	0.000000	1733433151.092155	0.000000
11.000000	89096.869719	20836.318533	187500.000000	187500.000000	87278.488252	103035.372857	112327.820042	134365.991874	-0.042000	0.768000	0.572000	192.000000	0.000000	0.000000	0.000000	0.000000	0.000000	0.000000	0.000000	0.000000	0.000000	1733433151.096157	0.000000
12.000000	89092.578184	20830.708245	187500.000000	187500.000000	87279.561136	103036.646907	112325.026074	134342.813115	-0.042000	0.768000	0.572000	192.000000	0.000000	0.000000	0.000000	0.000000	0.000000	0.000000	0.000000	0.000000	0.000000	1733433151.100157	0.000000
13.000000	89082.430492	20824.852088	187500.000000	187500.000000	87275.180194	103027.885023	112316.979446	134322.718897	-0.042000	0.768000	0.572000	192.000000	0.000000	0.000000	0.000000	0.000000	0.000000	0.000000	0.000000	0.000000	0.000000	1733433151.105147	0.000000
14.000000	89085.559736	20832.362274	187500.000000	187500.000000	87282.064531	103026.208642	112318.186440	134332.933644	-0.036000	0.776000	0.568000	192.000000	254.000000	224.000000	24.000000	64.000000	17.000000	192.000000	0.000000	0.000000	0.000000	1733433151.109446	0.000000
15.000000	89090.879451	20840.990048	187500.000000	187500.000000	87285.104368	103033.070628	112313.872554	134348.892790	-0.036000	0.776000	0.568000	192.000000	0.000000	0.000000	0.000000	0.000000	0.000000	0.000000	0.000000	0.000000	0.000000	1733433151.113453	0.000000
16.000000	89098.166120	20843.918126	187500.000000	187500.000000	87287.898336	103040.558462	112323.170879	134351.954979	-0.036000	0.776000	0.568000	192.000000	0.000000	0.000000	0.000000	0.000000	0.000000	0.000000	0.000000	0.000000	0.000000	1733433151.116299	0.000000
17.000000	89100.535405	20847.963792	187500.000000	187500.000000	87291.027581	103041.899567	112329.116443	134329.916159	-0.036000	0.776000	0.568000	192.000000	0.000000	0.000000	0.000000	0.000000	0.000000	0.000000	0.000000	0.000000	0.000000	1733433151.120248	0.000000
18.000000	89092.444073	20836.609106	187500.000000	187500.000000	87293.530976	103049.566215	112329.295257	134332.799534	-0.036000	0.776000	0.568000	192.000000	0.000000	0.000000	0.000000	0.000000	0.000000	0.000000	0.000000	0.000000	0.000000	1733433151.124389	0.000000
19.000000	89086.744378	20840.051274	187500.000000	187500.000000	87293.374514	103054.707116	112330.837528	134334.185342	-0.036000	0.776000	0.568000	192.000000	0.000000	0.000000	0.000000	0.000000	0.000000	0.000000	0.000000	0.000000	0.000000	1733433151.128325	0.000000
20.000000	89087.102006	20838.553707	187500.000000	187500.000000	87289.328848	103045.252329	112327.037731	134334.028880	-0.036000	0.776000	0.568000	192.000000	0.000000	0.000000	0.000000	0.000000	0.000000	0.000000	0.000000	0.000000	0.000000	1733433151.132186	0.000000
21.000000	89088.331352	20833.345751	187500.000000	187500.000000	87288.054799	103048.247462	112327.641228	134342.164915	-0.036000	0.776000	0.568000	192.000000	0.000000	0.000000	0.000000	0.000000	0.000000	0.000000	0.000000	0.000000	0.000000	1733433151.137220	0.000000
22.000000	89083.816300	20832.116405	187500.000000	187500.000000	87284.277354	103048.716849	112322.790900	134357.654674	-0.036000	0.776000	0.568000	192.000000	0.000000	0.000000	0.000000	0.000000	0.000000	0.000000	0.000000	0.000000	0.000000	1733433151.141220	0.000000
23.000000	89072.841593	20824.136832	187500.000000	187500.000000	87274.241421	103043.039506	112316.733577	134344.623607	-0.036000	0.776000	0.568000	192.000000	0.000000	0.000000	0.000000	0.000000	0.000000	0.000000	0.000000	0.000000	0.000000	1733433151.144257	0.000000
24.000000	89074.808547	20826.506117	187500.000000	187500.000000	87278.041217	103052.091962	112326.478937	134344.020110	-0.044000	0.772000	0.566000	192.000000	254.000000	160.000000	24.000000	32.000000	17.000000	176.000000	0.000000	0.000000	0.000000	1733433151.148306	0.000000
25.000000	89076.842556	20828.718940	187500.000000	187500.000000	87278.622362	103046.481674	112323.953190	134326.742211	-0.044000	0.772000	0.566000	192.000000	0.000000	0.000000	0.000000	0.000000	0.000000	0.000000	0.000000	0.000000	0.000000	1733433151.152484	0.000000
26.000000	89069.980570	20827.221373	187500.000000	187500.000000	87268.429967	103042.100733	112316.644170	134319.455542	-0.044000	0.772000	0.566000	192.000000	0.000000	0.000000	0.000000	0.000000	0.000000	0.000000	0.000000	0.000000	0.000000	1733433151.156479	0.000000
27.000000	89076.551983	20830.797652	187500.000000	187500.000000	87265.144261	103048.470980	112317.292370	134313.040592	-0.044000	0.772000	0.566000	192.000000	0.000000	0.000000	0.000000	0.000000	0.000000	0.000000	0.000000	0.000000	0.000000	1733433151.160283	0.000000
28.000000	89079.658875	20826.707283	187500.000000	187500.000000	87258.774013	103053.209550	112318.968751	134322.830656	-0.044000	0.772000	0.566000	192.000000	0.000000	0.000000	0.000000	0.000000	0.000000	0.000000	0.000000	0.000000	0.000000	1733433151.165229	0.000000
29.000000	89079.077730	20825.030902	187500.000000	187500.000000	87255.823583	103066.486486	112325.249591	134313.957013	-0.044000	0.772000	0.566000	192.000000	0.000000	0.000000	0.000000	0.000000	0.000000	0.000000	0.000000	0.000000	0.000000	1733433151.169289	0.000000
30.000000	89079.435358	20814.860858	187500.000000	187500.000000	87257.477612	103064.966567	112326.747158	134306.804455	-0.044000	0.772000	0.566000	192.000000	0.000000	0.000000	0.000000	0.000000	0.000000	0.000000	0.000000	0.000000	0.000000	1733433151.172276	0.000000
31.000000	89078.876564	20811.016358	187500.000000	187500.000000	87256.069452	103053.969509	112326.344827	134318.941452	-0.044000	0.772000	0.566000	192.000000	0.000000	0.000000	0.000000	0.000000	0.000000	0.000000	0.000000	0.000000	0.000000	1733433151.176441	0.000000
32.000000	89078.876564	20818.168916	187500.000000	187500.000000	87259.265752	103053.611881	112329.719940	134325.691679	-0.044000	0.772000	0.566000	192.000000	0.000000	0.000000	0.000000	0.000000	0.000000	0.000000	0.000000	0.000000	0.000000	1733433151.180286	0.000000
33.000000	89082.609306	20827.109614	187500.000000	187500.000000	87262.752624	103059.021003	112340.225260	134326.921025	-0.044000	0.772000	0.566000	192.000000	0.000000	0.000000	0.000000	0.000000	0.000000	0.000000	0.000000	0.000000	0.000000	1733433151.184572	0.000000
34.000000	89081.178794	20819.532373	187500.000000	187500.000000	87259.064586	103052.851922	112336.313705	134342.366081	-0.042000	0.778000	0.572000	192.000000	254.000000	176.000000	24.000000	80.000000	17.000000	224.000000	0.000000	0.000000	0.000000	1733433151.188426	0.000000
35.000000	89077.691922	20815.978446	187500.000000	187500.000000	87256.427080	103050.907320	112335.330228	134332.374851	-0.042000	0.778000	0.572000	192.000000	0.000000	0.000000	0.000000	0.000000	0.000000	0.000000	0.000000	0.000000	0.000000	1733433151.193576	0.000000
36.000000	89071.008750	20811.329283	187500.000000	187500.000000	87246.368795	103040.759628	112326.255420	134309.732534	-0.042000	0.778000	0.572000	192.000000	0.000000	0.000000	0.000000	0.000000	0.000000	0.000000	0.000000	0.000000	0.000000	1733433151.197603	0.000000
37.000000	89074.205050	20818.772414	187500.000000	187500.000000	87245.966464	103038.546805	112328.267077	134318.762638	-0.042000	0.778000	0.572000	192.000000	0.000000	0.000000	0.000000	0.000000	0.000000	0.000000	0.000000	0.000000	0.000000	1733433151.200503	0.000000
38.000000	89073.221573	20826.707283	187500.000000	187500.000000	87251.532048	103038.412695	112327.909449	134324.015298	-0.042000	0.778000	0.572000	192.000000	0.000000	0.000000	0.000000	0.000000	0.000000	0.000000	0.000000	0.000000	0.000000	1733433151.204279	0.000000
39.000000	89061.822183	20812.737443	187500.000000	187500.000000	87250.973255	103030.030791	112318.678179	134305.731571	-0.042000	0.778000	0.572000	192.000000	0.000000	0.000000	0.000000	0.000000	0.000000	0.000000	0.000000	0.000000	0.000000	1733433151.208355	0.000000
40.000000	89063.051529	20809.697605	187500.000000	187500.000000	87252.895505	103027.840320	112319.639304	134306.223310	-0.042000	0.778000	0.572000	192.000000	0.000000	0.000000	0.000000	0.000000	0.000000	0.000000	0.000000	0.000000	0.000000	1733433151.212278	0.000000
41.000000	89070.941695	20824.874440	187500.000000	187500.000000	87251.062662	103028.421465	112319.102862	134315.678098	-0.042000	0.778000	0.572000	192.000000	0.000000	0.000000	0.000000	0.000000	0.000000	0.000000	0.000000	0.000000	0.000000	1733433151.216324	0.000000
42.000000	89071.545192	20823.756853	187500.000000	187500.000000	87247.665196	103022.185328	112306.988216	134327.457467	-0.042000	0.778000	0.572000	192.000000	0.000000	0.000000	0.000000	0.000000	0.000000	0.000000	0.000000	0.000000	0.000000	1733433151.221344	0.000000
43.000000	89072.439262	20821.499326	187500.000000	187500.000000	87254.460127	103017.200889	112310.296274	134324.350575	-0.042000	0.778000	0.572000	192.000000	0.000000	0.000000	0.000000	0.000000	0.000000	0.000000	0.000000	0.000000	0.000000	1733433151.224670	0.000000
44.000000	89069.399425	20819.219448	187500.000000	187500.000000	87249.587446	103013.646962	112314.341940	134323.367098	-0.042000	0.778000	0.572000	192.000000	0.000000	0.000000	0.000000	0.000000	0.000000	0.000000	0.000000	0.000000	0.000000	1733433151.227452	0.000000
45.000000	89059.966989	20805.204905	187500.000000	187500.000000	87243.239551	103006.248534	112304.954208	134297.394371	-0.044000	0.780000	0.582000	192.000000	254.000000	160.000000	24.000000	96.000000	18.000000	48.000000	0.000000	0.000000	0.000000	1733433151.232481	0.000000
46.000000	89049.752241	20799.192285	187500.000000	187500.000000	87240.803211	103001.375854	112309.893943	134291.493510	-0.044000	0.780000	0.582000	192.000000	0.000000	0.000000	0.000000	0.000000	0.000000	0.000000	0.000000	0.000000	0.000000	1733433151.236972	0.000000
47.000000	89058.044739	20804.914332	187500.000000	187500.000000	87249.073356	103007.790805	112316.934743	134293.773388	-0.044000	0.780000	0.582000	192.000000	0.000000	0.000000	0.000000	0.000000	0.000000	0.000000	0.000000	0.000000	0.000000	1733433151.240399	0.000000
48.000000	89055.384881	20806.769527	187500.000000	187500.000000	87250.213295	103003.946305	112311.682083	134297.573185	-0.044000	0.780000	0.582000	192.000000	0.000000	0.000000	0.000000	0.000000	0.000000	0.000000	0.000000	0.000000	0.000000	1733433151.244528	0.000000
49.000000	89047.651177	20799.929893	187500.000000	187500.000000	87247.888714	103003.879250	112307.435251	134292.879318	-0.044000	0.780000	0.582000	192.000000	0.000000	0.000000	0.000000	0.000000	0.000000	0.000000	0.000000	0.000000	0.000000	1733433151.248471	0.000000
50.000000	89039.358680	20794.252550	187500.000000	187500.000000	87241.473763	102995.340883	112301.623798	134308.570243	-0.044000	0.780000	0.582000	192.000000	0.000000	0.000000	0.000000	0.000000	0.000000	0.000000	0.000000	0.000000	0.000000	1733433151.252400	0.000000
51.000000	89035.022442	20801.986253	187500.000000	187500.000000	87237.361042	102991.496383	112298.069870	134319.924929	-0.044000	0.780000	0.582000	192.000000	0.000000	0.000000	0.000000	0.000000	0.000000	0.000000	0.000000	0.000000	0.000000	1733433151.256511	0.000000
52.000000	89028.652195	20809.161163	187500.000000	187500.000000	87224.374679	102985.729633	112279.629681	134283.871565	-0.044000	0.780000	0.582000	192.000000	0.000000	0.000000	0.000000	0.000000	0.000000	0.000000	0.000000	0.000000	0.000000	1733433151.260659	0.000000
53.000000	89024.092439	20783.233140	187500.000000	187500.000000	87211.410667	102977.280674	112276.187512	134279.580030	-0.044000	0.780000	0.582000	192.000000	0.000000	0.000000	0.000000	0.000000	0.000000	0.000000	0.000000	0.000000	0.000000	1733433151.264654	0.000000
54.000000	89026.014689	20783.903692	187500.000000	187500.000000	87218.183245	102983.494459	112288.369213	134287.201975	-0.044000	0.780000	0.582000	192.000000	0.000000	0.000000	0.000000	0.000000	0.000000	0.000000	0.000000	0.000000	0.000000	1733433151.268701	0.000000
55.000000	89018.862131	20789.670442	187500.000000	187500.000000	87220.977213	102987.763642	112292.236065	134272.315713	-0.052000	0.776000	0.580000	192.000000	254.000000	96.000000	24.000000	64.000000	18.000000	32.000000	0.000000	0.000000	0.000000	1733433151.272628	0.000000
56.000000	89007.529796	20774.627718	187500.000000	187500.000000	87219.881978	102977.638302	112286.469315	134260.022254	-0.052000	0.776000	0.580000	192.000000	0.000000	0.000000	0.000000	0.000000	0.000000	0.000000	0.000000	0.000000	0.000000	1733433151.276436	0.000000
57.000000	89008.066238	20771.319660	187500.000000	187500.000000	87218.429115	102980.208752	112286.134039	134260.402234	-0.052000	0.776000	0.580000	192.000000	0.000000	0.000000	0.000000	0.000000	0.000000	0.000000	0.000000	0.000000	0.000000	1733433151.280418	0.000000
58.000000	89013.497712	20777.064058	187500.000000	187500.000000	87223.637071	102994.692683	112293.733632	134279.043589	-0.052000	0.776000	0.580000	192.000000	0.000000	0.000000	0.000000	0.000000	0.000000	0.000000	0.000000	0.000000	0.000000	1733433151.283466	0.000000
59.000000	89009.697915	20772.101971	187500.000000	187500.000000	87224.017051	102995.787918	112290.559684	134280.742321	-0.052000	0.776000	0.580000	192.000000	0.000000	0.000000	0.000000	0.000000	0.000000	0.000000	0.000000	0.000000	0.000000	1733433151.288442	0.000000
60.000000	89017.409267	20780.282710	187500.000000	187500.000000	87232.756583	102999.230087	112297.131097	134278.015408	-0.052000	0.776000	0.580000	192.000000	0.000000	0.000000	0.000000	0.000000	0.000000	0.000000	0.000000	0.000000	0.000000	1733433151.292446	0.000000
61.000000	89019.152703	20779.478047	187500.000000	187500.000000	87231.795458	102984.410880	112292.504286	134266.280742	-0.052000	0.776000	0.580000	192.000000	0.000000	0.000000	0.000000	0.000000	0.000000	0.000000	0.000000	0.000000	0.000000	1733433151.296692	0.000000
62.000000	89012.447180	20771.677288	187500.000000	187500.000000	87230.700222	102979.068813	112289.866780	134270.080539	-0.052000	0.776000	0.580000	192.000000	0.000000	0.000000	0.000000	0.000000	0.000000	0.000000	0.000000	0.000000	0.000000	1733433151.300608	0.000000
63.000000	89003.931165	20765.128227	187500.000000	187500.000000	87223.234740	102980.208752	112283.004794	134284.117435	-0.052000	0.776000	0.580000	192.000000	0.000000	0.000000	0.000000	0.000000	0.000000	0.000000	0.000000	0.000000	0.000000	1733433151.304721	0.000000
64.000000	89005.831063	20776.929948	187500.000000	187500.000000	87219.479647	102987.271903	112274.153504	134288.654839	-0.052000	0.776000	0.580000	192.000000	0.000000	0.000000	0.000000	0.000000	0.000000	0.000000	0.000000	0.000000	0.000000	1733433151.308558	0.000000
65.000000	89009.362639	20780.327413	187500.000000	187500.000000	87219.457295	102994.960904	112281.551931	134280.094121	-0.048000	0.770000	0.580000	192.000000	254.000000	128.000000	24.000000	16.000000	18.000000	32.000000	0.000000	0.000000	0.000000	1733433151.311509	0.000000
66.000000	89009.429694	20772.169026	187500.000000	187500.000000	87226.632205	102996.234953	112298.203981	134253.227324	-0.048000	0.770000	0.580000	192.000000	0.000000	0.000000	0.000000	0.000000	0.000000	0.000000	0.000000	0.000000	0.000000	1733433151.315495	0.000000
67.000000	89000.645459	20767.430457	187500.000000	187500.000000	87216.573920	102979.091165	112294.739460	134254.836649	-0.048000	0.770000	0.580000	192.000000	0.000000	0.000000	0.000000	0.000000	0.000000	0.000000	0.000000	0.000000	0.000000	1733433151.320467	0.000000
68.000000	88988.307296	20762.982459	187500.000000	187500.000000	87202.291155	102958.527560	112280.546103	134246.901780	-0.048000	0.770000	0.580000	192.000000	0.000000	0.000000	0.000000	0.000000	0.000000	0.000000	0.000000	0.000000	0.000000	1733433151.324514	0.000000
69.000000	89001.986563	20774.560663	187500.000000	187500.000000	87208.728458	102965.344842	112288.860952	134252.713234	-0.048000	0.770000	0.580000	192.000000	0.000000	0.000000	0.000000	0.000000	0.000000	0.000000	0.000000	0.000000	0.000000	1733433151.328503	0.000000
70.000000	88994.677543	20761.283727	187500.000000	187500.000000	87204.839254	102961.254473	112284.614120	134245.337158	-0.048000	0.770000	0.580000	192.000000	0.000000	0.000000	0.000000	0.000000	0.000000	0.000000	0.000000	0.000000	0.000000	1733433151.332735	0.000000
71.000000	88995.951592	20765.955241	187500.000000	187500.000000	87210.449542	102972.787973	112288.972710	134256.580085	-0.048000	0.770000	0.580000	192.000000	0.000000	0.000000	0.000000	0.000000	0.000000	0.000000	0.000000	0.000000	0.000000	1733433151.335535	0.000000
72.000000	89006.836892	20781.892035	187500.000000	187500.000000	87218.965556	102978.353557	112296.862876	134263.285609	-0.048000	0.770000	0.580000	192.000000	0.000000	0.000000	0.000000	0.000000	0.000000	0.000000	0.000000	0.000000	0.000000	1733433151.339648	0.000000
73.000000	89007.708610	20778.181646	187500.000000	187500.000000	87214.517559	102967.870589	112291.163181	134263.442071	-0.048000	0.770000	0.580000	192.000000	0.000000	0.000000	0.000000	0.000000	0.000000	0.000000	0.000000	0.000000	0.000000	1733433151.343809	0.000000
74.000000	89004.735828	20775.030050	187500.000000	187500.000000	87203.676963	102961.254473	112286.066983	134265.297266	-0.048000	0.770000	0.580000	192.000000	0.000000	0.000000	0.000000	0.000000	0.000000	0.000000	0.000000	0.000000	0.000000	1733433151.348692	0.000000
75.000000	89000.086665	20766.692849	187500.000000	187500.000000	87202.939356	102953.565473	112276.075754	134256.468327	-0.038000	0.774000	0.576000	192.000000	254.000000	208.000000	24.000000	48.000000	18.000000	0.000000	0.000000	0.000000	0.000000	1733433151.352553	0.000000
76.000000	88989.424883	20752.655953	187500.000000	187500.000000	87207.923795	102955.331261	112276.165161	134235.860018	-0.038000	0.774000	0.576000	192.000000	0.000000	0.000000	0.000000	0.000000	0.000000	0.000000	0.000000	0.000000	0.000000	1733433151.356578	0.000000
77.000000	88983.166395	20750.621945	187500.000000	187500.000000	87204.839254	102956.627662	112276.902768	134244.331329	-0.038000	0.774000	0.576000	192.000000	0.000000	0.000000	0.000000	0.000000	0.000000	0.000000	0.000000	0.000000	0.000000	1733433151.359747	0.000000
78.000000	88989.782511	20759.361477	187500.000000	187500.000000	87207.856740	102960.270996	112279.070887	134258.234114	-0.038000	0.774000	0.576000	192.000000	0.000000	0.000000	0.000000	0.000000	0.000000	0.000000	0.000000	0.000000	0.000000	1733433151.363547	0.000000
79.000000	88992.241203	20763.273032	187500.000000	187500.000000	87208.728458	102967.356499	112286.692832	134266.660722	-0.038000	0.774000	0.576000	192.000000	0.000000	0.000000	0.000000	0.000000	0.000000	0.000000	0.000000	0.000000	0.000000	1733433151.367602	0.000000
80.000000	88987.167357	20758.914442	187500.000000	187500.000000	87198.759580	102968.831714	112284.055326	134240.196257	-0.038000	0.774000	0.576000	192.000000	0.000000	0.000000	0.000000	0.000000	0.000000	0.000000	0.000000	0.000000	0.000000	1733433151.371830	0.000000
81.000000	88981.869993	20753.326506	187500.000000	187500.000000	87194.691562	102960.539217	112276.969823	134232.328443	-0.038000	0.774000	0.576000	192.000000	0.000000	0.000000	0.000000	0.000000	0.000000	0.000000	0.000000	0.000000	0.000000	1733433151.376911	0.000000
82.000000	88986.943839	20759.674401	187500.000000	187500.000000	87201.084161	102965.568360	112285.575245	134249.628693	-0.038000	0.774000	0.576000	192.000000	0.000000	0.000000	0.000000	0.000000	0.000000	0.000000	0.000000	0.000000	0.000000	1733433151.380732	0.000000
83.000000	88983.009932	20754.287631	187500.000000	187500.000000	87201.151216	102969.301101	112286.066983	134242.364376	-0.038000	0.774000	0.576000	192.000000	0.000000	0.000000	0.000000	0.000000	0.000000	0.000000	0.000000	0.000000	0.000000	1733433151.384900	0.000000
84.000000	88989.357828	20757.975669	187500.000000	187500.000000	87212.774123	102973.123249	112295.566475	134249.651045	-0.038000	0.774000	0.576000	192.000000	0.000000	0.000000	0.000000	0.000000	0.000000	0.000000	0.000000	0.000000	0.000000	1733433151.387838	0.000000
85.000000	88990.967153	20760.188491	187500.000000	187500.000000	87217.445638	102957.052345	112292.817210	134253.450841	-0.040000	0.770000	0.574000	192.000000	254.000000	192.000000	24.000000	16.000000	17.000000	240.000000	0.000000	0.000000	0.000000	1733433151.391625	0.000000
86.000000	88992.442369	20758.936794	187500.000000	187500.000000	87221.178379	102955.040688	112296.259379	134244.085460	-0.040000	0.770000	0.574000	192.000000	0.000000	0.000000	0.000000	0.000000	0.000000	0.000000	0.000000	0.000000	0.000000	1733433151.395569	0.000000
87.000000	88987.301467	20751.672477	187500.000000	187500.000000	87222.497132	102957.611139	112295.901751	134251.975626	-0.040000	0.770000	0.574000	192.000000	0.000000	0.000000	0.000000	0.000000	0.000000	0.000000	0.000000	0.000000	0.000000	1733433151.399622	0.000000
88.000000	88983.613430	20742.865889	187500.000000	187500.000000	87216.372754	102953.409011	112282.669518	134263.598533	-0.040000	0.770000	0.574000	192.000000	0.000000	0.000000	0.000000	0.000000	0.000000	0.000000	0.000000	0.000000	0.000000	1733433151.404614	0.000000
89.000000	88980.797110	20738.619058	187500.000000	187500.000000	87210.762466	102948.201054	112273.684117	134268.247696	-0.040000	0.770000	0.574000	192.000000	0.000000	0.000000	0.000000	0.000000	0.000000	0.000000	0.000000	0.000000	0.000000	1733433151.408682	0.000000
90.000000	88980.707703	20733.589915	187500.000000	187500.000000	87195.116245	102942.367249	112250.170082	134264.313789	-0.040000	0.770000	0.574000	192.000000	0.000000	0.000000	0.000000	0.000000	0.000000	0.000000	0.000000	0.000000	0.000000	1733433151.412914	0.000000
91.000000	88980.931220	20737.233250	187500.000000	187500.000000	87191.227042	102949.698621	112246.794968	134236.821143	-0.040000	0.770000	0.574000	192.000000	0.000000	0.000000	0.000000	0.000000	0.000000	0.000000	0.000000	0.000000	0.000000	1733433151.416008	0.000000
92.000000	88982.875822	20753.661782	187500.000000	187500.000000	87202.715838	102962.059136	112284.949396	134214.514102	-0.040000	0.770000	0.574000	192.000000	0.000000	0.000000	0.000000	0.000000	0.000000	0.000000	0.000000	0.000000	0.000000	1733433151.419964	0.000000
93.000000	88987.480281	20769.106837	187500.000000	187500.000000	87200.614774	102944.445961	112290.738498	134221.689012	-0.040000	0.770000	0.574000	192.000000	0.000000	0.000000	0.000000	0.000000	0.000000	0.000000	0.000000	0.000000	0.000000	1733433151.423729	0.000000
94.000000	88981.579421	20748.185605	187500.000000	187500.000000	87188.075446	102938.008659	112280.724917	134220.459666	-0.040000	0.770000	0.574000	192.000000	0.000000	0.000000	0.000000	0.000000	0.000000	0.000000	0.000000	0.000000	0.000000	1733433151.427766	0.000000
95.000000	88968.526002	20717.697825	187500.000000	187500.000000	87180.766425	102941.942566	112275.963995	134229.646233	-0.038000	0.776000	0.580000	192.000000	254.000000	208.000000	24.000000	64.000000	18.000000	32.000000	0.000000	0.000000	0.000000	1733433151.431626	0.000000
96.000000	88960.188801	20716.177907	187500.000000	187500.000000	87174.440882	102949.877435	112274.332318	134238.877504	-0.038000	0.776000	0.580000	192.000000	0.000000	0.000000	0.000000	0.000000	0.000000	0.000000	0.000000	0.000000	0.000000	1733433151.436677	0.000000
97.000000	88960.993464	20713.048662	187500.000000	187500.000000	87172.630390	102942.009621	112273.058268	134262.369187	-0.038000	0.776000	0.580000	192.000000	0.000000	0.000000	0.000000	0.000000	0.000000	0.000000	0.000000	0.000000	0.000000	1733433151.440656	0.000000
98.000000	88969.040092	20712.422813	187500.000000	187500.000000	87177.883050	102936.846368	112270.152541	134223.946538	-0.038000	0.776000	0.580000	192.000000	0.000000	0.000000	0.000000	0.000000	0.000000	0.000000	0.000000	0.000000	0.000000	1733433151.443787	0.000000
99.000000	88972.996351	20718.211915	187500.000000	187500.000000	87180.274687	102945.563548	112271.985384	134212.681259	-0.038000	0.776000	0.580000	192.000000	0.000000	0.000000	0.000000	0.000000	0.000000	0.000000	0.000000	0.000000	0.000000	1733433151.447806	0.000000
100.000000	88969.956514	20712.467517	187500.000000	187500.000000	87176.966629	102944.647127	112271.940681	134223.231283	-0.038000	0.776000	0.580000	192.000000	0.000000	0.000000	0.000000	0.000000	0.000000	0.000000	0.000000	0.000000	0.000000	1733433151.451910	0.000000
101.000000	88972.661075	20716.133203	187500.000000	187500.000000	87174.351475	102949.989194	112270.241948	134229.199198	-0.038000	0.776000	0.580000	192.000000	0.000000	0.000000	0.000000	0.000000	0.000000	0.000000	0.000000	0.000000	0.000000	1733433151.455850	0.000000
102.000000	88970.403549	20719.351854	187500.000000	187500.000000	87166.148384	102945.362383	112260.273070	134226.606396	-0.038000	0.776000	0.580000	192.000000	0.000000	0.000000	0.000000	0.000000	0.000000	0.000000	0.000000	0.000000	0.000000	1733433151.459938	0.000000
103.000000	88972.862240	20725.543287	187500.000000	187500.000000	87162.281533	102942.434304	112259.468408	134206.981564	-0.038000	0.776000	0.580000	192.000000	0.000000	0.000000	0.000000	0.000000	0.000000	0.000000	0.000000	0.000000	0.000000	1733433151.464682	0.000000
104.000000	88971.767005	20723.486927	187500.000000	187500.000000	87168.025931	102946.099990	112267.515036	134214.424695	-0.038000	0.776000	0.580000	192.000000	0.000000	0.000000	0.000000	0.000000	0.000000	0.000000	0.000000	0.000000	0.000000	1733433151.468719	0.000000
105.000000	88972.705778	20729.074863	187500.000000	187500.000000	87172.116300	102956.068868	112267.537387	134221.241977	-0.038000	0.772000	0.576000	192.000000	254.000000	208.000000	24.000000	32.000000	18.000000	0.000000	0.000000	0.000000	0.000000	1733433151.471722	0.000000
106.000000	88969.464775	20719.754186	187500.000000	187500.000000	87170.886954	102952.872569	112270.778390	134216.570463	-0.038000	0.772000	0.576000	192.000000	0.000000	0.000000	0.000000	0.000000	0.000000	0.000000	0.000000	0.000000	0.000000	1733433151.476009	0.000000
107.000000	88965.843793	20715.708520	187500.000000	187500.000000	87166.640123	102952.358479	112276.075754	134218.492713	-0.038000	0.772000	0.576000	192.000000	0.000000	0.000000	0.000000	0.000000	0.000000	0.000000	0.000000	0.000000	0.000000	1733433151.479901	0.000000
108.000000	88969.531830	20721.676436	187500.000000	187500.000000	87164.829631	102950.436229	112276.679251	134230.585007	-0.038000	0.772000	0.576000	192.000000	0.000000	0.000000	0.000000	0.000000	0.000000	0.000000	0.000000	0.000000	0.000000	1733433151.484026	0.000000
109.000000	88970.850583	20718.748357	187500.000000	187500.000000	87165.790756	102952.716107	112275.673422	134219.140913	-0.038000	0.772000	0.576000	192.000000	0.000000	0.000000	0.000000	0.000000	0.000000	0.000000	0.000000	0.000000	0.000000	1733433151.487913	0.000000
110.000000	88964.480336	20715.663816	187500.000000	187500.000000	87161.655684	102944.758885	112262.463541	134211.384858	-0.038000	0.772000	0.576000	192.000000	0.000000	0.000000	0.000000	0.000000	0.000000	0.000000	0.000000	0.000000	0.000000	1733433151.493001	0.000000
111.000000	88954.399699	20708.667720	187500.000000	187500.000000	87151.932675	102933.314792	112249.074846	134221.577254	-0.038000	0.772000	0.576000	192.000000	0.000000	0.000000	0.000000	0.000000	0.000000	0.000000	0.000000	0.000000	0.000000	1733433151.495737	0.000000
112.000000	88956.947798	20717.094328	187500.000000	187500.000000	87160.225172	102947.195226	112262.709411	134217.419829	-0.038000	0.772000	0.576000	192.000000	0.000000	0.000000	0.000000	0.000000	0.000000	0.000000	0.000000	0.000000	0.000000	1733433151.499790	0.000000
113.000000	88960.077043	20717.183735	187500.000000	187500.000000	87171.356341	102962.796743	112266.017469	134211.094285	-0.038000	0.772000	0.576000	192.000000	0.000000	0.000000	0.000000	0.000000	0.000000	0.000000	0.000000	0.000000	0.000000	1733433151.503772	0.000000
114.000000	88964.614447	20720.223572	187500.000000	187500.000000	87174.195012	102951.710278	112264.497550	134233.289568	-0.038000	0.772000	0.576000	192.000000	0.000000	0.000000	0.000000	0.000000	0.000000	0.000000	0.000000	0.000000	0.000000	1733433151.507896	0.000000
115.000000	88969.017740	20719.508316	187500.000000	187500.000000	87178.151271	102948.849255	112263.335259	134223.521855	-0.038000	0.776000	0.582000	192.000000	254.000000	208.000000	24.000000	64.000000	18.000000	48.000000	0.000000	0.000000	0.000000	1733433151.511958	0.000000
116.000000	88976.103243	20722.056415	187500.000000	187500.000000	87180.207632	102953.587825	112261.971803	134222.963062	-0.038000	0.776000	0.582000	192.000000	0.000000	0.000000	0.000000	0.000000	0.000000	0.000000	0.000000	0.000000	0.000000	1733433151.515832	0.000000
117.000000	88975.231525	20726.705578	187500.000000	187500.000000	87179.850004	102955.845351	112264.519902	134221.800771	-0.038000	0.776000	0.582000	192.000000	0.000000	0.000000	0.000000	0.000000	0.000000	0.000000	0.000000	0.000000	0.000000	1733433151.520975	0.000000
118.000000	88967.788394	20721.028235	187500.000000	187500.000000	87178.821823	102948.536330	112265.592786	134225.734678	-0.038000	0.776000	0.582000	192.000000	0.000000	0.000000	0.000000	0.000000	0.000000	0.000000	0.000000	0.000000	0.000000	1733433151.523799	0.000000
119.000000	88960.479374	20717.742529	187500.000000	187500.000000	87174.418530	102948.536330	112260.921271	134215.877559	-0.038000	0.776000	0.582000	192.000000	0.000000	0.000000	0.000000	0.000000	0.000000	0.000000	0.000000	0.000000	0.000000	1733433151.528111	0.000000
120.000000	88965.217944	20717.742529	187500.000000	187500.000000	87169.657608	102944.401258	112256.942660	134225.198236	-0.038000	0.776000	0.582000	192.000000	0.000000	0.000000	0.000000	0.000000	0.000000	0.000000	0.000000	0.000000	0.000000	1733433151.531777	0.000000
121.000000	88956.567819	20705.717290	187500.000000	187500.000000	87164.851983	102948.737496	112255.087466	134220.526722	-0.038000	0.776000	0.582000	192.000000	0.000000	0.000000	0.000000	0.000000	0.000000	0.000000	0.000000	0.000000	0.000000	1733433151.535787	0.000000
122.000000	88938.552313	20682.940863	187500.000000	187500.000000	87155.888934	102942.635470	112242.570489	134197.593832	-0.038000	0.776000	0.582000	192.000000	0.000000	0.000000	0.000000	0.000000	0.000000	0.000000	0.000000	0.000000	0.000000	1733433151.539798	0.000000
123.000000	88941.145115	20686.830066	187500.000000	187500.000000	87152.089137	102926.944545	112239.910631	134196.118617	-0.038000	0.776000	0.582000	192.000000	0.000000	0.000000	0.000000	0.000000	0.000000	0.000000	0.000000	0.000000	0.000000	1733433151.543822	0.000000
124.000000	88940.698080	20683.343194	187500.000000	187500.000000	87151.597399	102940.601461	112249.633640	134205.528701	-0.038000	0.776000	0.582000	192.000000	0.000000	0.000000	0.000000	0.000000	0.000000	0.000000	0.000000	0.000000	0.000000	1733433151.548928	0.000000
125.000000	88946.129554	20691.769802	187500.000000	187500.000000	87161.365111	102947.888130	112261.748286	134221.085515	-0.030000	0.770000	0.580000	192.000000	255.000000	16.000000	24.000000	16.000000	18.000000	32.000000	0.000000	0.000000	0.000000	1733433151.551963	0.000000
126.000000	88956.210191	20711.484040	187500.000000	187500.000000	87171.378693	102949.966842	112256.674440	134214.737620	-0.030000	0.770000	0.580000	192.000000	0.000000	0.000000	0.000000	0.000000	0.000000	0.000000	0.000000	0.000000	0.000000	1733433151.556082	0.000000
127.000000	88957.998330	20704.085613	187500.000000	187500.000000	87170.350512	102952.090258	112261.010678	134219.722059	-0.030000	0.770000	0.580000	192.000000	0.000000	0.000000	0.000000	0.000000	0.000000	0.000000	0.000000	0.000000	0.000000	1733433151.560094	0.000000
128.000000	88954.332644	20696.664834	187500.000000	187500.000000	87169.568201	102963.981386	112267.760905	134220.638480	-0.030000	0.770000	0.580000	192.000000	0.000000	0.000000	0.000000	0.000000	0.000000	0.000000	0.000000	0.000000	0.000000	1733433151.563893	0.000000
129.000000	88936.942987	20674.514255	187500.000000	187500.000000	87154.324312	102952.090258	112253.411085	134207.853282	-0.030000	0.770000	0.580000	192.000000	0.000000	0.000000	0.000000	0.000000	0.000000	0.000000	0.000000	0.000000	0.000000	1733433151.567849	0.000000
130.000000	88931.802086	20667.205234	187500.000000	187500.000000	87151.575047	102954.258377	112261.792989	134196.856224	-0.030000	0.770000	0.580000	192.000000	0.000000	0.000000	0.000000	0.000000	0.000000	0.000000	0.000000	0.000000	0.000000	1733433151.571898	0.000000
131.000000	88942.307406	20678.738735	187500.000000	187500.000000	87159.018178	102944.602423	112270.085486	134222.024288	-0.030000	0.770000	0.580000	192.000000	0.000000	0.000000	0.000000	0.000000	0.000000	0.000000	0.000000	0.000000	0.000000	1733433151.577035	0.000000
132.000000	88943.559103	20689.869903	187500.000000	187500.000000	87163.063844	102945.049458	112268.945547	134211.496617	-0.030000	0.770000	0.580000	192.000000	0.000000	0.000000	0.000000	0.000000	0.000000	0.000000	0.000000	0.000000	0.000000	1733433151.579893	0.000000
133.000000	88942.486220	20693.669700	187500.000000	187500.000000	87173.725626	102962.550874	112271.739515	134194.263422	-0.030000	0.770000	0.580000	192.000000	0.000000	0.000000	0.000000	0.000000	0.000000	0.000000	0.000000	0.000000	0.000000	1733433151.582902	0.000000
134.000000	88935.266606	20689.400517	187500.000000	187500.000000	87171.490451	102961.455639	112264.162274	134190.240108	-0.030000	0.770000	0.580000	192.000000	0.000000	0.000000	0.000000	0.000000	0.000000	0.000000	0.000000	0.000000	0.000000	1733433151.588054	0.000000
135.000000	88933.187894	20674.871883	187500.000000	187500.000000	87172.272762	102949.788028	112258.395524	134188.563727	-0.036000	0.772000	0.570000	192.000000	254.000000	224.000000	24.000000	32.000000	17.000000	208.000000	0.000000	0.000000	0.000000	1733433151.592155	0.000000
136.000000	88936.853580	20673.106095	187500.000000	187500.000000	87174.105605	102953.498418	112255.981535	134192.363524	-0.036000	0.772000	0.570000	192.000000	0.000000	0.000000	0.000000	0.000000	0.000000	0.000000	0.000000	0.000000	0.000000	1733433151.596041	0.000000
137.000000	88937.390022	20680.683336	187500.000000	187500.000000	87171.468100	102952.336127	112256.361515	134211.161341	-0.036000	0.772000	0.570000	192.000000	0.000000	0.000000	0.000000	0.000000	0.000000	0.000000	0.000000	0.000000	0.000000	1733433151.600074	0.000000
138.000000	88934.551350	20676.280043	187500.000000	187500.000000	87169.568201	102942.031973	112251.421780	134203.248823	-0.036000	0.772000	0.570000	192.000000	0.000000	0.000000	0.000000	0.000000	0.000000	0.000000	0.000000	0.000000	0.000000	1733433151.603908	0.000000
139.000000	88930.684499	20674.313089	187500.000000	187500.000000	87169.434091	102934.454731	112247.733742	134219.856169	-0.036000	0.772000	0.570000	192.000000	0.000000	0.000000	0.000000	0.000000	0.000000	0.000000	0.000000	0.000000	0.000000	1733433151.606905	0.000000
140.000000	88923.263719	20660.812636	187500.000000	187500.000000	87170.529326	102935.997002	112243.688076	134198.599660	-0.036000	0.772000	0.570000	192.000000	0.000000	0.000000	0.000000	0.000000	0.000000	0.000000	0.000000	0.000000	0.000000	1733433151.610962	0.000000
141.000000	88927.398792	20668.948671	187500.000000	187500.000000	87179.201803	102934.745304	112241.631715	134171.844622	-0.036000	0.772000	0.570000	192.000000	0.000000	0.000000	0.000000	0.000000	0.000000	0.000000	0.000000	0.000000	0.000000	1733433151.615979	0.000000
142.000000	88927.063516	20668.054601	187500.000000	187500.000000	87173.747977	102927.749208	112237.094311	134172.738692	-0.036000	0.772000	0.570000	192.000000	0.000000	0.000000	0.000000	0.000000	0.000000	0.000000	0.000000	0.000000	0.000000	1733433151.620128	0.000000
143.000000	88927.287033	20670.870921	187500.000000	187500.000000	87172.429225	102927.503339	112239.195375	134185.814462	-0.036000	0.772000	0.570000	192.000000	0.000000	0.000000	0.000000	0.000000	0.000000	0.000000	0.000000	0.000000	0.000000	1733433151.624035	0.000000
144.000000	88920.693269	20671.295604	187500.000000	187500.000000	87167.064806	102921.043685	112233.406274	134189.435445	-0.036000	0.772000	0.570000	192.000000	0.000000	0.000000	0.000000	0.000000	0.000000	0.000000	0.000000	0.000000	0.000000	1733433151.628098	0.000000
145.000000	88924.336603	20675.385973	187500.000000	187500.000000	87162.683864	102927.413932	112230.433492	134188.362561	-0.040000	0.778000	0.570000	192.000000	254.000000	192.000000	24.000000	80.000000	17.000000	208.000000	0.000000	0.000000	0.000000	1733433151.632199	0.000000
146.000000	88920.693269	20671.742639	187500.000000	187500.000000	87160.403986	102929.582051	112229.964105	134181.142948	-0.040000	0.778000	0.570000	192.000000	0.000000	0.000000	0.000000	0.000000	0.000000	0.000000	0.000000	0.000000	0.000000	1733433151.636134	0.000000
147.000000	88917.340507	20672.413191	187500.000000	187500.000000	87169.434091	102934.834711	112242.056399	134180.315933	-0.040000	0.778000	0.570000	192.000000	0.000000	0.000000	0.000000	0.000000	0.000000	0.000000	0.000000	0.000000	0.000000	1733433151.638961	0.000000
148.000000	88923.509589	20674.514255	187500.000000	187500.000000	87178.263030	102930.252603	112249.521881	134184.696875	-0.040000	0.778000	0.570000	192.000000	0.000000	0.000000	0.000000	0.000000	0.000000	0.000000	0.000000	0.000000	0.000000	1733433151.644195	0.000000
149.000000	88914.814760	20665.506502	187500.000000	187500.000000	87166.953047	102916.103949	112240.022390	134164.982637	-0.040000	0.778000	0.570000	192.000000	0.000000	0.000000	0.000000	0.000000	0.000000	0.000000	0.000000	0.000000	0.000000	1733433151.647973	0.000000
150.000000	88906.969298	20658.465702	187500.000000	187500.000000	87153.318483	102909.197260	112235.887317	134180.539451	-0.040000	0.778000	0.570000	192.000000	0.000000	0.000000	0.000000	0.000000	0.000000	0.000000	0.000000	0.000000	0.000000	1733433151.652020	0.000000
151.000000	88908.377458	20658.778627	187500.000000	187500.000000	87149.138707	102907.610286	112234.792082	134184.607468	-0.040000	0.778000	0.570000	192.000000	0.000000	0.000000	0.000000	0.000000	0.000000	0.000000	0.000000	0.000000	0.000000	1733433151.656012	0.000000
152.000000	88908.779789	20659.069199	187500.000000	187500.000000	87145.316559	102909.845461	112232.847480	134173.163375	-0.040000	0.778000	0.570000	192.000000	0.000000	0.000000	0.000000	0.000000	0.000000	0.000000	0.000000	0.000000	0.000000	1733433151.659091	0.000000
153.000000	88916.781714	20672.927281	187500.000000	187500.000000	87146.389442	102918.584993	112242.592841	134181.120596	-0.040000	0.778000	0.570000	192.000000	0.000000	0.000000	0.000000	0.000000	0.000000	0.000000	0.000000	0.000000	0.000000	1733433151.663033	0.000000
154.000000	88912.423123	20665.797075	187500.000000	187500.000000	87146.680015	102915.902783	112239.888279	134215.139951	-0.040000	0.778000	0.570000	192.000000	0.000000	0.000000	0.000000	0.000000	0.000000	0.000000	0.000000	0.000000	0.000000	1733433151.667190	0.000000
155.000000	88907.751609	20662.980755	187500.000000	187500.000000	87143.595474	102915.723969	112233.383922	134226.561693	-0.032000	0.774000	0.574000	192.000000	255.000000	0.000000	24.000000	48.000000	17.000000	240.000000	0.000000	0.000000	0.000000	1733433151.672045	0.000000
156.000000	88905.494083	20664.187749	187500.000000	187500.000000	87149.831611	102924.396446	112236.803739	134163.775642	-0.032000	0.774000	0.574000	192.000000	0.000000	0.000000	0.000000	0.000000	0.000000	0.000000	0.000000	0.000000	0.000000	1733433151.676061	0.000000
157.000000	88908.265699	20661.863168	187500.000000	187500.000000	87148.646968	102918.115606	112235.395579	134147.414165	-0.032000	0.774000	0.574000	192.000000	0.000000	0.000000	0.000000	0.000000	0.000000	0.000000	0.000000	0.000000	0.000000	1733433151.680075	0.000000
158.000000	88906.924594	20659.739752	187500.000000	187500.000000	87144.623654	102916.886260	112232.802776	134147.637683	-0.032000	0.774000	0.574000	192.000000	0.000000	0.000000	0.000000	0.000000	0.000000	0.000000	0.000000	0.000000	0.000000	1733433151.684048	0.000000
159.000000	88904.555309	20661.594947	187500.000000	187500.000000	87143.863695	102925.178757	112228.466538	134157.763023	-0.032000	0.774000	0.574000	192.000000	0.000000	0.000000	0.000000	0.000000	0.000000	0.000000	0.000000	0.000000	0.000000	1733433151.687089	0.000000
160.000000	88910.634984	20661.550243	187500.000000	187500.000000	87148.803431	102929.090313	112229.070035	134169.900020	-0.032000	0.774000	0.574000	192.000000	0.000000	0.000000	0.000000	0.000000	0.000000	0.000000	0.000000	0.000000	0.000000	1733433151.691089	0.000000
161.000000	88919.441571	20672.860226	187500.000000	187500.000000	87151.955027	102916.796853	112233.160404	134178.192518	-0.032000	0.774000	0.574000	192.000000	0.000000	0.000000	0.000000	0.000000	0.000000	0.000000	0.000000	0.000000	0.000000	1733433151.695110	0.000000
162.000000	88910.947908	20651.737827	187500.000000	187500.000000	87148.110527	102913.041760	112222.610381	134168.089529	-0.032000	0.774000	0.574000	192.000000	0.000000	0.000000	0.000000	0.000000	0.000000	0.000000	0.000000	0.000000	0.000000	1733433151.699255	0.000000
163.000000	88913.540711	20654.308278	187500.000000	187500.000000	87157.721777	102928.889147	112231.171099	134193.503462	-0.032000	0.774000	0.574000	192.000000	0.000000	0.000000	0.000000	0.000000	0.000000	0.000000	0.000000	0.000000	0.000000	1733433151.704219	0.000000
164.000000	88913.406600	20647.289830	187500.000000	187500.000000	87161.096890	102934.208862	112231.305210	134203.449989	-0.032000	0.774000	0.574000	192.000000	0.000000	0.000000	0.000000	0.000000	0.000000	0.000000	0.000000	0.000000	0.000000	1733433151.708291	0.000000
165.000000	88906.611670	20645.367580	187500.000000	187500.000000	87154.637236	102914.762844	112218.430605	134171.084663	-0.026000	0.772000	0.578000	192.000000	255.000000	48.000000	24.000000	32.000000	18.000000	16.000000	0.000000	0.000000	0.000000	1733433151.712459	0.000000
166.000000	88902.566004	20640.383141	187500.000000	187500.000000	87155.173678	102913.377036	112209.266390	134144.419032	-0.026000	0.772000	0.578000	192.000000	0.000000	0.000000	0.000000	0.000000	0.000000	0.000000	0.000000	0.000000	0.000000	1733433151.715365	0.000000
167.000000	88902.118969	20642.819481	187500.000000	187500.000000	87157.833535	102935.348801	112212.328579	134159.841735	-0.026000	0.772000	0.578000	192.000000	0.000000	0.000000	0.000000	0.000000	0.000000	0.000000	0.000000	0.000000	0.000000	1733433151.719203	0.000000
168.000000	88898.989725	20646.731037	187500.000000	187500.000000	87154.681939	102920.440188	112205.824221	134157.070119	-0.026000	0.772000	0.578000	192.000000	0.000000	0.000000	0.000000	0.000000	0.000000	0.000000	0.000000	0.000000	0.000000	1733433151.723117	0.000000
169.000000	88901.582527	20651.804883	187500.000000	187500.000000	87162.750919	102914.695789	112212.954427	134154.119689	-0.026000	0.772000	0.578000	192.000000	0.000000	0.000000	0.000000	0.000000	0.000000	0.000000	0.000000	0.000000	0.000000	1733433151.727201	0.000000
170.000000	88901.448417	20658.130426	187500.000000	187500.000000	87166.573067	102914.472272	112214.161422	134165.787299	-0.026000	0.772000	0.578000	192.000000	0.000000	0.000000	0.000000	0.000000	0.000000	0.000000	0.000000	0.000000	0.000000	1733433151.732144	0.000000
171.000000	88897.268641	20659.225662	187500.000000	187500.000000	87165.142556	102916.238060	112214.474346	134156.578381	-0.026000	0.772000	0.578000	192.000000	0.000000	0.000000	0.000000	0.000000	0.000000	0.000000	0.000000	0.000000	0.000000	1733433151.736146	0.000000
172.000000	88894.228803	20655.470569	187500.000000	187500.000000	87171.110472	102917.735626	112222.275105	134175.867936	-0.026000	0.772000	0.578000	192.000000	0.000000	0.000000	0.000000	0.000000	0.000000	0.000000	0.000000	0.000000	0.000000	1733433151.739274	0.000000
173.000000	88890.496062	20643.624144	187500.000000	187500.000000	87159.934599	102903.162289	112212.038006	134167.262515	-0.026000	0.772000	0.578000	192.000000	0.000000	0.000000	0.000000	0.000000	0.000000	0.000000	0.000000	0.000000	0.000000	1733433151.743306	0.000000
174.000000	88887.188004	20641.031342	187500.000000	187500.000000	87152.424413	102893.551039	112198.358738	134155.818421	-0.026000	0.772000	0.578000	192.000000	0.000000	0.000000	0.000000	0.000000	0.000000	0.000000	0.000000	0.000000	0.000000	1733433151.747273	0.000000
175.000000	88883.343504	20636.046903	187500.000000	187500.000000	87155.620713	102903.542269	112213.513221	134179.198346	-0.036000	0.768000	0.580000	192.000000	254.000000	224.000000	24.000000	0.000000	18.000000	32.000000	0.000000	0.000000	0.000000	1733433151.751506	0.000000
176.000000	88890.831338	20638.639705	187500.000000	187500.000000	87168.964704	102919.412007	112224.554983	134158.701796	-0.036000	0.768000	0.580000	192.000000	0.000000	0.000000	0.000000	0.000000	0.000000	0.000000	0.000000	0.000000	0.000000	1733433151.755354	0.000000
177.000000	88897.469806	20642.975943	187500.000000	187500.000000	87155.821878	102914.204051	112215.279009	134154.186744	-0.036000	0.768000	0.580000	192.000000	0.000000	0.000000	0.000000	0.000000	0.000000	0.000000	0.000000	0.000000	0.000000	1733433151.760375	0.000000
178.000000	88895.234632	20643.020647	187500.000000	187500.000000	87148.177582	102903.832841	112208.864058	134150.454003	-0.036000	0.768000	0.580000	192.000000	0.000000	0.000000	0.000000	0.000000	0.000000	0.000000	0.000000	0.000000	0.000000	1733433151.764250	0.000000
179.000000	88882.963524	20629.006103	187500.000000	187500.000000	87140.600340	102897.328484	112199.744546	134142.519133	-0.036000	0.768000	0.580000	192.000000	0.000000	0.000000	0.000000	0.000000	0.000000	0.000000	0.000000	0.000000	0.000000	1733433151.767171	0.000000
180.000000	88879.253135	20621.697083	187500.000000	187500.000000	87140.019195	102889.237152	112194.491886	134147.056538	-0.036000	0.768000	0.580000	192.000000	0.000000	0.000000	0.000000	0.000000	0.000000	0.000000	0.000000	0.000000	0.000000	1733433151.771200	0.000000
181.000000	88886.137472	20633.074121	187500.000000	187500.000000	87136.286454	102889.013635	112205.421889	134163.082738	-0.036000	0.768000	0.580000	192.000000	0.000000	0.000000	0.000000	0.000000	0.000000	0.000000	0.000000	0.000000	0.000000	1733433151.775198	0.000000
182.000000	88886.606859	20632.314161	187500.000000	187500.000000	87135.101811	102894.288646	112211.546267	134161.384006	-0.036000	0.768000	0.580000	192.000000	0.000000	0.000000	0.000000	0.000000	0.000000	0.000000	0.000000	0.000000	0.000000	1733433151.779391	0.000000
183.000000	88882.002399	20618.858411	187500.000000	187500.000000	87138.968663	102895.763862	112214.563753	134155.460793	-0.036000	0.768000	0.580000	192.000000	0.000000	0.000000	0.000000	0.000000	0.000000	0.000000	0.000000	0.000000	0.000000	1733433151.783338	0.000000
184.000000	88884.148167	20621.138289	187500.000000	187500.000000	87140.019195	102894.109833	112219.995227	134189.614259	-0.036000	0.768000	0.580000	192.000000	0.000000	0.000000	0.000000	0.000000	0.000000	0.000000	0.000000	0.000000	0.000000	1733433151.787477	0.000000
185.000000	88888.730274	20623.641684	187500.000000	187500.000000	87144.489544	102893.975722	112220.665779	134168.670674	-0.048000	0.768000	0.580000	192.000000	254.000000	128.000000	24.000000	0.000000	18.000000	32.000000	0.000000	0.000000	0.000000	1733433151.792340	0.000000
186.000000	88867.630228	20603.145135	187500.000000	187500.000000	87122.964814	102870.618149	112199.252808	134125.129476	-0.048000	0.768000	0.580000	192.000000	0.000000	0.000000	0.000000	0.000000	0.000000	0.000000	0.000000	0.000000	0.000000	1733433151.795355	0.000000
187.000000	88880.348370	20621.853545	187500.000000	187500.000000	87129.357413	102884.208010	112214.943733	134151.683349	-0.048000	0.768000	0.580000	192.000000	0.000000	0.000000	0.000000	0.000000	0.000000	0.000000	0.000000	0.000000	0.000000	1733433151.799222	0.000000
188.000000	88884.930478	20626.390949	187500.000000	187500.000000	87124.820009	102884.722100	112215.435471	134154.790241	-0.048000	0.768000	0.580000	192.000000	0.000000	0.000000	0.000000	0.000000	0.000000	0.000000	0.000000	0.000000	0.000000	1733433151.803239	0.000000
189.000000	88889.557289	20625.742748	187500.000000	187500.000000	87124.194160	102879.581199	112214.653160	134137.713508	-0.048000	0.768000	0.580000	192.000000	0.000000	0.000000	0.000000	0.000000	0.000000	0.000000	0.000000	0.000000	0.000000	1733433151.807252	0.000000
190.000000	88889.110254	20628.313199	187500.000000	187500.000000	87117.063954	102872.942731	112210.696901	134159.349997	-0.048000	0.768000	0.580000	192.000000	0.000000	0.000000	0.000000	0.000000	0.000000	0.000000	0.000000	0.000000	0.000000	1733433151.811276	0.000000
191.000000	88891.814815	20630.615429	187500.000000	187500.000000	87114.001765	102873.076841	112214.317884	134183.422826	-0.048000	0.768000	0.580000	192.000000	0.000000	0.000000	0.000000	0.000000	0.000000	0.000000	0.000000	0.000000	0.000000	1733433151.815345	0.000000
192.000000	88886.942135	20627.083853	187500.000000	187500.000000	87106.379820	102860.112829	112204.281951	134161.138137	-0.048000	0.768000	0.580000	192.000000	0.000000	0.000000	0.000000	0.000000	0.000000	0.000000	0.000000	0.000000	0.000000	1733433151.820422	0.000000
193.000000	88882.807062	20624.379292	187500.000000	187500.000000	87112.191273	102857.452972	112192.994320	134151.281017	-0.048000	0.768000	0.580000	192.000000	0.000000	0.000000	0.000000	0.000000	0.000000	0.000000	0.000000	0.000000	0.000000	1733433151.823489	0.000000
194.000000	88888.506757	20624.535754	187500.000000	187500.000000	87122.338965	102865.812524	112201.085651	134155.371386	-0.048000	0.768000	0.580000	192.000000	0.000000	0.000000	0.000000	0.000000	0.000000	0.000000	0.000000	0.000000	0.000000	1733433151.827392	0.000000
195.000000	88889.601992	20626.882687	187500.000000	187500.000000	87118.650927	102864.359661	112215.010788	134169.676503	-0.046000	0.770000	0.576000	192.000000	254.000000	144.000000	24.000000	16.000000	18.000000	0.000000	0.000000	0.000000	0.000000	1733433151.831260	0.000000
196.000000	88885.221050	20622.814670	187500.000000	187500.000000	87119.299128	102871.758088	112216.865983	134144.575494	-0.046000	0.770000	0.576000	192.000000	0.000000	0.000000	0.000000	0.000000	0.000000	0.000000	0.000000	0.000000	0.000000	1733433151.835308	0.000000
197.000000	88890.831338	20628.871993	187500.000000	187500.000000	87126.295224	102875.312015	112218.743529	134137.042956	-0.046000	0.770000	0.576000	192.000000	0.000000	0.000000	0.000000	0.000000	0.000000	0.000000	0.000000	0.000000	0.000000	1733433151.839299	0.000000
198.000000	88900.152016	20639.489071	187500.000000	187500.000000	87135.772364	102884.185658	112232.691018	134159.305293	-0.046000	0.770000	0.576000	192.000000	0.000000	0.000000	0.000000	0.000000	0.000000	0.000000	0.000000	0.000000	0.000000	1733433151.843483	0.000000
199.000000	88902.901280	20649.793226	187500.000000	187500.000000	87137.091117	102888.186620	112237.295477	134156.533677	-0.046000	0.770000	0.576000	192.000000	0.000000	0.000000	0.000000	0.000000	0.000000	0.000000	0.000000	0.000000	0.000000	1733433151.848303	0.000000
200.000000	88895.078170	20651.179034	187500.000000	187500.000000	87134.185390	102886.666702	112230.791119	134159.506459	-0.046000	0.770000	0.576000	192.000000	0.000000	0.000000	0.000000	0.000000	0.000000	0.000000	0.000000	0.000000	0.000000	1733433151.851400	0.000000
201.000000	88892.641830	20651.938993	187500.000000	187500.000000	87130.452648	102882.017539	112224.353817	134157.137174	-0.046000	0.770000	0.576000	192.000000	0.000000	0.000000	0.000000	0.000000	0.000000	0.000000	0.000000	0.000000	0.000000	1733433151.855371	0.000000
202.000000	88891.345428	20628.179089	187500.000000	187500.000000	87122.026041	102890.935885	112218.899991	134155.907828	-0.046000	0.770000	0.576000	192.000000	0.000000	0.000000	0.000000	0.000000	0.000000	0.000000	0.000000	0.000000	0.000000	1733433151.859367	0.000000
203.000000	88883.790539	20612.063481	187500.000000	187500.000000	87116.773381	102880.810545	112218.005922	134179.980657	-0.046000	0.770000	0.576000	192.000000	0.000000	0.000000	0.000000	0.000000	0.000000	0.000000	0.000000	0.000000	0.000000	1733433151.863541	0.000000
204.000000	88885.645734	20612.935199	187500.000000	187500.000000	87119.500294	102861.297472	112223.973837	134179.891250	-0.046000	0.770000	0.576000	192.000000	0.000000	0.000000	0.000000	0.000000	0.000000	0.000000	0.000000	0.000000	0.000000	1733433151.867687	0.000000
205.000000	88883.008228	20611.392929	187500.000000	187500.000000	87124.372974	102863.264425	112223.035064	134133.377270	-0.048000	0.772000	0.570000	192.000000	254.000000	128.000000	24.000000	32.000000	17.000000	208.000000	0.000000	0.000000	0.000000	1733433151.871371	0.000000
206.000000	88885.913954	20618.791356	187500.000000	187500.000000	87125.222340	102865.276082	112221.582201	134131.589130	-0.048000	0.772000	0.570000	192.000000	0.000000	0.000000	0.000000	0.000000	0.000000	0.000000	0.000000	0.000000	0.000000	1733433151.875366	0.000000
207.000000	88882.516489	20622.144118	187500.000000	187500.000000	87129.022137	102866.259559	112223.996189	134145.871895	-0.048000	0.772000	0.570000	192.000000	0.000000	0.000000	0.000000	0.000000	0.000000	0.000000	0.000000	0.000000	0.000000	1733433151.878381	0.000000
208.000000	88883.365856	20626.994446	187500.000000	187500.000000	87129.022137	102866.952463	112225.940791	134151.392776	-0.048000	0.772000	0.570000	192.000000	0.000000	0.000000	0.000000	0.000000	0.000000	0.000000	0.000000	0.000000	0.000000	1733433151.883435	0.000000
209.000000	88881.577716	20620.467737	187500.000000	187500.000000	87128.575102	102862.750335	112217.491831	134167.776605	-0.048000	0.772000	0.570000	192.000000	0.000000	0.000000	0.000000	0.000000	0.000000	0.000000	0.000000	0.000000	0.000000	1733433151.887450	0.000000
210.000000	88884.416388	20622.814670	187500.000000	187500.000000	87134.006576	102870.238169	112222.543326	134144.866067	-0.048000	0.772000	0.570000	192.000000	0.000000	0.000000	0.000000	0.000000	0.000000	0.000000	0.000000	0.000000	0.000000	1733433151.891491	0.000000
211.000000	88883.075283	20624.155775	187500.000000	187500.000000	87134.386555	102878.105984	112237.116663	134144.888418	-0.048000	0.772000	0.570000	192.000000	0.000000	0.000000	0.000000	0.000000	0.000000	0.000000	0.000000	0.000000	0.000000	1733433151.895521	0.000000
212.000000	88867.652579	20611.951722	187500.000000	187500.000000	87121.891930	102868.070050	112223.884430	134154.209096	-0.048000	0.772000	0.570000	192.000000	0.000000	0.000000	0.000000	0.000000	0.000000	0.000000	0.000000	0.000000	0.000000	1733433151.899598	0.000000
213.000000	88876.660332	20623.909905	187500.000000	187500.000000	87125.825837	102869.142934	112222.543326	134145.626026	-0.048000	0.772000	0.570000	192.000000	0.000000	0.000000	0.000000	0.000000	0.000000	0.000000	0.000000	0.000000	0.000000	1733433151.902770	0.000000
214.000000	88892.306553	20639.936106	187500.000000	187500.000000	87140.980320	102881.481097	112248.024314	134168.447157	-0.048000	0.772000	0.570000	192.000000	0.000000	0.000000	0.000000	0.000000	0.000000	0.000000	0.000000	0.000000	0.000000	1733433151.906628	0.000000
215.000000	88887.389170	20632.224754	187500.000000	187500.000000	87138.991015	102877.301321	112250.639469	134178.259573	-0.042000	0.778000	0.572000	192.000000	254.000000	176.000000	24.000000	80.000000	17.000000	224.000000	0.000000	0.000000	0.000000	1733433151.910619	0.000000
216.000000	88883.567021	20630.011932	187500.000000	187500.000000	87137.247579	102868.584140	112242.995172	134148.107070	-0.042000	0.778000	0.572000	192.000000	0.000000	0.000000	0.000000	0.000000	0.000000	0.000000	0.000000	0.000000	0.000000	1733433151.915446	0.000000
217.000000	88885.265754	20630.906001	187500.000000	187500.000000	87138.320463	102876.831934	112250.103027	134145.000177	-0.042000	0.778000	0.572000	192.000000	0.000000	0.000000	0.000000	0.000000	0.000000	0.000000	0.000000	0.000000	0.000000	1733433151.919411	0.000000
218.000000	88893.580603	20640.785472	187500.000000	187500.000000	87135.548846	102891.092347	112253.791064	134149.582285	-0.042000	0.778000	0.572000	192.000000	0.000000	0.000000	0.000000	0.000000	0.000000	0.000000	0.000000	0.000000	0.000000	1733433151.923401	0.000000
219.000000	88901.426065	20649.346191	187500.000000	187500.000000	87137.135820	102876.563713	112248.091370	134153.359729	-0.042000	0.778000	0.572000	192.000000	0.000000	0.000000	0.000000	0.000000	0.000000	0.000000	0.000000	0.000000	0.000000	1733433151.927436	0.000000
220.000000	88898.520338	20647.043961	187500.000000	187500.000000	87135.504143	102864.940806	112244.179814	134171.174070	-0.042000	0.778000	0.572000	192.000000	0.000000	0.000000	0.000000	0.000000	0.000000	0.000000	0.000000	0.000000	0.000000	1733433151.931415	0.000000
221.000000	88900.129664	20651.626069	187500.000000	187500.000000	87143.573122	102878.016577	112254.238099	134199.784303	-0.042000	0.778000	0.572000	192.000000	0.000000	0.000000	0.000000	0.000000	0.000000	0.000000	0.000000	0.000000	0.000000	1733433151.934434	0.000000
222.000000	88899.794388	20650.910813	187500.000000	187500.000000	87142.835515	102882.129298	112252.762884	134193.704628	-0.042000	0.778000	0.572000	192.000000	0.000000	0.000000	0.000000	0.000000	0.000000	0.000000	0.000000	0.000000	0.000000	1733433151.938626	0.000000
223.000000	88899.168539	20645.926374	187500.000000	187500.000000	87141.583817	102888.231324	112251.488835	134167.664846	-0.042000	0.778000	0.572000	192.000000	0.000000	0.000000	0.000000	0.000000	0.000000	0.000000	0.000000	0.000000	0.000000	1733433151.943606	0.000000
224.000000	88892.038332	20643.087702	187500.000000	187500.000000	87136.778192	102878.910646	112251.667649	134154.969055	-0.042000	0.778000	0.572000	192.000000	0.000000	0.000000	0.000000	0.000000	0.000000	0.000000	0.000000	0.000000	0.000000	1733433151.947847	0.000000
225.000000	88888.663219	20638.595002	187500.000000	187500.000000	87132.285492	102872.540399	112244.828015	134146.251875	-0.040000	0.776000	0.568000	192.000000	254.000000	192.000000	24.000000	64.000000	17.000000	192.000000	0.000000	0.000000	0.000000	1733433151.951850	0.000000
226.000000	88880.661295	20624.982789	187500.000000	187500.000000	87123.992994	102862.012728	112238.100140	134156.690139	-0.040000	0.776000	0.568000	192.000000	0.000000	0.000000	0.000000	0.000000	0.000000	0.000000	0.000000	0.000000	0.000000	1733433151.955551	0.000000
227.000000	88887.433873	20628.559068	187500.000000	187500.000000	87135.571198	102880.698786	112251.421780	134162.792166	-0.040000	0.776000	0.568000	192.000000	0.000000	0.000000	0.000000	0.000000	0.000000	0.000000	0.000000	0.000000	0.000000	1733433151.958484	0.000000
228.000000	88895.659315	20634.594039	187500.000000	187500.000000	87148.065823	102891.315864	112261.457713	134155.706663	-0.040000	0.776000	0.568000	192.000000	0.000000	0.000000	0.000000	0.000000	0.000000	0.000000	0.000000	0.000000	0.000000	1733433151.962486	0.000000
229.000000	88906.499911	20648.049789	187500.000000	187500.000000	87165.008445	102888.052510	112269.124361	134165.228506	-0.040000	0.776000	0.568000	192.000000	0.000000	0.000000	0.000000	0.000000	0.000000	0.000000	0.000000	0.000000	0.000000	1733433151.966447	0.000000
230.000000	88905.248213	20649.167377	187500.000000	187500.000000	87171.959838	102893.148708	112277.975652	134165.407320	-0.040000	0.776000	0.568000	192.000000	0.000000	0.000000	0.000000	0.000000	0.000000	0.000000	0.000000	0.000000	0.000000	1733433151.971448	0.000000
231.000000	88904.868234	20652.520138	187500.000000	187500.000000	87160.381634	102877.591893	112270.018431	134172.738692	-0.040000	0.776000	0.568000	192.000000	0.000000	0.000000	0.000000	0.000000	0.000000	0.000000	0.000000	0.000000	0.000000	1733433151.975476	0.000000
232.000000	88898.989725	20641.210156	187500.000000	187500.000000	87149.965721	102861.006899	112253.478140	134152.532715	-0.040000	0.776000	0.568000	192.000000	0.000000	0.000000	0.000000	0.000000	0.000000	0.000000	0.000000	0.000000	0.000000	1733433151.979863	0.000000
233.000000	88897.313344	20642.908888	187500.000000	187500.000000	87142.813163	102861.900969	112254.148692	134166.435500	-0.040000	0.776000	0.568000	192.000000	0.000000	0.000000	0.000000	0.000000	0.000000	0.000000	0.000000	0.000000	0.000000	1733433151.983642	0.000000
234.000000	88894.094693	20642.238336	187500.000000	187500.000000	87140.935617	102873.725042	112252.651126	134176.762006	-0.040000	0.776000	0.568000	192.000000	0.000000	0.000000	0.000000	0.000000	0.000000	0.000000	0.000000	0.000000	0.000000	1733433151.986760	0.000000
235.000000	88899.213242	20644.093531	187500.000000	187500.000000	87149.339873	102879.737661	112259.580166	134180.740616	-0.042000	0.772000	0.562000	192.000000	254.000000	176.000000	24.000000	32.000000	17.000000	144.000000	0.000000	0.000000	0.000000	1733433151.990780	0.000000
236.000000	88898.453283	20639.198499	187500.000000	187500.000000	87146.478849	102873.702690	112257.233233	134146.877724	-0.042000	0.772000	0.562000	192.000000	0.000000	0.000000	0.000000	0.000000	0.000000	0.000000	0.000000	0.000000	0.000000	1733433151.994535	0.000000
237.000000	88897.827434	20637.388007	187500.000000	187500.000000	87137.560503	102862.146838	112251.153559	134140.954511	-0.042000	0.772000	0.562000	192.000000	0.000000	0.000000	0.000000	0.000000	0.000000	0.000000	0.000000	0.000000	0.000000	1733433151.998548	0.000000
238.000000	88898.654449	20635.868089	187500.000000	187500.000000	87139.370994	102867.690071	112263.715239	134149.045843	-0.042000	0.772000	0.562000	192.000000	0.000000	0.000000	0.000000	0.000000	0.000000	0.000000	0.000000	0.000000	0.000000	1733433152.003506	0.000000
239.000000	88898.319173	20637.298600	187500.000000	187500.000000	87141.963797	102868.874713	112270.510169	134161.339302	-0.042000	0.772000	0.562000	192.000000	0.000000	0.000000	0.000000	0.000000	0.000000	0.000000	0.000000	0.000000	0.000000	1733433152.007535	0.000000
240.000000	88898.967373	20646.909850	187500.000000	187500.000000	87139.616864	102864.292605	112268.006774	134165.586134	-0.042000	0.772000	0.562000	192.000000	0.000000	0.000000	0.000000	0.000000	0.000000	0.000000	0.000000	0.000000	0.000000	1733433152.010578	0.000000
241.000000	88904.823530	20651.626069	187500.000000	187500.000000	87150.233942	102871.243998	112270.599576	134175.107977	-0.042000	0.772000	0.562000	192.000000	0.000000	0.000000	0.000000	0.000000	0.000000	0.000000	0.000000	0.000000	0.000000	1733433152.014584	0.000000
242.000000	88911.372591	20649.592060	187500.000000	187500.000000	87158.749957	102890.377091	112273.907634	134216.950442	-0.042000	0.772000	0.562000	192.000000	0.000000	0.000000	0.000000	0.000000	0.000000	0.000000	0.000000	0.000000	0.000000	1733433152.018548	0.000000
243.000000	88920.961490	20674.201330	187500.000000	187500.000000	87170.462271	102887.784289	112282.669518	134193.302297	-0.042000	0.772000	0.562000	192.000000	0.000000	0.000000	0.000000	0.000000	0.000000	0.000000	0.000000	0.000000	0.000000	1733433152.022842	0.000000
244.000000	88922.012022	20669.105133	187500.000000	187500.000000	87172.362169	102876.362547	112278.713260	134147.861200	-0.042000	0.772000	0.562000	192.000000	0.000000	0.000000	0.000000	0.000000	0.000000	0.000000	0.000000	0.000000	0.000000	1733433152.026787	0.000000
245.000000	88921.810856	20650.329667	187500.000000	187500.000000	87168.316504	102878.396556	112275.405201	134147.548276	-0.044000	0.768000	0.576000	192.000000	254.000000	160.000000	24.000000	0.000000	18.000000	0.000000	0.000000	0.000000	0.000000	1733433152.031760	0.000000
246.000000	88916.804065	20652.721304	187500.000000	187500.000000	87164.181431	102875.759050	112268.520864	134150.901038	-0.044000	0.768000	0.576000	192.000000	0.000000	0.000000	0.000000	0.000000	0.000000	0.000000	0.000000	0.000000	0.000000	1733433152.035780	0.000000
247.000000	88908.288051	20649.972039	187500.000000	187500.000000	87166.193088	102884.409175	112271.739515	134151.638645	-0.044000	0.768000	0.576000	192.000000	0.000000	0.000000	0.000000	0.000000	0.000000	0.000000	0.000000	0.000000	0.000000	1733433152.038565	0.000000
248.000000	88911.685516	20653.190691	187500.000000	187500.000000	87164.382597	102882.978664	112275.651071	134182.908736	-0.044000	0.768000	0.576000	192.000000	0.000000	0.000000	0.000000	0.000000	0.000000	0.000000	0.000000	0.000000	0.000000	1733433152.042845	0.000000
249.000000	88911.909033	20650.240260	187500.000000	187500.000000	87161.074538	102884.275065	112271.225425	134175.353846	-0.044000	0.768000	0.576000	192.000000	0.000000	0.000000	0.000000	0.000000	0.000000	0.000000	0.000000	0.000000	0.000000	1733433152.046630	0.000000
250.000000	88902.320135	20641.299563	187500.000000	187500.000000	87162.482698	102893.841612	112271.538350	134163.619180	-0.044000	0.768000	0.576000	192.000000	0.000000	0.000000	0.000000	0.000000	0.000000	0.000000	0.000000	0.000000	0.000000	1733433152.050600	0.000000
251.000000	88904.421199	20648.832100	187500.000000	187500.000000	87160.985131	102885.817335	112277.908597	134167.620142	-0.044000	0.768000	0.576000	192.000000	0.000000	0.000000	0.000000	0.000000	0.000000	0.000000	0.000000	0.000000	0.000000	1733433152.054615	0.000000
252.000000	88908.980955	20655.224699	187500.000000	187500.000000	87163.466175	102890.667664	112280.903731	134184.316896	-0.044000	0.768000	0.576000	192.000000	0.000000	0.000000	0.000000	0.000000	0.000000	0.000000	0.000000	0.000000	0.000000	1733433152.059748	0.000000
253.000000	88910.098542	20650.150853	187500.000000	187500.000000	87171.378693	102899.965990	112284.524713	134193.190538	-0.044000	0.768000	0.576000	192.000000	0.000000	0.000000	0.000000	0.000000	0.000000	0.000000	0.000000	0.000000	0.000000	1733433152.063621	0.000000
254.000000	88914.747705	20655.112941	187500.000000	187500.000000	87168.696483	102899.563658	112289.643263	134197.437370	-0.044000	0.768000	0.576000	192.000000	0.000000	0.000000	0.000000	0.000000	0.000000	0.000000	0.000000	0.000000	0.000000	1733433152.066868	0.000000
255.000000	88911.126722	20656.722266	187500.000000	187500.000000	87160.873373	102899.384844	112290.425574	134166.524907	-0.048000	0.770000	0.580000	192.000000	254.000000	128.000000	24.000000	16.000000	18.000000	32.000000	0.000000	0.000000	0.000000	1733433152.070858	0.000000
0.000000	88916.491141	20664.344211	187500.000000	187500.000000	87164.203783	102897.417891	112296.326434	134170.816442	-0.048000	0.770000	0.580000	192.000000	0.000000	0.000000	0.000000	0.000000	0.000000	0.000000	0.000000	0.000000	0.000000	1733433152.074625	0.000000
1.000000	88929.723374	20674.871883	187500.000000	187500.000000	87174.954972	102903.206993	112302.540219	134174.348017	-0.048000	0.770000	0.580000	192.000000	0.000000	0.000000	0.000000	0.000000	0.000000	0.000000	0.000000	0.000000	0.000000	1733433152.078642	0.000000
2.000000	88918.838074	20652.631897	187500.000000	187500.000000	87151.753861	102880.296454	112282.669518	134161.763985	-0.048000	0.770000	0.580000	192.000000	0.000000	0.000000	0.000000	0.000000	0.000000	0.000000	0.000000	0.000000	0.000000	1733433152.082633	0.000000
3.000000	88921.632042	20656.588156	187500.000000	187500.000000	87148.624617	102881.794021	112279.696736	134150.096375	-0.048000	0.770000	0.580000	192.000000	0.000000	0.000000	0.000000	0.000000	0.000000	0.000000	0.000000	0.000000	0.000000	1733433152.087667	0.000000
4.000000	88921.050897	20670.692107	187500.000000	187500.000000	87152.558524	102883.157478	112281.373117	134170.838794	-0.048000	0.770000	0.580000	192.000000	0.000000	0.000000	0.000000	0.000000	0.000000	0.000000	0.000000	0.000000	0.000000	1733433152.091676	0.000000
5.000000	88916.021754	20665.506502	187500.000000	187500.000000	87148.535210	102879.961178	112275.695774	134161.339302	-0.048000	0.770000	0.580000	192.000000	0.000000	0.000000	0.000000	0.000000	0.000000	0.000000	0.000000	0.000000	0.000000	1733433152.094638	0.000000
6.000000	88918.212225	20656.699915	187500.000000	187500.000000	87143.617826	102879.916475	112274.689946	134154.924352	-0.048000	0.770000	0.580000	192.000000	0.000000	0.000000	0.000000	0.000000	0.000000	0.000000	0.000000	0.000000	0.000000	1733433152.098844	0.000000
7.000000	88917.116990	20655.671734	187500.000000	187500.000000	87146.456497	102882.039891	112278.154466	134162.278075	-0.048000	0.770000	0.580000	192.000000	0.000000	0.000000	0.000000	0.000000	0.000000	0.000000	0.000000	0.000000	0.000000	1733433152.102974	0.000000
8.000000	88911.305536	20646.462816	187500.000000	187500.000000	87144.087213	102876.094327	112270.063134	134162.322779	-0.048000	0.770000	0.580000	192.000000	0.000000	0.000000	0.000000	0.000000	0.000000	0.000000	0.000000	0.000000	0.000000	1733433152.106965	0.000000
9.000000	88914.367725	20655.559976	187500.000000	187500.000000	87144.489544	102875.781402	112268.833788	134174.213907	-0.042000	0.768000	0.578000	192.000000	254.000000	176.000000	24.000000	0.000000	18.000000	16.000000	0.000000	0.000000	0.000000	1733433152.110701	0.000000
10.000000	88910.947908	20649.681467	187500.000000	187500.000000	87146.680015	102883.872734	112279.741440	134165.474375	-0.042000	0.768000	0.578000	192.000000	0.000000	0.000000	0.000000	0.000000	0.000000	0.000000	0.000000	0.000000	0.000000	1733433152.114674	0.000000
11.000000	88913.093676	20655.224699	187500.000000	187500.000000	87153.184373	102888.946580	112291.654920	134182.416997	-0.042000	0.768000	0.578000	192.000000	0.000000	0.000000	0.000000	0.000000	0.000000	0.000000	0.000000	0.000000	0.000000	1733433152.118687	0.000000
12.000000	88917.184045	20659.516234	187500.000000	187500.000000	87158.772309	102894.310998	112293.912446	134186.619125	-0.042000	0.768000	0.578000	192.000000	0.000000	0.000000	0.000000	0.000000	0.000000	0.000000	0.000000	0.000000	0.000000	1733433152.121720	0.000000
13.000000	88919.888606	20662.623127	187500.000000	187500.000000	87158.995826	102898.513126	112294.426536	134205.975736	-0.042000	0.768000	0.578000	192.000000	0.000000	0.000000	0.000000	0.000000	0.000000	0.000000	0.000000	0.000000	0.000000	1733433152.126907	0.000000
14.000000	88916.222920	20661.930223	187500.000000	187500.000000	87153.385538	102885.705577	112289.442097	134186.417960	-0.042000	0.768000	0.578000	192.000000	0.000000	0.000000	0.000000	0.000000	0.000000	0.000000	0.000000	0.000000	0.000000	1733433152.130684	0.000000
15.000000	88914.032449	20662.466665	187500.000000	187500.000000	87164.516707	102884.923266	112288.816248	134159.506459	-0.042000	0.768000	0.578000	192.000000	0.000000	0.000000	0.000000	0.000000	0.000000	0.000000	0.000000	0.000000	0.000000	1733433152.134824	0.000000
16.000000	88917.318155	20664.254804	187500.000000	187500.000000	87170.194050	102891.539382	112289.822077	134165.183802	-0.042000	0.768000	0.578000	192.000000	0.000000	0.000000	0.000000	0.000000	0.000000	0.000000	0.000000	0.000000	0.000000	1733433152.139068	0.000000
17.000000	88916.446437	20664.657136	187500.000000	187500.000000	87167.914172	102896.769690	112290.000890	134170.145890	-0.042000	0.768000	0.578000	192.000000	0.000000	0.000000	0.000000	0.000000	0.000000	0.000000	0.000000	0.000000	0.000000	1733433152.143964	0.000000
18.000000	88908.779789	20647.982734	187500.000000	187500.000000	87158.146460	102883.068071	112277.126286	134171.576401	-0.042000	0.768000	0.578000	192.000000	0.000000	0.000000	0.000000	0.000000	0.000000	0.000000	0.000000	0.000000	0.000000	1733433152.147015	0.000000
19.000000	88892.910051	20629.989580	187500.000000	187500.000000	87158.302922	102878.061280	112279.719088	134163.060387	-0.042000	0.768000	0.578000	192.000000	0.000000	0.000000	0.000000	0.000000	0.000000	0.000000	0.000000	0.000000	0.000000	1733433152.149790	0.000000
20.000000	88901.828397	20641.366618	187500.000000	187500.000000	87169.367036	102884.923266	112293.621873	134177.678427	-0.038000	0.770000	0.586000	192.000000	254.000000	208.000000	24.000000	16.000000	18.000000	80.000000	0.000000	0.000000	0.000000	1733433152.153841	0.000000
21.000000	88915.597071	20653.078932	187500.000000	187500.000000	87181.079350	102899.228382	112306.183553	134190.418922	-0.038000	0.770000	0.586000	192.000000	0.000000	0.000000	0.000000	0.000000	0.000000	0.000000	0.000000	0.000000	0.000000	1733433152.158734	0.000000
22.000000	88911.819626	20648.675638	187500.000000	187500.000000	87177.681884	102898.513126	112302.562571	134169.050654	-0.038000	0.770000	0.586000	192.000000	0.000000	0.000000	0.000000	0.000000	0.000000	0.000000	0.000000	0.000000	0.000000	1733433152.162725	0.000000
23.000000	88916.714658	20654.330630	187500.000000	187500.000000	87176.005504	102894.310998	112303.456641	134177.186689	-0.038000	0.770000	0.586000	192.000000	0.000000	0.000000	0.000000	0.000000	0.000000	0.000000	0.000000	0.000000	0.000000	1733433152.166787	0.000000
24.000000	88915.060629	20655.716438	187500.000000	187500.000000	87183.538042	102902.938772	112309.603370	134173.521003	-0.038000	0.770000	0.586000	192.000000	0.000000	0.000000	0.000000	0.000000	0.000000	0.000000	0.000000	0.000000	0.000000	1733433152.170798	0.000000
25.000000	88908.422161	20663.964231	187500.000000	187500.000000	87187.203728	102911.857118	112314.185478	134173.789224	-0.038000	0.770000	0.586000	192.000000	0.000000	0.000000	0.000000	0.000000	0.000000	0.000000	0.000000	0.000000	0.000000	1733433152.174861	0.000000
26.000000	88912.691344	20664.411266	187500.000000	187500.000000	87186.354361	102904.369283	112315.325417	134195.045733	-0.038000	0.770000	0.586000	192.000000	0.000000	0.000000	0.000000	0.000000	0.000000	0.000000	0.000000	0.000000	0.000000	1733433152.178027	0.000000
27.000000	88910.456170	20654.263574	187500.000000	187500.000000	87177.391312	102889.460670	112303.031958	134179.287753	-0.038000	0.770000	0.586000	192.000000	0.000000	0.000000	0.000000	0.000000	0.000000	0.000000	0.000000	0.000000	0.000000	1733433152.182964	0.000000
28.000000	88908.019830	20647.133368	187500.000000	187500.000000	87181.481681	102890.891181	112304.730690	134177.723131	-0.038000	0.770000	0.586000	192.000000	0.000000	0.000000	0.000000	0.000000	0.000000	0.000000	0.000000	0.000000	0.000000	1733433152.186994	0.000000
29.000000	88909.696211	20646.038132	187500.000000	187500.000000	87183.381579	102890.399443	112305.401242	134188.228451	-0.038000	0.770000	0.586000	192.000000	0.000000	0.000000	0.000000	0.000000	0.000000	0.000000	0.000000	0.000000	0.000000	1733433152.190857	0.000000
30.000000	88906.611670	20644.987600	187500.000000	187500.000000	87178.911230	102885.839687	112301.757908	134193.525814	-0.036000	0.770000	0.588000	192.000000	254.000000	224.000000	24.000000	16.000000	18.000000	96.000000	0.000000	0.000000	0.000000	1733433152.194876	0.000000
31.000000	88911.573757	20650.128502	187500.000000	187500.000000	87182.062826	102886.957274	112301.534391	134188.921355	-0.036000	0.770000	0.588000	192.000000	0.000000	0.000000	0.000000	0.000000	0.000000	0.000000	0.000000	0.000000	0.000000	1733433152.198798	0.000000
32.000000	88921.028545	20653.771836	187500.000000	187500.000000	87189.215385	102891.584085	112307.368196	134193.011724	-0.036000	0.770000	0.588000	192.000000	0.000000	0.000000	0.000000	0.000000	0.000000	0.000000	0.000000	0.000000	0.000000	1733433152.202802	0.000000
33.000000	88924.358955	20654.665906	187500.000000	187500.000000	87188.857757	102882.755146	112296.147620	134170.592924	-0.036000	0.770000	0.588000	192.000000	0.000000	0.000000	0.000000	0.000000	0.000000	0.000000	0.000000	0.000000	0.000000	1733433152.205801	0.000000
34.000000	88934.685461	20667.182883	187500.000000	187500.000000	87191.249393	102885.459707	112300.327396	134197.727942	-0.036000	0.770000	0.588000	192.000000	0.000000	0.000000	0.000000	0.000000	0.000000	0.000000	0.000000	0.000000	0.000000	1733433152.210074	0.000000
35.000000	88942.486220	20673.553130	187500.000000	187500.000000	87193.506920	102906.827975	112316.174783	134219.923224	-0.036000	0.770000	0.588000	192.000000	0.000000	0.000000	0.000000	0.000000	0.000000	0.000000	0.000000	0.000000	0.000000	1733433152.214950	0.000000
36.000000	88936.272435	20665.215929	187500.000000	187500.000000	87194.713914	102930.476121	112319.706359	134188.831948	-0.036000	0.770000	0.588000	192.000000	0.000000	0.000000	0.000000	0.000000	0.000000	0.000000	0.000000	0.000000	0.000000	1733433152.219120	0.000000
37.000000	88925.320080	20655.649383	187500.000000	187500.000000	87191.763483	102898.736644	112312.218524	134178.214869	-0.036000	0.770000	0.588000	192.000000	0.000000	0.000000	0.000000	0.000000	0.000000	0.000000	0.000000	0.000000	0.000000	1733433152.223002	0.000000
38.000000	88924.984804	20661.349077	187500.000000	187500.000000	87190.981172	102892.321693	112313.626684	134171.375235	-0.036000	0.770000	0.588000	192.000000	0.000000	0.000000	0.000000	0.000000	0.000000	0.000000	0.000000	0.000000	0.000000	1733433152.226950	0.000000
39.000000	88933.098487	20673.329612	187500.000000	187500.000000	87184.745036	102884.163306	112305.065966	134181.746445	-0.036000	0.770000	0.588000	192.000000	0.000000	0.000000	0.000000	0.000000	0.000000	0.000000	0.000000	0.000000	0.000000	1733433152.230839	0.000000
40.000000	88928.941063	20675.430676	187500.000000	187500.000000	87178.307733	102880.296454	112305.624760	134183.892212	-0.046000	0.772000	0.580000	192.000000	254.000000	144.000000	24.000000	32.000000	18.000000	32.000000	0.000000	0.000000	0.000000	1733433152.233851	0.000000
41.000000	88934.327833	20685.399554	187500.000000	187500.000000	87187.136672	102891.539382	112326.769510	134185.188614	-0.046000	0.772000	0.580000	192.000000	0.000000	0.000000	0.000000	0.000000	0.000000	0.000000	0.000000	0.000000	0.000000	1733433152.237862	0.000000
42.000000	88933.322004	20680.929206	187500.000000	187500.000000	87186.533175	102888.745414	112323.573211	134174.191555	-0.046000	0.772000	0.580000	192.000000	0.000000	0.000000	0.000000	0.000000	0.000000	0.000000	0.000000	0.000000	0.000000	1733433152.242903	0.000000
43.000000	88929.611615	20672.435543	187500.000000	187500.000000	87183.381579	102888.767766	112320.131042	134176.538488	-0.046000	0.772000	0.580000	192.000000	0.000000	0.000000	0.000000	0.000000	0.000000	0.000000	0.000000	0.000000	0.000000	1733433152.247023	0.000000
44.000000	88936.495952	20664.254804	187500.000000	187500.000000	87195.093893	102897.484946	112329.027036	134188.183747	-0.046000	0.772000	0.580000	192.000000	0.000000	0.000000	0.000000	0.000000	0.000000	0.000000	0.000000	0.000000	0.000000	1733433152.251024	0.000000
45.000000	88939.848714	20667.249938	187500.000000	187500.000000	87202.447617	102905.263353	112336.716036	134196.990335	-0.046000	0.772000	0.580000	192.000000	0.000000	0.000000	0.000000	0.000000	0.000000	0.000000	0.000000	0.000000	0.000000	1733433152.254226	0.000000
46.000000	88939.669900	20666.132351	187500.000000	187500.000000	87199.139559	102901.552963	112333.005647	134194.665753	-0.046000	0.772000	0.580000	192.000000	0.000000	0.000000	0.000000	0.000000	0.000000	0.000000	0.000000	0.000000	0.000000	1733433152.258205	0.000000
47.000000	88944.095545	20674.514255	187500.000000	187500.000000	87206.359173	102902.223516	112335.576097	134178.863070	-0.046000	0.772000	0.580000	192.000000	0.000000	0.000000	0.000000	0.000000	0.000000	0.000000	0.000000	0.000000	0.000000	1733433152.262182	0.000000
48.000000	88951.695138	20685.779534	187500.000000	187500.000000	87215.523388	102899.742472	112343.578022	134219.520893	-0.046000	0.772000	0.580000	192.000000	0.000000	0.000000	0.000000	0.000000	0.000000	0.000000	0.000000	0.000000	0.000000	1733433152.265912	0.000000
49.000000	88953.036243	20681.756220	187500.000000	187500.000000	87221.156027	102901.955295	112346.595507	134218.559768	-0.046000	0.772000	0.580000	192.000000	0.000000	0.000000	0.000000	0.000000	0.000000	0.000000	0.000000	0.000000	0.000000	1733433152.270941	0.000000
50.000000	88959.808822	20687.768839	187500.000000	187500.000000	87232.734231	102914.941658	112349.456531	134203.695858	-0.046000	0.770000	0.568000	192.000000	254.000000	144.000000	24.000000	16.000000	17.000000	192.000000	0.000000	0.000000	0.000000	1733433152.274919	0.000000
51.000000	88962.893362	20691.948616	187500.000000	187500.000000	87232.555417	102921.021333	112346.662563	134219.453838	-0.046000	0.770000	0.568000	192.000000	0.000000	0.000000	0.000000	0.000000	0.000000	0.000000	0.000000	0.000000	0.000000	1733433152.278947	0.000000
52.000000	88952.544505	20684.460781	187500.000000	187500.000000	87216.819789	102899.138975	112336.380760	134199.113750	-0.046000	0.770000	0.568000	192.000000	0.000000	0.000000	0.000000	0.000000	0.000000	0.000000	0.000000	0.000000	0.000000	1733433152.282122	0.000000
53.000000	88933.523170	20666.221758	187500.000000	187500.000000	87188.567184	102873.546228	112321.114519	134198.398495	-0.046000	0.770000	0.568000	192.000000	0.000000	0.000000	0.000000	0.000000	0.000000	0.000000	0.000000	0.000000	0.000000	1733433152.286255	0.000000
54.000000	88939.826362	20669.082781	187500.000000	187500.000000	87189.640068	102875.826106	112325.741330	134185.993276	-0.046000	0.770000	0.568000	192.000000	0.000000	0.000000	0.000000	0.000000	0.000000	0.000000	0.000000	0.000000	0.000000	1733433152.290194	0.000000
55.000000	88948.342377	20676.503560	187500.000000	187500.000000	87193.864547	102888.320731	112330.681065	134185.926221	-0.046000	0.770000	0.568000	192.000000	0.000000	0.000000	0.000000	0.000000	0.000000	0.000000	0.000000	0.000000	0.000000	1733433152.293998	0.000000
56.000000	88949.482316	20679.878674	187500.000000	187500.000000	87186.957858	102897.216725	112332.111577	134194.039904	-0.046000	0.770000	0.568000	192.000000	0.000000	0.000000	0.000000	0.000000	0.000000	0.000000	0.000000	0.000000	0.000000	1733433152.298965	0.000000
57.000000	88950.465792	20682.627938	187500.000000	187500.000000	87198.603117	102898.311960	112341.789882	134200.678372	-0.046000	0.770000	0.568000	192.000000	0.000000	0.000000	0.000000	0.000000	0.000000	0.000000	0.000000	0.000000	0.000000	1733433152.303012	0.000000
58.000000	88956.098432	20688.059412	187500.000000	187500.000000	87205.845083	102900.971818	112344.248574	134228.975681	-0.046000	0.770000	0.568000	192.000000	0.000000	0.000000	0.000000	0.000000	0.000000	0.000000	0.000000	0.000000	0.000000	1733433152.306990	0.000000
59.000000	88943.693214	20678.448162	187500.000000	187500.000000	87193.797492	102882.129298	112325.517812	134235.033004	-0.046000	0.770000	0.568000	192.000000	0.000000	0.000000	0.000000	0.000000	0.000000	0.000000	0.000000	0.000000	0.000000	1733433152.310174	0.000000
60.000000	88943.514400	20679.275176	187500.000000	187500.000000	87199.452484	102886.510239	112337.654810	134213.441219	-0.044000	0.770000	0.572000	192.000000	254.000000	160.000000	24.000000	16.000000	17.000000	224.000000	0.000000	0.000000	0.000000	1733433152.314059	0.000000
61.000000	88948.275322	20683.052621	187500.000000	187500.000000	87207.320298	102894.400405	112350.015324	134226.315823	-0.044000	0.770000	0.572000	192.000000	0.000000	0.000000	0.000000	0.000000	0.000000	0.000000	0.000000	0.000000	0.000000	1733433152.318034	0.000000
62.000000	88945.548409	20684.147857	187500.000000	187500.000000	87210.650708	102894.489812	112348.093074	134199.717247	-0.044000	0.770000	0.572000	192.000000	0.000000	0.000000	0.000000	0.000000	0.000000	0.000000	0.000000	0.000000	0.000000	1733433152.322050	0.000000
63.000000	88949.683481	20688.104115	187500.000000	187500.000000	87215.679850	102896.233248	112346.148473	134186.216794	-0.044000	0.770000	0.572000	192.000000	0.000000	0.000000	0.000000	0.000000	0.000000	0.000000	0.000000	0.000000	0.000000	1733433152.327257	0.000000
64.000000	88954.891438	20690.987491	187500.000000	187500.000000	87216.082181	102898.602533	112343.287449	134190.642439	-0.044000	0.770000	0.572000	192.000000	0.000000	0.000000	0.000000	0.000000	0.000000	0.000000	0.000000	0.000000	0.000000	1733433152.331263	0.000000
65.000000	88957.618351	20690.071069	187500.000000	187500.000000	87223.167684	102909.018446	112345.992010	134207.741524	-0.044000	0.770000	0.572000	192.000000	0.000000	0.000000	0.000000	0.000000	0.000000	0.000000	0.000000	0.000000	0.000000	1733433152.335252	0.000000
66.000000	88950.935179	20683.745525	187500.000000	187500.000000	87228.241530	102902.156461	112350.060028	134220.616129	-0.044000	0.770000	0.572000	192.000000	0.000000	0.000000	0.000000	0.000000	0.000000	0.000000	0.000000	0.000000	0.000000	1733433152.338070	0.000000
67.000000	88944.475525	20680.437467	187500.000000	187500.000000	87215.635147	102890.086519	112343.980353	134203.718210	-0.044000	0.770000	0.572000	192.000000	0.000000	0.000000	0.000000	0.000000	0.000000	0.000000	0.000000	0.000000	0.000000	1733433152.342283	0.000000
68.000000	88947.336548	20682.382069	187500.000000	187500.000000	87213.847007	102894.668626	112352.675182	134205.416942	-0.044000	0.770000	0.572000	192.000000	0.000000	0.000000	0.000000	0.000000	0.000000	0.000000	0.000000	0.000000	0.000000	1733433152.346056	0.000000
69.000000	88954.176182	20690.406345	187500.000000	187500.000000	87221.536007	102909.711350	112364.253386	134231.859056	-0.044000	0.770000	0.572000	192.000000	0.000000	0.000000	0.000000	0.000000	0.000000	0.000000	0.000000	0.000000	0.000000	1733433152.350070	0.000000
70.000000	88961.127575	20696.284854	187500.000000	187500.000000	87231.169609	102911.633600	112366.153284	134236.508219	-0.036000	0.772000	0.570000	192.000000	254.000000	224.000000	24.000000	32.000000	17.000000	208.000000	0.000000	0.000000	0.000000	1733433152.355120	0.000000
71.000000	88954.422051	20688.752316	187500.000000	187500.000000	87228.018013	102909.063150	112362.532301	134231.032041	-0.036000	0.772000	0.570000	192.000000	0.000000	0.000000	0.000000	0.000000	0.000000	0.000000	0.000000	0.000000	0.000000	1733433152.359185	0.000000
72.000000	88946.733051	20679.409287	187500.000000	187500.000000	87234.567074	102911.723007	112361.839397	134221.510198	-0.036000	0.772000	0.570000	192.000000	0.000000	0.000000	0.000000	0.000000	0.000000	0.000000	0.000000	0.000000	0.000000	1733433152.363336	0.000000
73.000000	88950.018758	20685.377203	187500.000000	187500.000000	87244.133621	102920.619001	112365.214511	134222.024288	-0.036000	0.772000	0.570000	192.000000	0.000000	0.000000	0.000000	0.000000	0.000000	0.000000	0.000000	0.000000	0.000000	1733433152.366268	0.000000
74.000000	88944.721394	20683.276139	187500.000000	187500.000000	87245.206504	102918.830862	112367.695554	134234.563617	-0.036000	0.772000	0.570000	192.000000	0.000000	0.000000	0.000000	0.000000	0.000000	0.000000	0.000000	0.000000	0.000000	1733433152.370296	0.000000
75.000000	88942.262702	20682.315014	187500.000000	187500.000000	87241.160839	102914.651086	112364.387496	134228.908626	-0.036000	0.772000	0.570000	192.000000	0.000000	0.000000	0.000000	0.000000	0.000000	0.000000	0.000000	0.000000	0.000000	1733433152.374416	0.000000
76.000000	88972.973999	20704.934979	187500.000000	187500.000000	87232.108382	102906.738568	112352.921051	134199.404323	-0.036000	0.772000	0.570000	192.000000	0.000000	0.000000	0.000000	0.000000	0.000000	0.000000	0.000000	0.000000	0.000000	1733433152.378258	0.000000
77.000000	88974.113938	20715.350892	187500.000000	187500.000000	87245.720595	102920.753112	112368.164941	134217.442181	-0.036000	0.772000	0.570000	192.000000	0.000000	0.000000	0.000000	0.000000	0.000000	0.000000	0.000000	0.000000	0.000000	1733433152.382075	0.000000
78.000000	88980.797110	20718.681302	187500.000000	187500.000000	87246.614664	102917.869737	112361.593528	134226.941672	-0.036000	0.772000	0.570000	192.000000	0.000000	0.000000	0.000000	0.000000	0.000000	0.000000	0.000000	0.000000	0.000000	1733433152.387100	0.000000
79.000000	88975.097415	20711.662854	187500.000000	187500.000000	87237.025766	102907.744397	112353.703362	134223.655966	-0.036000	0.772000	0.570000	192.000000	0.000000	0.000000	0.000000	0.000000	0.000000	0.000000	0.000000	0.000000	0.000000	1733433152.390100	0.000000
80.000000	88975.835022	20712.914552	187500.000000	187500.000000	87241.384356	102906.403292	112351.892871	134217.553940	-0.038000	0.772000	0.576000	192.000000	254.000000	208.000000	24.000000	32.000000	18.000000	0.000000	0.000000	0.000000	0.000000	1733433152.394096	0.000000
81.000000	88974.337456	20711.640502	187500.000000	187500.000000	87244.021862	102903.385806	112348.115426	134231.970815	-0.038000	0.772000	0.576000	192.000000	0.000000	0.000000	0.000000	0.000000	0.000000	0.000000	0.000000	0.000000	0.000000	1733433152.398134	0.000000
82.000000	88977.109072	20711.662854	187500.000000	187500.000000	87248.961598	102905.442167	112343.153339	134230.562655	-0.038000	0.772000	0.576000	192.000000	0.000000	0.000000	0.000000	0.000000	0.000000	0.000000	0.000000	0.000000	0.000000	1733433152.402196	0.000000
83.000000	88980.059502	20714.948561	187500.000000	187500.000000	87260.495098	102914.449920	112357.279641	134228.014556	-0.038000	0.772000	0.576000	192.000000	0.000000	0.000000	0.000000	0.000000	0.000000	0.000000	0.000000	0.000000	0.000000	1733433152.406238	0.000000
84.000000	88977.846679	20709.785308	187500.000000	187500.000000	87260.428042	102922.250679	112365.818008	134231.479076	-0.038000	0.772000	0.576000	192.000000	0.000000	0.000000	0.000000	0.000000	0.000000	0.000000	0.000000	0.000000	0.000000	1733433152.410384	0.000000
85.000000	88980.640647	20713.942732	187500.000000	187500.000000	87253.655464	102924.575260	112366.779133	134240.084498	-0.038000	0.772000	0.576000	192.000000	0.000000	0.000000	0.000000	0.000000	0.000000	0.000000	0.000000	0.000000	0.000000	1733433152.415188	0.000000
86.000000	88984.328685	20720.044758	187500.000000	187500.000000	87258.706958	102933.158330	112370.780095	134220.280852	-0.038000	0.772000	0.576000	192.000000	0.000000	0.000000	0.000000	0.000000	0.000000	0.000000	0.000000	0.000000	0.000000	1733433152.418149	0.000000
87.000000	88983.211098	20715.954389	187500.000000	187500.000000	87254.974217	102932.420723	112370.198950	134219.610300	-0.038000	0.772000	0.576000	192.000000	0.000000	0.000000	0.000000	0.000000	0.000000	0.000000	0.000000	0.000000	0.000000	1733433152.422144	0.000000
88.000000	88980.841813	20714.948561	187500.000000	187500.000000	87248.335749	102932.554833	112367.807313	134218.895044	-0.038000	0.772000	0.576000	192.000000	0.000000	0.000000	0.000000	0.000000	0.000000	0.000000	0.000000	0.000000	0.000000	1733433152.426403	0.000000
89.000000	88983.658133	20719.217744	187500.000000	187500.000000	87252.694339	102932.197205	112369.416639	134227.723983	-0.038000	0.772000	0.576000	192.000000	0.000000	0.000000	0.000000	0.000000	0.000000	0.000000	0.000000	0.000000	0.000000	1733433152.430190	0.000000
90.000000	88978.919563	20708.757127	187500.000000	187500.000000	87249.542743	102918.473234	112368.209644	134235.055355	-0.044000	0.770000	0.568000	192.000000	254.000000	160.000000	24.000000	16.000000	17.000000	192.000000	0.000000	0.000000	0.000000	1733433152.434264	0.000000
91.000000	88983.568726	20712.981607	187500.000000	187500.000000	87255.912990	102935.192339	112372.992918	134234.474210	-0.044000	0.770000	0.568000	192.000000	0.000000	0.000000	0.000000	0.000000	0.000000	0.000000	0.000000	0.000000	0.000000	1733433152.438260	0.000000
92.000000	88986.452101	20724.001017	187500.000000	187500.000000	87260.405691	102935.192339	112375.541017	134255.037815	-0.044000	0.770000	0.568000	192.000000	0.000000	0.000000	0.000000	0.000000	0.000000	0.000000	0.000000	0.000000	0.000000	1733433152.443389	0.000000
93.000000	88984.619258	20717.898991	187500.000000	187500.000000	87259.422214	102926.989249	112370.310708	134258.949370	-0.044000	0.770000	0.568000	192.000000	0.000000	0.000000	0.000000	0.000000	0.000000	0.000000	0.000000	0.000000	0.000000	1733433152.446346	0.000000
94.000000	88977.757272	20706.857229	187500.000000	187500.000000	87254.147202	102925.402275	112364.074572	134261.139841	-0.044000	0.770000	0.568000	192.000000	0.000000	0.000000	0.000000	0.000000	0.000000	0.000000	0.000000	0.000000	0.000000	1733433152.450217	0.000000
95.000000	88982.048807	20709.986473	187500.000000	187500.000000	87263.959618	102931.213728	112373.529360	134263.375016	-0.044000	0.770000	0.568000	192.000000	0.000000	0.000000	0.000000	0.000000	0.000000	0.000000	0.000000	0.000000	0.000000	1733433152.454225	0.000000
96.000000	88986.519156	20711.886372	187500.000000	187500.000000	87262.484403	102927.637449	112374.758705	134249.092251	-0.044000	0.770000	0.568000	192.000000	0.000000	0.000000	0.000000	0.000000	0.000000	0.000000	0.000000	0.000000	0.000000	1733433152.458216	0.000000
97.000000	88988.240241	20711.238171	187500.000000	187500.000000	87263.803156	102926.810435	112368.857845	134222.851303	-0.044000	0.770000	0.568000	192.000000	0.000000	0.000000	0.000000	0.000000	0.000000	0.000000	0.000000	0.000000	0.000000	1733433152.462258	0.000000
98.000000	88993.805825	20716.222610	187500.000000	187500.000000	87269.324037	102924.619964	112370.735391	134244.487792	-0.044000	0.770000	0.568000	192.000000	0.000000	0.000000	0.000000	0.000000	0.000000	0.000000	0.000000	0.000000	0.000000	1733433152.466208	0.000000
99.000000	88992.174148	20713.830973	187500.000000	187500.000000	87264.093729	102920.082560	112370.556578	134243.750184	-0.044000	0.770000	0.568000	192.000000	0.000000	0.000000	0.000000	0.000000	0.000000	0.000000	0.000000	0.000000	0.000000	1733433152.471515	0.000000
100.000000	88992.822348	20715.730872	187500.000000	187500.000000	87257.589371	102919.702580	112371.964737	134232.596664	-0.036000	0.776000	0.572000	192.000000	254.000000	224.000000	24.000000	64.000000	17.000000	224.000000	0.000000	0.000000	0.000000	1733433152.474398	0.000000
101.000000	88988.039075	20709.628845	187500.000000	187500.000000	87253.811926	102912.751187	112365.929766	134224.952367	-0.036000	0.776000	0.572000	192.000000	0.000000	0.000000	0.000000	0.000000	0.000000	0.000000	0.000000	0.000000	0.000000	1733433152.477550	0.000000
102.000000	88989.558994	20710.008825	187500.000000	187500.000000	87255.756528	102914.494623	112366.332098	134236.396460	-0.036000	0.776000	0.572000	192.000000	0.000000	0.000000	0.000000	0.000000	0.000000	0.000000	0.000000	0.000000	0.000000	1733433152.482248	0.000000
103.000000	89001.472473	20720.715311	187500.000000	187500.000000	87261.813851	102926.452807	112375.831589	134260.916324	-0.036000	0.776000	0.572000	192.000000	0.000000	0.000000	0.000000	0.000000	0.000000	0.000000	0.000000	0.000000	0.000000	1733433152.486264	0.000000
104.000000	88996.733903	20716.937866	187500.000000	187500.000000	87259.332807	102937.338106	112374.244615	134255.641312	-0.036000	0.776000	0.572000	192.000000	0.000000	0.000000	0.000000	0.000000	0.000000	0.000000	0.000000	0.000000	0.000000	1733433152.490284	0.000000
105.000000	88989.983677	20706.007863	187500.000000	187500.000000	87254.616589	102931.772522	112365.236862	134259.530516	-0.036000	0.776000	0.572000	192.000000	0.000000	0.000000	0.000000	0.000000	0.000000	0.000000	0.000000	0.000000	0.000000	1733433152.494283	0.000000
106.000000	88982.942877	20697.022462	187500.000000	187500.000000	87250.347406	102911.253621	112337.006609	134245.158344	-0.036000	0.776000	0.572000	192.000000	0.000000	0.000000	0.000000	0.000000	0.000000	0.000000	0.000000	0.000000	0.000000	1733433152.499299	0.000000
107.000000	88989.804863	20712.646331	187500.000000	187500.000000	87266.328903	102927.637449	112349.054199	134251.036853	-0.036000	0.776000	0.572000	192.000000	0.000000	0.000000	0.000000	0.000000	0.000000	0.000000	0.000000	0.000000	0.000000	1733433152.502540	0.000000
108.000000	88994.901060	20722.503450	187500.000000	187500.000000	87273.056778	102946.278804	112372.501179	134263.173850	-0.036000	0.776000	0.572000	192.000000	0.000000	0.000000	0.000000	0.000000	0.000000	0.000000	0.000000	0.000000	0.000000	1733433152.505440	0.000000
109.000000	88989.313124	20709.226514	187500.000000	187500.000000	87263.914915	102942.791932	112371.763572	134235.748260	-0.036000	0.776000	0.572000	192.000000	0.000000	0.000000	0.000000	0.000000	0.000000	0.000000	0.000000	0.000000	0.000000	1733433152.510440	0.000000
110.000000	88992.665886	20711.998130	187500.000000	187500.000000	87272.229764	102954.683060	112383.073554	134239.190428	-0.030000	0.772000	0.580000	192.000000	255.000000	16.000000	24.000000	32.000000	18.000000	32.000000	0.000000	0.000000	0.000000	1733433152.514580	0.000000
111.000000	88996.443331	20712.959255	187500.000000	187500.000000	87283.092711	102952.067906	112377.642081	134247.281760	-0.030000	0.772000	0.580000	192.000000	0.000000	0.000000	0.000000	0.000000	0.000000	0.000000	0.000000	0.000000	0.000000	1733433152.518462	0.000000
112.000000	88993.269383	20709.181811	187500.000000	187500.000000	87282.332752	102937.405162	112366.913243	134248.287588	-0.030000	0.772000	0.580000	192.000000	0.000000	0.000000	0.000000	0.000000	0.000000	0.000000	0.000000	0.000000	0.000000	1733433152.522296	0.000000
113.000000	88993.425845	20712.109889	187500.000000	187500.000000	87280.343447	102934.767656	112363.269909	134249.963969	-0.030000	0.772000	0.580000	192.000000	0.000000	0.000000	0.000000	0.000000	0.000000	0.000000	0.000000	0.000000	0.000000	1733433152.525498	0.000000
114.000000	88991.972982	20714.255657	187500.000000	187500.000000	87275.828394	102931.996039	112366.153284	134256.736548	-0.030000	0.772000	0.580000	192.000000	0.000000	0.000000	0.000000	0.000000	0.000000	0.000000	0.000000	0.000000	0.000000	1733433152.529326	0.000000
115.000000	88995.728075	20716.513183	187500.000000	187500.000000	87278.063569	102934.924118	112370.176598	134247.013539	-0.030000	0.772000	0.580000	192.000000	0.000000	0.000000	0.000000	0.000000	0.000000	0.000000	0.000000	0.000000	0.000000	1733433152.533323	0.000000
116.000000	88996.555090	20708.310092	187500.000000	187500.000000	87277.281258	102938.120417	112373.752877	134245.963007	-0.030000	0.772000	0.580000	192.000000	0.000000	0.000000	0.000000	0.000000	0.000000	0.000000	0.000000	0.000000	0.000000	1733433152.538348	0.000000
117.000000	88998.007953	20713.674511	187500.000000	187500.000000	87270.933362	102937.963955	112370.355412	134243.437260	-0.030000	0.772000	0.580000	192.000000	0.000000	0.000000	0.000000	0.000000	0.000000	0.000000	0.000000	0.000000	0.000000	1733433152.542592	0.000000
118.000000	88999.974906	20718.234267	187500.000000	187500.000000	87271.268639	102943.261319	112370.668336	134241.760879	-0.030000	0.772000	0.580000	192.000000	0.000000	0.000000	0.000000	0.000000	0.000000	0.000000	0.000000	0.000000	0.000000	1733433152.546538	0.000000
119.000000	88997.337401	20717.451956	187500.000000	187500.000000	87265.188964	102961.142714	112372.478828	134248.801678	-0.030000	0.772000	0.580000	192.000000	0.000000	0.000000	0.000000	0.000000	0.000000	0.000000	0.000000	0.000000	0.000000	1733433152.550701	0.000000
120.000000	88984.909831	20705.113793	187500.000000	187500.000000	87256.672949	102938.925080	112369.617804	134247.728795	-0.038000	0.770000	0.576000	192.000000	254.000000	208.000000	24.000000	16.000000	18.000000	0.000000	0.000000	0.000000	0.000000	1733433152.553646	0.000000
121.000000	88990.788339	20712.378110	187500.000000	187500.000000	87265.993627	102932.957164	112383.297072	134268.538269	-0.038000	0.770000	0.576000	192.000000	0.000000	0.000000	0.000000	0.000000	0.000000	0.000000	0.000000	0.000000	0.000000	1733433152.557370	0.000000
122.000000	88999.416113	20721.475270	187500.000000	187500.000000	87270.642790	102939.394467	112380.346642	134229.981509	-0.038000	0.770000	0.576000	192.000000	0.000000	0.000000	0.000000	0.000000	0.000000	0.000000	0.000000	0.000000	0.000000	1733433152.561416	0.000000
123.000000	88999.349058	20715.574409	187500.000000	187500.000000	87272.855612	102938.925080	112378.737316	134229.735640	-0.038000	0.770000	0.576000	192.000000	0.000000	0.000000	0.000000	0.000000	0.000000	0.000000	0.000000	0.000000	0.000000	1733433152.565414	0.000000
124.000000	89001.271308	20714.121546	187500.000000	187500.000000	87273.816737	102946.055287	112378.893778	134247.795850	-0.038000	0.770000	0.576000	192.000000	0.000000	0.000000	0.000000	0.000000	0.000000	0.000000	0.000000	0.000000	0.000000	1733433152.570444	0.000000
125.000000	88997.918546	20713.875677	187500.000000	187500.000000	87273.570868	102942.993098	112380.816028	134257.831783	-0.038000	0.770000	0.576000	192.000000	0.000000	0.000000	0.000000	0.000000	0.000000	0.000000	0.000000	0.000000	0.000000	1733433152.574445	0.000000
126.000000	89001.137197	20720.603552	187500.000000	187500.000000	87275.582525	102937.203996	112385.152267	134278.864775	-0.038000	0.770000	0.576000	192.000000	0.000000	0.000000	0.000000	0.000000	0.000000	0.000000	0.000000	0.000000	0.000000	1733433152.578607	0.000000
127.000000	88992.665886	20714.568581	187500.000000	187500.000000	87266.641827	102934.946470	112380.726621	134267.845365	-0.038000	0.770000	0.576000	192.000000	0.000000	0.000000	0.000000	0.000000	0.000000	0.000000	0.000000	0.000000	0.000000	1733433152.581564	0.000000
128.000000	88985.960363	20712.042834	187500.000000	187500.000000	87253.677816	102930.140845	112374.714002	134284.184490	-0.038000	0.770000	0.576000	192.000000	0.000000	0.000000	0.000000	0.000000	0.000000	0.000000	0.000000	0.000000	0.000000	1733433152.585660	0.000000
129.000000	88990.318953	20717.049625	187500.000000	187500.000000	87254.907162	102943.283670	112366.443857	134244.934826	-0.038000	0.770000	0.576000	192.000000	0.000000	0.000000	0.000000	0.000000	0.000000	0.000000	0.000000	0.000000	0.000000	1733433152.589605	0.000000
130.000000	88998.589098	20722.257581	187500.000000	187500.000000	87258.930476	102954.079563	112375.026926	134239.346890	-0.030000	0.772000	0.576000	192.000000	255.000000	16.000000	24.000000	32.000000	18.000000	0.000000	0.000000	0.000000	0.000000	1733433152.594602	0.000000
131.000000	88991.257726	20716.133203	187500.000000	187500.000000	87250.772089	102933.560662	112365.438028	134234.496562	-0.030000	0.772000	0.576000	192.000000	0.000000	0.000000	0.000000	0.000000	0.000000	0.000000	0.000000	0.000000	0.000000	1733433152.598411	0.000000
132.000000	88995.303392	20720.089462	187500.000000	187500.000000	87254.214258	102927.525690	112370.824798	134225.980547	-0.030000	0.772000	0.576000	192.000000	0.000000	0.000000	0.000000	0.000000	0.000000	0.000000	0.000000	0.000000	0.000000	1733433152.602409	0.000000
133.000000	88998.745560	20720.782366	187500.000000	187500.000000	87265.926572	102941.964917	112391.008424	134258.636446	-0.030000	0.772000	0.576000	192.000000	0.000000	0.000000	0.000000	0.000000	0.000000	0.000000	0.000000	0.000000	0.000000	1733433152.606405	0.000000
134.000000	88990.877746	20714.412119	187500.000000	187500.000000	87256.717653	102928.866795	112382.738278	134258.278818	-0.030000	0.772000	0.576000	192.000000	0.000000	0.000000	0.000000	0.000000	0.000000	0.000000	0.000000	0.000000	0.000000	1733433152.609691	0.000000
135.000000	88990.408360	20721.139994	187500.000000	187500.000000	87261.858554	102940.601461	112389.823781	134241.179733	-0.030000	0.772000	0.576000	192.000000	0.000000	0.000000	0.000000	0.000000	0.000000	0.000000	0.000000	0.000000	0.000000	1733433152.613667	0.000000
136.000000	88975.298581	20708.198334	187500.000000	187500.000000	87247.866362	102929.783217	112382.403002	134247.326463	-0.030000	0.772000	0.576000	192.000000	0.000000	0.000000	0.000000	0.000000	0.000000	0.000000	0.000000	0.000000	0.000000	1733433152.617675	0.000000
137.000000	88976.527927	20703.906799	187500.000000	187500.000000	87246.011167	102929.827920	112379.161999	134230.808524	-0.030000	0.772000	0.576000	192.000000	0.000000	0.000000	0.000000	0.000000	0.000000	0.000000	0.000000	0.000000	0.000000	1733433152.621756	0.000000
138.000000	88985.781549	20715.730872	187500.000000	187500.000000	87247.709900	102932.912461	112382.425354	134235.167114	-0.030000	0.772000	0.576000	192.000000	0.000000	0.000000	0.000000	0.000000	0.000000	0.000000	0.000000	0.000000	0.000000	1733433152.626503	0.000000
139.000000	88986.787377	20713.898029	187500.000000	187500.000000	87246.346443	102923.748246	112380.279586	134241.380899	-0.030000	0.772000	0.576000	192.000000	0.000000	0.000000	0.000000	0.000000	0.000000	0.000000	0.000000	0.000000	0.000000	1733433152.630436	0.000000
140.000000	88993.001162	20716.446127	187500.000000	187500.000000	87254.974217	102926.564565	112385.487543	134234.205989	-0.036000	0.766000	0.578000	192.000000	254.000000	224.000000	23.000000	240.000000	18.000000	16.000000	0.000000	0.000000	0.000000	1733433152.634432	0.000000
141.000000	88996.532738	20718.591895	187500.000000	187500.000000	87261.925609	102935.102932	112394.249427	134255.440146	-0.036000	0.766000	0.578000	192.000000	0.000000	0.000000	0.000000	0.000000	0.000000	0.000000	0.000000	0.000000	0.000000	1733433152.637476	0.000000
142.000000	88997.359752	20720.335331	187500.000000	187500.000000	87262.082072	102937.740438	112394.361185	134262.592705	-0.036000	0.766000	0.578000	192.000000	0.000000	0.000000	0.000000	0.000000	0.000000	0.000000	0.000000	0.000000	0.000000	1733433152.641460	0.000000
143.000000	88988.977848	20712.065186	187500.000000	187500.000000	87250.816792	102932.845406	112389.376746	134244.219571	-0.036000	0.766000	0.578000	192.000000	0.000000	0.000000	0.000000	0.000000	0.000000	0.000000	0.000000	0.000000	0.000000	1733433152.645496	0.000000
144.000000	88983.881650	20709.807659	187500.000000	187500.000000	87247.687548	102934.387676	112381.285415	134232.753126	-0.036000	0.766000	0.578000	192.000000	0.000000	0.000000	0.000000	0.000000	0.000000	0.000000	0.000000	0.000000	0.000000	1733433152.649477	0.000000
145.000000	88978.249011	20705.314959	187500.000000	187500.000000	87244.401842	102929.850272	112372.791752	134238.519876	-0.036000	0.766000	0.578000	192.000000	0.000000	0.000000	0.000000	0.000000	0.000000	0.000000	0.000000	0.000000	0.000000	1733433152.654548	0.000000
146.000000	88983.278153	20704.040909	187500.000000	187500.000000	87241.317301	102930.699638	112365.661545	134246.365338	-0.036000	0.766000	0.578000	192.000000	0.000000	0.000000	0.000000	0.000000	0.000000	0.000000	0.000000	0.000000	0.000000	1733433152.658581	0.000000
147.000000	88982.987581	20699.972892	187500.000000	187500.000000	87234.052984	102928.553871	112361.325307	134228.685108	-0.036000	0.766000	0.578000	192.000000	0.000000	0.000000	0.000000	0.000000	0.000000	0.000000	0.000000	0.000000	0.000000	1733433152.661719	0.000000
148.000000	88981.668828	20700.665796	187500.000000	187500.000000	87229.157952	102925.558737	112367.896720	134218.827989	-0.036000	0.766000	0.578000	192.000000	0.000000	0.000000	0.000000	0.000000	0.000000	0.000000	0.000000	0.000000	0.000000	1733433152.665837	0.000000
149.000000	88989.760159	20715.417947	187500.000000	187500.000000	87235.461144	102938.254528	112377.262101	134227.656928	-0.036000	0.766000	0.578000	192.000000	0.000000	0.000000	0.000000	0.000000	0.000000	0.000000	0.000000	0.000000	0.000000	1733433152.669548	0.000000
150.000000	89004.557014	20732.986418	187500.000000	187500.000000	87250.302702	102959.980423	112393.131839	134254.635484	-0.044000	0.772000	0.580000	192.000000	254.000000	160.000000	24.000000	32.000000	18.000000	32.000000	0.000000	0.000000	0.000000	1733433152.673549	0.000000
151.000000	89006.211043	20727.040854	187500.000000	187500.000000	87248.894542	102958.192284	112393.489467	134289.593612	-0.044000	0.772000	0.580000	192.000000	0.000000	0.000000	0.000000	0.000000	0.000000	0.000000	0.000000	0.000000	0.000000	1733433152.677557	0.000000
152.000000	89005.026401	20718.860116	187500.000000	187500.000000	87250.168592	102960.740383	112398.585665	134283.379827	-0.044000	0.772000	0.580000	192.000000	0.000000	0.000000	0.000000	0.000000	0.000000	0.000000	0.000000	0.000000	0.000000	1733433152.682539	0.000000
153.000000	88988.799034	20707.058395	187500.000000	187500.000000	87243.910103	102945.429438	112387.253331	134230.786172	-0.044000	0.772000	0.580000	192.000000	0.000000	0.000000	0.000000	0.000000	0.000000	0.000000	0.000000	0.000000	0.000000	1733433152.686776	0.000000
154.000000	88986.072121	20703.996206	187500.000000	187500.000000	87246.324092	102936.242871	112379.609034	134231.747297	-0.044000	0.772000	0.580000	192.000000	0.000000	0.000000	0.000000	0.000000	0.000000	0.000000	0.000000	0.000000	0.000000	1733433152.689789	0.000000
155.000000	88981.959400	20687.724136	187500.000000	187500.000000	87238.679795	102916.729798	112367.717906	134219.811466	-0.044000	0.772000	0.580000	192.000000	0.000000	0.000000	0.000000	0.000000	0.000000	0.000000	0.000000	0.000000	0.000000	1733433152.693718	0.000000
156.000000	88983.144043	20692.060374	187500.000000	187500.000000	87240.043252	102914.315810	112364.901586	134219.856169	-0.044000	0.772000	0.580000	192.000000	0.000000	0.000000	0.000000	0.000000	0.000000	0.000000	0.000000	0.000000	0.000000	1733433152.697730	0.000000
157.000000	88983.434616	20689.691089	187500.000000	187500.000000	87237.651615	102909.688998	112358.911319	134248.287588	-0.044000	0.772000	0.580000	192.000000	0.000000	0.000000	0.000000	0.000000	0.000000	0.000000	0.000000	0.000000	0.000000	1733433152.701689	0.000000
158.000000	88981.601772	20691.278063	187500.000000	187500.000000	87230.566112	102903.296400	112357.369048	134289.146577	-0.044000	0.772000	0.580000	192.000000	0.000000	0.000000	0.000000	0.000000	0.000000	0.000000	0.000000	0.000000	0.000000	1733433152.705541	0.000000
159.000000	88979.411302	20688.998185	187500.000000	187500.000000	87229.493228	102910.560716	112368.276700	134246.566504	-0.044000	0.772000	0.580000	192.000000	0.000000	0.000000	0.000000	0.000000	0.000000	0.000000	0.000000	0.000000	0.000000	1733433152.710561	0.000000
160.000000	88977.958438	20686.628900	187500.000000	187500.000000	87233.695356	102926.452807	112371.763572	134211.630727	-0.058000	0.762000	0.576000	192.000000	254.000000	48.000000	23.000000	208.000000	18.000000	0.000000	0.000000	0.000000	0.000000	1733433152.714561	0.000000
161.000000	88977.421996	20685.556017	187500.000000	187500.000000	87232.577769	102930.789045	112369.349583	134221.689012	-0.058000	0.762000	0.576000	192.000000	0.000000	0.000000	0.000000	0.000000	0.000000	0.000000	0.000000	0.000000	0.000000	1733433152.717561	0.000000
162.000000	88974.873897	20687.433563	187500.000000	187500.000000	87230.856685	102918.137958	112363.985165	134224.952367	-0.058000	0.762000	0.576000	192.000000	0.000000	0.000000	0.000000	0.000000	0.000000	0.000000	0.000000	0.000000	0.000000	1733433152.721671	0.000000
163.000000	88981.490014	20693.893217	187500.000000	187500.000000	87238.165705	102911.611248	112370.824798	134219.565597	-0.058000	0.762000	0.576000	192.000000	0.000000	0.000000	0.000000	0.000000	0.000000	0.000000	0.000000	0.000000	0.000000	1733433152.725890	0.000000
164.000000	88979.679522	20688.640557	187500.000000	187500.000000	87229.627339	102908.839632	112370.713040	134219.185617	-0.058000	0.762000	0.576000	192.000000	0.000000	0.000000	0.000000	0.000000	0.000000	0.000000	0.000000	0.000000	0.000000	1733433152.729798	0.000000
165.000000	88984.395741	20691.143953	187500.000000	187500.000000	87228.755621	102910.828937	112378.782019	134225.444105	-0.058000	0.762000	0.576000	192.000000	0.000000	0.000000	0.000000	0.000000	0.000000	0.000000	0.000000	0.000000	0.000000	1733433152.733688	0.000000
166.000000	88987.435578	20697.111869	187500.000000	187500.000000	87239.104478	102922.205975	112375.697479	134227.522818	-0.058000	0.762000	0.576000	192.000000	0.000000	0.000000	0.000000	0.000000	0.000000	0.000000	0.000000	0.000000	0.000000	1733433152.737594	0.000000
167.000000	88981.042979	20702.252770	187500.000000	187500.000000	87235.237626	102927.123359	112375.183389	134244.532495	-0.058000	0.762000	0.576000	192.000000	0.000000	0.000000	0.000000	0.000000	0.000000	0.000000	0.000000	0.000000	0.000000	1733433152.742907	0.000000
168.000000	88979.120729	20701.895142	187500.000000	187500.000000	87236.690490	102911.879469	112370.891854	134237.536399	-0.058000	0.762000	0.576000	192.000000	0.000000	0.000000	0.000000	0.000000	0.000000	0.000000	0.000000	0.000000	0.000000	1733433152.745663	0.000000
169.000000	88974.471566	20694.384956	187500.000000	187500.000000	87234.790592	102911.521841	112365.952118	134208.725000	-0.058000	0.762000	0.576000	192.000000	0.000000	0.000000	0.000000	0.000000	0.000000	0.000000	0.000000	0.000000	0.000000	1733433152.749648	0.000000
170.000000	88972.839889	20696.061337	187500.000000	187500.000000	87230.566112	102905.732740	112360.297127	134219.722059	-0.058000	0.776000	0.580000	192.000000	254.000000	48.000000	24.000000	64.000000	18.000000	32.000000	0.000000	0.000000	0.000000	1733433152.753907	0.000000
171.000000	88974.784490	20698.050642	187500.000000	187500.000000	87223.704126	102904.771615	112354.284508	134231.769649	-0.058000	0.776000	0.580000	192.000000	0.000000	0.000000	0.000000	0.000000	0.000000	0.000000	0.000000	0.000000	0.000000	1733433152.757831	0.000000
172.000000	88974.449214	20692.038023	187500.000000	187500.000000	87220.999565	102905.643333	112349.411827	134222.873655	-0.058000	0.776000	0.580000	192.000000	0.000000	0.000000	0.000000	0.000000	0.000000	0.000000	0.000000	0.000000	0.000000	1733433152.761870	0.000000
173.000000	88968.615409	20689.087592	187500.000000	187500.000000	87218.473818	102908.280839	112351.512891	134225.779381	-0.058000	0.776000	0.580000	192.000000	0.000000	0.000000	0.000000	0.000000	0.000000	0.000000	0.000000	0.000000	0.000000	1733433152.765880	0.000000
174.000000	88955.874915	20685.824238	187500.000000	187500.000000	87207.297946	102889.997112	112341.544013	134221.733716	-0.058000	0.776000	0.580000	192.000000	0.000000	0.000000	0.000000	0.000000	0.000000	0.000000	0.000000	0.000000	0.000000	1733433152.770694	0.000000
175.000000	88964.457985	20679.342232	187500.000000	187500.000000	87207.141484	102897.887277	112342.728656	134215.385820	-0.058000	0.776000	0.580000	192.000000	0.000000	0.000000	0.000000	0.000000	0.000000	0.000000	0.000000	0.000000	0.000000	1733433152.773687	0.000000
176.000000	88971.878764	20686.070107	187500.000000	187500.000000	87221.379545	102910.091330	112361.705287	134199.873710	-0.058000	0.776000	0.580000	192.000000	0.000000	0.000000	0.000000	0.000000	0.000000	0.000000	0.000000	0.000000	0.000000	1733433152.776795	0.000000
177.000000	88978.941915	20694.384956	187500.000000	187500.000000	87226.855722	102910.404254	112365.974470	134205.394591	-0.058000	0.776000	0.580000	192.000000	0.000000	0.000000	0.000000	0.000000	0.000000	0.000000	0.000000	0.000000	0.000000	1733433152.781689	0.000000
178.000000	88978.181956	20690.026366	187500.000000	187500.000000	87228.465048	102917.154481	112375.161037	134211.854245	-0.058000	0.776000	0.580000	192.000000	0.000000	0.000000	0.000000	0.000000	0.000000	0.000000	0.000000	0.000000	0.000000	1733433152.785756	0.000000
179.000000	88967.564877	20678.738735	187500.000000	187500.000000	87224.173513	102916.238060	112371.964737	134218.000974	-0.058000	0.776000	0.580000	192.000000	0.000000	0.000000	0.000000	0.000000	0.000000	0.000000	0.000000	0.000000	0.000000	1733433152.789786	0.000000
180.000000	88969.017740	20683.186732	187500.000000	187500.000000	87217.132713	102911.253621	112364.208682	134243.347853	-0.054000	0.772000	0.578000	192.000000	254.000000	80.000000	24.000000	32.000000	18.000000	16.000000	0.000000	0.000000	0.000000	1733433152.793853	0.000000
181.000000	88973.711607	20687.411211	187500.000000	187500.000000	87215.948071	102921.624830	112368.075534	134255.596609	-0.054000	0.772000	0.578000	192.000000	0.000000	0.000000	0.000000	0.000000	0.000000	0.000000	0.000000	0.000000	0.000000	1733433152.798103	0.000000
182.000000	88971.856412	20686.248921	187500.000000	187500.000000	87221.513655	102915.388693	112375.742182	134230.875579	-0.054000	0.772000	0.578000	192.000000	0.000000	0.000000	0.000000	0.000000	0.000000	0.000000	0.000000	0.000000	0.000000	1733433152.800767	0.000000
183.000000	88970.224735	20688.059412	187500.000000	187500.000000	87229.493228	102918.897917	112385.398136	134214.447047	-0.054000	0.772000	0.578000	192.000000	0.000000	0.000000	0.000000	0.000000	0.000000	0.000000	0.000000	0.000000	0.000000	1733433152.804723	0.000000
184.000000	88968.973037	20689.825200	187500.000000	187500.000000	87227.258054	102921.535423	112383.028851	134228.483943	-0.054000	0.772000	0.578000	192.000000	0.000000	0.000000	0.000000	0.000000	0.000000	0.000000	0.000000	0.000000	0.000000	1733433152.809930	0.000000
185.000000	88973.599848	20689.601682	187500.000000	187500.000000	87228.308586	102931.660763	112382.850037	134218.872692	-0.054000	0.772000	0.578000	192.000000	0.000000	0.000000	0.000000	0.000000	0.000000	0.000000	0.000000	0.000000	0.000000	1733433152.813733	0.000000
186.000000	88971.029397	20685.310147	187500.000000	187500.000000	87227.101591	102924.619964	112379.541979	134226.114658	-0.054000	0.772000	0.578000	192.000000	0.000000	0.000000	0.000000	0.000000	0.000000	0.000000	0.000000	0.000000	0.000000	1733433152.817768	0.000000
187.000000	88962.423976	20676.436505	187500.000000	187500.000000	87220.016088	102908.146728	112364.901586	134222.225454	-0.054000	0.772000	0.578000	192.000000	0.000000	0.000000	0.000000	0.000000	0.000000	0.000000	0.000000	0.000000	0.000000	1733433152.821749	0.000000
188.000000	88962.043996	20674.067220	187500.000000	187500.000000	87214.651670	102914.472272	112368.611976	134208.143855	-0.054000	0.772000	0.578000	192.000000	0.000000	0.000000	0.000000	0.000000	0.000000	0.000000	0.000000	0.000000	0.000000	1733433152.825899	0.000000
189.000000	88965.597923	20677.777610	187500.000000	187500.000000	87217.937376	102919.143786	112375.786886	134237.022309	-0.054000	0.772000	0.578000	192.000000	0.000000	0.000000	0.000000	0.000000	0.000000	0.000000	0.000000	0.000000	0.000000	1733433152.829075	0.000000
190.000000	88964.592095	20675.117752	187500.000000	187500.000000	87214.696373	102931.414894	112383.185313	134247.102946	-0.048000	0.772000	0.578000	192.000000	254.000000	128.000000	24.000000	32.000000	18.000000	16.000000	0.000000	0.000000	0.000000	1733433152.833006	0.000000
191.000000	88965.776737	20680.303357	187500.000000	187500.000000	87212.461199	102923.703542	112367.092057	134224.259463	-0.048000	0.772000	0.578000	192.000000	0.000000	0.000000	0.000000	0.000000	0.000000	0.000000	0.000000	0.000000	0.000000	1733433152.838016	0.000000
192.000000	88960.747595	20674.916586	187500.000000	187500.000000	87210.293080	102905.956257	112359.134836	134204.567576	-0.048000	0.772000	0.578000	192.000000	0.000000	0.000000	0.000000	0.000000	0.000000	0.000000	0.000000	0.000000	0.000000	1733433152.841782	0.000000
193.000000	88967.766043	20679.342232	187500.000000	187500.000000	87225.827542	102909.688998	112372.076496	134198.577308	-0.048000	0.772000	0.578000	192.000000	0.000000	0.000000	0.000000	0.000000	0.000000	0.000000	0.000000	0.000000	0.000000	1733433152.845793	0.000000
194.000000	88973.130461	20683.030270	187500.000000	187500.000000	87231.728403	102905.375112	112373.797580	134226.539341	-0.048000	0.772000	0.578000	192.000000	0.000000	0.000000	0.000000	0.000000	0.000000	0.000000	0.000000	0.000000	0.000000	1733433152.849808	0.000000
195.000000	88970.984694	20678.157589	187500.000000	187500.000000	87227.123943	102916.998019	112380.346642	134221.823123	-0.048000	0.772000	0.578000	192.000000	0.000000	0.000000	0.000000	0.000000	0.000000	0.000000	0.000000	0.000000	0.000000	1733433152.852826	0.000000
196.000000	88972.996351	20679.699860	187500.000000	187500.000000	87227.056888	102924.508205	112379.720793	134205.752218	-0.048000	0.772000	0.578000	192.000000	0.000000	0.000000	0.000000	0.000000	0.000000	0.000000	0.000000	0.000000	0.000000	1733433152.856835	0.000000
197.000000	88971.521136	20684.214912	187500.000000	187500.000000	87216.015126	102900.413024	112357.771380	134224.035945	-0.048000	0.772000	0.578000	192.000000	0.000000	0.000000	0.000000	0.000000	0.000000	0.000000	0.000000	0.000000	0.000000	1733433152.860819	0.000000
198.000000	88974.225697	20686.986528	187500.000000	187500.000000	87225.782839	102913.533498	112366.421505	134213.687088	-0.048000	0.772000	0.578000	192.000000	0.000000	0.000000	0.000000	0.000000	0.000000	0.000000	0.000000	0.000000	0.000000	1733433152.865917	0.000000
199.000000	88972.236392	20676.682374	187500.000000	187500.000000	87223.234740	102934.052400	112374.199912	134222.493675	-0.048000	0.772000	0.578000	192.000000	0.000000	0.000000	0.000000	0.000000	0.000000	0.000000	0.000000	0.000000	0.000000	1733433152.870098	0.000000
200.000000	88964.122708	20671.854397	187500.000000	187500.000000	87225.291100	102913.086464	112367.539092	134216.816332	-0.042000	0.766000	0.580000	192.000000	254.000000	176.000000	23.000000	240.000000	18.000000	32.000000	0.000000	0.000000	0.000000	1733433152.874208	0.000000
201.000000	88964.234467	20677.755258	187500.000000	187500.000000	87220.731344	102895.205068	112364.231034	134206.065143	-0.042000	0.766000	0.580000	192.000000	0.000000	0.000000	0.000000	0.000000	0.000000	0.000000	0.000000	0.000000	0.000000	1733433152.878011	0.000000
202.000000	88958.512420	20672.971985	187500.000000	187500.000000	87216.663327	102886.666702	112354.619784	134222.001937	-0.042000	0.766000	0.580000	192.000000	0.000000	0.000000	0.000000	0.000000	0.000000	0.000000	0.000000	0.000000	0.000000	1733433152.880814	0.000000
203.000000	88957.864220	20670.178016	187500.000000	187500.000000	87220.373716	102888.633655	112357.816083	134221.331384	-0.042000	0.766000	0.580000	192.000000	0.000000	0.000000	0.000000	0.000000	0.000000	0.000000	0.000000	0.000000	0.000000	1733433152.884803	0.000000
204.000000	88962.155755	20671.519121	187500.000000	187500.000000	87221.960690	102892.835783	112358.441932	134188.966058	-0.042000	0.766000	0.580000	192.000000	0.000000	0.000000	0.000000	0.000000	0.000000	0.000000	0.000000	0.000000	0.000000	1733433152.888910	0.000000
205.000000	88956.657226	20665.484150	187500.000000	187500.000000	87226.475743	102888.186620	112356.050295	134182.573459	-0.042000	0.766000	0.580000	192.000000	0.000000	0.000000	0.000000	0.000000	0.000000	0.000000	0.000000	0.000000	0.000000	1733433152.893125	0.000000
206.000000	88962.714548	20675.743601	187500.000000	187500.000000	87234.678833	102892.299341	112360.230072	134191.312992	-0.042000	0.766000	0.580000	192.000000	0.000000	0.000000	0.000000	0.000000	0.000000	0.000000	0.000000	0.000000	0.000000	1733433152.897851	0.000000
207.000000	88968.414243	20688.573502	187500.000000	187500.000000	87242.568999	102907.967914	112371.875330	134197.437370	-0.042000	0.766000	0.580000	192.000000	0.000000	0.000000	0.000000	0.000000	0.000000	0.000000	0.000000	0.000000	0.000000	1733433152.901934	0.000000
208.000000	88968.771871	20685.623072	187500.000000	187500.000000	87244.535952	102905.866850	112375.764534	134209.574367	-0.042000	0.766000	0.580000	192.000000	0.000000	0.000000	0.000000	0.000000	0.000000	0.000000	0.000000	0.000000	0.000000	1733433152.905180	0.000000
209.000000	88960.881705	20672.390839	187500.000000	187500.000000	87229.448525	102896.948504	112364.633365	134238.765745	-0.042000	0.766000	0.580000	192.000000	0.000000	0.000000	0.000000	0.000000	0.000000	0.000000	0.000000	0.000000	0.000000	1733433152.909262	0.000000
210.000000	88967.117842	20671.653232	187500.000000	187500.000000	87224.754658	102894.400405	112358.151359	134249.025196	-0.046000	0.768000	0.576000	192.000000	254.000000	144.000000	24.000000	0.000000	18.000000	0.000000	0.000000	0.000000	0.000000	1733433152.915469	0.000000
211.000000	88968.660112	20677.040002	187500.000000	187500.000000	87232.086030	102890.600609	112360.274775	134228.998033	-0.046000	0.768000	0.576000	192.000000	0.000000	0.000000	0.000000	0.000000	0.000000	0.000000	0.000000	0.000000	0.000000	1733433152.917501	0.000000
212.000000	88966.849621	20683.432601	187500.000000	187500.000000	87237.293987	102899.295437	112365.818008	134194.375181	-0.046000	0.768000	0.576000	192.000000	0.000000	0.000000	0.000000	0.000000	0.000000	0.000000	0.000000	0.000000	0.000000	1733433152.920877	0.000000
213.000000	88953.215057	20671.854397	187500.000000	187500.000000	87228.286234	102889.415966	112355.960888	134180.494747	-0.046000	0.768000	0.576000	192.000000	0.000000	0.000000	0.000000	0.000000	0.000000	0.000000	0.000000	0.000000	0.000000	1733433152.926191	0.000000
214.000000	88946.755403	20659.248013	187500.000000	187500.000000	87223.122981	102880.564675	112349.098903	134186.686180	-0.046000	0.768000	0.576000	192.000000	0.000000	0.000000	0.000000	0.000000	0.000000	0.000000	0.000000	0.000000	0.000000	1733433152.929925	0.000000
215.000000	88946.867162	20662.466665	187500.000000	187500.000000	87218.652632	102875.133201	112346.304935	134199.761951	-0.046000	0.768000	0.576000	192.000000	0.000000	0.000000	0.000000	0.000000	0.000000	0.000000	0.000000	0.000000	0.000000	1733433152.932877	0.000000
216.000000	88949.169391	20668.568691	187500.000000	187500.000000	87219.054963	102876.451954	112350.060028	134212.994184	-0.046000	0.768000	0.576000	192.000000	0.000000	0.000000	0.000000	0.000000	0.000000	0.000000	0.000000	0.000000	0.000000	1733433152.936932	0.000000
217.000000	88945.503705	20667.674621	187500.000000	187500.000000	87209.197844	102868.047699	112344.539147	134206.780399	-0.046000	0.768000	0.576000	192.000000	0.000000	0.000000	0.000000	0.000000	0.000000	0.000000	0.000000	0.000000	0.000000	1733433152.940908	0.000000
218.000000	88942.217999	20660.007973	187500.000000	187500.000000	87202.380562	102865.387841	112341.879289	134181.075893	-0.046000	0.768000	0.576000	192.000000	0.000000	0.000000	0.000000	0.000000	0.000000	0.000000	0.000000	0.000000	0.000000	1733433152.944944	0.000000
219.000000	88933.590225	20643.870013	187500.000000	187500.000000	87191.070579	102867.041870	112342.125159	134195.760989	-0.046000	0.768000	0.576000	192.000000	0.000000	0.000000	0.000000	0.000000	0.000000	0.000000	0.000000	0.000000	0.000000	1733433152.949202	0.000000
220.000000	88929.768077	20636.516289	187500.000000	187500.000000	87183.515690	102877.033100	112341.812234	134204.567576	-0.058000	0.766000	0.572000	192.000000	254.000000	48.000000	23.000000	240.000000	17.000000	224.000000	0.000000	0.000000	0.000000	1733433152.954087	0.000000
221.000000	88927.823475	20634.728150	187500.000000	187500.000000	87184.566222	102869.902893	112339.040618	134219.006803	-0.058000	0.766000	0.572000	192.000000	0.000000	0.000000	0.000000	0.000000	0.000000	0.000000	0.000000	0.000000	0.000000	1733433152.958196	0.000000
222.000000	88928.292862	20646.485167	187500.000000	187500.000000	87181.571088	102872.920379	112325.875440	134198.711419	-0.058000	0.766000	0.572000	192.000000	0.000000	0.000000	0.000000	0.000000	0.000000	0.000000	0.000000	0.000000	0.000000	1733433152.961042	0.000000
223.000000	88932.316176	20653.078932	187500.000000	187500.000000	87190.265917	102856.760068	112326.993028	134187.714361	-0.058000	0.766000	0.572000	192.000000	0.000000	0.000000	0.000000	0.000000	0.000000	0.000000	0.000000	0.000000	0.000000	1733433152.965014	0.000000
224.000000	88934.931330	20650.664944	187500.000000	187500.000000	87200.681830	102845.070105	112343.354505	134183.758102	-0.058000	0.766000	0.572000	192.000000	0.000000	0.000000	0.000000	0.000000	0.000000	0.000000	0.000000	0.000000	0.000000	1733433152.968975	0.000000
225.000000	88927.912882	20641.813653	187500.000000	187500.000000	87197.172606	102843.840759	112340.448778	134174.839756	-0.058000	0.766000	0.572000	192.000000	0.000000	0.000000	0.000000	0.000000	0.000000	0.000000	0.000000	0.000000	0.000000	1733433152.972965	0.000000
226.000000	88923.196664	20643.355923	187500.000000	187500.000000	87194.736266	102850.903911	112336.380760	134172.962209	-0.058000	0.766000	0.572000	192.000000	0.000000	0.000000	0.000000	0.000000	0.000000	0.000000	0.000000	0.000000	0.000000	1733433152.976968	0.000000
227.000000	88925.185969	20651.938993	187500.000000	187500.000000	87187.628411	102851.507408	112331.329266	134170.771738	-0.058000	0.766000	0.572000	192.000000	0.000000	0.000000	0.000000	0.000000	0.000000	0.000000	0.000000	0.000000	0.000000	1733433152.981984	0.000000
228.000000	88921.699097	20630.168394	187500.000000	187500.000000	87174.887916	102839.191596	112327.954153	134174.079797	-0.058000	0.766000	0.572000	192.000000	0.000000	0.000000	0.000000	0.000000	0.000000	0.000000	0.000000	0.000000	0.000000	1733433152.985974	0.000000
229.000000	88908.668030	20614.276304	187500.000000	187500.000000	87158.414681	102825.154701	112315.638341	134190.687143	-0.058000	0.766000	0.572000	192.000000	0.000000	0.000000	0.000000	0.000000	0.000000	0.000000	0.000000	0.000000	0.000000	1733433152.989134	0.000000
230.000000	88906.008173	20610.632969	187500.000000	187500.000000	87140.287416	102815.521099	112304.440117	134166.167279	-0.054000	0.774000	0.576000	192.000000	254.000000	80.000000	24.000000	48.000000	18.000000	0.000000	0.000000	0.000000	0.000000	1733433152.993149	0.000000
231.000000	88907.237519	20613.695158	187500.000000	187500.000000	87141.583817	102819.186785	112305.982388	134149.626988	-0.054000	0.774000	0.576000	192.000000	0.000000	0.000000	0.000000	0.000000	0.000000	0.000000	0.000000	0.000000	0.000000	1733433152.997310	0.000000
232.000000	88907.014001	20620.445385	187500.000000	187500.000000	87145.316559	102827.948669	112316.644170	134150.431651	-0.054000	0.774000	0.576000	192.000000	0.000000	0.000000	0.000000	0.000000	0.000000	0.000000	0.000000	0.000000	0.000000	1733433153.001613	0.000000
233.000000	88905.918766	20620.043054	187500.000000	187500.000000	87149.406928	102829.178015	112316.197135	134161.786337	-0.054000	0.774000	0.576000	192.000000	0.000000	0.000000	0.000000	0.000000	0.000000	0.000000	0.000000	0.000000	0.000000	1733433153.005035	0.000000
234.000000	88908.109237	20619.216039	187500.000000	187500.000000	87157.230038	102834.251861	112318.141737	134172.962209	-0.054000	0.774000	0.576000	192.000000	0.000000	0.000000	0.000000	0.000000	0.000000	0.000000	0.000000	0.000000	0.000000	1733433153.010145	0.000000
235.000000	88905.717600	20616.444423	187500.000000	187500.000000	87167.176565	102840.867977	112323.707321	134170.481166	-0.054000	0.774000	0.576000	192.000000	0.000000	0.000000	0.000000	0.000000	0.000000	0.000000	0.000000	0.000000	0.000000	1733433153.014062	0.000000
236.000000	88896.441626	20612.823440	187500.000000	187500.000000	87170.842251	102841.806751	112322.187403	134164.848526	-0.054000	0.774000	0.576000	192.000000	0.000000	0.000000	0.000000	0.000000	0.000000	0.000000	0.000000	0.000000	0.000000	1733433153.017050	0.000000
237.000000	88895.055818	20618.679597	187500.000000	187500.000000	87169.635256	102847.595852	112318.387606	134174.124500	-0.054000	0.774000	0.576000	192.000000	0.000000	0.000000	0.000000	0.000000	0.000000	0.000000	0.000000	0.000000	0.000000	1733433153.021084	0.000000
238.000000	88893.804120	20620.847716	187500.000000	187500.000000	87160.582800	102842.186730	112317.270019	134198.577308	-0.054000	0.774000	0.576000	192.000000	0.000000	0.000000	0.000000	0.000000	0.000000	0.000000	0.000000	0.000000	0.000000	1733433153.025230	0.000000
239.000000	88889.043199	20608.464850	187500.000000	187500.000000	87148.021120	102838.453989	112306.474126	134196.051561	-0.054000	0.774000	0.576000	192.000000	0.000000	0.000000	0.000000	0.000000	0.000000	0.000000	0.000000	0.000000	0.000000	1733433153.029080	0.000000
240.000000	88888.305591	20606.609655	187500.000000	187500.000000	87141.472058	102827.792207	112296.527600	134184.272192	-0.054000	0.774000	0.576000	192.000000	0.000000	0.000000	0.000000	0.000000	0.000000	0.000000	0.000000	0.000000	0.000000	1733433153.033246	0.000000
241.000000	88889.222013	20604.150963	187500.000000	187500.000000	87146.724718	102832.731942	112308.374024	134156.734843	-0.040000	0.772000	0.582000	192.000000	254.000000	192.000000	24.000000	32.000000	18.000000	48.000000	0.000000	0.000000	0.000000	1733433153.038277	0.000000
242.000000	88888.819681	20606.319083	187500.000000	187500.000000	87142.924922	102839.012782	112306.921161	134128.705755	-0.040000	0.772000	0.582000	192.000000	0.000000	0.000000	0.000000	0.000000	0.000000	0.000000	0.000000	0.000000	0.000000	1733433153.041287	0.000000
243.000000	88876.526222	20588.571797	187500.000000	187500.000000	87130.810276	102816.348114	112291.207885	134127.923444	-0.040000	0.772000	0.582000	192.000000	0.000000	0.000000	0.000000	0.000000	0.000000	0.000000	0.000000	0.000000	0.000000	1733433153.044387	0.000000
244.000000	88873.173460	20585.509608	187500.000000	187500.000000	87128.284529	102809.664942	112285.284672	134132.952587	-0.040000	0.772000	0.582000	192.000000	0.000000	0.000000	0.000000	0.000000	0.000000	0.000000	0.000000	0.000000	0.000000	1733433153.049096	0.000000
245.000000	88872.346446	20588.482390	187500.000000	187500.000000	87131.436125	102811.631895	112290.269111	134134.114877	-0.040000	0.772000	0.582000	192.000000	0.000000	0.000000	0.000000	0.000000	0.000000	0.000000	0.000000	0.000000	0.000000	1733433153.053051	0.000000
246.000000	88872.324094	20589.778792	187500.000000	187500.000000	87127.390459	102807.407416	112285.977576	134133.556084	-0.040000	0.772000	0.582000	192.000000	0.000000	0.000000	0.000000	0.000000	0.000000	0.000000	0.000000	0.000000	0.000000	1733433153.057087	0.000000
247.000000	88872.391149	20588.594149	187500.000000	187500.000000	87115.566387	102806.200422	112272.097143	134132.684366	-0.040000	0.772000	0.582000	192.000000	0.000000	0.000000	0.000000	0.000000	0.000000	0.000000	0.000000	0.000000	0.000000	1733433153.061085	0.000000
248.000000	88871.027693	20587.320100	187500.000000	187500.000000	87115.611090	102815.319933	112276.008698	134132.930235	-0.040000	0.772000	0.582000	192.000000	0.000000	0.000000	0.000000	0.000000	0.000000	0.000000	0.000000	0.000000	0.000000	1733433153.066122	0.000000
249.000000	88869.910105	20592.572760	187500.000000	187500.000000	87115.141704	102816.616335	112279.584978	134133.779601	-0.040000	0.772000	0.582000	192.000000	0.000000	0.000000	0.000000	0.000000	0.000000	0.000000	0.000000	0.000000	0.000000	1733433153.069139	0.000000
250.000000	88871.184155	20589.622329	187500.000000	187500.000000	87117.868616	102817.666867	112280.277882	134149.649340	-0.040000	0.772000	0.582000	192.000000	0.000000	0.000000	0.000000	0.000000	0.000000	0.000000	0.000000	0.000000	0.000000	1733433153.072349	0.000000
251.000000	88869.977161	20583.676765	187500.000000	187500.000000	87122.942462	102811.520137	112272.275957	134153.069157	-0.046000	0.766000	0.576000	192.000000	254.000000	144.000000	23.000000	240.000000	18.000000	0.000000	0.000000	0.000000	0.000000	1733433153.077790	0.000000
252.000000	88870.737120	20583.565007	187500.000000	187500.000000	87114.314689	102811.296619	112260.183663	134134.427802	-0.046000	0.766000	0.576000	192.000000	0.000000	0.000000	0.000000	0.000000	0.000000	0.000000	0.000000	0.000000	0.000000	1733433153.081115	0.000000
253.000000	88862.623437	20580.636928	187500.000000	187500.000000	87098.020267	102798.444366	112244.492739	134146.140116	-0.046000	0.766000	0.576000	192.000000	0.000000	0.000000	0.000000	0.000000	0.000000	0.000000	0.000000	0.000000	0.000000	1733433153.085159	0.000000
254.000000	88860.276504	20583.363841	187500.000000	187500.000000	87097.126197	102800.120747	112253.724009	134129.376308	-0.046000	0.766000	0.576000	192.000000	0.000000	0.000000	0.000000	0.000000	0.000000	0.000000	0.000000	0.000000	0.000000	1733433153.089183	0.000000
255.000000	88861.505850	20574.691364	187500.000000	187500.000000	87106.268061	102803.875840	112262.485893	134123.408392	-0.046000	0.766000	0.576000	192.000000	0.000000	0.000000	0.000000	0.000000	0.000000	0.000000	0.000000	0.000000	0.000000	1733433153.093313	0.000000
0.000000	88867.138489	20576.211283	187500.000000	187500.000000	87109.911395	102816.169300	112267.760905	134132.214979	-0.046000	0.766000	0.576000	192.000000	0.000000	0.000000	0.000000	0.000000	0.000000	0.000000	0.000000	0.000000	0.000000	1733433153.097133	0.000000
1.000000	88864.255114	20568.388172	187500.000000	187500.000000	87103.898776	102809.106148	112261.077733	134144.799011	-0.046000	0.766000	0.576000	192.000000	0.000000	0.000000	0.000000	0.000000	0.000000	0.000000	0.000000	0.000000	0.000000	1733433153.100210	0.000000
2.000000	88864.925666	20567.829379	187500.000000	187500.000000	87103.407038	102801.104224	112254.461617	134115.294709	-0.046000	0.766000	0.576000	192.000000	0.000000	0.000000	0.000000	0.000000	0.000000	0.000000	0.000000	0.000000	0.000000	1733433153.105275	0.000000
3.000000	88863.003416	20567.672916	187500.000000	187500.000000	87094.555747	102801.752424	112249.432474	134103.940022	-0.046000	0.766000	0.576000	192.000000	0.000000	0.000000	0.000000	0.000000	0.000000	0.000000	0.000000	0.000000	0.000000	1733433153.109277	0.000000
4.000000	88854.308588	20560.989745	187500.000000	187500.000000	87090.420674	102792.945837	112245.297402	134089.858423	-0.046000	0.766000	0.576000	192.000000	0.000000	0.000000	0.000000	0.000000	0.000000	0.000000	0.000000	0.000000	0.000000	1733433153.113522	0.000000
5.000000	88845.144373	20550.931460	187500.000000	187500.000000	87084.385703	102788.810764	112241.050570	134093.792330	-0.056000	0.762000	0.584000	192.000000	254.000000	64.000000	23.000000	208.000000	18.000000	64.000000	0.000000	0.000000	0.000000	1733433153.117440	0.000000
6.000000	88851.112288	20561.034448	187500.000000	187500.000000	87097.126197	102804.859317	112254.193396	134115.652337	-0.056000	0.762000	0.584000	192.000000	0.000000	0.000000	0.000000	0.000000	0.000000	0.000000	0.000000	0.000000	0.000000	1733433153.122230	0.000000
7.000000	88850.866419	20556.273527	187500.000000	187500.000000	87096.992087	102809.463776	112250.818282	134127.297595	-0.056000	0.762000	0.584000	192.000000	0.000000	0.000000	0.000000	0.000000	0.000000	0.000000	0.000000	0.000000	0.000000	1733433153.125355	0.000000
8.000000	88844.339710	20551.959640	187500.000000	187500.000000	87090.130101	102795.404529	112241.609364	134117.351069	-0.056000	0.762000	0.584000	192.000000	0.000000	0.000000	0.000000	0.000000	0.000000	0.000000	0.000000	0.000000	0.000000	1733433153.128198	0.000000
9.000000	88840.070527	20548.539823	187500.000000	187500.000000	87077.501366	102780.451212	112234.657971	134116.859331	-0.056000	0.762000	0.584000	192.000000	0.000000	0.000000	0.000000	0.000000	0.000000	0.000000	0.000000	0.000000	0.000000	1733433153.133210	0.000000
10.000000	88837.008338	20545.388227	187500.000000	187500.000000	87081.502328	102776.584360	112233.652143	134089.701961	-0.056000	0.762000	0.584000	192.000000	0.000000	0.000000	0.000000	0.000000	0.000000	0.000000	0.000000	0.000000	0.000000	1733433153.137237	0.000000
11.000000	88834.728460	20543.577736	187500.000000	187500.000000	87084.363351	102778.260741	112232.780425	134074.078092	-0.056000	0.762000	0.584000	192.000000	0.000000	0.000000	0.000000	0.000000	0.000000	0.000000	0.000000	0.000000	0.000000	1733433153.141436	0.000000
12.000000	88830.258111	20541.677838	187500.000000	187500.000000	87079.401264	102774.282131	112227.348951	134071.753510	-0.056000	0.762000	0.584000	192.000000	0.000000	0.000000	0.000000	0.000000	0.000000	0.000000	0.000000	0.000000	0.000000	1733433153.145448	0.000000
13.000000	88829.967538	20539.733236	187500.000000	187500.000000	87079.401264	102769.364747	112225.180832	134074.882755	-0.056000	0.762000	0.584000	192.000000	0.000000	0.000000	0.000000	0.000000	0.000000	0.000000	0.000000	0.000000	0.000000	1733433153.150409	0.000000
14.000000	88831.710974	20541.700189	187500.000000	187500.000000	87078.395436	102773.633930	112230.187622	134088.025580	-0.056000	0.762000	0.584000	192.000000	0.000000	0.000000	0.000000	0.000000	0.000000	0.000000	0.000000	0.000000	0.000000	1733433153.153460	0.000000
15.000000	88820.870378	20530.501965	187500.000000	187500.000000	87062.637456	102770.571741	112220.330503	134087.757359	-0.062000	0.768000	0.580000	192.000000	254.000000	16.000000	24.000000	0.000000	18.000000	32.000000	0.000000	0.000000	0.000000	1733433153.156442	0.000000
16.000000	88816.131808	20523.125890	187500.000000	187500.000000	87063.620933	102767.531904	112213.490869	134084.002266	-0.062000	0.768000	0.580000	192.000000	0.000000	0.000000	0.000000	0.000000	0.000000	0.000000	0.000000	0.000000	0.000000	1733433153.161372	0.000000
17.000000	88811.214425	20519.057872	187500.000000	187500.000000	87063.643284	102762.323947	112206.047738	134072.781691	-0.062000	0.768000	0.580000	192.000000	0.000000	0.000000	0.000000	0.000000	0.000000	0.000000	0.000000	0.000000	0.000000	1733433153.165310	0.000000
18.000000	88807.481683	20516.353311	187500.000000	187500.000000	87056.155450	102750.633985	112199.185753	134065.182098	-0.062000	0.768000	0.580000	192.000000	0.000000	0.000000	0.000000	0.000000	0.000000	0.000000	0.000000	0.000000	0.000000	1733433153.169262	0.000000
19.000000	88807.325221	20514.051081	187500.000000	187500.000000	87056.446023	102746.454209	112202.605570	134071.194717	-0.062000	0.768000	0.580000	192.000000	0.000000	0.000000	0.000000	0.000000	0.000000	0.000000	0.000000	0.000000	0.000000	1733433153.173289	0.000000
20.000000	88794.182395	20502.048195	187500.000000	187500.000000	87043.593770	102738.385229	112196.145916	134051.011092	-0.062000	0.768000	0.580000	192.000000	0.000000	0.000000	0.000000	0.000000	0.000000	0.000000	0.000000	0.000000	0.000000	1733433153.176533	0.000000
21.000000	88783.900593	20490.291177	187500.000000	187500.000000	87032.574359	102727.857557	112179.203293	134068.244287	-0.062000	0.768000	0.580000	192.000000	0.000000	0.000000	0.000000	0.000000	0.000000	0.000000	0.000000	0.000000	0.000000	1733433153.180300	0.000000
22.000000	88796.059942	20501.578808	187500.000000	187500.000000	87037.670557	102739.636927	112187.875770	134095.334601	-0.062000	0.768000	0.580000	192.000000	0.000000	0.000000	0.000000	0.000000	0.000000	0.000000	0.000000	0.000000	0.000000	1733433153.184465	0.000000
23.000000	88799.949145	20503.970445	187500.000000	187500.000000	87054.859049	102749.337584	112193.195485	134046.428984	-0.062000	0.768000	0.580000	192.000000	0.000000	0.000000	0.000000	0.000000	0.000000	0.000000	0.000000	0.000000	0.000000	1733433153.189528	0.000000
24.000000	88795.523500	20502.472878	187500.000000	187500.000000	87053.316778	102739.368706	112191.988491	134042.696243	-0.062000	0.768000	0.580000	192.000000	0.000000	0.000000	0.000000	0.000000	0.000000	0.000000	0.000000	0.000000	0.000000	1733433153.193431	0.000000
25.000000	88791.254317	20496.661424	187500.000000	187500.000000	87043.191438	102733.087865	112183.450125	134033.755545	-0.054000	0.766000	0.578000	192.000000	254.000000	80.000000	23.000000	240.000000	18.000000	16.000000	0.000000	0.000000	0.000000	1733433153.197542	0.000000
26.000000	88784.906421	20485.999642	187500.000000	187500.000000	87037.715261	102728.572813	112177.124581	134036.728327	-0.054000	0.766000	0.578000	192.000000	0.000000	0.000000	0.000000	0.000000	0.000000	0.000000	0.000000	0.000000	0.000000	1733433153.201314	0.000000
27.000000	88779.586706	20480.434058	187500.000000	187500.000000	87040.889208	102731.255022	112173.257729	134038.516466	-0.054000	0.766000	0.578000	192.000000	0.000000	0.000000	0.000000	0.000000	0.000000	0.000000	0.000000	0.000000	0.000000	1733433153.204356	0.000000
28.000000	88769.416662	20473.817941	187500.000000	187500.000000	87029.936854	102715.564098	112162.618299	134027.273539	-0.054000	0.766000	0.578000	192.000000	0.000000	0.000000	0.000000	0.000000	0.000000	0.000000	0.000000	0.000000	0.000000	1733433153.208392	0.000000
29.000000	88769.573125	20473.326203	187500.000000	187500.000000	87022.516074	102717.396941	112154.750485	134030.626301	-0.054000	0.766000	0.578000	192.000000	0.000000	0.000000	0.000000	0.000000	0.000000	0.000000	0.000000	0.000000	0.000000	1733433153.212372	0.000000
30.000000	88765.460404	20469.973441	187500.000000	187500.000000	87017.196359	102700.588429	112148.469645	134031.095687	-0.054000	0.766000	0.578000	192.000000	0.000000	0.000000	0.000000	0.000000	0.000000	0.000000	0.000000	0.000000	0.000000	1733433153.216351	0.000000
31.000000	88763.001712	20466.508921	187500.000000	187500.000000	87027.075830	102709.260906	112158.505578	134028.502885	-0.054000	0.766000	0.578000	192.000000	0.000000	0.000000	0.000000	0.000000	0.000000	0.000000	0.000000	0.000000	0.000000	1733433153.221612	0.000000
32.000000	88766.086252	20469.995793	187500.000000	187500.000000	87026.829961	102713.597144	112158.147950	134028.614644	-0.054000	0.766000	0.578000	192.000000	0.000000	0.000000	0.000000	0.000000	0.000000	0.000000	0.000000	0.000000	0.000000	1733433153.225616	0.000000
33.000000	88765.773328	20467.626508	187500.000000	187500.000000	87017.598691	102691.580676	112153.431732	134035.767202	-0.054000	0.766000	0.578000	192.000000	0.000000	0.000000	0.000000	0.000000	0.000000	0.000000	0.000000	0.000000	0.000000	1733433153.229453	0.000000
34.000000	88767.628523	20465.614851	187500.000000	187500.000000	87025.466505	102700.186098	112161.254842	134046.406632	-0.054000	0.766000	0.578000	192.000000	0.000000	0.000000	0.000000	0.000000	0.000000	0.000000	0.000000	0.000000	0.000000	1733433153.232666	0.000000
35.000000	88765.035720	20467.358287	187500.000000	187500.000000	87022.136095	102705.349351	112158.617337	134052.754528	-0.052000	0.766000	0.574000	192.000000	254.000000	96.000000	23.000000	240.000000	17.000000	240.000000	0.000000	0.000000	0.000000	1733433153.236707	0.000000
36.000000	88764.611037	20476.142523	187500.000000	187500.000000	87030.205075	102712.747778	112156.829197	134034.336690	-0.052000	0.766000	0.574000	192.000000	0.000000	0.000000	0.000000	0.000000	0.000000	0.000000	0.000000	0.000000	0.000000	1733433153.240409	0.000000
37.000000	88765.907439	20482.579825	187500.000000	187500.000000	87034.451906	102720.392075	112158.796151	134041.601007	-0.052000	0.766000	0.574000	192.000000	0.000000	0.000000	0.000000	0.000000	0.000000	0.000000	0.000000	0.000000	0.000000	1733433153.244478	0.000000
38.000000	88764.096947	20472.923872	187500.000000	187500.000000	87033.110801	102715.564098	112160.047848	134036.705975	-0.052000	0.766000	0.574000	192.000000	0.000000	0.000000	0.000000	0.000000	0.000000	0.000000	0.000000	0.000000	0.000000	1733433153.248472	0.000000
39.000000	88762.889953	20469.057020	187500.000000	187500.000000	87031.859104	102719.095673	112163.042982	134033.599083	-0.052000	0.766000	0.574000	192.000000	0.000000	0.000000	0.000000	0.000000	0.000000	0.000000	0.000000	0.000000	0.000000	1733433153.253441	0.000000
40.000000	88765.482755	20474.063811	187500.000000	187500.000000	87029.623929	102720.548537	112166.820427	134071.865269	-0.052000	0.766000	0.574000	192.000000	0.000000	0.000000	0.000000	0.000000	0.000000	0.000000	0.000000	0.000000	0.000000	1733433153.257770	0.000000
41.000000	88762.129994	20478.802380	187500.000000	187500.000000	87022.963109	102717.978086	112157.566805	134060.801156	-0.052000	0.766000	0.574000	192.000000	0.000000	0.000000	0.000000	0.000000	0.000000	0.000000	0.000000	0.000000	0.000000	1733433153.260647	0.000000
42.000000	88760.990055	20471.873340	187500.000000	187500.000000	87022.046688	102728.595165	112166.663965	134052.083975	-0.052000	0.766000	0.574000	192.000000	0.000000	0.000000	0.000000	0.000000	0.000000	0.000000	0.000000	0.000000	0.000000	1733433153.264562	0.000000
43.000000	88765.750976	20475.650784	187500.000000	187500.000000	87027.478162	102725.644735	112172.028383	134034.336690	-0.052000	0.766000	0.574000	192.000000	0.000000	0.000000	0.000000	0.000000	0.000000	0.000000	0.000000	0.000000	0.000000	1733433153.268679	0.000000
44.000000	88762.822898	20469.436999	187500.000000	187500.000000	87034.876589	102717.709865	112163.713534	134022.870245	-0.052000	0.766000	0.574000	192.000000	0.000000	0.000000	0.000000	0.000000	0.000000	0.000000	0.000000	0.000000	0.000000	1733433153.272653	0.000000
45.000000	88753.435165	20460.295136	187500.000000	187500.000000	87024.371269	102703.538859	112150.749523	134027.966443	-0.048000	0.766000	0.580000	192.000000	254.000000	128.000000	23.000000	240.000000	18.000000	32.000000	0.000000	0.000000	0.000000	1733433153.276485	0.000000
46.000000	88748.115450	20464.407857	187500.000000	187500.000000	87016.928138	102717.486348	112153.588194	134048.328882	-0.048000	0.766000	0.580000	192.000000	0.000000	0.000000	0.000000	0.000000	0.000000	0.000000	0.000000	0.000000	0.000000	1733433153.281426	0.000000
47.000000	88744.717985	20464.921947	187500.000000	187500.000000	87015.475275	102718.358066	112150.391895	134053.939170	-0.048000	0.766000	0.580000	192.000000	0.000000	0.000000	0.000000	0.000000	0.000000	0.000000	0.000000	0.000000	0.000000	1733433153.285450	0.000000
48.000000	88744.270950	20464.698430	187500.000000	187500.000000	87019.833865	102711.518432	112143.865185	134025.954786	-0.048000	0.766000	0.580000	192.000000	0.000000	0.000000	0.000000	0.000000	0.000000	0.000000	0.000000	0.000000	0.000000	1733433153.288406	0.000000
49.000000	88743.421584	20460.898633	187500.000000	187500.000000	87019.565644	102706.444586	112140.557127	134024.546626	-0.048000	0.766000	0.580000	192.000000	0.000000	0.000000	0.000000	0.000000	0.000000	0.000000	0.000000	0.000000	0.000000	1733433153.292469	0.000000
50.000000	88743.019252	20457.165892	187500.000000	187500.000000	87016.726973	102701.169574	112139.350133	134019.249263	-0.048000	0.766000	0.580000	192.000000	0.000000	0.000000	0.000000	0.000000	0.000000	0.000000	0.000000	0.000000	0.000000	1733433153.296704	0.000000
51.000000	88742.594569	20450.035685	187500.000000	187500.000000	87018.068077	102701.393092	112141.205328	134027.452353	-0.048000	0.766000	0.580000	192.000000	0.000000	0.000000	0.000000	0.000000	0.000000	0.000000	0.000000	0.000000	0.000000	1733433153.300628	0.000000
52.000000	88735.844342	20443.218403	187500.000000	187500.000000	87014.514150	102699.381435	112136.265592	134028.257016	-0.048000	0.766000	0.580000	192.000000	0.000000	0.000000	0.000000	0.000000	0.000000	0.000000	0.000000	0.000000	0.000000	1733433153.304808	0.000000
53.000000	88731.843380	20441.765540	187500.000000	187500.000000	87006.869853	102690.910124	112129.716531	134018.176379	-0.048000	0.766000	0.580000	192.000000	0.000000	0.000000	0.000000	0.000000	0.000000	0.000000	0.000000	0.000000	0.000000	1733433153.309719	0.000000
54.000000	88734.279720	20444.425397	187500.000000	187500.000000	87010.177912	102695.335769	112129.045979	134006.106437	-0.048000	0.766000	0.580000	192.000000	0.000000	0.000000	0.000000	0.000000	0.000000	0.000000	0.000000	0.000000	0.000000	1733433153.312630	0.000000
55.000000	88741.544037	20456.227119	187500.000000	187500.000000	87009.999098	102695.626342	112124.307409	134005.212367	-0.050000	0.770000	0.580000	192.000000	254.000000	112.000000	24.000000	16.000000	18.000000	32.000000	0.000000	0.000000	0.000000	1733433153.316451	0.000000
56.000000	88736.649005	20444.850081	187500.000000	187500.000000	87008.702696	102694.821679	112124.866202	134009.570957	-0.050000	0.770000	0.580000	192.000000	0.000000	0.000000	0.000000	0.000000	0.000000	0.000000	0.000000	0.000000	0.000000	1733433153.320456	0.000000
57.000000	88740.717023	20451.421493	187500.000000	187500.000000	87017.486932	102702.331865	112130.476490	134017.617585	-0.050000	0.770000	0.580000	192.000000	0.000000	0.000000	0.000000	0.000000	0.000000	0.000000	0.000000	0.000000	0.000000	1733433153.324520	0.000000
58.000000	88741.186409	20450.661534	187500.000000	187500.000000	87011.340202	102702.443624	112129.045979	134043.389147	-0.050000	0.770000	0.580000	192.000000	0.000000	0.000000	0.000000	0.000000	0.000000	0.000000	0.000000	0.000000	0.000000	1733433153.328527	0.000000
59.000000	88732.938615	20438.077502	187500.000000	187500.000000	87004.455865	102699.090862	112123.838022	134016.231777	-0.050000	0.770000	0.580000	192.000000	0.000000	0.000000	0.000000	0.000000	0.000000	0.000000	0.000000	0.000000	0.000000	1733433153.332900	0.000000
60.000000	88722.030964	20428.421548	187500.000000	187500.000000	87000.633717	102694.799327	112113.131537	134009.101571	-0.050000	0.770000	0.580000	192.000000	0.000000	0.000000	0.000000	0.000000	0.000000	0.000000	0.000000	0.000000	0.000000	1733433153.337558	0.000000
61.000000	88722.098019	20432.042531	187500.000000	187500.000000	87000.097275	102691.357159	112110.114051	134018.198731	-0.050000	0.770000	0.580000	192.000000	0.000000	0.000000	0.000000	0.000000	0.000000	0.000000	0.000000	0.000000	0.000000	1733433153.340787	0.000000
62.000000	88718.521740	20432.914249	187500.000000	187500.000000	86997.593879	102688.071452	112111.857487	133998.506844	-0.050000	0.770000	0.580000	192.000000	0.000000	0.000000	0.000000	0.000000	0.000000	0.000000	0.000000	0.000000	0.000000	1733433153.344812	0.000000
63.000000	88713.760819	20431.036703	187500.000000	187500.000000	86991.827129	102695.089900	112105.040205	133994.461178	-0.050000	0.770000	0.580000	192.000000	0.000000	0.000000	0.000000	0.000000	0.000000	0.000000	0.000000	0.000000	0.000000	1733433153.348837	0.000000
64.000000	88704.976583	20420.352569	187500.000000	187500.000000	86989.524900	102696.565115	112098.155868	133983.531175	-0.050000	0.770000	0.580000	192.000000	0.000000	0.000000	0.000000	0.000000	0.000000	0.000000	0.000000	0.000000	0.000000	1733433153.352542	0.000000
65.000000	88703.523720	20412.887086	187500.000000	187500.000000	86983.020542	102695.626342	112099.318159	133987.062751	-0.044000	0.766000	0.572000	192.000000	254.000000	160.000000	23.000000	240.000000	17.000000	224.000000	0.000000	0.000000	0.000000	1733433153.356517	0.000000
66.000000	88707.681144	20417.916229	187500.000000	187500.000000	86981.612382	102667.910179	112093.864333	134004.027725	-0.044000	0.766000	0.572000	192.000000	0.000000	0.000000	0.000000	0.000000	0.000000	0.000000	0.000000	0.000000	0.000000	1733433153.360547	0.000000
67.000000	88709.670449	20425.672284	187500.000000	187500.000000	86979.779539	102661.048193	112090.377461	134004.720629	-0.044000	0.766000	0.572000	192.000000	0.000000	0.000000	0.000000	0.000000	0.000000	0.000000	0.000000	0.000000	0.000000	1733433153.365526	0.000000
68.000000	88710.005726	20417.826822	187500.000000	187500.000000	86985.523937	102667.373737	112097.507667	133992.717742	-0.044000	0.766000	0.572000	192.000000	0.000000	0.000000	0.000000	0.000000	0.000000	0.000000	0.000000	0.000000	0.000000	1733433153.368525	0.000000
69.000000	88704.663659	20414.161135	187500.000000	187500.000000	86984.004019	102668.670138	112099.899304	133974.791643	-0.044000	0.766000	0.572000	192.000000	0.000000	0.000000	0.000000	0.000000	0.000000	0.000000	0.000000	0.000000	0.000000	1733433153.372580	0.000000
70.000000	88700.886214	20410.964836	187500.000000	187500.000000	86978.885469	102666.971405	112087.248217	133969.114300	-0.044000	0.766000	0.572000	192.000000	0.000000	0.000000	0.000000	0.000000	0.000000	0.000000	0.000000	0.000000	0.000000	1733433153.376642	0.000000
71.000000	88698.069894	20406.226266	187500.000000	187500.000000	86973.565754	102659.349461	112081.325004	133971.662399	-0.044000	0.766000	0.572000	192.000000	0.000000	0.000000	0.000000	0.000000	0.000000	0.000000	0.000000	0.000000	0.000000	1733433153.380717	0.000000
72.000000	88696.102941	20402.649987	187500.000000	187500.000000	86974.459824	102659.729440	112084.990690	133981.810091	-0.044000	0.766000	0.572000	192.000000	0.000000	0.000000	0.000000	0.000000	0.000000	0.000000	0.000000	0.000000	0.000000	1733433153.384786	0.000000
73.000000	88697.086417	20403.767574	187500.000000	187500.000000	86974.415120	102657.583673	112083.135496	133978.502033	-0.044000	0.766000	0.572000	192.000000	0.000000	0.000000	0.000000	0.000000	0.000000	0.000000	0.000000	0.000000	0.000000	1733433153.388619	0.000000
74.000000	88691.453778	20402.649987	187500.000000	187500.000000	86974.906859	102650.922853	112067.578681	133978.502033	-0.044000	0.766000	0.572000	192.000000	0.000000	0.000000	0.000000	0.000000	0.000000	0.000000	0.000000	0.000000	0.000000	1733433153.393674	0.000000
75.000000	88685.351751	20394.692766	187500.000000	187500.000000	86972.068187	102649.045306	112053.608841	133967.952009	-0.048000	0.774000	0.574000	192.000000	254.000000	128.000000	24.000000	48.000000	17.000000	240.000000	0.000000	0.000000	0.000000	1733433153.396584	0.000000
76.000000	88687.162243	20394.759821	187500.000000	187500.000000	86977.924344	102652.420420	112059.822626	133968.890782	-0.048000	0.774000	0.574000	192.000000	0.000000	0.000000	0.000000	0.000000	0.000000	0.000000	0.000000	0.000000	0.000000	1733433153.399605	0.000000
77.000000	88693.174862	20403.968740	187500.000000	187500.000000	86988.496719	102659.349461	112066.461094	133959.301884	-0.048000	0.774000	0.574000	192.000000	0.000000	0.000000	0.000000	0.000000	0.000000	0.000000	0.000000	0.000000	0.000000	1733433153.404597	0.000000
78.000000	88690.246784	20404.505182	187500.000000	187500.000000	86983.936964	102660.645862	112057.967431	133954.943294	-0.048000	0.774000	0.574000	192.000000	0.000000	0.000000	0.000000	0.000000	0.000000	0.000000	0.000000	0.000000	0.000000	1733433153.408713	0.000000
79.000000	88690.202080	20397.620845	187500.000000	187500.000000	86979.824243	102664.892693	112054.681725	133942.247503	-0.048000	0.774000	0.574000	192.000000	0.000000	0.000000	0.000000	0.000000	0.000000	0.000000	0.000000	0.000000	0.000000	1733433153.412857	0.000000
80.000000	88692.571365	20403.320539	187500.000000	187500.000000	86988.340257	102662.165780	112056.894548	133952.037567	-0.048000	0.774000	0.574000	192.000000	0.000000	0.000000	0.000000	0.000000	0.000000	0.000000	0.000000	0.000000	0.000000	1733433153.416815	0.000000
81.000000	88691.699647	20409.355510	187500.000000	187500.000000	86987.133263	102649.402934	112049.026734	133973.472890	-0.048000	0.774000	0.574000	192.000000	0.000000	0.000000	0.000000	0.000000	0.000000	0.000000	0.000000	0.000000	0.000000	1733433153.421804	0.000000
82.000000	88690.515004	20411.858906	187500.000000	187500.000000	86981.075940	102653.381545	112050.412542	133957.245524	-0.048000	0.774000	0.574000	192.000000	0.000000	0.000000	0.000000	0.000000	0.000000	0.000000	0.000000	0.000000	0.000000	1733433153.424661	0.000000
83.000000	88688.168071	20406.583894	187500.000000	187500.000000	86979.421911	102646.676021	112046.456283	133940.280550	-0.048000	0.774000	0.574000	192.000000	0.000000	0.000000	0.000000	0.000000	0.000000	0.000000	0.000000	0.000000	0.000000	1733433153.427727	0.000000
84.000000	88680.635533	20395.832705	187500.000000	187500.000000	86973.610458	102639.635222	112037.962620	133953.758651	-0.048000	0.774000	0.574000	192.000000	0.000000	0.000000	0.000000	0.000000	0.000000	0.000000	0.000000	0.000000	0.000000	1733433153.432624	0.000000
85.000000	88677.215717	20394.268083	187500.000000	187500.000000	86975.040969	102642.920928	112032.531146	133945.801430	-0.052000	0.776000	0.580000	192.000000	254.000000	96.000000	24.000000	64.000000	18.000000	32.000000	0.000000	0.000000	0.000000	1733433153.436652	0.000000
86.000000	88680.747292	20401.308882	187500.000000	187500.000000	86976.158556	102640.037553	112035.973315	133943.253332	-0.052000	0.776000	0.580000	192.000000	0.000000	0.000000	0.000000	0.000000	0.000000	0.000000	0.000000	0.000000	0.000000	1733433153.440682	0.000000
87.000000	88687.497519	20404.996920	187500.000000	187500.000000	86976.449129	102643.099742	112039.773111	133948.170715	-0.052000	0.776000	0.580000	192.000000	0.000000	0.000000	0.000000	0.000000	0.000000	0.000000	0.000000	0.000000	0.000000	1733433153.444697	0.000000
88.000000	88684.815310	20403.633464	187500.000000	187500.000000	86976.627943	102638.249414	112035.526280	133930.602244	-0.052000	0.776000	0.580000	192.000000	0.000000	0.000000	0.000000	0.000000	0.000000	0.000000	0.000000	0.000000	0.000000	1733433153.448840	0.000000
89.000000	88681.976638	20404.147554	187500.000000	187500.000000	86979.757187	102641.065734	112036.733274	133930.334023	-0.052000	0.776000	0.580000	192.000000	0.000000	0.000000	0.000000	0.000000	0.000000	0.000000	0.000000	0.000000	0.000000	1733433153.451780	0.000000
90.000000	88678.467414	20392.837571	187500.000000	187500.000000	86972.068187	102631.901518	112033.916954	133942.895704	-0.052000	0.776000	0.580000	192.000000	0.000000	0.000000	0.000000	0.000000	0.000000	0.000000	0.000000	0.000000	0.000000	1733433153.455870	0.000000
91.000000	88679.227374	20395.385670	187500.000000	187500.000000	86973.677513	102623.139635	112032.531146	133954.250390	-0.052000	0.776000	0.580000	192.000000	0.000000	0.000000	0.000000	0.000000	0.000000	0.000000	0.000000	0.000000	0.000000	1733433153.460737	0.000000
92.000000	88675.628743	20390.915321	187500.000000	187500.000000	86973.029312	102621.463254	112023.478690	133934.826724	-0.052000	0.776000	0.580000	192.000000	0.000000	0.000000	0.000000	0.000000	0.000000	0.000000	0.000000	0.000000	0.000000	1733433153.464701	0.000000
93.000000	88667.291542	20381.348775	187500.000000	187500.000000	86972.738740	102628.772274	112021.087053	133930.177561	-0.052000	0.776000	0.580000	192.000000	0.000000	0.000000	0.000000	0.000000	0.000000	0.000000	0.000000	0.000000	0.000000	1733433153.468747	0.000000
94.000000	88665.592809	20382.108734	187500.000000	187500.000000	86975.085673	102637.712972	112025.043312	133934.491448	-0.052000	0.776000	0.580000	192.000000	0.000000	0.000000	0.000000	0.000000	0.000000	0.000000	0.000000	0.000000	0.000000	1733433153.472744	0.000000
95.000000	88667.358597	20391.563522	187500.000000	187500.000000	86969.296571	102639.545815	112024.663332	133925.617805	-0.056000	0.774000	0.570000	192.000000	254.000000	64.000000	24.000000	48.000000	17.000000	208.000000	0.000000	0.000000	0.000000	1733433153.476866	0.000000
96.000000	88667.716225	20386.668490	187500.000000	187500.000000	86966.323789	102638.674097	112023.679855	133936.637215	-0.056000	0.774000	0.570000	192.000000	0.000000	0.000000	0.000000	0.000000	0.000000	0.000000	0.000000	0.000000	0.000000	1733433153.479742	0.000000
97.000000	88662.284751	20379.582987	187500.000000	187500.000000	86959.372396	102636.863606	112019.276562	133954.563314	-0.056000	0.774000	0.570000	192.000000	0.000000	0.000000	0.000000	0.000000	0.000000	0.000000	0.000000	0.000000	0.000000	1733433153.484161	0.000000
98.000000	88658.216734	20374.933824	187500.000000	187500.000000	86949.336463	102628.325239	112008.592428	133952.529306	-0.056000	0.774000	0.570000	192.000000	0.000000	0.000000	0.000000	0.000000	0.000000	0.000000	0.000000	0.000000	0.000000	1733433153.487993	0.000000
99.000000	88651.265341	20374.687955	187500.000000	187500.000000	86948.241228	102628.436998	112004.725576	133910.776247	-0.056000	0.774000	0.570000	192.000000	0.000000	0.000000	0.000000	0.000000	0.000000	0.000000	0.000000	0.000000	0.000000	1733433153.492995	0.000000
100.000000	88653.411109	20374.017402	187500.000000	187500.000000	86953.963274	102639.523463	112018.628361	133922.376802	-0.056000	0.774000	0.570000	192.000000	0.000000	0.000000	0.000000	0.000000	0.000000	0.000000	0.000000	0.000000	0.000000	1733433153.496913	0.000000
101.000000	88662.664731	20373.302147	187500.000000	187500.000000	86963.820394	102634.561376	112018.069567	133927.316538	-0.056000	0.774000	0.570000	192.000000	0.000000	0.000000	0.000000	0.000000	0.000000	0.000000	0.000000	0.000000	0.000000	1733433153.500760	0.000000
102.000000	88663.469394	20374.866769	187500.000000	187500.000000	86959.707673	102628.973440	112009.687663	133947.008425	-0.056000	0.774000	0.570000	192.000000	0.000000	0.000000	0.000000	0.000000	0.000000	0.000000	0.000000	0.000000	0.000000	1733433153.504798	0.000000
103.000000	88661.614199	20380.879388	187500.000000	187500.000000	86955.393786	102626.246527	112002.445698	133941.129916	-0.056000	0.774000	0.570000	192.000000	0.000000	0.000000	0.000000	0.000000	0.000000	0.000000	0.000000	0.000000	0.000000	1733433153.507811	0.000000
104.000000	88667.179783	20387.428449	187500.000000	187500.000000	86977.410254	102634.874300	112009.732367	133925.282529	-0.056000	0.774000	0.570000	192.000000	0.000000	0.000000	0.000000	0.000000	0.000000	0.000000	0.000000	0.000000	0.000000	1733433153.511799	0.000000
105.000000	88663.491745	20383.807466	187500.000000	187500.000000	86970.145937	102629.956917	112009.151221	133953.982169	-0.050000	0.766000	0.570000	192.000000	254.000000	112.000000	23.000000	240.000000	17.000000	208.000000	0.000000	0.000000	0.000000	1733433153.516764	0.000000
106.000000	88661.211867	20379.739449	187500.000000	187500.000000	86965.899106	102634.606079	112012.660445	133954.272742	-0.050000	0.766000	0.570000	192.000000	0.000000	0.000000	0.000000	0.000000	0.000000	0.000000	0.000000	0.000000	0.000000	1733433153.520928	0.000000
107.000000	88661.055405	20383.762763	187500.000000	187500.000000	86961.652274	102633.197920	112001.976311	133933.016233	-0.050000	0.766000	0.570000	192.000000	0.000000	0.000000	0.000000	0.000000	0.000000	0.000000	0.000000	0.000000	0.000000	1733433153.524996	0.000000
108.000000	88656.048615	20380.007670	187500.000000	187500.000000	86957.807774	102618.401065	111989.436983	133902.059067	-0.050000	0.766000	0.570000	192.000000	0.000000	0.000000	0.000000	0.000000	0.000000	0.000000	0.000000	0.000000	0.000000	1733433153.529161	0.000000
109.000000	88654.439289	20373.458609	187500.000000	187500.000000	86951.817507	102613.930716	111987.335919	133895.130026	-0.050000	0.766000	0.570000	192.000000	0.000000	0.000000	0.000000	0.000000	0.000000	0.000000	0.000000	0.000000	0.000000	1733433153.532043	0.000000
110.000000	88647.420841	20362.752123	187500.000000	187500.000000	86943.457954	102613.081350	111983.200846	133893.118369	-0.050000	0.766000	0.570000	192.000000	0.000000	0.000000	0.000000	0.000000	0.000000	0.000000	0.000000	0.000000	0.000000	1733433153.535830	0.000000
111.000000	88639.128344	20352.760893	187500.000000	187500.000000	86942.809754	102615.964725	111975.735363	133893.565404	-0.050000	0.766000	0.570000	192.000000	0.000000	0.000000	0.000000	0.000000	0.000000	0.000000	0.000000	0.000000	0.000000	1733433153.539811	0.000000
112.000000	88642.682271	20356.046600	187500.000000	187500.000000	86942.429774	102616.925850	111974.349555	133902.282584	-0.050000	0.766000	0.570000	192.000000	0.000000	0.000000	0.000000	0.000000	0.000000	0.000000	0.000000	0.000000	0.000000	1733433153.544037	0.000000
113.000000	88642.436402	20359.377010	187500.000000	187500.000000	86941.714518	102611.449672	111970.907387	133895.957040	-0.050000	0.766000	0.570000	192.000000	0.000000	0.000000	0.000000	0.000000	0.000000	0.000000	0.000000	0.000000	0.000000	1733433153.548846	0.000000
114.000000	88644.291597	20362.618013	187500.000000	187500.000000	86943.480306	102617.372884	111976.070640	133906.931747	-0.050000	0.766000	0.570000	192.000000	0.000000	0.000000	0.000000	0.000000	0.000000	0.000000	0.000000	0.000000	0.000000	1733433153.552874	0.000000
115.000000	88645.185667	20365.389629	187500.000000	187500.000000	86945.983701	102608.767463	111975.623605	133925.416639	-0.046000	0.774000	0.578000	192.000000	254.000000	144.000000	24.000000	48.000000	18.000000	16.000000	0.000000	0.000000	0.000000	1733433153.557141	0.000000
116.000000	88641.587036	20364.316745	187500.000000	187500.000000	86944.352024	102606.353474	111973.231968	133926.266006	-0.046000	0.774000	0.578000	192.000000	0.000000	0.000000	0.000000	0.000000	0.000000	0.000000	0.000000	0.000000	0.000000	1733433153.560022	0.000000
117.000000	88641.832905	20360.494597	187500.000000	187500.000000	86947.458917	102608.096910	111969.678041	133919.225206	-0.046000	0.774000	0.578000	192.000000	0.000000	0.000000	0.000000	0.000000	0.000000	0.000000	0.000000	0.000000	0.000000	1733433153.563941	0.000000
118.000000	88635.261492	20360.718114	187500.000000	187500.000000	86945.223742	102611.136748	111963.173683	133901.321459	-0.046000	0.774000	0.578000	192.000000	0.000000	0.000000	0.000000	0.000000	0.000000	0.000000	0.000000	0.000000	0.000000	1733433153.568160	0.000000
119.000000	88627.773658	20352.470321	187500.000000	187500.000000	86941.938036	102598.485660	111955.864663	133905.210663	-0.046000	0.774000	0.578000	192.000000	0.000000	0.000000	0.000000	0.000000	0.000000	0.000000	0.000000	0.000000	0.000000	1733433153.572210	0.000000
120.000000	88630.299405	20343.037885	187500.000000	187500.000000	86941.200428	102586.214553	111946.566337	133885.742293	-0.046000	0.774000	0.578000	192.000000	0.000000	0.000000	0.000000	0.000000	0.000000	0.000000	0.000000	0.000000	0.000000	1733433153.576989	0.000000
121.000000	88632.445172	20344.915431	187500.000000	187500.000000	86940.932207	102590.796660	111947.818035	133888.491558	-0.046000	0.774000	0.578000	192.000000	0.000000	0.000000	0.000000	0.000000	0.000000	0.000000	0.000000	0.000000	0.000000	1733433153.580922	0.000000
122.000000	88634.881513	20349.586946	187500.000000	187500.000000	86953.627998	102602.508974	111960.402067	133906.752933	-0.046000	0.774000	0.578000	192.000000	0.000000	0.000000	0.000000	0.000000	0.000000	0.000000	0.000000	0.000000	0.000000	1733433153.583946	0.000000
123.000000	88628.444210	20347.240013	187500.000000	187500.000000	86956.354911	102602.374864	111953.517729	133882.389531	-0.046000	0.774000	0.578000	192.000000	0.000000	0.000000	0.000000	0.000000	0.000000	0.000000	0.000000	0.000000	0.000000	1733433153.587926	0.000000
124.000000	88632.065193	20349.877518	187500.000000	187500.000000	86954.566771	102591.176640	111949.673229	133877.628610	-0.046000	0.774000	0.578000	192.000000	0.000000	0.000000	0.000000	0.000000	0.000000	0.000000	0.000000	0.000000	0.000000	1733433153.591945	0.000000
125.000000	88626.924291	20342.344981	187500.000000	187500.000000	86944.910818	102584.359358	111945.895785	133892.045485	-0.052000	0.778000	0.580000	192.000000	254.000000	96.000000	24.000000	80.000000	18.000000	32.000000	0.000000	0.000000	0.000000	1733433153.596148	0.000000
126.000000	88622.029259	20337.986390	187500.000000	187500.000000	86940.731042	102581.788907	111943.861776	133883.998857	-0.052000	0.778000	0.580000	192.000000	0.000000	0.000000	0.000000	0.000000	0.000000	0.000000	0.000000	0.000000	0.000000	1733433153.600090	0.000000
127.000000	88617.827131	20336.220603	187500.000000	187500.000000	86940.708690	102581.073651	111941.313677	133880.713151	-0.052000	0.778000	0.580000	192.000000	0.000000	0.000000	0.000000	0.000000	0.000000	0.000000	0.000000	0.000000	0.000000	1733433153.604209	0.000000
128.000000	88613.580300	20339.439254	187500.000000	187500.000000	86934.740774	102578.100869	111940.129035	133900.673258	-0.052000	0.778000	0.580000	192.000000	0.000000	0.000000	0.000000	0.000000	0.000000	0.000000	0.000000	0.000000	0.000000	1733433153.609099	0.000000
129.000000	88610.719277	20340.199213	187500.000000	187500.000000	86933.265559	102572.781154	111933.512918	133893.677162	-0.052000	0.778000	0.580000	192.000000	0.000000	0.000000	0.000000	0.000000	0.000000	0.000000	0.000000	0.000000	0.000000	1733433153.612110	0.000000
130.000000	88605.354858	20331.638495	187500.000000	187500.000000	86937.713556	102583.219419	111940.732532	133887.463377	-0.052000	0.778000	0.580000	192.000000	0.000000	0.000000	0.000000	0.000000	0.000000	0.000000	0.000000	0.000000	0.000000	1733433153.615926	0.000000
131.000000	88604.237271	20334.410111	187500.000000	187500.000000	86940.105193	102585.856925	111944.688790	133873.001799	-0.052000	0.778000	0.580000	192.000000	0.000000	0.000000	0.000000	0.000000	0.000000	0.000000	0.000000	0.000000	0.000000	1733433153.619974	0.000000
132.000000	88599.252832	20338.701646	187500.000000	187500.000000	86930.493943	102571.909436	111935.546927	133870.386645	-0.052000	0.778000	0.580000	192.000000	0.000000	0.000000	0.000000	0.000000	0.000000	0.000000	0.000000	0.000000	0.000000	1733433153.624008	0.000000
133.000000	88590.423893	20332.219640	187500.000000	187500.000000	86920.882692	102571.574160	111930.115453	133875.304028	-0.052000	0.778000	0.580000	192.000000	0.000000	0.000000	0.000000	0.000000	0.000000	0.000000	0.000000	0.000000	0.000000	1733433153.627975	0.000000
134.000000	88595.385980	20326.877573	187500.000000	187500.000000	86924.660137	102587.645064	111932.149462	133868.285581	-0.052000	0.778000	0.580000	192.000000	0.000000	0.000000	0.000000	0.000000	0.000000	0.000000	0.000000	0.000000	0.000000	1733433153.633064	0.000000
135.000000	88598.917556	20329.671541	187500.000000	187500.000000	86932.147972	102578.614960	111933.043532	133873.270020	-0.048000	0.778000	0.580000	192.000000	254.000000	128.000000	24.000000	80.000000	18.000000	32.000000	0.000000	0.000000	0.000000	1733433153.637236	0.000000
136.000000	88593.262564	20327.257553	187500.000000	187500.000000	86925.442448	102574.144611	111923.141709	133873.739406	-0.048000	0.778000	0.580000	192.000000	0.000000	0.000000	0.000000	0.000000	0.000000	0.000000	0.000000	0.000000	0.000000	1733433153.640222	0.000000
137.000000	88595.251870	20334.946553	187500.000000	187500.000000	86924.615434	102573.563465	111921.733549	133866.989179	-0.048000	0.778000	0.580000	192.000000	0.000000	0.000000	0.000000	0.000000	0.000000	0.000000	0.000000	0.000000	0.000000	1733433153.644245	0.000000
138.000000	88594.760131	20333.247821	187500.000000	187500.000000	86921.843817	102580.000768	111931.680075	133868.017360	-0.048000	0.778000	0.580000	192.000000	0.000000	0.000000	0.000000	0.000000	0.000000	0.000000	0.000000	0.000000	0.000000	1733433153.649001	0.000000
139.000000	88590.669762	20325.536469	187500.000000	187500.000000	86922.201445	102574.122259	111928.684941	133864.396377	-0.048000	0.778000	0.580000	192.000000	0.000000	0.000000	0.000000	0.000000	0.000000	0.000000	0.000000	0.000000	0.000000	1733433153.652013	0.000000
140.000000	88584.858308	20318.652131	187500.000000	187500.000000	86915.987660	102569.629558	111921.465328	133868.911430	-0.048000	0.778000	0.580000	192.000000	0.000000	0.000000	0.000000	0.000000	0.000000	0.000000	0.000000	0.000000	0.000000	1733433153.655985	0.000000
141.000000	88584.590087	20313.377120	187500.000000	187500.000000	86900.564957	102564.980395	111914.469232	133892.358409	-0.048000	0.778000	0.580000	192.000000	0.000000	0.000000	0.000000	0.000000	0.000000	0.000000	0.000000	0.000000	0.000000	1733433153.660113	0.000000
142.000000	88584.835957	20312.304236	187500.000000	187500.000000	86897.212195	102572.736451	111911.585857	133859.300179	-0.048000	0.778000	0.580000	192.000000	0.000000	0.000000	0.000000	0.000000	0.000000	0.000000	0.000000	0.000000	0.000000	1733433153.663980	0.000000
143.000000	88583.226631	20313.891210	187500.000000	187500.000000	86894.150006	102574.770460	111896.252560	133850.471240	-0.048000	0.778000	0.580000	192.000000	0.000000	0.000000	0.000000	0.000000	0.000000	0.000000	0.000000	0.000000	0.000000	1733433153.668060	0.000000
144.000000	88581.170271	20309.644378	187500.000000	187500.000000	86900.475550	102571.574160	111905.126203	133837.194304	-0.048000	0.778000	0.580000	192.000000	0.000000	0.000000	0.000000	0.000000	0.000000	0.000000	0.000000	0.000000	0.000000	1733433153.672249	0.000000
145.000000	88577.057550	20306.693948	187500.000000	187500.000000	86891.870128	102559.615977	111903.449822	133833.998005	-0.048000	0.772000	0.578000	192.000000	254.000000	128.000000	24.000000	32.000000	18.000000	16.000000	0.000000	0.000000	0.000000	1733433153.677382	0.000000
146.000000	88575.291762	20303.184724	187500.000000	187500.000000	86884.717570	102566.120334	111899.694729	133834.489743	-0.048000	0.772000	0.578000	192.000000	0.000000	0.000000	0.000000	0.000000	0.000000	0.000000	0.000000	0.000000	0.000000	1733433153.680404	0.000000
147.000000	88575.917611	20301.016605	187500.000000	187500.000000	86878.704951	102553.402192	111895.269083	133838.155429	-0.048000	0.772000	0.578000	192.000000	0.000000	0.000000	0.000000	0.000000	0.000000	0.000000	0.000000	0.000000	0.000000	1733433153.684314	0.000000
148.000000	88577.079901	20306.448079	187500.000000	187500.000000	86877.453253	102547.635442	111898.666549	133858.093185	-0.048000	0.772000	0.578000	192.000000	0.000000	0.000000	0.000000	0.000000	0.000000	0.000000	0.000000	0.000000	0.000000	1733433153.688045	0.000000
149.000000	88576.968143	20305.576361	187500.000000	187500.000000	86876.626238	102552.463419	111898.845363	133878.232107	-0.048000	0.772000	0.578000	192.000000	0.000000	0.000000	0.000000	0.000000	0.000000	0.000000	0.000000	0.000000	0.000000	1733433153.692319	0.000000
150.000000	88576.476404	20297.820306	187500.000000	187500.000000	86878.481433	102553.223378	111896.699595	133862.049444	-0.048000	0.772000	0.578000	192.000000	0.000000	0.000000	0.000000	0.000000	0.000000	0.000000	0.000000	0.000000	0.000000	1733433153.696095	0.000000
151.000000	88576.699922	20297.820306	187500.000000	187500.000000	86879.956648	102555.592663	111894.039737	133817.010679	-0.048000	0.772000	0.578000	192.000000	0.000000	0.000000	0.000000	0.000000	0.000000	0.000000	0.000000	0.000000	0.000000	1733433153.700102	0.000000
152.000000	88573.414215	20297.574436	187500.000000	187500.000000	86875.128672	102557.872541	111895.447897	133836.009662	-0.048000	0.772000	0.578000	192.000000	0.000000	0.000000	0.000000	0.000000	0.000000	0.000000	0.000000	0.000000	0.000000	1733433153.705299	0.000000
153.000000	88571.223744	20297.507381	187500.000000	187500.000000	86869.361921	102560.733564	111896.677243	133843.877476	-0.048000	0.772000	0.578000	192.000000	0.000000	0.000000	0.000000	0.000000	0.000000	0.000000	0.000000	0.000000	0.000000	1733433153.708170	0.000000
154.000000	88570.664951	20308.772660	187500.000000	187500.000000	86863.550468	102562.477000	111893.480944	133840.882342	-0.048000	0.772000	0.578000	192.000000	0.000000	0.000000	0.000000	0.000000	0.000000	0.000000	0.000000	0.000000	0.000000	1733433153.711310	0.000000
155.000000	88572.922477	20313.354768	187500.000000	187500.000000	86869.898363	102580.716024	111888.340043	133823.984423	-0.046000	0.772000	0.580000	192.000000	254.000000	144.000000	24.000000	32.000000	18.000000	32.000000	0.000000	0.000000	0.000000	1733433153.716455	0.000000
156.000000	88566.686340	20298.088526	187500.000000	187500.000000	86863.751634	102567.193218	111884.026156	133822.598615	-0.046000	0.772000	0.580000	192.000000	0.000000	0.000000	0.000000	0.000000	0.000000	0.000000	0.000000	0.000000	0.000000	1733433153.720380	0.000000
157.000000	88561.098404	20286.756192	187500.000000	187500.000000	86855.727357	102557.336099	111884.652005	133824.453810	-0.046000	0.772000	0.580000	192.000000	0.000000	0.000000	0.000000	0.000000	0.000000	0.000000	0.000000	0.000000	0.000000	1733433153.724083	0.000000
158.000000	88560.025520	20281.682346	187500.000000	187500.000000	86850.094718	102553.044564	111882.305072	133822.196284	-0.046000	0.772000	0.580000	192.000000	0.000000	0.000000	0.000000	0.000000	0.000000	0.000000	0.000000	0.000000	0.000000	1733433153.728102	0.000000
159.000000	88552.202410	20273.546311	187500.000000	187500.000000	86837.041299	102547.747200	111870.883330	133833.595673	-0.046000	0.772000	0.580000	192.000000	0.000000	0.000000	0.000000	0.000000	0.000000	0.000000	0.000000	0.000000	0.000000	1733433153.733156	0.000000
160.000000	88549.430793	20273.568663	187500.000000	187500.000000	86824.345508	102542.069857	111867.776438	133834.176819	-0.046000	0.772000	0.580000	192.000000	0.000000	0.000000	0.000000	0.000000	0.000000	0.000000	0.000000	0.000000	0.000000	1733433153.736143	0.000000
161.000000	88548.514372	20272.205206	187500.000000	187500.000000	86826.357165	102547.993070	111867.195292	133797.005868	-0.046000	0.772000	0.580000	192.000000	0.000000	0.000000	0.000000	0.000000	0.000000	0.000000	0.000000	0.000000	0.000000	1733433153.739119	0.000000
162.000000	88537.159686	20261.655183	187500.000000	187500.000000	86817.371764	102536.794846	111856.622917	133797.519958	-0.046000	0.772000	0.580000	192.000000	0.000000	0.000000	0.000000	0.000000	0.000000	0.000000	0.000000	0.000000	0.000000	1733433153.744352	0.000000
163.000000	88539.148991	20266.639622	187500.000000	187500.000000	86816.388287	102532.324497	111857.360525	133820.430496	-0.046000	0.772000	0.580000	192.000000	0.000000	0.000000	0.000000	0.000000	0.000000	0.000000	0.000000	0.000000	0.000000	1733433153.748333	0.000000
164.000000	88536.287968	20265.745552	187500.000000	187500.000000	86816.164770	102541.600471	111858.165188	133827.493647	-0.046000	0.772000	0.580000	192.000000	0.000000	0.000000	0.000000	0.000000	0.000000	0.000000	0.000000	0.000000	0.000000	1733433153.752384	0.000000
165.000000	88540.467744	20270.931157	187500.000000	187500.000000	86834.940235	102547.702497	111865.384801	133801.051533	-0.034000	0.770000	0.576000	192.000000	254.000000	240.000000	24.000000	16.000000	18.000000	0.000000	0.000000	0.000000	0.000000	1733433153.756319	0.000000
166.000000	88540.490096	20271.534654	187500.000000	187500.000000	86838.158886	102544.372087	111867.508217	133797.966993	-0.034000	0.770000	0.576000	192.000000	0.000000	0.000000	0.000000	0.000000	0.000000	0.000000	0.000000	0.000000	0.000000	1733433153.759246	0.000000
167.000000	88538.813715	20266.885491	187500.000000	187500.000000	86832.436840	102540.929918	111863.194330	133793.139016	-0.034000	0.770000	0.576000	192.000000	0.000000	0.000000	0.000000	0.000000	0.000000	0.000000	0.000000	0.000000	0.000000	1733433153.763163	0.000000
168.000000	88533.650462	20263.219805	187500.000000	187500.000000	86829.352299	102540.505235	111856.779379	133800.649202	-0.034000	0.770000	0.576000	192.000000	0.000000	0.000000	0.000000	0.000000	0.000000	0.000000	0.000000	0.000000	0.000000	1733433153.767176	0.000000
169.000000	88528.576616	20254.770846	187500.000000	187500.000000	86825.820723	102532.883290	111851.772589	133805.633641	-0.034000	0.770000	0.576000	192.000000	0.000000	0.000000	0.000000	0.000000	0.000000	0.000000	0.000000	0.000000	0.000000	1733433153.771153	0.000000
170.000000	88523.435715	20252.066285	187500.000000	187500.000000	86813.527264	102529.888157	111846.296411	133805.052496	-0.034000	0.770000	0.576000	192.000000	0.000000	0.000000	0.000000	0.000000	0.000000	0.000000	0.000000	0.000000	0.000000	1733433153.776333	0.000000
171.000000	88513.600947	20246.567756	187500.000000	187500.000000	86798.149264	102507.648171	111825.375179	133806.505359	-0.034000	0.770000	0.576000	192.000000	0.000000	0.000000	0.000000	0.000000	0.000000	0.000000	0.000000	0.000000	0.000000	1733433153.780443	0.000000
172.000000	88509.577633	20250.501663	187500.000000	187500.000000	86789.990877	102501.724959	111818.289676	133802.727914	-0.034000	0.770000	0.576000	192.000000	0.000000	0.000000	0.000000	0.000000	0.000000	0.000000	0.000000	0.000000	0.000000	1733433153.784522	0.000000
173.000000	88514.360906	20250.255793	187500.000000	187500.000000	86798.171615	102508.117558	111826.559821	133799.129283	-0.034000	0.770000	0.576000	192.000000	0.000000	0.000000	0.000000	0.000000	0.000000	0.000000	0.000000	0.000000	0.000000	1733433153.787336	0.000000
174.000000	88514.606776	20243.662029	187500.000000	187500.000000	86797.523415	102515.136005	111827.945629	133799.017525	-0.034000	0.770000	0.576000	192.000000	0.000000	0.000000	0.000000	0.000000	0.000000	0.000000	0.000000	0.000000	0.000000	1733433153.791461	0.000000
175.000000	88502.536834	20226.205316	187500.000000	187500.000000	86791.868423	102512.766720	111833.578269	133789.965068	-0.038000	0.776000	0.578000	192.000000	254.000000	208.000000	24.000000	64.000000	18.000000	16.000000	0.000000	0.000000	0.000000	1733433153.795586	0.000000
176.000000	88505.174339	20230.899183	187500.000000	187500.000000	86797.612822	102505.502403	111834.964077	133786.679362	-0.038000	0.776000	0.578000	192.000000	0.000000	0.000000	0.000000	0.000000	0.000000	0.000000	0.000000	0.000000	0.000000	1733433153.799214	0.000000
177.000000	88501.463950	20229.960409	187500.000000	187500.000000	86799.937403	102505.882383	111827.833870	133767.747434	-0.038000	0.776000	0.578000	192.000000	0.000000	0.000000	0.000000	0.000000	0.000000	0.000000	0.000000	0.000000	0.000000	1733433153.804259	0.000000
178.000000	88502.335668	20234.386055	187500.000000	187500.000000	86802.127874	102507.603467	111830.136100	133801.520920	-0.038000	0.776000	0.578000	192.000000	0.000000	0.000000	0.000000	0.000000	0.000000	0.000000	0.000000	0.000000	0.000000	1733433153.808531	0.000000
179.000000	88502.022743	20233.871965	187500.000000	187500.000000	86798.529243	102506.575287	111823.855260	133832.768659	-0.038000	0.776000	0.578000	192.000000	0.000000	0.000000	0.000000	0.000000	0.000000	0.000000	0.000000	0.000000	0.000000	1733433153.812272	0.000000
180.000000	88491.763293	20227.836994	187500.000000	187500.000000	86797.501063	102505.055369	111803.202248	133768.842670	-0.038000	0.776000	0.578000	192.000000	0.000000	0.000000	0.000000	0.000000	0.000000	0.000000	0.000000	0.000000	0.000000	1733433153.815533	0.000000
181.000000	88482.487319	20218.762185	187500.000000	187500.000000	86792.158996	102491.376101	111791.869914	133746.893257	-0.038000	0.776000	0.578000	192.000000	0.000000	0.000000	0.000000	0.000000	0.000000	0.000000	0.000000	0.000000	0.000000	1733433153.819348	0.000000
182.000000	88491.070389	20225.333598	187500.000000	187500.000000	86791.331982	102491.286694	111796.854353	133763.142975	-0.038000	0.776000	0.578000	192.000000	0.000000	0.000000	0.000000	0.000000	0.000000	0.000000	0.000000	0.000000	0.000000	1733433153.823363	0.000000
183.000000	88491.293906	20221.422043	187500.000000	187500.000000	86789.879118	102483.597694	111795.177972	133757.599742	-0.038000	0.776000	0.578000	192.000000	0.000000	0.000000	0.000000	0.000000	0.000000	0.000000	0.000000	0.000000	0.000000	1733433153.827628	0.000000
184.000000	88481.257973	20210.469688	187500.000000	187500.000000	86778.703246	102476.691005	111789.522980	133749.150783	-0.038000	0.776000	0.578000	192.000000	0.000000	0.000000	0.000000	0.000000	0.000000	0.000000	0.000000	0.000000	0.000000	1733433153.832394	0.000000
185.000000	88480.296848	20216.817584	187500.000000	187500.000000	86780.647848	102482.100127	111784.180913	133724.362698	-0.036000	0.774000	0.574000	192.000000	254.000000	224.000000	24.000000	48.000000	17.000000	240.000000	0.000000	0.000000	0.000000	1733433153.836273	0.000000
186.000000	88480.498014	20215.364720	187500.000000	187500.000000	86783.978258	102482.748328	111788.293634	133724.675623	-0.036000	0.774000	0.574000	192.000000	0.000000	0.000000	0.000000	0.000000	0.000000	0.000000	0.000000	0.000000	0.000000	1733433153.840261	0.000000
187.000000	88480.609772	20216.169383	187500.000000	187500.000000	86782.234822	102484.000025	111791.579341	133743.853419	-0.036000	0.774000	0.574000	192.000000	0.000000	0.000000	0.000000	0.000000	0.000000	0.000000	0.000000	0.000000	0.000000	1733433153.843282	0.000000
188.000000	88478.732226	20213.889505	187500.000000	187500.000000	86782.413636	102476.914522	111794.418012	133772.262486	-0.036000	0.774000	0.574000	192.000000	0.000000	0.000000	0.000000	0.000000	0.000000	0.000000	0.000000	0.000000	0.000000	1733433153.847275	0.000000
189.000000	88475.558278	20208.860363	187500.000000	187500.000000	86781.072531	102472.265359	111788.159524	133754.805774	-0.036000	0.774000	0.574000	192.000000	0.000000	0.000000	0.000000	0.000000	0.000000	0.000000	0.000000	0.000000	0.000000	1733433153.851296	0.000000
190.000000	88475.558278	20206.535781	187500.000000	187500.000000	86788.873290	102474.344072	111787.757193	133727.246073	-0.036000	0.774000	0.574000	192.000000	0.000000	0.000000	0.000000	0.000000	0.000000	0.000000	0.000000	0.000000	0.000000	1733433153.855571	0.000000
191.000000	88482.844947	20217.443433	187500.000000	187500.000000	86802.194929	102484.670578	111798.486030	133731.627015	-0.036000	0.774000	0.574000	192.000000	0.000000	0.000000	0.000000	0.000000	0.000000	0.000000	0.000000	0.000000	0.000000	1733433153.860432	0.000000
192.000000	88488.544642	20220.595028	187500.000000	187500.000000	86804.206586	102488.984464	111798.374271	133743.294626	-0.036000	0.774000	0.574000	192.000000	0.000000	0.000000	0.000000	0.000000	0.000000	0.000000	0.000000	0.000000	0.000000	1733433153.864468	0.000000
193.000000	88486.041246	20210.156764	187500.000000	187500.000000	86803.871310	102475.819287	111785.834943	133775.771710	-0.036000	0.774000	0.574000	192.000000	0.000000	0.000000	0.000000	0.000000	0.000000	0.000000	0.000000	0.000000	0.000000	1733433153.868595	0.000000
194.000000	88470.730301	20194.599950	187500.000000	187500.000000	86790.773188	102461.156542	111773.563835	133772.798928	-0.036000	0.774000	0.574000	192.000000	0.000000	0.000000	0.000000	0.000000	0.000000	0.000000	0.000000	0.000000	0.000000	1733433153.871353	0.000000
195.000000	88466.058787	20192.632996	187500.000000	187500.000000	86791.711961	102467.683252	111776.469562	133733.929245	-0.040000	0.772000	0.576000	192.000000	254.000000	192.000000	24.000000	32.000000	18.000000	0.000000	0.000000	0.000000	0.000000	1733433153.875615	0.000000
196.000000	88472.853717	20201.126659	187500.000000	187500.000000	86799.065685	102463.436420	111783.510361	133707.554186	-0.040000	0.772000	0.576000	192.000000	0.000000	0.000000	0.000000	0.000000	0.000000	0.000000	0.000000	0.000000	0.000000	1733433153.879333	0.000000
197.000000	88469.791528	20205.127621	187500.000000	187500.000000	86792.650735	102456.619138	111783.465658	133714.639689	-0.040000	0.772000	0.576000	192.000000	0.000000	0.000000	0.000000	0.000000	0.000000	0.000000	0.000000	0.000000	0.000000	1733433153.883448	0.000000
198.000000	88462.907191	20202.937150	187500.000000	187500.000000	86787.219261	102462.631758	111786.952530	133721.524027	-0.040000	0.772000	0.576000	192.000000	0.000000	0.000000	0.000000	0.000000	0.000000	0.000000	0.000000	0.000000	0.000000	1733433153.888341	0.000000
199.000000	88461.454327	20193.951749	187500.000000	187500.000000	86789.923822	102472.511229	111782.526884	133732.632844	-0.040000	0.772000	0.576000	192.000000	0.000000	0.000000	0.000000	0.000000	0.000000	0.000000	0.000000	0.000000	0.000000	1733433153.892496	0.000000
200.000000	88458.794470	20194.711708	187500.000000	187500.000000	86782.570098	102472.086545	111774.234387	133743.987530	-0.040000	0.772000	0.576000	192.000000	0.000000	0.000000	0.000000	0.000000	0.000000	0.000000	0.000000	0.000000	0.000000	1733433153.895620	0.000000
201.000000	88456.715757	20197.550380	187500.000000	187500.000000	86787.442778	102478.076813	111779.107067	133729.347137	-0.040000	0.772000	0.576000	192.000000	0.000000	0.000000	0.000000	0.000000	0.000000	0.000000	0.000000	0.000000	0.000000	1733433153.899748	0.000000
202.000000	88457.632179	20199.919665	187500.000000	187500.000000	86794.461226	102473.002967	111776.134285	133694.344305	-0.040000	0.772000	0.576000	192.000000	0.000000	0.000000	0.000000	0.000000	0.000000	0.000000	0.000000	0.000000	0.000000	1733433153.903677	0.000000
203.000000	88449.384385	20196.209275	187500.000000	187500.000000	86797.232842	102467.839714	111769.696983	133690.969192	-0.040000	0.772000	0.576000	192.000000	0.000000	0.000000	0.000000	0.000000	0.000000	0.000000	0.000000	0.000000	0.000000	1733433153.907516	0.000000
204.000000	88452.938313	20189.861380	187500.000000	187500.000000	86805.033601	102464.933987	111780.805800	133708.761180	-0.040000	0.772000	0.576000	192.000000	0.000000	0.000000	0.000000	0.000000	0.000000	0.000000	0.000000	0.000000	0.000000	1733433153.911506	0.000000
205.000000	88451.999539	20194.868171	187500.000000	187500.000000	86801.524377	102459.860141	111784.158562	133714.572634	-0.050000	0.768000	0.578000	192.000000	254.000000	112.000000	24.000000	0.000000	18.000000	16.000000	0.000000	0.000000	0.000000	1733433153.915444	0.000000
206.000000	88443.461173	20191.627168	187500.000000	187500.000000	86793.589508	102457.960243	111776.782486	133708.939994	-0.050000	0.768000	0.578000	192.000000	0.000000	0.000000	0.000000	0.000000	0.000000	0.000000	0.000000	0.000000	0.000000	1733433153.920412	0.000000
207.000000	88447.551542	20180.674813	187500.000000	187500.000000	86797.344601	102462.274130	111781.275187	133723.803905	-0.050000	0.768000	0.578000	192.000000	0.000000	0.000000	0.000000	0.000000	0.000000	0.000000	0.000000	0.000000	0.000000	1733433153.923448	0.000000
208.000000	88453.407699	20185.368679	187500.000000	187500.000000	86800.295031	102467.392679	111789.098297	133718.975928	-0.050000	0.768000	0.578000	192.000000	0.000000	0.000000	0.000000	0.000000	0.000000	0.000000	0.000000	0.000000	0.000000	1733433153.927406	0.000000
209.000000	88449.563199	20181.077144	187500.000000	187500.000000	86804.541863	102454.786295	111778.950605	133706.436599	-0.050000	0.768000	0.578000	192.000000	0.000000	0.000000	0.000000	0.000000	0.000000	0.000000	0.000000	0.000000	0.000000	1733433153.931429	0.000000
210.000000	88449.227923	20178.953729	187500.000000	187500.000000	86810.196854	102452.260548	111778.794143	133705.654288	-0.050000	0.768000	0.578000	192.000000	0.000000	0.000000	0.000000	0.000000	0.000000	0.000000	0.000000	0.000000	0.000000	1733433153.935419	0.000000
211.000000	88442.500048	20170.437714	187500.000000	187500.000000	86799.579775	102450.181836	111775.664899	133704.983736	-0.050000	0.768000	0.578000	192.000000	0.000000	0.000000	0.000000	0.000000	0.000000	0.000000	0.000000	0.000000	0.000000	1733433153.939587	0.000000
212.000000	88439.527266	20170.080086	187500.000000	187500.000000	86791.667258	102449.801856	111777.251873	133722.976890	-0.050000	0.768000	0.578000	192.000000	0.000000	0.000000	0.000000	0.000000	0.000000	0.000000	0.000000	0.000000	0.000000	1733433153.943557	0.000000
213.000000	88442.522400	20177.880845	187500.000000	187500.000000	86791.041409	102458.139057	111779.621158	133712.583329	-0.050000	0.768000	0.578000	192.000000	0.000000	0.000000	0.000000	0.000000	0.000000	0.000000	0.000000	0.000000	0.000000	1733433153.948829	0.000000
214.000000	88439.013176	20172.315260	187500.000000	187500.000000	86794.304764	102450.584167	111775.396678	133691.058599	-0.050000	0.768000	0.578000	192.000000	0.000000	0.000000	0.000000	0.000000	0.000000	0.000000	0.000000	0.000000	0.000000	1733433153.951729	0.000000
215.000000	88436.152153	20170.504769	187500.000000	187500.000000	86793.544804	102451.724106	111779.755268	133704.670811	-0.050000	0.768000	0.578000	192.000000	0.000000	0.000000	0.000000	0.000000	0.000000	0.000000	0.000000	0.000000	0.000000	1733433153.955466	0.000000
216.000000	88435.638062	20175.198635	187500.000000	187500.000000	86789.812063	102452.819342	111768.914672	133695.908927	-0.044000	0.766000	0.582000	192.000000	254.000000	160.000000	23.000000	240.000000	18.000000	48.000000	0.000000	0.000000	0.000000	1733433153.959728	0.000000
217.000000	88435.638062	20174.930415	187500.000000	187500.000000	86787.420426	102456.283862	111765.584262	133685.515366	-0.044000	0.766000	0.582000	192.000000	0.000000	0.000000	0.000000	0.000000	0.000000	0.000000	0.000000	0.000000	0.000000	1733433153.964472	0.000000
218.000000	88433.402888	20165.028592	187500.000000	187500.000000	86790.795540	102456.037993	111766.947718	133698.725247	-0.044000	0.766000	0.582000	192.000000	0.000000	0.000000	0.000000	0.000000	0.000000	0.000000	0.000000	0.000000	0.000000	1733433153.967470	0.000000
219.000000	88426.093868	20156.445522	187500.000000	187500.000000	86787.733351	102446.158522	111761.873873	133693.807863	-0.044000	0.766000	0.582000	192.000000	0.000000	0.000000	0.000000	0.000000	0.000000	0.000000	0.000000	0.000000	0.000000	1733433153.971487	0.000000
220.000000	88425.468019	20155.618507	187500.000000	187500.000000	86787.442778	102448.661917	111768.735858	133708.828236	-0.044000	0.766000	0.582000	192.000000	0.000000	0.000000	0.000000	0.000000	0.000000	0.000000	0.000000	0.000000	0.000000	1733433153.976465	0.000000
221.000000	88427.122048	20165.095647	187500.000000	187500.000000	86793.388342	102458.496685	111775.888416	133712.605681	-0.044000	0.766000	0.582000	192.000000	0.000000	0.000000	0.000000	0.000000	0.000000	0.000000	0.000000	0.000000	0.000000	1733433153.979515	0.000000
222.000000	88428.664318	20163.553377	187500.000000	187500.000000	86791.622554	102442.716353	111770.613405	133692.355000	-0.044000	0.766000	0.582000	192.000000	0.000000	0.000000	0.000000	0.000000	0.000000	0.000000	0.000000	0.000000	0.000000	1733433153.983757	0.000000
223.000000	88423.366955	20154.366810	187500.000000	187500.000000	86787.107502	102445.085638	111767.707678	133672.014913	-0.044000	0.766000	0.582000	192.000000	0.000000	0.000000	0.000000	0.000000	0.000000	0.000000	0.000000	0.000000	0.000000	1733433153.987797	0.000000
224.000000	88415.499141	20148.689467	187500.000000	187500.000000	86783.799444	102439.408295	111762.723239	133682.073198	-0.044000	0.766000	0.582000	192.000000	0.000000	0.000000	0.000000	0.000000	0.000000	0.000000	0.000000	0.000000	0.000000	1733433153.991684	0.000000
225.000000	88411.654641	20139.905231	187500.000000	187500.000000	86773.808214	102430.869929	111753.894300	133717.701878	-0.044000	0.766000	0.582000	192.000000	0.000000	0.000000	0.000000	0.000000	0.000000	0.000000	0.000000	0.000000	0.000000	1733433153.995699	0.000000
226.000000	88413.889815	20141.715722	187500.000000	187500.000000	86775.216374	102440.034144	111751.189739	133688.666962	-0.044000	0.770000	0.578000	192.000000	254.000000	160.000000	24.000000	16.000000	18.000000	16.000000	0.000000	0.000000	0.000000	1733433153.999670	0.000000
227.000000	88414.828588	20151.796359	187500.000000	187500.000000	86788.046275	102451.299423	111772.647413	133681.246183	-0.044000	0.770000	0.578000	192.000000	0.000000	0.000000	0.000000	0.000000	0.000000	0.000000	0.000000	0.000000	0.000000	1733433154.004532	0.000000
228.000000	88418.740144	20156.870205	187500.000000	187500.000000	86791.197871	102450.762981	111782.370422	133691.125654	-0.044000	0.770000	0.578000	192.000000	0.000000	0.000000	0.000000	0.000000	0.000000	0.000000	0.000000	0.000000	0.000000	1733433154.007516	0.000000
229.000000	88420.237711	20151.215214	187500.000000	187500.000000	86790.661429	102456.999118	111778.570626	133700.647497	-0.044000	0.770000	0.578000	192.000000	0.000000	0.000000	0.000000	0.000000	0.000000	0.000000	0.000000	0.000000	0.000000	1733433154.011495	0.000000
230.000000	88416.773190	20150.276440	187500.000000	187500.000000	86785.162900	102465.671595	111773.787352	133700.893366	-0.044000	0.770000	0.578000	192.000000	0.000000	0.000000	0.000000	0.000000	0.000000	0.000000	0.000000	0.000000	0.000000	1733433154.015494	0.000000
231.000000	88416.437914	20150.745827	187500.000000	187500.000000	86788.739179	102442.202263	111768.199416	133676.351151	-0.044000	0.770000	0.578000	192.000000	0.000000	0.000000	0.000000	0.000000	0.000000	0.000000	0.000000	0.000000	0.000000	1733433154.019527	0.000000
232.000000	88415.789713	20150.030571	187500.000000	187500.000000	86786.548708	102441.151731	111764.176102	133686.364733	-0.044000	0.770000	0.578000	192.000000	0.000000	0.000000	0.000000	0.000000	0.000000	0.000000	0.000000	0.000000	0.000000	1733433154.023663	0.000000
233.000000	88410.380591	20146.498996	187500.000000	187500.000000	86770.008417	102433.306269	111755.995364	133693.919622	-0.044000	0.770000	0.578000	192.000000	0.000000	0.000000	0.000000	0.000000	0.000000	0.000000	0.000000	0.000000	0.000000	1733433154.027717	0.000000
234.000000	88419.008365	20146.342533	187500.000000	187500.000000	86771.550688	102437.329583	111768.065306	133681.514404	-0.044000	0.770000	0.578000	192.000000	0.000000	0.000000	0.000000	0.000000	0.000000	0.000000	0.000000	0.000000	0.000000	1733433154.031680	0.000000
235.000000	88417.376687	20145.157891	187500.000000	187500.000000	86776.065740	102455.702717	111770.412239	133675.501785	-0.044000	0.770000	0.578000	192.000000	0.000000	0.000000	0.000000	0.000000	0.000000	0.000000	0.000000	0.000000	0.000000	1733433154.034909	0.000000
236.000000	88409.173597	20135.054902	187500.000000	187500.000000	86771.014246	102452.081734	111765.606614	133672.394892	-0.044000	0.772000	0.578000	192.000000	254.000000	160.000000	24.000000	32.000000	18.000000	16.000000	0.000000	0.000000	0.000000	1733433154.039586	0.000000
237.000000	88398.668277	20125.801280	187500.000000	187500.000000	86766.208621	102440.302365	111763.326736	133670.942029	-0.044000	0.772000	0.578000	192.000000	0.000000	0.000000	0.000000	0.000000	0.000000	0.000000	0.000000	0.000000	0.000000	1733433154.043572	0.000000
238.000000	88392.745065	20119.945123	187500.000000	187500.000000	86759.816022	102441.576414	111760.264547	133673.445424	-0.044000	0.772000	0.578000	192.000000	0.000000	0.000000	0.000000	0.000000	0.000000	0.000000	0.000000	0.000000	0.000000	1733433154.047557	0.000000
239.000000	88387.939440	20118.246391	187500.000000	187500.000000	86759.726615	102443.275147	111755.347163	133658.201535	-0.044000	0.772000	0.578000	192.000000	0.000000	0.000000	0.000000	0.000000	0.000000	0.000000	0.000000	0.000000	0.000000	1733433154.051587	0.000000
240.000000	88389.548765	20121.554449	187500.000000	187500.000000	86760.754795	102447.141999	111751.145035	133635.067479	-0.044000	0.772000	0.578000	192.000000	0.000000	0.000000	0.000000	0.000000	0.000000	0.000000	0.000000	0.000000	0.000000	1733433154.055590	0.000000
241.000000	88389.258193	20126.494184	187500.000000	187500.000000	86762.565286	102449.578339	111755.637736	133664.795299	-0.044000	0.772000	0.578000	192.000000	0.000000	0.000000	0.000000	0.000000	0.000000	0.000000	0.000000	0.000000	0.000000	1733433154.059864	0.000000
242.000000	88397.371876	20135.189013	187500.000000	187500.000000	86757.647903	102435.474388	111744.439512	133668.751558	-0.044000	0.772000	0.578000	192.000000	0.000000	0.000000	0.000000	0.000000	0.000000	0.000000	0.000000	0.000000	0.000000	1733433154.062718	0.000000
243.000000	88393.639135	20124.929562	187500.000000	187500.000000	86752.283484	102435.742609	111732.526032	133656.391043	-0.044000	0.772000	0.578000	192.000000	0.000000	0.000000	0.000000	0.000000	0.000000	0.000000	0.000000	0.000000	0.000000	1733433154.066755	0.000000
244.000000	88383.469091	20118.045225	187500.000000	187500.000000	86753.959865	102450.427705	111745.959430	133647.763270	-0.044000	0.772000	0.578000	192.000000	0.000000	0.000000	0.000000	0.000000	0.000000	0.000000	0.000000	0.000000	0.000000	1733433154.071906	0.000000
245.000000	88376.584754	20110.400928	187500.000000	187500.000000	86745.913237	102443.319850	111748.038143	133658.961494	-0.044000	0.772000	0.578000	192.000000	0.000000	0.000000	0.000000	0.000000	0.000000	0.000000	0.000000	0.000000	0.000000	1733433154.075622	0.000000
246.000000	88376.249477	20114.290132	187500.000000	187500.000000	86738.224237	102422.018638	111735.029427	133644.499915	-0.044000	0.770000	0.568000	192.000000	254.000000	160.000000	24.000000	16.000000	17.000000	192.000000	0.000000	0.000000	0.000000	1733433154.079604	0.000000
247.000000	88377.836451	20117.508783	187500.000000	187500.000000	86736.749022	102426.824263	111725.596991	133607.574833	-0.044000	0.770000	0.568000	192.000000	0.000000	0.000000	0.000000	0.000000	0.000000	0.000000	0.000000	0.000000	0.000000	1733433154.083656	0.000000
248.000000	88375.355408	20104.589475	187500.000000	187500.000000	86734.804420	102430.847577	111732.436625	133611.240519	-0.044000	0.770000	0.568000	192.000000	0.000000	0.000000	0.000000	0.000000	0.000000	0.000000	0.000000	0.000000	0.000000	1733433154.087627	0.000000
249.000000	88375.198945	20100.052071	187500.000000	187500.000000	86742.158144	102431.004039	111733.196584	133608.714772	-0.044000	0.770000	0.568000	192.000000	0.000000	0.000000	0.000000	0.000000	0.000000	0.000000	0.000000	0.000000	0.000000	1733433154.091623	0.000000
250.000000	88375.355408	20102.868390	187500.000000	187500.000000	86742.158144	102426.354876	111728.100387	133611.419333	-0.044000	0.770000	0.568000	192.000000	0.000000	0.000000	0.000000	0.000000	0.000000	0.000000	0.000000	0.000000	0.000000	1733433154.094828	0.000000
251.000000	88372.024998	20106.243504	187500.000000	187500.000000	86743.834525	102429.037086	111730.804948	133618.795409	-0.044000	0.770000	0.568000	192.000000	0.000000	0.000000	0.000000	0.000000	0.000000	0.000000	0.000000	0.000000	0.000000	1733433154.099935	0.000000
252.000000	88366.347655	20098.420393	187500.000000	187500.000000	86741.487591	102429.551176	111728.837994	133628.317252	-0.044000	0.770000	0.568000	192.000000	0.000000	0.000000	0.000000	0.000000	0.000000	0.000000	0.000000	0.000000	0.000000	1733433154.103878	0.000000
253.000000	88360.223277	20090.194951	187500.000000	187500.000000	86741.040557	102441.174083	111728.525070	133638.733165	-0.044000	0.770000	0.568000	192.000000	0.000000	0.000000	0.000000	0.000000	0.000000	0.000000	0.000000	0.000000	0.000000	1733433154.107960	0.000000
254.000000	88356.021149	20086.082230	187500.000000	187500.000000	86736.927836	102431.808702	111720.858421	133637.593226	-0.044000	0.770000	0.568000	192.000000	0.000000	0.000000	0.000000	0.000000	0.000000	0.000000	0.000000	0.000000	0.000000	1733433154.111889	0.000000
255.000000	88357.876343	20090.038489	187500.000000	187500.000000	86737.307815	102423.605612	111718.176212	133635.626273	-0.044000	0.770000	0.568000	192.000000	0.000000	0.000000	0.000000	0.000000	0.000000	0.000000	0.000000	0.000000	0.000000	1733433154.114654	0.000000
0.000000	88359.865649	20088.943254	187500.000000	187500.000000	86745.846182	102435.541443	111731.922535	133644.365805	-0.052000	0.778000	0.570000	192.000000	254.000000	96.000000	24.000000	80.000000	17.000000	208.000000	0.000000	0.000000	0.000000	1733433154.118673	0.000000
1.000000	88357.988102	20082.282434	187500.000000	187500.000000	86743.767469	102427.338353	111732.257811	133643.739956	-0.052000	0.778000	0.570000	192.000000	0.000000	0.000000	0.000000	0.000000	0.000000	0.000000	0.000000	0.000000	0.000000	1733433154.122669	0.000000
2.000000	88355.954093	20082.461248	187500.000000	187500.000000	86737.397222	102431.294612	111730.782596	133618.013098	-0.052000	0.778000	0.570000	192.000000	0.000000	0.000000	0.000000	0.000000	0.000000	0.000000	0.000000	0.000000	0.000000	1733433154.127696	0.000000
3.000000	88349.539143	20078.370879	187500.000000	187500.000000	86722.510960	102428.947679	111725.127605	133623.332813	-0.052000	0.778000	0.570000	192.000000	0.000000	0.000000	0.000000	0.000000	0.000000	0.000000	0.000000	0.000000	0.000000	1733433154.131791	0.000000
4.000000	88345.448774	20073.051163	187500.000000	187500.000000	86716.297175	102416.140129	111716.790404	133617.856636	-0.052000	0.778000	0.570000	192.000000	0.000000	0.000000	0.000000	0.000000	0.000000	0.000000	0.000000	0.000000	0.000000	1733433154.135914	0.000000
5.000000	88346.566361	20076.627442	187500.000000	187500.000000	86715.313699	102410.574545	111714.398767	133611.195816	-0.052000	0.778000	0.570000	192.000000	0.000000	0.000000	0.000000	0.000000	0.000000	0.000000	0.000000	0.000000	0.000000	1733433154.138939	0.000000
6.000000	88353.182477	20094.710004	187500.000000	187500.000000	86716.051306	102420.185795	111716.768052	133612.603976	-0.052000	0.778000	0.570000	192.000000	0.000000	0.000000	0.000000	0.000000	0.000000	0.000000	0.000000	0.000000	0.000000	1733433154.142993	0.000000
7.000000	88353.964788	20095.246446	187500.000000	187500.000000	86715.403106	102426.243118	111723.808852	133603.953851	-0.052000	0.778000	0.570000	192.000000	0.000000	0.000000	0.000000	0.000000	0.000000	0.000000	0.000000	0.000000	0.000000	1733433154.146696	0.000000
8.000000	88348.130983	20080.829570	187500.000000	187500.000000	86719.225254	102409.568716	111720.187869	133615.733220	-0.052000	0.778000	0.570000	192.000000	0.000000	0.000000	0.000000	0.000000	0.000000	0.000000	0.000000	0.000000	0.000000	1733433154.150723	0.000000
9.000000	88345.649939	20079.823742	187500.000000	187500.000000	86723.315623	102410.753359	111711.046006	133624.159828	-0.052000	0.778000	0.570000	192.000000	0.000000	0.000000	0.000000	0.000000	0.000000	0.000000	0.000000	0.000000	0.000000	1733433154.154721	0.000000
10.000000	88345.113497	20084.584663	187500.000000	187500.000000	86717.124190	102415.558984	111714.488174	133607.977165	-0.048000	0.772000	0.566000	192.000000	254.000000	128.000000	24.000000	32.000000	17.000000	176.000000	0.000000	0.000000	0.000000	1733433154.159917	0.000000
11.000000	88343.325358	20079.779038	187500.000000	187500.000000	86718.532350	102425.907841	111720.478442	133599.818778	-0.048000	0.772000	0.566000	192.000000	0.000000	0.000000	0.000000	0.000000	0.000000	0.000000	0.000000	0.000000	0.000000	1733433154.163768	0.000000
12.000000	88340.151410	20070.503064	187500.000000	187500.000000	86719.716992	102423.985591	111718.422081	133605.294955	-0.048000	0.772000	0.566000	192.000000	0.000000	0.000000	0.000000	0.000000	0.000000	0.000000	0.000000	0.000000	0.000000	1733433154.167004	0.000000
13.000000	88335.837523	20072.291204	187500.000000	187500.000000	86714.531388	102413.636734	111709.168459	133608.915938	-0.048000	0.772000	0.566000	192.000000	0.000000	0.000000	0.000000	0.000000	0.000000	0.000000	0.000000	0.000000	0.000000	1733433154.170848	0.000000
14.000000	88333.110611	20065.853902	187500.000000	187500.000000	86703.914309	102412.921478	111707.827354	133594.677877	-0.048000	0.772000	0.566000	192.000000	0.000000	0.000000	0.000000	0.000000	0.000000	0.000000	0.000000	0.000000	0.000000	1733433154.175038	0.000000
15.000000	88335.278730	20072.067687	187500.000000	187500.000000	86700.136864	102425.393751	111711.493041	133606.010211	-0.048000	0.772000	0.566000	192.000000	0.000000	0.000000	0.000000	0.000000	0.000000	0.000000	0.000000	0.000000	0.000000	1733433154.178806	0.000000
16.000000	88331.836561	20076.202759	187500.000000	187500.000000	86699.980402	102427.584222	111714.868154	133601.606918	-0.048000	0.772000	0.566000	192.000000	0.000000	0.000000	0.000000	0.000000	0.000000	0.000000	0.000000	0.000000	0.000000	1733433154.182781	0.000000
17.000000	88328.461448	20065.764495	187500.000000	187500.000000	86696.471178	102405.590106	111712.007131	133627.646700	-0.048000	0.772000	0.566000	192.000000	0.000000	0.000000	0.000000	0.000000	0.000000	0.000000	0.000000	0.000000	0.000000	1733433154.186774	0.000000
18.000000	88322.784105	20057.695515	187500.000000	187500.000000	86685.719989	102391.977893	111698.797250	133614.392115	-0.048000	0.772000	0.566000	192.000000	0.000000	0.000000	0.000000	0.000000	0.000000	0.000000	0.000000	0.000000	0.000000	1733433154.192115	0.000000
19.000000	88318.917253	20050.319439	187500.000000	187500.000000	86683.820091	102395.643579	111693.745755	133578.718731	-0.048000	0.772000	0.566000	192.000000	0.000000	0.000000	0.000000	0.000000	0.000000	0.000000	0.000000	0.000000	0.000000	1733433154.194847	0.000000
20.000000	88321.822980	20052.398151	187500.000000	187500.000000	86685.652934	102394.347178	111692.069375	133584.664295	-0.048000	0.778000	0.566000	192.000000	254.000000	128.000000	24.000000	80.000000	17.000000	176.000000	0.000000	0.000000	0.000000	1733433154.198785	0.000000
21.000000	88314.625718	20042.608087	187500.000000	187500.000000	86683.931849	102385.205315	111690.013014	133585.156034	-0.048000	0.778000	0.566000	192.000000	0.000000	0.000000	0.000000	0.000000	0.000000	0.000000	0.000000	0.000000	0.000000	1733433154.202945	0.000000
22.000000	88307.115532	20042.831605	187500.000000	187500.000000	86684.624754	102386.501716	111691.130601	133571.476766	-0.048000	0.778000	0.566000	192.000000	0.000000	0.000000	0.000000	0.000000	0.000000	0.000000	0.000000	0.000000	0.000000	1733433154.207098	0.000000
23.000000	88310.602404	20051.280564	187500.000000	187500.000000	86683.529518	102395.196545	111695.556247	133565.441795	-0.048000	0.778000	0.566000	192.000000	0.000000	0.000000	0.000000	0.000000	0.000000	0.000000	0.000000	0.000000	0.000000	1733433154.211201	0.000000
24.000000	88312.837578	20048.710114	187500.000000	187500.000000	86677.785120	102375.996396	111691.018843	133580.484519	-0.048000	0.778000	0.566000	192.000000	0.000000	0.000000	0.000000	0.000000	0.000000	0.000000	0.000000	0.000000	0.000000	1733433154.215849	0.000000
25.000000	88312.144674	20048.441893	187500.000000	187500.000000	86678.701541	102380.444393	111689.700090	133590.475749	-0.048000	0.778000	0.566000	192.000000	0.000000	0.000000	0.000000	0.000000	0.000000	0.000000	0.000000	0.000000	0.000000	1733433154.219817	0.000000
26.000000	88313.217558	20043.278640	187500.000000	187500.000000	86681.651972	102387.440489	111695.444488	133570.426234	-0.048000	0.778000	0.566000	192.000000	0.000000	0.000000	0.000000	0.000000	0.000000	0.000000	0.000000	0.000000	0.000000	1733433154.224458	0.000000
27.000000	88314.335145	20042.652791	187500.000000	187500.000000	86676.622829	102380.131469	111690.303587	133577.623496	-0.048000	0.778000	0.566000	192.000000	0.000000	0.000000	0.000000	0.000000	0.000000	0.000000	0.000000	0.000000	0.000000	1733433154.226837	0.000000
28.000000	88312.971689	20043.010419	187500.000000	187500.000000	86677.539251	102385.317074	111689.588331	133569.085129	-0.048000	0.778000	0.566000	192.000000	0.000000	0.000000	0.000000	0.000000	0.000000	0.000000	0.000000	0.000000	0.000000	1733433154.230874	0.000000
29.000000	88308.300174	20039.076512	187500.000000	187500.000000	86676.578126	102386.188792	111691.085898	133564.927705	-0.048000	0.778000	0.566000	192.000000	0.000000	0.000000	0.000000	0.000000	0.000000	0.000000	0.000000	0.000000	0.000000	1733433154.235093	0.000000
30.000000	88310.177721	20039.434140	187500.000000	187500.000000	86686.256431	102387.373434	111693.142258	133578.651676	-0.048000	0.780000	0.570000	192.000000	254.000000	128.000000	24.000000	96.000000	17.000000	208.000000	0.000000	0.000000	0.000000	1733433154.239003	0.000000
31.000000	88307.562567	20042.876308	187500.000000	187500.000000	86690.637373	102373.425945	111685.654424	133577.243516	-0.048000	0.780000	0.570000	192.000000	0.000000	0.000000	0.000000	0.000000	0.000000	0.000000	0.000000	0.000000	0.000000	1733433154.243081	0.000000
32.000000	88302.265203	20038.920050	187500.000000	187500.000000	86683.775387	102367.346271	111677.496037	133581.825624	-0.048000	0.780000	0.570000	192.000000	0.000000	0.000000	0.000000	0.000000	0.000000	0.000000	0.000000	0.000000	0.000000	1733433154.248007	0.000000
33.000000	88295.358514	20028.504137	187500.000000	187500.000000	86675.304076	102368.530913	111675.707898	133596.287202	-0.048000	0.780000	0.570000	192.000000	0.000000	0.000000	0.000000	0.000000	0.000000	0.000000	0.000000	0.000000	0.000000	1733433154.251123	0.000000
34.000000	88290.821110	20017.618837	187500.000000	187500.000000	86669.067939	102374.185905	111679.686508	133579.635153	-0.048000	0.780000	0.570000	192.000000	0.000000	0.000000	0.000000	0.000000	0.000000	0.000000	0.000000	0.000000	0.000000	1733433154.254862	0.000000
35.000000	88286.171947	20013.170840	187500.000000	187500.000000	86669.313809	102357.667966	111667.951842	133547.381586	-0.048000	0.780000	0.570000	192.000000	0.000000	0.000000	0.000000	0.000000	0.000000	0.000000	0.000000	0.000000	0.000000	1733433154.259122	0.000000
36.000000	88291.491662	20029.822890	187500.000000	187500.000000	86671.861907	102348.324936	111663.459142	133540.877228	-0.048000	0.780000	0.570000	192.000000	0.000000	0.000000	0.000000	0.000000	0.000000	0.000000	0.000000	0.000000	0.000000	1733433154.262909	0.000000
37.000000	88287.244831	20034.874384	187500.000000	187500.000000	86661.580105	102338.467817	111657.088894	133526.438001	-0.048000	0.780000	0.570000	192.000000	0.000000	0.000000	0.000000	0.000000	0.000000	0.000000	0.000000	0.000000	0.000000	1733433154.266937	0.000000
38.000000	88284.160290	20013.930799	187500.000000	187500.000000	86656.282742	102344.994527	111654.250223	133535.579864	-0.048000	0.780000	0.570000	192.000000	0.000000	0.000000	0.000000	0.000000	0.000000	0.000000	0.000000	0.000000	0.000000	1733433154.270909	0.000000
39.000000	88291.424607	20017.216506	187500.000000	187500.000000	86660.730739	102337.484340	111657.602985	133539.022033	-0.048000	0.780000	0.570000	192.000000	0.000000	0.000000	0.000000	0.000000	0.000000	0.000000	0.000000	0.000000	0.000000	1733433154.275220	0.000000
40.000000	88290.441130	20018.647017	187500.000000	187500.000000	86663.614114	102327.515462	111652.551490	133516.558530	-0.050000	0.776000	0.570000	192.000000	254.000000	112.000000	24.000000	64.000000	17.000000	208.000000	0.000000	0.000000	0.000000	1733433154.279134	0.000000
41.000000	88287.557755	20008.655788	187500.000000	187500.000000	86669.291457	102332.566957	111657.692392	133544.498210	-0.050000	0.776000	0.570000	192.000000	0.000000	0.000000	0.000000	0.000000	0.000000	0.000000	0.000000	0.000000	0.000000	1733433154.283194	0.000000
42.000000	88281.008694	20005.638302	187500.000000	187500.000000	86668.352684	102332.723419	111652.730304	133545.682853	-0.050000	0.776000	0.570000	192.000000	0.000000	0.000000	0.000000	0.000000	0.000000	0.000000	0.000000	0.000000	0.000000	1733433154.287018	0.000000
43.000000	88280.136976	20001.659692	187500.000000	187500.000000	86667.570373	102337.752561	111648.885804	133553.438908	-0.050000	0.776000	0.570000	192.000000	0.000000	0.000000	0.000000	0.000000	0.000000	0.000000	0.000000	0.000000	0.000000	1733433154.290915	0.000000
44.000000	88280.069921	20001.950264	187500.000000	187500.000000	86663.547059	102347.721439	111651.120979	133563.832469	-0.050000	0.776000	0.570000	192.000000	0.000000	0.000000	0.000000	0.000000	0.000000	0.000000	0.000000	0.000000	0.000000	1733433154.294940	0.000000
45.000000	88282.662723	20009.080471	187500.000000	187500.000000	86673.493585	102347.699088	111657.692392	133520.559492	-0.050000	0.776000	0.570000	192.000000	0.000000	0.000000	0.000000	0.000000	0.000000	0.000000	0.000000	0.000000	0.000000	1733433154.298934	0.000000
46.000000	88271.464499	20010.108651	187500.000000	187500.000000	86664.709349	102318.552413	111648.438769	133520.783010	-0.050000	0.776000	0.570000	192.000000	0.000000	0.000000	0.000000	0.000000	0.000000	0.000000	0.000000	0.000000	0.000000	1733433154.302938	0.000000
47.000000	88265.206011	19998.530447	187500.000000	187500.000000	86661.334236	102316.697218	111636.793511	133527.555588	-0.050000	0.776000	0.570000	192.000000	0.000000	0.000000	0.000000	0.000000	0.000000	0.000000	0.000000	0.000000	0.000000	1733433154.306933	0.000000
48.000000	88272.425624	20002.821982	187500.000000	187500.000000	86665.670474	102322.776893	111645.264822	133549.326187	-0.050000	0.776000	0.570000	192.000000	0.000000	0.000000	0.000000	0.000000	0.000000	0.000000	0.000000	0.000000	0.000000	1733433154.310996	0.000000
49.000000	88272.045645	20021.083357	187500.000000	187500.000000	86670.185527	102327.940145	111649.198729	133515.887978	-0.050000	0.776000	0.570000	192.000000	0.000000	0.000000	0.000000	0.000000	0.000000	0.000000	0.000000	0.000000	0.000000	1733433154.315215	0.000000
50.000000	88267.485889	20010.131003	187500.000000	187500.000000	86661.155422	102327.738980	111637.888746	133517.653765	-0.046000	0.776000	0.574000	192.000000	254.000000	144.000000	24.000000	64.000000	17.000000	240.000000	0.000000	0.000000	0.000000	1733433154.319192	0.000000
51.000000	88267.888220	19991.668462	187500.000000	187500.000000	86656.260390	102342.200558	111638.738112	133514.479818	-0.046000	0.776000	0.574000	192.000000	0.000000	0.000000	0.000000	0.000000	0.000000	0.000000	0.000000	0.000000	0.000000	1733433154.323267	0.000000
52.000000	88260.176868	19988.025127	187500.000000	187500.000000	86653.533477	102336.031477	111633.016066	133507.729591	-0.046000	0.776000	0.574000	192.000000	0.000000	0.000000	0.000000	0.000000	0.000000	0.000000	0.000000	0.000000	0.000000	1733433154.327010	0.000000
53.000000	88262.546153	19986.773430	187500.000000	187500.000000	86653.645236	102328.387180	111637.307601	133525.610986	-0.046000	0.776000	0.574000	192.000000	0.000000	0.000000	0.000000	0.000000	0.000000	0.000000	0.000000	0.000000	0.000000	1733433154.330990	0.000000
54.000000	88261.629732	19982.481895	187500.000000	187500.000000	86655.455727	102345.128637	111651.456255	133538.016205	-0.046000	0.776000	0.574000	192.000000	0.000000	0.000000	0.000000	0.000000	0.000000	0.000000	0.000000	0.000000	0.000000	1733433154.334006	0.000000
55.000000	88253.069014	19978.615043	187500.000000	187500.000000	86653.220553	102331.941108	111644.482511	133518.212559	-0.046000	0.776000	0.574000	192.000000	0.000000	0.000000	0.000000	0.000000	0.000000	0.000000	0.000000	0.000000	0.000000	1733433154.339062	0.000000
56.000000	88254.387767	19987.175761	187500.000000	187500.000000	86656.014521	102319.737055	111639.788644	133539.960806	-0.046000	0.776000	0.574000	192.000000	0.000000	0.000000	0.000000	0.000000	0.000000	0.000000	0.000000	0.000000	0.000000	1733433154.343145	0.000000
57.000000	88253.426642	19988.785087	187500.000000	187500.000000	86660.998960	102330.935279	111650.696296	133527.287367	-0.046000	0.776000	0.574000	192.000000	0.000000	0.000000	0.000000	0.000000	0.000000	0.000000	0.000000	0.000000	0.000000	1733433154.347096	0.000000
58.000000	88255.550057	19982.325433	187500.000000	187500.000000	86671.325466	102333.393971	111659.011145	133516.290309	-0.046000	0.776000	0.574000	192.000000	0.000000	0.000000	0.000000	0.000000	0.000000	0.000000	0.000000	0.000000	0.000000	1733433154.351253	0.000000
59.000000	88259.573371	19981.923101	187500.000000	187500.000000	86672.443053	102322.083988	111653.937299	133528.315548	-0.046000	0.776000	0.574000	192.000000	0.000000	0.000000	0.000000	0.000000	0.000000	0.000000	0.000000	0.000000	0.000000	1733433154.355328	0.000000
60.000000	88252.845496	19979.687927	187500.000000	187500.000000	86659.724910	102314.126767	111649.601060	133536.518638	-0.042000	0.780000	0.578000	192.000000	254.000000	176.000000	24.000000	96.000000	18.000000	16.000000	0.000000	0.000000	0.000000	1733433154.359251	0.000000
61.000000	88248.777479	19982.057212	187500.000000	187500.000000	86657.601495	102309.879936	111648.081141	133509.830655	-0.042000	0.780000	0.578000	192.000000	0.000000	0.000000	0.000000	0.000000	0.000000	0.000000	0.000000	0.000000	0.000000	1733433154.362237	0.000000
62.000000	88245.000034	19978.615043	187500.000000	187500.000000	86649.241942	102305.744863	111646.047133	133512.378754	-0.042000	0.780000	0.578000	192.000000	0.000000	0.000000	0.000000	0.000000	0.000000	0.000000	0.000000	0.000000	0.000000	1733433154.367105	0.000000
63.000000	88244.307130	19981.945453	187500.000000	187500.000000	86650.694805	102303.979075	111651.277441	133520.604196	-0.042000	0.780000	0.578000	192.000000	0.000000	0.000000	0.000000	0.000000	0.000000	0.000000	0.000000	0.000000	0.000000	1733433154.371058	0.000000
64.000000	88242.317825	19980.872569	187500.000000	187500.000000	86652.952332	102295.284247	111647.678810	133521.162989	-0.042000	0.780000	0.578000	192.000000	0.000000	0.000000	0.000000	0.000000	0.000000	0.000000	0.000000	0.000000	0.000000	1733433154.375050	0.000000
65.000000	88234.986452	19970.009621	187500.000000	187500.000000	86642.536419	102295.686578	111644.035476	133539.379661	-0.042000	0.780000	0.578000	192.000000	0.000000	0.000000	0.000000	0.000000	0.000000	0.000000	0.000000	0.000000	0.000000	1733433154.379081	0.000000
66.000000	88236.573426	19974.994060	187500.000000	187500.000000	86647.565561	102310.952820	111652.260918	133515.083315	-0.042000	0.780000	0.578000	192.000000	0.000000	0.000000	0.000000	0.000000	0.000000	0.000000	0.000000	0.000000	0.000000	1733433154.383231	0.000000
67.000000	88233.846513	19962.790008	187500.000000	187500.000000	86649.286646	102319.804111	111654.943127	133495.279669	-0.042000	0.780000	0.578000	192.000000	0.000000	0.000000	0.000000	0.000000	0.000000	0.000000	0.000000	0.000000	0.000000	1733433154.387211	0.000000
68.000000	88236.193447	19968.288537	187500.000000	187500.000000	86643.788116	102299.307561	111649.444598	133501.426399	-0.042000	0.780000	0.578000	192.000000	0.000000	0.000000	0.000000	0.000000	0.000000	0.000000	0.000000	0.000000	0.000000	1733433154.390370	0.000000
69.000000	88235.880522	19963.549967	187500.000000	187500.000000	86634.869770	102285.807107	111635.318295	133499.258280	-0.042000	0.780000	0.578000	192.000000	0.000000	0.000000	0.000000	0.000000	0.000000	0.000000	0.000000	0.000000	0.000000	1733433154.394206	0.000000
70.000000	88238.495676	19975.239930	187500.000000	187500.000000	86636.568503	102290.925657	111637.419359	133504.153312	-0.042000	0.780000	0.578000	192.000000	254.000000	176.000000	24.000000	96.000000	18.000000	16.000000	0.000000	0.000000	0.000000	1733433154.399093	0.000000
71.000000	88232.460705	19970.233139	187500.000000	187500.000000	86630.399422	102286.812936	111634.088949	133529.164914	-0.042000	0.780000	0.578000	192.000000	0.000000	0.000000	0.000000	0.000000	0.000000	0.000000	0.000000	0.000000	0.000000	1733433154.403093	0.000000
72.000000	88229.510275	19958.520825	187500.000000	187500.000000	86633.394555	102306.124843	111639.207499	133532.405917	-0.042000	0.780000	0.578000	192.000000	0.000000	0.000000	0.000000	0.000000	0.000000	0.000000	0.000000	0.000000	0.000000	1733433154.407238	0.000000
73.000000	88230.784325	19964.667554	187500.000000	187500.000000	86635.205047	102288.042282	111637.531118	133508.131922	-0.042000	0.780000	0.578000	192.000000	0.000000	0.000000	0.000000	0.000000	0.000000	0.000000	0.000000	0.000000	0.000000	1733433154.410095	0.000000
74.000000	88229.264406	19964.533444	187500.000000	187500.000000	86638.311939	102283.013139	111633.194880	133485.131977	-0.042000	0.780000	0.578000	192.000000	0.000000	0.000000	0.000000	0.000000	0.000000	0.000000	0.000000	0.000000	0.000000	1733433154.414100	0.000000
75.000000	88224.034098	19957.984383	187500.000000	187500.000000	86639.161305	102283.996616	111632.837252	133491.837501	-0.042000	0.780000	0.578000	192.000000	0.000000	0.000000	0.000000	0.000000	0.000000	0.000000	0.000000	0.000000	0.000000	1733433154.418107	0.000000
76.000000	88222.715345	19959.973688	187500.000000	187500.000000	86634.959177	102280.241523	111629.775063	133487.434207	-0.042000	0.780000	0.578000	192.000000	0.000000	0.000000	0.000000	0.000000	0.000000	0.000000	0.000000	0.000000	0.000000	1733433154.422225	0.000000
77.000000	88232.080726	19962.812360	187500.000000	187500.000000	86645.822125	102291.104471	111648.371714	133498.386562	-0.042000	0.780000	0.578000	192.000000	0.000000	0.000000	0.000000	0.000000	0.000000	0.000000	0.000000	0.000000	0.000000	1733433154.427338	0.000000
78.000000	88231.812505	19957.313831	187500.000000	187500.000000	86656.148631	102311.086930	111647.678810	133497.246623	-0.042000	0.780000	0.578000	192.000000	0.000000	0.000000	0.000000	0.000000	0.000000	0.000000	0.000000	0.000000	0.000000	1733433154.431394	0.000000
79.000000	88226.872769	19954.497511	187500.000000	187500.000000	86662.518878	102313.635029	111644.638973	133487.881242	-0.042000	0.780000	0.578000	192.000000	0.000000	0.000000	0.000000	0.000000	0.000000	0.000000	0.000000	0.000000	0.000000	1733433154.435381	0.000000
80.000000	88222.938862	19957.604403	187500.000000	187500.000000	86667.190393	102301.900363	111648.505825	133498.900652	-0.040000	0.780000	0.574000	192.000000	254.000000	192.000000	24.000000	96.000000	17.000000	240.000000	0.000000	0.000000	0.000000	1733433154.439175	0.000000
81.000000	88219.072010	19953.066999	187500.000000	187500.000000	86656.953294	102299.218154	111642.113226	133496.933698	-0.040000	0.780000	0.574000	192.000000	0.000000	0.000000	0.000000	0.000000	0.000000	0.000000	0.000000	0.000000	0.000000	1733433154.442477	0.000000
82.000000	88207.426752	19942.181700	187500.000000	187500.000000	86643.966930	102295.016026	111631.742016	133474.425492	-0.040000	0.780000	0.574000	192.000000	0.000000	0.000000	0.000000	0.000000	0.000000	0.000000	0.000000	0.000000	0.000000	1733433154.446160	0.000000
83.000000	88203.381086	19940.170043	187500.000000	187500.000000	86638.356643	102289.651607	111626.265839	133475.230154	-0.040000	0.780000	0.574000	192.000000	0.000000	0.000000	0.000000	0.000000	0.000000	0.000000	0.000000	0.000000	0.000000	1733433154.450199	0.000000
84.000000	88203.649307	19944.193357	187500.000000	187500.000000	86630.555884	102278.073404	111625.416473	133493.804454	-0.040000	0.780000	0.574000	192.000000	0.000000	0.000000	0.000000	0.000000	0.000000	0.000000	0.000000	0.000000	0.000000	1733433154.455172	0.000000
85.000000	88197.994315	19937.554888	187500.000000	187500.000000	86622.799828	102263.902398	111621.236696	133491.725742	-0.040000	0.780000	0.574000	192.000000	0.000000	0.000000	0.000000	0.000000	0.000000	0.000000	0.000000	0.000000	0.000000	1733433154.459369	0.000000
86.000000	88202.196443	19942.181700	187500.000000	187500.000000	86618.865921	102259.230883	111623.807147	133484.617887	-0.040000	0.780000	0.574000	192.000000	0.000000	0.000000	0.000000	0.000000	0.000000	0.000000	0.000000	0.000000	0.000000	1733433154.463275	0.000000
87.000000	88203.626955	19936.236136	187500.000000	187500.000000	86618.910625	102265.958758	111627.361074	133483.366189	-0.040000	0.780000	0.574000	192.000000	0.000000	0.000000	0.000000	0.000000	0.000000	0.000000	0.000000	0.000000	0.000000	1733433154.466466	0.000000
88.000000	88204.744542	19937.107854	187500.000000	187500.000000	86629.952387	102273.424241	111630.557374	133494.944393	-0.040000	0.780000	0.574000	192.000000	0.000000	0.000000	0.000000	0.000000	0.000000	0.000000	0.000000	0.000000	0.000000	1733433154.470236	0.000000
89.000000	88209.349002	19945.176833	187500.000000	187500.000000	86636.590855	102279.459212	111632.501976	133472.905573	-0.040000	0.780000	0.574000	192.000000	0.000000	0.000000	0.000000	0.000000	0.000000	0.000000	0.000000	0.000000	0.000000	1733433154.474196	0.000000
90.000000	88206.756199	19942.785197	187500.000000	187500.000000	86643.251675	102284.018968	111632.077292	133462.333198	-0.034000	0.778000	0.574000	192.000000	254.000000	240.000000	24.000000	80.000000	17.000000	240.000000	0.000000	0.000000	0.000000	1733433154.478199	0.000000
91.000000	88202.688182	19941.488795	187500.000000	187500.000000	86642.402308	102280.755613	111623.583630	133476.884184	-0.034000	0.778000	0.574000	192.000000	0.000000	0.000000	0.000000	0.000000	0.000000	0.000000	0.000000	0.000000	0.000000	1733433154.483238	0.000000
92.000000	88197.636687	19938.292496	187500.000000	187500.000000	86635.629730	102267.635139	111613.502993	133463.115509	-0.034000	0.778000	0.574000	192.000000	0.000000	0.000000	0.000000	0.000000	0.000000	0.000000	0.000000	0.000000	0.000000	1733433154.487202	0.000000
93.000000	88190.305315	19925.999037	187500.000000	187500.000000	86631.986395	102259.074421	111608.496202	133470.916268	-0.034000	0.778000	0.574000	192.000000	0.000000	0.000000	0.000000	0.000000	0.000000	0.000000	0.000000	0.000000	0.000000	1733433154.491254	0.000000
94.000000	88195.826196	19934.604458	187500.000000	187500.000000	86637.015538	102278.855715	111626.891688	133488.998829	-0.034000	0.778000	0.574000	192.000000	0.000000	0.000000	0.000000	0.000000	0.000000	0.000000	0.000000	0.000000	0.000000	1733433154.494220	0.000000
95.000000	88197.144949	19949.602479	187500.000000	187500.000000	86647.967893	102282.655511	111632.904307	133494.095027	-0.034000	0.778000	0.574000	192.000000	0.000000	0.000000	0.000000	0.000000	0.000000	0.000000	0.000000	0.000000	0.000000	1733433154.498344	0.000000
96.000000	88195.781493	19935.945563	187500.000000	187500.000000	86647.632616	102261.488409	111619.180336	133487.054227	-0.034000	0.778000	0.574000	192.000000	0.000000	0.000000	0.000000	0.000000	0.000000	0.000000	0.000000	0.000000	0.000000	1733433154.502439	0.000000
97.000000	88196.049714	19933.866851	187500.000000	187500.000000	86652.862925	102254.425258	111626.556412	133452.364320	-0.034000	0.778000	0.574000	192.000000	0.000000	0.000000	0.000000	0.000000	0.000000	0.000000	0.000000	0.000000	0.000000	1733433154.506491	0.000000
98.000000	88194.999182	19936.616115	187500.000000	187500.000000	86644.570427	102254.045278	111632.837252	133476.101872	-0.034000	0.778000	0.574000	192.000000	0.000000	0.000000	0.000000	0.000000	0.000000	0.000000	0.000000	0.000000	0.000000	1733433154.510301	0.000000
99.000000	88185.656152	19917.147746	187500.000000	187500.000000	86636.434393	102245.395153	111618.867411	133461.439128	-0.034000	0.778000	0.574000	192.000000	0.000000	0.000000	0.000000	0.000000	0.000000	0.000000	0.000000	0.000000	0.000000	1733433154.515226	0.000000
100.000000	88180.291734	19913.079728	187500.000000	187500.000000	86635.227398	102247.563272	111621.147289	133464.836593	-0.040000	0.776000	0.576000	192.000000	254.000000	192.000000	24.000000	64.000000	18.000000	0.000000	0.000000	0.000000	0.000000	1733433154.519299	0.000000
101.000000	88183.823309	19926.736644	187500.000000	187500.000000	86646.112698	102266.182276	111635.094778	133483.634410	-0.040000	0.776000	0.576000	192.000000	0.000000	0.000000	0.000000	0.000000	0.000000	0.000000	0.000000	0.000000	0.000000	1733433154.522288	0.000000
102.000000	88184.985600	19926.691941	187500.000000	187500.000000	86649.733680	102274.273607	111633.127824	133469.083425	-0.040000	0.776000	0.576000	192.000000	0.000000	0.000000	0.000000	0.000000	0.000000	0.000000	0.000000	0.000000	0.000000	1733433154.526415	0.000000
103.000000	88184.650324	19923.853269	187500.000000	187500.000000	86649.398404	102262.203665	111624.634162	133462.690826	-0.040000	0.776000	0.576000	192.000000	0.000000	0.000000	0.000000	0.000000	0.000000	0.000000	0.000000	0.000000	0.000000	1733433154.530307	0.000000
104.000000	88184.113882	19927.228382	187500.000000	187500.000000	86646.358567	102261.957796	111622.533098	133477.487681	-0.040000	0.776000	0.576000	192.000000	0.000000	0.000000	0.000000	0.000000	0.000000	0.000000	0.000000	0.000000	0.000000	1733433154.534560	0.000000
105.000000	88188.338362	19930.894069	187500.000000	187500.000000	86642.111736	102264.192970	111636.592345	133484.304963	-0.040000	0.776000	0.576000	192.000000	0.000000	0.000000	0.000000	0.000000	0.000000	0.000000	0.000000	0.000000	0.000000	1733433154.538480	0.000000
106.000000	88185.365580	19928.949467	187500.000000	187500.000000	86633.841590	102261.354299	111628.992752	133455.739433	-0.040000	0.776000	0.576000	192.000000	0.000000	0.000000	0.000000	0.000000	0.000000	0.000000	0.000000	0.000000	0.000000	1733433154.543346	0.000000
107.000000	88180.738769	19926.490775	187500.000000	187500.000000	86625.638500	102248.658508	111619.046225	133457.661683	-0.040000	0.776000	0.576000	192.000000	0.000000	0.000000	0.000000	0.000000	0.000000	0.000000	0.000000	0.000000	0.000000	1733433154.546507	0.000000
108.000000	88173.407396	19918.019464	187500.000000	187500.000000	86612.987413	102245.059877	111609.971417	133446.463459	-0.040000	0.776000	0.576000	192.000000	0.000000	0.000000	0.000000	0.000000	0.000000	0.000000	0.000000	0.000000	0.000000	1733433154.550306	0.000000
109.000000	88167.551239	19911.872734	187500.000000	187500.000000	86606.706572	102247.004479	111605.277551	133441.099041	-0.040000	0.776000	0.576000	192.000000	0.000000	0.000000	0.000000	0.000000	0.000000	0.000000	0.000000	0.000000	0.000000	1733433154.554352	0.000000
110.000000	88172.647437	19915.449013	187500.000000	187500.000000	86615.580215	102260.974319	111612.474813	133446.642273	-0.048000	0.776000	0.574000	192.000000	254.000000	128.000000	24.000000	64.000000	17.000000	240.000000	0.000000	0.000000	0.000000	1733433154.558599	0.000000
111.000000	88168.042978	19910.308112	187500.000000	187500.000000	86614.820256	102250.021964	111600.673091	133450.978512	-0.048000	0.776000	0.574000	192.000000	0.000000	0.000000	0.000000	0.000000	0.000000	0.000000	0.000000	0.000000	0.000000	1733433154.562355	0.000000
112.000000	88159.839888	19908.564676	187500.000000	187500.000000	86612.383915	102244.612842	111598.661434	133458.220477	-0.048000	0.776000	0.574000	192.000000	0.000000	0.000000	0.000000	0.000000	0.000000	0.000000	0.000000	0.000000	0.000000	1733433154.566353	0.000000
113.000000	88160.286922	19908.788193	187500.000000	187500.000000	86607.734753	102242.198854	111596.448612	133450.978512	-0.048000	0.776000	0.574000	192.000000	0.000000	0.000000	0.000000	0.000000	0.000000	0.000000	0.000000	0.000000	0.000000	1733433154.571576	0.000000
114.000000	88158.319969	19906.709481	187500.000000	187500.000000	86603.219700	102248.792618	111590.525400	133458.667512	-0.048000	0.776000	0.574000	192.000000	0.000000	0.000000	0.000000	0.000000	0.000000	0.000000	0.000000	0.000000	0.000000	1733433154.574560	0.000000
115.000000	88151.010949	19905.234266	187500.000000	187500.000000	86592.177938	102231.939403	111582.769344	133453.057224	-0.048000	0.776000	0.574000	192.000000	0.000000	0.000000	0.000000	0.000000	0.000000	0.000000	0.000000	0.000000	0.000000	1733433154.577563	0.000000
116.000000	88150.072175	19907.961179	187500.000000	187500.000000	86591.172110	102236.722676	111576.421449	133414.276947	-0.048000	0.776000	0.574000	192.000000	0.000000	0.000000	0.000000	0.000000	0.000000	0.000000	0.000000	0.000000	0.000000	1733433154.582707	0.000000
117.000000	88142.740803	19897.791135	187500.000000	187500.000000	86585.874747	102228.072551	111568.307766	133412.086476	-0.048000	0.776000	0.574000	192.000000	0.000000	0.000000	0.000000	0.000000	0.000000	0.000000	0.000000	0.000000	0.000000	1733433154.586470	0.000000
118.000000	88146.272379	19895.533609	187500.000000	187500.000000	86586.031209	102231.693534	111569.224187	133416.042735	-0.048000	0.776000	0.574000	192.000000	0.000000	0.000000	0.000000	0.000000	0.000000	0.000000	0.000000	0.000000	0.000000	1733433154.590442	0.000000
119.000000	88149.133402	19895.913589	187500.000000	187500.000000	86595.485997	102237.415580	111570.565292	133432.963006	-0.048000	0.776000	0.574000	192.000000	0.000000	0.000000	0.000000	0.000000	0.000000	0.000000	0.000000	0.000000	0.000000	1733433154.594561	0.000000
120.000000	88145.735937	19897.187638	187500.000000	187500.000000	86591.417979	102241.371839	111569.581815	133426.413945	-0.046000	0.774000	0.572000	192.000000	254.000000	144.000000	24.000000	48.000000	17.000000	224.000000	0.000000	0.000000	0.000000	1733433154.599445	0.000000
121.000000	88151.525039	19902.976740	187500.000000	187500.000000	86591.574441	102257.085116	111577.986071	133432.158343	-0.046000	0.774000	0.572000	192.000000	0.000000	0.000000	0.000000	0.000000	0.000000	0.000000	0.000000	0.000000	0.000000	1733433154.602440	0.000000
122.000000	88151.167411	19895.712423	187500.000000	187500.000000	86594.614279	102260.370822	111582.501123	133452.677244	-0.046000	0.774000	0.572000	192.000000	0.000000	0.000000	0.000000	0.000000	0.000000	0.000000	0.000000	0.000000	0.000000	1733433154.605648	0.000000
123.000000	88149.334568	19897.657025	187500.000000	187500.000000	86589.674543	102247.809142	111578.120181	133440.830820	-0.046000	0.774000	0.572000	192.000000	0.000000	0.000000	0.000000	0.000000	0.000000	0.000000	0.000000	0.000000	0.000000	1733433154.610461	0.000000
124.000000	88149.379271	19896.405327	187500.000000	187500.000000	86593.831968	102252.346546	111568.710097	133427.017442	-0.046000	0.774000	0.572000	192.000000	0.000000	0.000000	0.000000	0.000000	0.000000	0.000000	0.000000	0.000000	0.000000	1733433154.614595	0.000000
125.000000	88143.813687	19892.583179	187500.000000	187500.000000	86595.821273	102255.788714	111567.525454	133429.587892	-0.046000	0.774000	0.572000	192.000000	0.000000	0.000000	0.000000	0.000000	0.000000	0.000000	0.000000	0.000000	0.000000	1733433154.618726	0.000000
126.000000	88137.979882	19885.587083	187500.000000	187500.000000	86589.719247	102253.553540	111558.763571	133437.746279	-0.046000	0.774000	0.572000	192.000000	0.000000	0.000000	0.000000	0.000000	0.000000	0.000000	0.000000	0.000000	0.000000	1733433154.622438	0.000000
127.000000	88141.757326	19889.029251	187500.000000	187500.000000	86584.287773	102255.989880	111555.343754	133424.581101	-0.046000	0.774000	0.572000	192.000000	0.000000	0.000000	0.000000	0.000000	0.000000	0.000000	0.000000	0.000000	0.000000	1733433154.627417	0.000000
128.000000	88145.065385	19897.880542	187500.000000	187500.000000	86588.758122	102256.995709	111555.679030	133435.041718	-0.046000	0.774000	0.572000	192.000000	0.000000	0.000000	0.000000	0.000000	0.000000	0.000000	0.000000	0.000000	0.000000	1733433154.630392	0.000000
129.000000	88142.696100	19902.216780	187500.000000	187500.000000	86589.451026	102260.773153	111552.907414	133467.228230	-0.046000	0.774000	0.572000	192.000000	0.000000	0.000000	0.000000	0.000000	0.000000	0.000000	0.000000	0.000000	0.000000	1733433154.633462	0.000000
130.000000	88138.918655	19895.935940	187500.000000	187500.000000	86587.260555	102255.989880	111541.709190	133443.289512	-0.048000	0.770000	0.566000	192.000000	254.000000	128.000000	24.000000	16.000000	17.000000	176.000000	0.000000	0.000000	0.000000	1733433154.638422	0.000000
131.000000	88135.476486	19891.800868	187500.000000	187500.000000	86585.271249	102255.654604	111536.791806	133427.084497	-0.048000	0.770000	0.566000	192.000000	0.000000	0.000000	0.000000	0.000000	0.000000	0.000000	0.000000	0.000000	0.000000	1733433154.642558	0.000000
132.000000	88135.007100	19886.123524	187500.000000	187500.000000	86592.513215	102259.364993	111538.579945	133417.205026	-0.048000	0.770000	0.566000	192.000000	0.000000	0.000000	0.000000	0.000000	0.000000	0.000000	0.000000	0.000000	0.000000	1733433154.646635	0.000000
133.000000	88134.157733	19878.054545	187500.000000	187500.000000	86597.385895	102252.368897	111534.735445	133456.767614	-0.048000	0.770000	0.566000	192.000000	0.000000	0.000000	0.000000	0.000000	0.000000	0.000000	0.000000	0.000000	0.000000	1733433154.650760	0.000000
134.000000	88133.889512	19881.943748	187500.000000	187500.000000	86589.696895	102257.822723	111528.342846	133448.922151	-0.048000	0.770000	0.566000	192.000000	0.000000	0.000000	0.000000	0.000000	0.000000	0.000000	0.000000	0.000000	0.000000	1733433154.654629	0.000000
135.000000	88142.673748	19889.118658	187500.000000	187500.000000	86593.966078	102261.644871	111531.270925	133429.140857	-0.048000	0.770000	0.566000	192.000000	0.000000	0.000000	0.000000	0.000000	0.000000	0.000000	0.000000	0.000000	0.000000	1733433154.657471	0.000000
136.000000	88141.556161	19885.944710	187500.000000	187500.000000	86590.836834	102255.431086	111528.856937	133433.253578	-0.048000	0.770000	0.566000	192.000000	0.000000	0.000000	0.000000	0.000000	0.000000	0.000000	0.000000	0.000000	0.000000	1733433154.661454	0.000000
137.000000	88136.370556	19890.683280	187500.000000	187500.000000	86588.534604	102247.563272	111533.550803	133435.600512	-0.048000	0.770000	0.566000	192.000000	0.000000	0.000000	0.000000	0.000000	0.000000	0.000000	0.000000	0.000000	0.000000	1733433154.666511	0.000000
138.000000	88138.315158	19899.646330	187500.000000	187500.000000	86593.429636	102259.476752	111542.603259	133423.418811	-0.048000	0.770000	0.566000	192.000000	0.000000	0.000000	0.000000	0.000000	0.000000	0.000000	0.000000	0.000000	0.000000	1733433154.670518	0.000000
139.000000	88137.689309	19899.467516	187500.000000	187500.000000	86590.389799	102262.337776	111534.377817	133429.319671	-0.048000	0.770000	0.566000	192.000000	0.000000	0.000000	0.000000	0.000000	0.000000	0.000000	0.000000	0.000000	0.000000	1733433154.674660	0.000000
140.000000	88137.801068	19894.773650	187500.000000	187500.000000	86591.842662	102266.472848	111537.954097	133442.350738	-0.046000	0.770000	0.572000	192.000000	254.000000	144.000000	24.000000	16.000000	17.000000	224.000000	0.000000	0.000000	0.000000	1733433154.678750	0.000000
141.000000	88132.324890	19892.739641	187500.000000	187500.000000	86594.211947	102261.108430	111540.278678	133456.499393	-0.046000	0.770000	0.572000	192.000000	0.000000	0.000000	0.000000	0.000000	0.000000	0.000000	0.000000	0.000000	0.000000	1733433154.681688	0.000000
142.000000	88123.317137	19886.682318	187500.000000	187500.000000	86596.201252	102255.609900	111531.159166	133440.003805	-0.046000	0.770000	0.572000	192.000000	0.000000	0.000000	0.000000	0.000000	0.000000	0.000000	0.000000	0.000000	0.000000	1733433154.685742	0.000000
143.000000	88127.183989	19893.231379	187500.000000	187500.000000	86594.547223	102258.582682	111531.114463	133429.766706	-0.046000	0.770000	0.572000	192.000000	0.000000	0.000000	0.000000	0.000000	0.000000	0.000000	0.000000	0.000000	0.000000	1733433154.689530	0.000000
144.000000	88127.318099	19888.783382	187500.000000	187500.000000	86586.500595	102258.582682	111527.694646	133445.837610	-0.046000	0.770000	0.572000	192.000000	0.000000	0.000000	0.000000	0.000000	0.000000	0.000000	0.000000	0.000000	0.000000	1733433154.694510	0.000000
145.000000	88118.824437	19874.232396	187500.000000	187500.000000	86581.829081	102265.511723	111516.183497	133442.171924	-0.046000	0.770000	0.572000	192.000000	0.000000	0.000000	0.000000	0.000000	0.000000	0.000000	0.000000	0.000000	0.000000	1733433154.698550	0.000000
146.000000	88116.589262	19877.831027	187500.000000	187500.000000	86578.945706	102252.301842	111507.891000	133440.316730	-0.046000	0.770000	0.572000	192.000000	0.000000	0.000000	0.000000	0.000000	0.000000	0.000000	0.000000	0.000000	0.000000	1733433154.702607	0.000000
147.000000	88120.053782	19881.742583	187500.000000	187500.000000	86589.160453	102249.731392	111511.690797	133431.510142	-0.046000	0.770000	0.572000	192.000000	0.000000	0.000000	0.000000	0.000000	0.000000	0.000000	0.000000	0.000000	0.000000	1733433154.706576	0.000000
148.000000	88125.462905	19882.502542	187500.000000	187500.000000	86602.258575	102262.985976	111507.913352	133418.076744	-0.046000	0.770000	0.572000	192.000000	0.000000	0.000000	0.000000	0.000000	0.000000	0.000000	0.000000	0.000000	0.000000	1733433154.709594	0.000000
149.000000	88125.351146	19881.742583	187500.000000	187500.000000	86606.728924	102272.753688	111515.043558	133424.894026	-0.046000	0.770000	0.572000	192.000000	0.000000	0.000000	0.000000	0.000000	0.000000	0.000000	0.000000	0.000000	0.000000	1733433154.713693	0.000000
150.000000	88122.601881	19878.054545	187500.000000	187500.000000	86615.379049	102265.869351	111514.954152	133429.476134	-0.044000	0.772000	0.576000	192.000000	254.000000	160.000000	24.000000	32.000000	18.000000	0.000000	0.000000	0.000000	0.000000	1733433154.717776	0.000000
151.000000	88124.322966	19882.390783	187500.000000	187500.000000	86614.820256	102269.825610	111513.635399	133435.578160	-0.044000	0.772000	0.576000	192.000000	0.000000	0.000000	0.000000	0.000000	0.000000	0.000000	0.000000	0.000000	0.000000	1733433154.722797	0.000000
152.000000	88126.982823	19885.072992	187500.000000	187500.000000	86613.993241	102284.711872	111517.055215	133440.070860	-0.044000	0.772000	0.576000	192.000000	0.000000	0.000000	0.000000	0.000000	0.000000	0.000000	0.000000	0.000000	0.000000	1733433154.726772	0.000000
153.000000	88124.300614	19885.765897	187500.000000	187500.000000	86613.903834	102275.570008	111513.724806	133450.017387	-0.044000	0.772000	0.576000	192.000000	0.000000	0.000000	0.000000	0.000000	0.000000	0.000000	0.000000	0.000000	0.000000	1733433154.730587	0.000000
154.000000	88123.473599	19892.225551	187500.000000	187500.000000	86618.955328	102270.630273	111508.785070	133431.733660	-0.044000	0.772000	0.576000	192.000000	0.000000	0.000000	0.000000	0.000000	0.000000	0.000000	0.000000	0.000000	0.000000	1733433154.734618	0.000000
155.000000	88121.618405	19886.279987	187500.000000	187500.000000	86623.962119	102274.027738	111512.562515	133413.852264	-0.044000	0.772000	0.576000	192.000000	0.000000	0.000000	0.000000	0.000000	0.000000	0.000000	0.000000	0.000000	0.000000	1733433154.737633	0.000000
156.000000	88116.723373	19881.116734	187500.000000	187500.000000	86606.080724	102266.472848	111506.840468	133429.520837	-0.044000	0.772000	0.576000	192.000000	0.000000	0.000000	0.000000	0.000000	0.000000	0.000000	0.000000	0.000000	0.000000	1733433154.741597	0.000000
157.000000	88109.436704	19881.452010	187500.000000	187500.000000	86594.770741	102259.432049	111493.697643	133435.689918	-0.044000	0.772000	0.576000	192.000000	0.000000	0.000000	0.000000	0.000000	0.000000	0.000000	0.000000	0.000000	0.000000	1733433154.745847	0.000000
158.000000	88104.005230	19874.277100	187500.000000	187500.000000	86600.179863	102258.515627	111489.495515	133417.160322	-0.044000	0.772000	0.576000	192.000000	0.000000	0.000000	0.000000	0.000000	0.000000	0.000000	0.000000	0.000000	0.000000	1733433154.749771	0.000000
159.000000	88104.116989	19868.935033	187500.000000	187500.000000	86605.566633	102262.293072	111495.977520	133421.429506	-0.044000	0.772000	0.576000	192.000000	0.000000	0.000000	0.000000	0.000000	0.000000	0.000000	0.000000	0.000000	0.000000	1733433154.754764	0.000000
160.000000	88101.099503	19866.453989	187500.000000	187500.000000	86597.475302	102255.676956	111491.238951	133460.902686	-0.048000	0.770000	0.576000	192.000000	254.000000	128.000000	24.000000	16.000000	18.000000	0.000000	0.000000	0.000000	0.000000	1733433154.758644	0.000000
161.000000	88106.530977	19867.593928	187500.000000	187500.000000	86588.065218	102267.545732	111503.644169	133465.373035	-0.048000	0.770000	0.576000	192.000000	0.000000	0.000000	0.000000	0.000000	0.000000	0.000000	0.000000	0.000000	0.000000	1733433154.762635	0.000000
162.000000	88100.875986	19859.502597	187500.000000	187500.000000	86574.587116	102250.826627	111484.064041	133410.655965	-0.048000	0.770000	0.576000	192.000000	0.000000	0.000000	0.000000	0.000000	0.000000	0.000000	0.000000	0.000000	0.000000	1733433154.765630	0.000000
163.000000	88102.619422	19864.397629	187500.000000	187500.000000	86574.944744	102254.179389	111472.754058	133399.301279	-0.048000	0.770000	0.576000	192.000000	0.000000	0.000000	0.000000	0.000000	0.000000	0.000000	0.000000	0.000000	0.000000	1733433154.769650	0.000000
164.000000	88105.391038	19871.103152	187500.000000	187500.000000	86573.514232	102255.922825	111475.860950	133389.712380	-0.048000	0.770000	0.576000	192.000000	0.000000	0.000000	0.000000	0.000000	0.000000	0.000000	0.000000	0.000000	0.000000	1733433154.773684	0.000000
165.000000	88103.424085	19867.124542	187500.000000	187500.000000	86576.866994	102263.343604	111479.861913	133387.924241	-0.048000	0.770000	0.576000	192.000000	0.000000	0.000000	0.000000	0.000000	0.000000	0.000000	0.000000	0.000000	0.000000	1733433154.777958	0.000000
166.000000	88108.654393	19873.964175	187500.000000	187500.000000	86577.470491	102259.588511	111470.831808	133406.967927	-0.048000	0.770000	0.576000	192.000000	0.000000	0.000000	0.000000	0.000000	0.000000	0.000000	0.000000	0.000000	0.000000	1733433154.782745	0.000000
167.000000	88112.096561	19883.865998	187500.000000	187500.000000	86582.454930	102259.320290	111480.152485	133404.129255	-0.048000	0.770000	0.576000	192.000000	0.000000	0.000000	0.000000	0.000000	0.000000	0.000000	0.000000	0.000000	0.000000	1733433154.786885	0.000000
168.000000	88106.463922	19871.281966	187500.000000	187500.000000	86581.627915	102259.633214	111480.174837	133403.235186	-0.048000	0.770000	0.576000	192.000000	0.000000	0.000000	0.000000	0.000000	0.000000	0.000000	0.000000	0.000000	0.000000	1733433154.789923	0.000000
169.000000	88101.837111	19863.816483	187500.000000	187500.000000	86583.974848	102251.050145	111484.622834	133414.165189	-0.048000	0.770000	0.576000	192.000000	0.000000	0.000000	0.000000	0.000000	0.000000	0.000000	0.000000	0.000000	0.000000	1733433154.793682	0.000000
170.000000	88109.928442	19876.199350	187500.000000	187500.000000	86592.289697	102258.068592	111495.619893	133430.370203	-0.050000	0.776000	0.572000	192.000000	254.000000	112.000000	24.000000	64.000000	17.000000	224.000000	0.000000	0.000000	0.000000	1733433154.797676	0.000000
171.000000	88114.063515	19877.585158	187500.000000	187500.000000	86594.681334	102265.489371	111496.223390	133441.009634	-0.050000	0.776000	0.572000	192.000000	0.000000	0.000000	0.000000	0.000000	0.000000	0.000000	0.000000	0.000000	0.000000	1733433154.801697	0.000000
172.000000	88106.419218	19872.556016	187500.000000	187500.000000	86590.881537	102254.894645	111492.669462	133425.050488	-0.050000	0.776000	0.572000	192.000000	0.000000	0.000000	0.000000	0.000000	0.000000	0.000000	0.000000	0.000000	0.000000	1733433154.805681	0.000000
173.000000	88097.478521	19868.622109	187500.000000	187500.000000	86584.801863	102243.405848	111477.872607	133435.175828	-0.050000	0.776000	0.572000	192.000000	0.000000	0.000000	0.000000	0.000000	0.000000	0.000000	0.000000	0.000000	0.000000	1733433154.810714	0.000000
174.000000	88099.467826	19864.196463	187500.000000	187500.000000	86584.980677	102247.183293	111467.680212	133413.338174	-0.050000	0.776000	0.572000	192.000000	0.000000	0.000000	0.000000	0.000000	0.000000	0.000000	0.000000	0.000000	0.000000	1733433154.814718	0.000000
175.000000	88106.642736	19876.199350	187500.000000	187500.000000	86599.621069	102246.244520	111480.510113	133414.768686	-0.050000	0.776000	0.572000	192.000000	0.000000	0.000000	0.000000	0.000000	0.000000	0.000000	0.000000	0.000000	0.000000	1733433154.817985	0.000000
176.000000	88105.055762	19880.557940	187500.000000	187500.000000	86594.726037	102251.586586	111487.930892	133422.927072	-0.050000	0.776000	0.572000	192.000000	0.000000	0.000000	0.000000	0.000000	0.000000	0.000000	0.000000	0.000000	0.000000	1733433154.821870	0.000000
177.000000	88108.006192	19881.831990	187500.000000	187500.000000	86593.474340	102261.980148	111493.228256	133410.544206	-0.050000	0.776000	0.572000	192.000000	0.000000	0.000000	0.000000	0.000000	0.000000	0.000000	0.000000	0.000000	0.000000	1733433154.825772	0.000000
178.000000	88108.453227	19865.738733	187500.000000	187500.000000	86594.994258	102249.507874	111486.053346	133422.077706	-0.050000	0.776000	0.572000	192.000000	0.000000	0.000000	0.000000	0.000000	0.000000	0.000000	0.000000	0.000000	0.000000	1733433154.830032	0.000000
179.000000	88104.116989	19860.821350	187500.000000	187500.000000	86585.114787	102235.627441	111470.116552	133439.556770	-0.050000	0.776000	0.572000	192.000000	0.000000	0.000000	0.000000	0.000000	0.000000	0.000000	0.000000	0.000000	0.000000	1733433154.834100	0.000000
180.000000	88109.213186	19868.063315	187500.000000	187500.000000	86594.144892	102240.835397	111469.870683	133410.097171	-0.050000	0.776000	0.572000	192.000000	0.000000	0.000000	0.000000	0.000000	0.000000	0.000000	0.000000	0.000000	0.000000	1733433154.838700	0.000000
181.000000	88106.843901	19865.068181	187500.000000	187500.000000	86598.212909	102246.624499	111484.153448	133408.666659	-0.050000	0.776000	0.570000	192.000000	254.000000	112.000000	24.000000	64.000000	17.000000	208.000000	0.000000	0.000000	0.000000	1733433154.843022	0.000000
182.000000	88113.147093	19874.455914	187500.000000	187500.000000	86611.154570	102254.760534	111487.774430	133412.555863	-0.050000	0.776000	0.570000	192.000000	0.000000	0.000000	0.000000	0.000000	0.000000	0.000000	0.000000	0.000000	0.000000	1733433154.845733	0.000000
183.000000	88117.617442	19876.869902	187500.000000	187500.000000	86615.826084	102255.654604	111471.122381	133405.336250	-0.050000	0.776000	0.570000	192.000000	0.000000	0.000000	0.000000	0.000000	0.000000	0.000000	0.000000	0.000000	0.000000	1733433154.849761	0.000000
184.000000	88115.851655	19871.684298	187500.000000	187500.000000	86614.440276	102253.084153	111469.893035	133400.374162	-0.050000	0.776000	0.570000	192.000000	0.000000	0.000000	0.000000	0.000000	0.000000	0.000000	0.000000	0.000000	0.000000	1733433154.854004	0.000000
185.000000	88115.583434	19871.796056	187500.000000	187500.000000	86615.490808	102255.140514	111481.717108	133407.571424	-0.050000	0.776000	0.570000	192.000000	0.000000	0.000000	0.000000	0.000000	0.000000	0.000000	0.000000	0.000000	0.000000	1733433154.857870	0.000000
186.000000	88113.974108	19871.304318	187500.000000	187500.000000	86619.380011	102259.834380	111485.606311	133422.211817	-0.050000	0.776000	0.570000	192.000000	0.000000	0.000000	0.000000	0.000000	0.000000	0.000000	0.000000	0.000000	0.000000	1733433154.861822	0.000000
187.000000	88113.683535	19869.739696	187500.000000	187500.000000	86621.749296	102274.161848	111469.736572	133416.981508	-0.050000	0.776000	0.570000	192.000000	0.000000	0.000000	0.000000	0.000000	0.000000	0.000000	0.000000	0.000000	0.000000	1733433154.866022	0.000000
188.000000	88106.843901	19858.295603	187500.000000	187500.000000	86616.071953	102248.636156	111468.171950	133421.116581	-0.050000	0.776000	0.570000	192.000000	0.000000	0.000000	0.000000	0.000000	0.000000	0.000000	0.000000	0.000000	0.000000	1733433154.870887	0.000000
189.000000	88104.027582	19859.614356	187500.000000	187500.000000	86614.999070	102244.009345	111468.618985	133425.519875	-0.050000	0.776000	0.570000	192.000000	0.000000	0.000000	0.000000	0.000000	0.000000	0.000000	0.000000	0.000000	0.000000	1733433154.873758	0.000000
190.000000	88103.334678	19860.284908	187500.000000	187500.000000	86603.353811	102247.965604	111472.351727	133430.258445	-0.050000	0.776000	0.570000	192.000000	0.000000	0.000000	0.000000	0.000000	0.000000	0.000000	0.000000	0.000000	0.000000	1733433154.877771	0.000000
191.000000	88097.791445	19845.331591	187500.000000	187500.000000	86594.457816	102237.862615	111459.231253	133402.877558	-0.048000	0.774000	0.570000	192.000000	254.000000	128.000000	24.000000	48.000000	17.000000	208.000000	0.000000	0.000000	0.000000	1733433154.881795	0.000000
192.000000	88098.238480	19845.644515	187500.000000	187500.000000	86595.597755	102244.679897	111460.013564	133408.756066	-0.048000	0.774000	0.570000	192.000000	0.000000	0.000000	0.000000	0.000000	0.000000	0.000000	0.000000	0.000000	0.000000	1733433154.885818	0.000000
193.000000	88112.029506	19860.910757	187500.000000	187500.000000	86611.176921	102268.260988	111476.106820	133399.793017	-0.048000	0.774000	0.570000	192.000000	0.000000	0.000000	0.000000	0.000000	0.000000	0.000000	0.000000	0.000000	0.000000	1733433154.889792	0.000000
194.000000	88116.343393	19872.488960	187500.000000	187500.000000	86605.723096	102266.808124	111478.431401	133394.674467	-0.048000	0.774000	0.570000	192.000000	0.000000	0.000000	0.000000	0.000000	0.000000	0.000000	0.000000	0.000000	0.000000	1733433154.893919	0.000000
195.000000	88109.593166	19870.879635	187500.000000	187500.000000	86592.893194	102257.956834	111468.440171	133399.077761	-0.048000	0.774000	0.570000	192.000000	0.000000	0.000000	0.000000	0.000000	0.000000	0.000000	0.000000	0.000000	0.000000	1733433154.898040	0.000000
196.000000	88106.463922	19860.664888	187500.000000	187500.000000	86595.217776	102258.917959	111466.607328	133414.835741	-0.048000	0.774000	0.570000	192.000000	0.000000	0.000000	0.000000	0.000000	0.000000	0.000000	0.000000	0.000000	0.000000	1733433154.901064	0.000000
197.000000	88098.797273	19857.915623	187500.000000	187500.000000	86583.237241	102253.844113	111454.984421	133421.071878	-0.048000	0.774000	0.570000	192.000000	0.000000	0.000000	0.000000	0.000000	0.000000	0.000000	0.000000	0.000000	0.000000	1733433154.906051	0.000000
198.000000	88093.611669	19847.812634	187500.000000	187500.000000	86575.861165	102254.179389	111447.295421	133401.044715	-0.048000	0.774000	0.570000	192.000000	0.000000	0.000000	0.000000	0.000000	0.000000	0.000000	0.000000	0.000000	0.000000	1733433154.910327	0.000000
199.000000	88092.494082	19846.873861	187500.000000	187500.000000	86586.768816	102261.935444	111458.068962	133384.549127	-0.048000	0.774000	0.570000	192.000000	0.000000	0.000000	0.000000	0.000000	0.000000	0.000000	0.000000	0.000000	0.000000	1733433154.913856	0.000000
200.000000	88095.556271	19851.746541	187500.000000	187500.000000	86585.315953	102252.547711	111459.275956	133385.800825	-0.048000	0.774000	0.570000	192.000000	0.000000	0.000000	0.000000	0.000000	0.000000	0.000000	0.000000	0.000000	0.000000	1733433154.917818	0.000000
201.000000	88096.517396	19852.730018	187500.000000	187500.000000	86591.306220	102250.200778	111461.175854	133390.584098	-0.052000	0.776000	0.580000	192.000000	254.000000	96.000000	24.000000	64.000000	18.000000	32.000000	0.000000	0.000000	0.000000	1733433154.921804	0.000000
202.000000	88099.065494	19854.965193	187500.000000	187500.000000	86594.524872	102255.811066	111472.530541	133409.516026	-0.052000	0.776000	0.580000	192.000000	0.000000	0.000000	0.000000	0.000000	0.000000	0.000000	0.000000	0.000000	0.000000	1733433154.926092	0.000000
203.000000	88096.025657	19854.920489	187500.000000	187500.000000	86594.211947	102260.706098	111467.948433	133396.328496	-0.052000	0.776000	0.580000	192.000000	0.000000	0.000000	0.000000	0.000000	0.000000	0.000000	0.000000	0.000000	0.000000	1733433154.928922	0.000000
204.000000	88098.573756	19858.899100	187500.000000	187500.000000	86595.664811	102257.509799	111476.777372	133410.499502	-0.052000	0.776000	0.580000	192.000000	0.000000	0.000000	0.000000	0.000000	0.000000	0.000000	0.000000	0.000000	0.000000	1733433154.933836	0.000000
205.000000	88098.126721	19852.797073	187500.000000	187500.000000	86602.169168	102257.129819	111477.380869	133408.130218	-0.052000	0.776000	0.580000	192.000000	0.000000	0.000000	0.000000	0.000000	0.000000	0.000000	0.000000	0.000000	0.000000	1733433154.938153	0.000000
206.000000	88097.366762	19854.071123	187500.000000	187500.000000	86593.519043	102238.913147	111466.964956	133426.190427	-0.052000	0.776000	0.580000	192.000000	0.000000	0.000000	0.000000	0.000000	0.000000	0.000000	0.000000	0.000000	0.000000	1733433154.942126	0.000000
207.000000	88091.778826	19836.279134	187500.000000	187500.000000	86585.248898	102243.562310	111457.219596	133381.486938	-0.052000	0.776000	0.580000	192.000000	0.000000	0.000000	0.000000	0.000000	0.000000	0.000000	0.000000	0.000000	0.000000	1733433154.946066	0.000000
208.000000	88096.249175	19837.016742	187500.000000	187500.000000	86597.765875	102250.334889	111475.659785	133370.489880	-0.052000	0.776000	0.580000	192.000000	0.000000	0.000000	0.000000	0.000000	0.000000	0.000000	0.000000	0.000000	0.000000	1733433154.950124	0.000000
209.000000	88092.941116	19843.275230	187500.000000	187500.000000	86597.207081	102243.361144	111470.071849	133384.683238	-0.052000	0.776000	0.580000	192.000000	0.000000	0.000000	0.000000	0.000000	0.000000	0.000000	0.000000	0.000000	0.000000	1733433154.954007	0.000000
210.000000	88088.023733	19837.128501	187500.000000	187500.000000	86586.701761	102237.683801	111459.141846	133408.800770	-0.052000	0.776000	0.580000	192.000000	0.000000	0.000000	0.000000	0.000000	0.000000	0.000000	0.000000	0.000000	0.000000	1733433154.956956	0.000000
211.000000	88095.802140	19848.080855	187500.000000	187500.000000	86586.299430	102240.477769	111471.122381	133404.956270	-0.050000	0.774000	0.580000	192.000000	254.000000	112.000000	24.000000	48.000000	18.000000	32.000000	0.000000	0.000000	0.000000	1733433154.961879	0.000000
212.000000	88097.567928	19850.807768	187500.000000	187500.000000	86592.535566	102243.651717	111468.730744	133359.090490	-0.050000	0.774000	0.580000	192.000000	0.000000	0.000000	0.000000	0.000000	0.000000	0.000000	0.000000	0.000000	0.000000	1733433154.965921	0.000000
213.000000	88089.454244	19838.335495	187500.000000	187500.000000	86583.863090	102245.059877	111464.461561	133373.440310	-0.050000	0.774000	0.580000	192.000000	0.000000	0.000000	0.000000	0.000000	0.000000	0.000000	0.000000	0.000000	0.000000	1733433154.969915	0.000000
214.000000	88087.152015	19837.687294	187500.000000	187500.000000	86576.308200	102236.186234	111463.008697	133382.112787	-0.050000	0.774000	0.580000	192.000000	0.000000	0.000000	0.000000	0.000000	0.000000	0.000000	0.000000	0.000000	0.000000	1733433154.973935	0.000000
215.000000	88082.614611	19838.491957	187500.000000	187500.000000	86575.235316	102242.824703	111469.870683	133373.328551	-0.050000	0.774000	0.580000	192.000000	0.000000	0.000000	0.000000	0.000000	0.000000	0.000000	0.000000	0.000000	0.000000	1733433154.977924	0.000000
216.000000	88078.345427	19838.357847	187500.000000	187500.000000	86573.894212	102238.510816	111473.983404	133375.362560	-0.050000	0.774000	0.580000	192.000000	0.000000	0.000000	0.000000	0.000000	0.000000	0.000000	0.000000	0.000000	0.000000	1733433154.981012	0.000000
217.000000	88080.535898	19833.798091	187500.000000	187500.000000	86580.599735	102242.645889	111481.515942	133381.755159	-0.050000	0.774000	0.580000	192.000000	0.000000	0.000000	0.000000	0.000000	0.000000	0.000000	0.000000	0.000000	0.000000	1733433154.985048	0.000000
218.000000	88082.502852	19833.172242	187500.000000	187500.000000	86581.762026	102248.032659	111483.326433	133374.669656	-0.050000	0.774000	0.580000	192.000000	0.000000	0.000000	0.000000	0.000000	0.000000	0.000000	0.000000	0.000000	0.000000	1733433154.989226	0.000000
219.000000	88083.911012	19836.256783	187500.000000	187500.000000	86584.757159	102243.584662	111485.740422	133396.395552	-0.050000	0.774000	0.580000	192.000000	0.000000	0.000000	0.000000	0.000000	0.000000	0.000000	0.000000	0.000000	0.000000	1733433154.993965	0.000000
220.000000	88081.877003	19835.563878	187500.000000	187500.000000	86581.672619	102235.515682	111475.458619	133403.168130	-0.050000	0.774000	0.580000	192.000000	0.000000	0.000000	0.000000	0.000000	0.000000	0.000000	0.000000	0.000000	0.000000	1733433154.997940	0.000000
221.000000	88084.715674	19837.843756	187500.000000	187500.000000	86586.522947	102244.255214	111474.765715	133381.218717	-0.050000	0.774000	0.580000	192.000000	254.000000	112.000000	24.000000	48.000000	18.000000	32.000000	0.000000	0.000000	0.000000	1733433155.001964	0.000000
222.000000	88082.704017	19834.647457	187500.000000	187500.000000	86580.130348	102228.027848	111476.486799	133392.506348	-0.050000	0.774000	0.580000	192.000000	0.000000	0.000000	0.000000	0.000000	0.000000	0.000000	0.000000	0.000000	0.000000	1733433155.005968	0.000000
223.000000	88076.110253	19827.405492	187500.000000	187500.000000	86572.307238	102215.108539	111466.763790	133359.783394	-0.050000	0.774000	0.580000	192.000000	0.000000	0.000000	0.000000	0.000000	0.000000	0.000000	0.000000	0.000000	0.000000	1733433155.009206	0.000000
224.000000	88077.697227	19830.333570	187500.000000	187500.000000	86576.710531	102223.177519	111470.407125	133342.103164	-0.050000	0.774000	0.580000	192.000000	0.000000	0.000000	0.000000	0.000000	0.000000	0.000000	0.000000	0.000000	0.000000	1733433155.012981	0.000000
225.000000	88082.614611	19832.166413	187500.000000	187500.000000	86578.521023	102231.939403	111480.420706	133357.548220	-0.050000	0.774000	0.580000	192.000000	0.000000	0.000000	0.000000	0.000000	0.000000	0.000000	0.000000	0.000000	0.000000	1733433155.017114	0.000000
226.000000	88080.982933	19831.875841	187500.000000	187500.000000	86579.839776	102233.056990	111479.459581	133362.689121	-0.050000	0.774000	0.580000	192.000000	0.000000	0.000000	0.000000	0.000000	0.000000	0.000000	0.000000	0.000000	0.000000	1733433155.022063	0.000000
227.000000	88075.193831	19828.411320	187500.000000	187500.000000	86578.118691	102229.145435	111477.537331	133360.833926	-0.050000	0.774000	0.580000	192.000000	0.000000	0.000000	0.000000	0.000000	0.000000	0.000000	0.000000	0.000000	0.000000	1733433155.026146	0.000000
228.000000	88071.304628	19815.693178	187500.000000	187500.000000	86568.596848	102220.092978	111469.848331	133362.063272	-0.050000	0.774000	0.580000	192.000000	0.000000	0.000000	0.000000	0.000000	0.000000	0.000000	0.000000	0.000000	0.000000	1733433155.030232	0.000000
229.000000	88071.483442	19819.917657	187500.000000	187500.000000	86560.192592	102220.651772	111470.921215	133372.143909	-0.050000	0.774000	0.580000	192.000000	0.000000	0.000000	0.000000	0.000000	0.000000	0.000000	0.000000	0.000000	0.000000	1733433155.032981	0.000000
230.000000	88071.014055	19827.181974	187500.000000	187500.000000	86562.003083	102226.597336	111479.124305	133387.767778	-0.050000	0.774000	0.580000	192.000000	0.000000	0.000000	0.000000	0.000000	0.000000	0.000000	0.000000	0.000000	0.000000	1733433155.037032	0.000000
231.000000	88073.919782	19813.592114	187500.000000	187500.000000	86567.613371	102248.725563	111488.892017	133373.060331	-0.048000	0.766000	0.574000	192.000000	254.000000	128.000000	23.000000	240.000000	17.000000	240.000000	0.000000	0.000000	0.000000	1733433155.041043	0.000000
232.000000	88075.797328	19820.431747	187500.000000	187500.000000	86568.775662	102236.007421	111489.719032	133367.561801	-0.048000	0.766000	0.574000	192.000000	0.000000	0.000000	0.000000	0.000000	0.000000	0.000000	0.000000	0.000000	0.000000	1733433155.045060	0.000000
233.000000	88076.087901	19830.735902	187500.000000	187500.000000	86576.174089	102237.214415	111488.221465	133392.081665	-0.048000	0.766000	0.574000	192.000000	0.000000	0.000000	0.000000	0.000000	0.000000	0.000000	0.000000	0.000000	0.000000	1733433155.050278	0.000000
234.000000	88069.248267	19815.760233	187500.000000	187500.000000	86570.720264	102242.087095	111486.343919	133369.238182	-0.048000	0.766000	0.574000	192.000000	0.000000	0.000000	0.000000	0.000000	0.000000	0.000000	0.000000	0.000000	0.000000	1733433155.054245	0.000000
235.000000	88070.477613	19819.314160	187500.000000	187500.000000	86573.961267	102242.534130	111487.305044	133392.171072	-0.048000	0.766000	0.574000	192.000000	0.000000	0.000000	0.000000	0.000000	0.000000	0.000000	0.000000	0.000000	0.000000	1733433155.058245	0.000000
236.000000	88070.544669	19825.147966	187500.000000	187500.000000	86573.402473	102245.439857	111487.215637	133378.447101	-0.048000	0.766000	0.574000	192.000000	0.000000	0.000000	0.000000	0.000000	0.000000	0.000000	0.000000	0.000000	0.000000	1733433155.061189	0.000000
237.000000	88060.508735	19814.553239	187500.000000	187500.000000	86558.940894	102228.251365	111477.224407	133375.362560	-0.048000	0.766000	0.574000	192.000000	0.000000	0.000000	0.000000	0.000000	0.000000	0.000000	0.000000	0.000000	0.000000	1733433155.065074	0.000000
238.000000	88051.724500	19807.579494	187500.000000	187500.000000	86552.391833	102223.043409	111463.992174	133368.969961	-0.048000	0.766000	0.574000	192.000000	0.000000	0.000000	0.000000	0.000000	0.000000	0.000000	0.000000	0.000000	0.000000	1733433155.069065	0.000000
239.000000	88060.553439	19815.357901	187500.000000	187500.000000	86556.370444	102226.977316	111470.630642	133361.929162	-0.048000	0.766000	0.574000	192.000000	0.000000	0.000000	0.000000	0.000000	0.000000	0.000000	0.000000	0.000000	0.000000	1733433155.073070	0.000000
240.000000	88065.046139	19824.477413	187500.000000	187500.000000	86560.460813	102236.923842	111486.030994	133347.847563	-0.048000	0.766000	0.574000	192.000000	0.000000	0.000000	0.000000	0.000000	0.000000	0.000000	0.000000	0.000000	0.000000	1733433155.078069	0.000000
241.000000	88064.487346	19825.349131	187500.000000	187500.000000	86558.940894	102226.284412	111488.176762	133355.134231	-0.044000	0.772000	0.580000	192.000000	254.000000	160.000000	24.000000	32.000000	18.000000	32.000000	0.000000	0.000000	0.000000	1733433155.082257	0.000000
242.000000	88065.202602	19827.204326	187500.000000	187500.000000	86559.097357	102227.357295	111491.842448	133379.877613	-0.044000	0.772000	0.580000	192.000000	0.000000	0.000000	0.000000	0.000000	0.000000	0.000000	0.000000	0.000000	0.000000	1733433155.086166	0.000000
243.000000	88062.386282	19830.512384	187500.000000	187500.000000	86563.970037	102229.704229	111492.065965	133368.321761	-0.044000	0.772000	0.580000	192.000000	0.000000	0.000000	0.000000	0.000000	0.000000	0.000000	0.000000	0.000000	0.000000	1733433155.089414	0.000000
244.000000	88059.189982	19829.595963	187500.000000	187500.000000	86558.695025	102225.055066	111487.081526	133366.399511	-0.044000	0.772000	0.580000	192.000000	0.000000	0.000000	0.000000	0.000000	0.000000	0.000000	0.000000	0.000000	0.000000	1733433155.093261	0.000000
245.000000	88053.311474	19811.289884	187500.000000	187500.000000	86559.410281	102223.155167	111483.192323	133359.090490	-0.044000	0.772000	0.580000	192.000000	0.000000	0.000000	0.000000	0.000000	0.000000	0.000000	0.000000	0.000000	0.000000	1733433155.097074	0.000000
246.000000	88053.646750	19800.985730	187500.000000	187500.000000	86562.450118	102221.322324	111487.103878	133380.883441	-0.044000	0.772000	0.580000	192.000000	0.000000	0.000000	0.000000	0.000000	0.000000	0.000000	0.000000	0.000000	0.000000	1733433155.101106	0.000000
247.000000	88057.178325	19804.114974	187500.000000	187500.000000	86569.446214	102226.060894	111488.824962	133372.121557	-0.044000	0.772000	0.580000	192.000000	0.000000	0.000000	0.000000	0.000000	0.000000	0.000000	0.000000	0.000000	0.000000	1733433155.105111	0.000000
248.000000	88049.511677	19800.091660	187500.000000	187500.000000	86567.591020	102228.005496	111481.292424	133371.942743	-0.044000	0.772000	0.580000	192.000000	0.000000	0.000000	0.000000	0.000000	0.000000	0.000000	0.000000	0.000000	0.000000	1733433155.110153	0.000000
249.000000	88059.189982	19816.721358	187500.000000	187500.000000	86576.822290	102219.489481	111476.442096	133359.761043	-0.044000	0.772000	0.580000	192.000000	0.000000	0.000000	0.000000	0.000000	0.000000	0.000000	0.000000	0.000000	0.000000	1733433155.114375	0.000000
250.000000	88067.191907	19819.917657	187500.000000	187500.000000	86585.248898	102224.429217	111495.351672	133361.437423	-0.044000	0.772000	0.580000	192.000000	0.000000	0.000000	0.000000	0.000000	0.000000	0.000000	0.000000	0.000000	0.000000	1733433155.117301	0.000000
251.000000	88057.603008	19808.227695	187500.000000	187500.000000	86575.682351	102227.893737	111498.793840	133347.780508	-0.044000	0.772000	0.574000	192.000000	254.000000	160.000000	24.000000	32.000000	17.000000	240.000000	0.000000	0.000000	0.000000	1733433155.121308	0.000000
252.000000	88050.137526	19805.076099	187500.000000	187500.000000	86568.842717	102209.520603	111488.556741	133359.448118	-0.044000	0.772000	0.574000	192.000000	0.000000	0.000000	0.000000	0.000000	0.000000	0.000000	0.000000	0.000000	0.000000	1733433155.125333	0.000000
253.000000	88049.690491	19803.712643	187500.000000	187500.000000	86556.661017	102188.711129	111476.889131	133369.953438	-0.044000	0.772000	0.574000	192.000000	0.000000	0.000000	0.000000	0.000000	0.000000	0.000000	0.000000	0.000000	0.000000	1733433155.129303	0.000000
254.000000	88042.493229	19799.085832	187500.000000	187500.000000	86550.134307	102182.743214	111470.183607	133348.786336	-0.044000	0.772000	0.574000	192.000000	0.000000	0.000000	0.000000	0.000000	0.000000	0.000000	0.000000	0.000000	0.000000	1733433155.133178	0.000000
255.000000	88038.961654	19798.012948	187500.000000	187500.000000	86551.386005	102181.692682	111473.536369	133348.205191	-0.044000	0.772000	0.574000	192.000000	0.000000	0.000000	0.000000	0.000000	0.000000	0.000000	0.000000	0.000000	0.000000	1733433155.138169	0.000000
0.000000	88047.254151	19814.955570	187500.000000	187500.000000	86555.029339	102192.354464	111477.939663	133332.827190	-0.044000	0.772000	0.574000	192.000000	0.000000	0.000000	0.000000	0.000000	0.000000	0.000000	0.000000	0.000000	0.000000	1733433155.142433	0.000000
1.000000	88056.954808	19830.311219	187500.000000	187500.000000	86549.150830	102210.258211	111488.959073	133341.320853	-0.044000	0.772000	0.574000	192.000000	0.000000	0.000000	0.000000	0.000000	0.000000	0.000000	0.000000	0.000000	0.000000	1733433155.145174	0.000000
2.000000	88051.724500	19819.917657	187500.000000	187500.000000	86547.787374	102207.397188	111486.567436	133346.797031	-0.044000	0.772000	0.574000	192.000000	0.000000	0.000000	0.000000	0.000000	0.000000	0.000000	0.000000	0.000000	0.000000	1733433155.149213	0.000000
3.000000	88050.741023	19805.009044	187500.000000	187500.000000	86537.885551	102188.398205	111474.363384	133365.393682	-0.044000	0.772000	0.574000	192.000000	0.000000	0.000000	0.000000	0.000000	0.000000	0.000000	0.000000	0.000000	0.000000	1733433155.153320	0.000000
4.000000	88044.326072	19791.106259	187500.000000	187500.000000	86522.954586	102179.010472	111460.035915	133339.175086	-0.044000	0.772000	0.574000	192.000000	0.000000	0.000000	0.000000	0.000000	0.000000	0.000000	0.000000	0.000000	0.000000	1733433155.157211	0.000000
5.000000	88047.321206	19791.508590	187500.000000	187500.000000	86527.246121	102182.273827	111458.515997	133337.744574	-0.048000	0.776000	0.574000	192.000000	254.000000	128.000000	24.000000	64.000000	17.000000	240.000000	0.000000	0.000000	0.000000	1733433155.161367	0.000000
6.000000	88051.568037	19793.207323	187500.000000	187500.000000	86536.499743	102197.093033	111478.409049	133348.920447	-0.048000	0.776000	0.574000	192.000000	0.000000	0.000000	0.000000	0.000000	0.000000	0.000000	0.000000	0.000000	0.000000	1733433155.167198	0.000000
7.000000	88049.310511	19796.068346	187500.000000	187500.000000	86537.796144	102194.746100	111484.041689	133359.828098	-0.048000	0.776000	0.574000	192.000000	0.000000	0.000000	0.000000	0.000000	0.000000	0.000000	0.000000	0.000000	0.000000	1733433155.170196	0.000000
8.000000	88050.517505	19801.700986	187500.000000	187500.000000	86530.308310	102181.044481	111477.157352	133366.243048	-0.048000	0.776000	0.574000	192.000000	0.000000	0.000000	0.000000	0.000000	0.000000	0.000000	0.000000	0.000000	0.000000	1733433155.173184	0.000000
9.000000	88046.225971	19798.281169	187500.000000	187500.000000	86531.045917	102177.937588	111466.540273	133345.657092	-0.048000	0.776000	0.574000	192.000000	0.000000	0.000000	0.000000	0.000000	0.000000	0.000000	0.000000	0.000000	0.000000	1733433155.177190	0.000000
10.000000	88040.191000	19790.301596	187500.000000	187500.000000	86531.761173	102181.759737	111466.227349	133337.677519	-0.048000	0.776000	0.574000	192.000000	0.000000	0.000000	0.000000	0.000000	0.000000	0.000000	0.000000	0.000000	0.000000	1733433155.181241	0.000000
11.000000	88037.441735	19790.748631	187500.000000	187500.000000	86539.137249	102182.318530	111470.362421	133324.489990	-0.048000	0.776000	0.574000	192.000000	0.000000	0.000000	0.000000	0.000000	0.000000	0.000000	0.000000	0.000000	0.000000	1733433155.185526	0.000000
12.000000	88034.915988	19791.888570	187500.000000	187500.000000	86536.522095	102180.932722	111470.898863	133340.426784	-0.048000	0.776000	0.574000	192.000000	0.000000	0.000000	0.000000	0.000000	0.000000	0.000000	0.000000	0.000000	0.000000	1733433155.189466	0.000000
13.000000	88041.196828	19804.271436	187500.000000	187500.000000	86536.723260	102185.201905	111477.872607	133373.172089	-0.048000	0.776000	0.574000	192.000000	0.000000	0.000000	0.000000	0.000000	0.000000	0.000000	0.000000	0.000000	0.000000	1733433155.194466	0.000000
14.000000	88040.816848	19804.986692	187500.000000	187500.000000	86529.682461	102179.569266	111464.998003	133371.540412	-0.048000	0.776000	0.574000	192.000000	0.000000	0.000000	0.000000	0.000000	0.000000	0.000000	0.000000	0.000000	0.000000	1733433155.197515	0.000000
15.000000	88033.619587	19781.986747	187500.000000	187500.000000	86528.453115	102178.406975	111451.117569	133340.583246	-0.042000	0.772000	0.574000	192.000000	254.000000	176.000000	24.000000	32.000000	17.000000	240.000000	0.000000	0.000000	0.000000	1733433155.201420	0.000000
16.000000	88042.984968	19783.081983	187500.000000	187500.000000	86540.634816	102187.951170	111462.449904	133307.592071	-0.042000	0.772000	0.574000	192.000000	0.000000	0.000000	0.000000	0.000000	0.000000	0.000000	0.000000	0.000000	0.000000	1733433155.205238	0.000000
17.000000	88041.688566	19785.428916	187500.000000	187500.000000	86540.120726	102186.051272	111462.382849	133310.520150	-0.042000	0.772000	0.574000	192.000000	0.000000	0.000000	0.000000	0.000000	0.000000	0.000000	0.000000	0.000000	0.000000	1733433155.209538	0.000000
18.000000	88040.079241	19795.174276	187500.000000	187500.000000	86539.897208	102190.499269	111465.400334	133330.815533	-0.042000	0.772000	0.574000	192.000000	0.000000	0.000000	0.000000	0.000000	0.000000	0.000000	0.000000	0.000000	0.000000	1733433155.213274	0.000000
19.000000	88045.398956	19794.503724	187500.000000	187500.000000	86536.969130	102204.536164	111474.922177	133360.900982	-0.042000	0.772000	0.574000	192.000000	0.000000	0.000000	0.000000	0.000000	0.000000	0.000000	0.000000	0.000000	0.000000	1733433155.217297	0.000000
20.000000	88037.888770	19787.351166	187500.000000	187500.000000	86533.325795	102195.371949	111472.619948	133336.247007	-0.042000	0.772000	0.574000	192.000000	0.000000	0.000000	0.000000	0.000000	0.000000	0.000000	0.000000	0.000000	0.000000	1733433155.222596	0.000000
21.000000	88039.386337	19786.635910	187500.000000	187500.000000	86535.560970	102186.945341	111470.720049	133341.387909	-0.042000	0.772000	0.574000	192.000000	0.000000	0.000000	0.000000	0.000000	0.000000	0.000000	0.000000	0.000000	0.000000	1733433155.225372	0.000000
22.000000	88039.609854	19789.362823	187500.000000	187500.000000	86536.477391	102180.306873	111464.707430	133335.621159	-0.042000	0.772000	0.574000	192.000000	0.000000	0.000000	0.000000	0.000000	0.000000	0.000000	0.000000	0.000000	0.000000	1733433155.228467	0.000000
23.000000	88038.246398	19787.731145	187500.000000	187500.000000	86534.130458	102180.597446	111464.461561	133322.724202	-0.042000	0.772000	0.574000	192.000000	0.000000	0.000000	0.000000	0.000000	0.000000	0.000000	0.000000	0.000000	0.000000	1733433155.233539	0.000000
24.000000	88036.458258	19779.930387	187500.000000	187500.000000	86530.576531	102183.994911	111464.483913	133337.342243	-0.042000	0.772000	0.574000	192.000000	0.000000	0.000000	0.000000	0.000000	0.000000	0.000000	0.000000	0.000000	0.000000	1733433155.237543	0.000000
25.000000	88028.389278	19776.063535	187500.000000	187500.000000	86521.613481	102174.316606	111455.543215	133340.583246	-0.052000	0.770000	0.576000	192.000000	254.000000	96.000000	24.000000	16.000000	18.000000	0.000000	0.000000	0.000000	0.000000	1733433155.241309	0.000000
26.000000	88020.029726	19769.290956	187500.000000	187500.000000	86523.558083	102183.927856	111446.133130	133342.661958	-0.052000	0.770000	0.576000	192.000000	0.000000	0.000000	0.000000	0.000000	0.000000	0.000000	0.000000	0.000000	0.000000	1733433155.245308	0.000000
27.000000	88025.148276	19782.925520	187500.000000	187500.000000	86532.096449	102183.637283	111447.228366	133345.053595	-0.052000	0.770000	0.576000	192.000000	0.000000	0.000000	0.000000	0.000000	0.000000	0.000000	0.000000	0.000000	0.000000	1733433155.249355	0.000000
28.000000	88026.377621	19777.024660	187500.000000	187500.000000	86533.012871	102181.804440	111455.856139	133337.051670	-0.052000	0.770000	0.576000	192.000000	0.000000	0.000000	0.000000	0.000000	0.000000	0.000000	0.000000	0.000000	0.000000	1733433155.253323	0.000000
29.000000	88028.903369	19774.051878	187500.000000	187500.000000	86535.382156	102183.816097	111455.163235	133325.205246	-0.052000	0.770000	0.576000	192.000000	0.000000	0.000000	0.000000	0.000000	0.000000	0.000000	0.000000	0.000000	0.000000	1733433155.256315	0.000000
30.000000	88035.228912	19772.487256	187500.000000	187500.000000	86540.880685	102176.730594	111454.939718	133333.028356	-0.052000	0.770000	0.576000	192.000000	0.000000	0.000000	0.000000	0.000000	0.000000	0.000000	0.000000	0.000000	0.000000	1733433155.261542	0.000000
31.000000	88040.258055	19777.963433	187500.000000	187500.000000	86538.511400	102178.272865	111450.894052	133335.062365	-0.052000	0.770000	0.576000	192.000000	0.000000	0.000000	0.000000	0.000000	0.000000	0.000000	0.000000	0.000000	0.000000	1733433155.265490	0.000000
32.000000	88037.777011	19783.841942	187500.000000	187500.000000	86534.868066	102180.016301	111447.898918	133324.557045	-0.052000	0.770000	0.576000	192.000000	0.000000	0.000000	0.000000	0.000000	0.000000	0.000000	0.000000	0.000000	0.000000	1733433155.269780	0.000000
33.000000	88031.429116	19779.036317	187500.000000	187500.000000	86532.007042	102176.015338	111443.450921	133306.943870	-0.052000	0.770000	0.576000	192.000000	0.000000	0.000000	0.000000	0.000000	0.000000	0.000000	0.000000	0.000000	0.000000	1733433155.273692	0.000000
34.000000	88034.066622	19769.872102	187500.000000	187500.000000	86530.487124	102171.388527	111443.652087	133358.308179	-0.052000	0.770000	0.576000	192.000000	0.000000	0.000000	0.000000	0.000000	0.000000	0.000000	0.000000	0.000000	0.000000	1733433155.277698	0.000000
35.000000	88031.406764	19767.726334	187500.000000	187500.000000	86526.150885	102171.187362	111437.371247	133355.916543	-0.048000	0.774000	0.574000	192.000000	254.000000	128.000000	24.000000	48.000000	17.000000	240.000000	0.000000	0.000000	0.000000	1733433155.281408	0.000000
36.000000	88030.669156	19767.122837	187500.000000	187500.000000	86536.276226	102174.204847	111440.634601	133318.075039	-0.048000	0.774000	0.574000	192.000000	0.000000	0.000000	0.000000	0.000000	0.000000	0.000000	0.000000	0.000000	0.000000	1733433155.284444	0.000000
37.000000	88020.655575	19757.869215	187500.000000	187500.000000	86534.018699	102178.965769	111445.931965	133321.986594	-0.048000	0.774000	0.574000	192.000000	0.000000	0.000000	0.000000	0.000000	0.000000	0.000000	0.000000	0.000000	0.000000	1733433155.288446	0.000000
38.000000	88022.309604	19761.244328	187500.000000	187500.000000	86530.755345	102189.180516	111440.187566	133309.469618	-0.048000	0.774000	0.574000	192.000000	0.000000	0.000000	0.000000	0.000000	0.000000	0.000000	0.000000	0.000000	0.000000	1733433155.293456	0.000000
39.000000	88033.306662	19773.068401	187500.000000	187500.000000	86533.817534	102192.287408	111445.149654	133326.635757	-0.048000	0.774000	0.574000	192.000000	0.000000	0.000000	0.000000	0.000000	0.000000	0.000000	0.000000	0.000000	0.000000	1733433155.297554	0.000000
40.000000	88029.797438	19768.843921	187500.000000	187500.000000	86530.844752	102189.895772	111448.010677	133342.281978	-0.048000	0.774000	0.574000	192.000000	0.000000	0.000000	0.000000	0.000000	0.000000	0.000000	0.000000	0.000000	0.000000	1733433155.301672	0.000000
41.000000	88031.071488	19768.687459	187500.000000	187500.000000	86529.593054	102190.476917	111448.278898	133356.967075	-0.048000	0.774000	0.574000	192.000000	0.000000	0.000000	0.000000	0.000000	0.000000	0.000000	0.000000	0.000000	0.000000	1733433155.304778	0.000000
42.000000	88037.017052	19774.074229	187500.000000	187500.000000	86532.632891	102200.289333	111447.451883	133354.396624	-0.048000	0.774000	0.574000	192.000000	0.000000	0.000000	0.000000	0.000000	0.000000	0.000000	0.000000	0.000000	0.000000	1733433155.308625	0.000000
43.000000	88037.575845	19773.202511	187500.000000	187500.000000	86532.699946	102194.433176	111448.167139	133342.147868	-0.048000	0.774000	0.574000	192.000000	0.000000	0.000000	0.000000	0.000000	0.000000	0.000000	0.000000	0.000000	0.000000	1733433155.312436	0.000000
44.000000	88035.497133	19767.122837	187500.000000	187500.000000	86528.520170	102187.392376	111440.746360	133334.928254	-0.048000	0.774000	0.574000	192.000000	0.000000	0.000000	0.000000	0.000000	0.000000	0.000000	0.000000	0.000000	0.000000	1733433155.317438	0.000000
45.000000	88023.918930	19758.271546	187500.000000	187500.000000	86511.734010	102181.536219	111421.300342	133335.040013	-0.048000	0.768000	0.570000	192.000000	254.000000	128.000000	24.000000	0.000000	17.000000	208.000000	0.000000	0.000000	0.000000	1733433155.321470	0.000000
46.000000	88023.226025	19763.166578	187500.000000	187500.000000	86505.475522	102178.988120	111411.845554	133344.159525	-0.048000	0.768000	0.570000	192.000000	0.000000	0.000000	0.000000	0.000000	0.000000	0.000000	0.000000	0.000000	0.000000	1733433155.325684	0.000000
47.000000	88019.515636	19760.730238	187500.000000	187500.000000	86505.743743	102178.272865	111419.042816	133339.264493	-0.048000	0.768000	0.570000	192.000000	0.000000	0.000000	0.000000	0.000000	0.000000	0.000000	0.000000	0.000000	0.000000	1733433155.329607	0.000000
48.000000	88022.980156	19767.547520	187500.000000	187500.000000	86513.633908	102175.456545	111422.194412	133348.205191	-0.048000	0.768000	0.570000	192.000000	0.000000	0.000000	0.000000	0.000000	0.000000	0.000000	0.000000	0.000000	0.000000	1733433155.332709	0.000000
49.000000	88028.322223	19776.778791	187500.000000	187500.000000	86518.216016	102178.965769	111429.123453	133354.597790	-0.048000	0.768000	0.570000	192.000000	0.000000	0.000000	0.000000	0.000000	0.000000	0.000000	0.000000	0.000000	0.000000	1733433155.336796	0.000000
50.000000	88026.556435	19776.130590	187500.000000	187500.000000	86516.763153	102182.027958	111428.542307	133337.386946	-0.048000	0.768000	0.570000	192.000000	0.000000	0.000000	0.000000	0.000000	0.000000	0.000000	0.000000	0.000000	0.000000	1733433155.340563	0.000000
51.000000	88031.004433	19762.116046	187500.000000	187500.000000	86517.724278	102184.486650	111426.038912	133312.800027	-0.048000	0.768000	0.570000	192.000000	0.000000	0.000000	0.000000	0.000000	0.000000	0.000000	0.000000	0.000000	0.000000	1733433155.344608	0.000000
52.000000	88030.535046	19758.450360	187500.000000	187500.000000	86516.785504	102180.686853	111421.277990	133302.004135	-0.048000	0.768000	0.570000	192.000000	0.000000	0.000000	0.000000	0.000000	0.000000	0.000000	0.000000	0.000000	0.000000	1733433155.349443	0.000000
53.000000	88028.791610	19766.742857	187500.000000	187500.000000	86527.268473	102194.433176	111424.876621	133316.868045	-0.048000	0.768000	0.570000	192.000000	0.000000	0.000000	0.000000	0.000000	0.000000	0.000000	0.000000	0.000000	0.000000	1733433155.353496	0.000000
54.000000	88027.606967	19766.854616	187500.000000	187500.000000	86531.537656	102194.947266	111423.490813	133339.756231	-0.048000	0.768000	0.570000	192.000000	0.000000	0.000000	0.000000	0.000000	0.000000	0.000000	0.000000	0.000000	0.000000	1733433155.357466	0.000000
55.000000	88037.508790	19763.725372	187500.000000	187500.000000	86535.985653	102196.891868	111432.297401	133365.527793	-0.046000	0.770000	0.570000	192.000000	254.000000	144.000000	24.000000	16.000000	17.000000	208.000000	0.000000	0.000000	0.000000	1733433155.360501	0.000000
56.000000	88040.638034	19765.267642	187500.000000	187500.000000	86534.130458	102193.762624	111437.818281	133367.673560	-0.046000	0.770000	0.570000	192.000000	0.000000	0.000000	0.000000	0.000000	0.000000	0.000000	0.000000	0.000000	0.000000	1733433155.364701	0.000000
57.000000	88038.224046	19766.564043	187500.000000	187500.000000	86531.716470	102192.063891	111437.885337	133331.664900	-0.046000	0.770000	0.570000	192.000000	0.000000	0.000000	0.000000	0.000000	0.000000	0.000000	0.000000	0.000000	0.000000	1733433155.368676	0.000000
58.000000	88037.374680	19766.564043	187500.000000	187500.000000	86530.643586	102195.886039	111436.544232	133326.725164	-0.046000	0.770000	0.570000	192.000000	0.000000	0.000000	0.000000	0.000000	0.000000	0.000000	0.000000	0.000000	0.000000	1733433155.372787	0.000000
59.000000	88023.069563	19752.527148	187500.000000	187500.000000	86520.428839	102186.230086	111427.447072	133337.655167	-0.046000	0.770000	0.570000	192.000000	0.000000	0.000000	0.000000	0.000000	0.000000	0.000000	0.000000	0.000000	0.000000	1733433155.376770	0.000000
60.000000	88013.480665	19742.692380	187500.000000	187500.000000	86518.774810	102182.430289	111421.121528	133324.333528	-0.046000	0.770000	0.570000	192.000000	0.000000	0.000000	0.000000	0.000000	0.000000	0.000000	0.000000	0.000000	0.000000	1733433155.381534	0.000000
61.000000	88017.995717	19747.050970	187500.000000	187500.000000	86517.813685	102174.361309	111415.466537	133343.131345	-0.046000	0.770000	0.570000	192.000000	0.000000	0.000000	0.000000	0.000000	0.000000	0.000000	0.000000	0.000000	0.000000	1733433155.385545	0.000000
62.000000	88026.332918	19759.210319	187500.000000	187500.000000	86519.490066	102176.864705	111421.970895	133380.324647	-0.046000	0.770000	0.570000	192.000000	0.000000	0.000000	0.000000	0.000000	0.000000	0.000000	0.000000	0.000000	0.000000	1733433155.388560	0.000000
63.000000	88013.860645	19751.856595	187500.000000	187500.000000	86514.639737	102179.725728	111413.767804	133321.383097	-0.046000	0.770000	0.570000	192.000000	0.000000	0.000000	0.000000	0.000000	0.000000	0.000000	0.000000	0.000000	0.000000	1733433155.392698	0.000000
64.000000	88009.747924	19743.541747	187500.000000	187500.000000	86515.936138	102182.497344	111411.800851	133307.122684	-0.046000	0.770000	0.570000	192.000000	0.000000	0.000000	0.000000	0.000000	0.000000	0.000000	0.000000	0.000000	0.000000	1733433155.396773	0.000000
65.000000	88004.048229	19741.664200	187500.000000	187500.000000	86513.186874	102169.734498	111412.918438	133320.645490	-0.048000	0.772000	0.568000	192.000000	254.000000	128.000000	24.000000	32.000000	17.000000	192.000000	0.000000	0.000000	0.000000	1733433155.400935	0.000000
66.000000	88004.830540	19739.451377	187500.000000	187500.000000	86515.332641	102182.542048	111409.006883	133297.869062	-0.048000	0.772000	0.568000	192.000000	0.000000	0.000000	0.000000	0.000000	0.000000	0.000000	0.000000	0.000000	0.000000	1733433155.405953	0.000000
67.000000	88006.953956	19737.730293	187500.000000	187500.000000	86512.784542	102185.380719	111404.938865	133286.581431	-0.048000	0.772000	0.568000	192.000000	0.000000	0.000000	0.000000	0.000000	0.000000	0.000000	0.000000	0.000000	0.000000	1733433155.409626	0.000000
68.000000	88004.718781	19731.583563	187500.000000	187500.000000	86507.196606	102161.218484	111399.306226	133304.686344	-0.048000	0.772000	0.568000	192.000000	0.000000	0.000000	0.000000	0.000000	0.000000	0.000000	0.000000	0.000000	0.000000	1733433155.413570	0.000000
69.000000	88001.589537	19733.997552	187500.000000	187500.000000	86499.597013	102156.278748	111399.932075	133332.111935	-0.048000	0.772000	0.568000	192.000000	0.000000	0.000000	0.000000	0.000000	0.000000	0.000000	0.000000	0.000000	0.000000	1733433155.416593	0.000000
70.000000	88000.851929	19744.122892	187500.000000	187500.000000	86497.317135	102162.067850	111409.029235	133328.334490	-0.048000	0.772000	0.568000	192.000000	0.000000	0.000000	0.000000	0.000000	0.000000	0.000000	0.000000	0.000000	0.000000	1733433155.420557	0.000000
71.000000	88005.255223	19732.298819	187500.000000	187500.000000	86499.976993	102170.337995	111410.929133	133305.423952	-0.048000	0.772000	0.568000	192.000000	0.000000	0.000000	0.000000	0.000000	0.000000	0.000000	0.000000	0.000000	0.000000	1733433155.424856	0.000000
72.000000	88003.981174	19727.537898	187500.000000	187500.000000	86503.240347	102173.713109	111403.642464	133276.232574	-0.048000	0.772000	0.568000	192.000000	0.000000	0.000000	0.000000	0.000000	0.000000	0.000000	0.000000	0.000000	0.000000	1733433155.428637	0.000000
73.000000	88003.578842	19734.936325	187500.000000	187500.000000	86508.157731	102182.027958	111405.341197	133282.692228	-0.048000	0.772000	0.568000	192.000000	0.000000	0.000000	0.000000	0.000000	0.000000	0.000000	0.000000	0.000000	0.000000	1733433155.432933	0.000000
74.000000	88009.926738	19735.472767	187500.000000	187500.000000	86522.820475	102184.486650	111424.876621	133300.081885	-0.048000	0.772000	0.568000	192.000000	0.000000	0.000000	0.000000	0.000000	0.000000	0.000000	0.000000	0.000000	0.000000	1733433155.437900	0.000000
75.000000	88008.183301	19733.014075	187500.000000	187500.000000	86520.920577	102181.826792	111423.200241	133304.306365	-0.054000	0.776000	0.570000	192.000000	254.000000	80.000000	24.000000	64.000000	17.000000	208.000000	0.000000	0.000000	0.000000	1733433155.440818	0.000000
76.000000	87999.466121	19730.510680	187500.000000	187500.000000	86506.704868	102181.603275	111417.277028	133308.463789	-0.054000	0.776000	0.570000	192.000000	0.000000	0.000000	0.000000	0.000000	0.000000	0.000000	0.000000	0.000000	0.000000	1733433155.444640	0.000000
77.000000	87996.470987	19728.990761	187500.000000	187500.000000	86500.893414	102164.683004	111413.901915	133320.354917	-0.054000	0.776000	0.570000	192.000000	0.000000	0.000000	0.000000	0.000000	0.000000	0.000000	0.000000	0.000000	0.000000	1733433155.448610	0.000000
78.000000	87997.499168	19731.404749	187500.000000	187500.000000	86504.961432	102166.895827	111415.868868	133317.382135	-0.054000	0.776000	0.570000	192.000000	0.000000	0.000000	0.000000	0.000000	0.000000	0.000000	0.000000	0.000000	0.000000	1733433155.452622	0.000000
79.000000	88000.695467	19735.763339	187500.000000	187500.000000	86505.564929	102160.078545	111409.565676	133311.257757	-0.054000	0.776000	0.570000	192.000000	0.000000	0.000000	0.000000	0.000000	0.000000	0.000000	0.000000	0.000000	0.000000	1733433155.456643	0.000000
80.000000	87998.795569	19733.148185	187500.000000	187500.000000	86507.688344	102150.422591	111403.351891	133306.161559	-0.054000	0.776000	0.570000	192.000000	0.000000	0.000000	0.000000	0.000000	0.000000	0.000000	0.000000	0.000000	0.000000	1733433155.460679	0.000000
81.000000	88002.975345	19736.992685	187500.000000	187500.000000	86515.019717	102155.697603	111422.395578	133318.924405	-0.054000	0.776000	0.570000	192.000000	0.000000	0.000000	0.000000	0.000000	0.000000	0.000000	0.000000	0.000000	0.000000	1733433155.465984	0.000000
82.000000	88009.479703	19734.556345	187500.000000	187500.000000	86524.072173	102159.452696	111433.079712	133323.551217	-0.054000	0.776000	0.570000	192.000000	0.000000	0.000000	0.000000	0.000000	0.000000	0.000000	0.000000	0.000000	0.000000	1733433155.468842	0.000000
83.000000	88010.306717	19729.706017	187500.000000	187500.000000	86529.123667	102174.137792	111435.940735	133326.121667	-0.054000	0.776000	0.570000	192.000000	0.000000	0.000000	0.000000	0.000000	0.000000	0.000000	0.000000	0.000000	0.000000	1733433155.472950	0.000000
84.000000	88009.055020	19728.275505	187500.000000	187500.000000	86529.838923	102172.684928	111431.135110	133312.062420	-0.054000	0.776000	0.570000	192.000000	0.000000	0.000000	0.000000	0.000000	0.000000	0.000000	0.000000	0.000000	0.000000	1733433155.476828	0.000000
85.000000	88004.964650	19722.039368	187500.000000	187500.000000	86524.139228	102164.973577	111424.362531	133301.802969	-0.048000	0.770000	0.570000	192.000000	254.000000	128.000000	24.000000	16.000000	17.000000	208.000000	0.000000	0.000000	0.000000	1733433155.480926	0.000000
86.000000	88011.737229	19733.662276	187500.000000	187500.000000	86533.616368	102169.734498	111422.820261	133305.446304	-0.048000	0.770000	0.570000	192.000000	0.000000	0.000000	0.000000	0.000000	0.000000	0.000000	0.000000	0.000000	0.000000	1733433155.484652	0.000000
87.000000	88012.228967	19738.803177	187500.000000	187500.000000	86532.923464	102168.974539	111423.021427	133325.629929	-0.048000	0.770000	0.570000	192.000000	0.000000	0.000000	0.000000	0.000000	0.000000	0.000000	0.000000	0.000000	0.000000	1733433155.488665	0.000000
88.000000	88018.129828	19742.915898	187500.000000	187500.000000	86527.067307	102157.709260	111424.139014	133332.693080	-0.048000	0.770000	0.570000	192.000000	0.000000	0.000000	0.000000	0.000000	0.000000	0.000000	0.000000	0.000000	0.000000	1733433155.493684	0.000000
89.000000	88024.812999	19744.212299	187500.000000	187500.000000	86533.035223	102165.420612	111426.776520	133306.474484	-0.048000	0.770000	0.570000	192.000000	0.000000	0.000000	0.000000	0.000000	0.000000	0.000000	0.000000	0.000000	0.000000	1733433155.496684	0.000000
90.000000	88025.170627	19744.569927	187500.000000	187500.000000	86545.105165	102176.596484	111432.900898	133299.143112	-0.048000	0.770000	0.570000	192.000000	0.000000	0.000000	0.000000	0.000000	0.000000	0.000000	0.000000	0.000000	0.000000	1733433155.500984	0.000000
91.000000	88024.500075	19749.084979	187500.000000	187500.000000	86547.250932	102172.349652	111439.092331	133323.282996	-0.048000	0.770000	0.570000	192.000000	0.000000	0.000000	0.000000	0.000000	0.000000	0.000000	0.000000	0.000000	0.000000	1733433155.504848	0.000000
92.000000	88020.208540	19744.301706	187500.000000	187500.000000	86536.455040	102163.476010	111430.665723	133318.052687	-0.048000	0.770000	0.570000	192.000000	0.000000	0.000000	0.000000	0.000000	0.000000	0.000000	0.000000	0.000000	0.000000	1733433155.508816	0.000000
93.000000	88016.274633	19744.547575	187500.000000	187500.000000	86532.364670	102159.206827	111428.765825	133332.246045	-0.048000	0.770000	0.570000	192.000000	0.000000	0.000000	0.000000	0.000000	0.000000	0.000000	0.000000	0.000000	0.000000	1733433155.512981	0.000000
94.000000	88009.233833	19740.568965	187500.000000	187500.000000	86533.303444	102160.637338	111430.688075	133317.225673	-0.048000	0.770000	0.570000	192.000000	0.000000	0.000000	0.000000	0.000000	0.000000	0.000000	0.000000	0.000000	0.000000	1733433155.516921	0.000000
95.000000	88007.333935	19734.802214	187500.000000	187500.000000	86528.721336	102164.191266	111432.587973	133301.780617	-0.054000	0.770000	0.570000	192.000000	254.000000	80.000000	24.000000	16.000000	17.000000	208.000000	0.000000	0.000000	0.000000	1733433155.521701	0.000000
96.000000	88012.586595	19737.238555	187500.000000	187500.000000	86531.939987	102170.785030	111441.148691	133317.583301	-0.054000	0.770000	0.570000	192.000000	0.000000	0.000000	0.000000	0.000000	0.000000	0.000000	0.000000	0.000000	0.000000	1733433155.524745	0.000000
97.000000	88017.638089	19734.422235	187500.000000	187500.000000	86534.644548	102168.840428	111445.440226	133314.990498	-0.054000	0.770000	0.570000	192.000000	0.000000	0.000000	0.000000	0.000000	0.000000	0.000000	0.000000	0.000000	0.000000	1733433155.528772	0.000000
98.000000	88018.979194	19733.997552	187500.000000	187500.000000	86539.226656	102166.426440	111447.921270	133315.683403	-0.054000	0.770000	0.570000	192.000000	0.000000	0.000000	0.000000	0.000000	0.000000	0.000000	0.000000	0.000000	0.000000	1733433155.532768	0.000000
99.000000	88018.733325	19737.640886	187500.000000	187500.000000	86540.545409	102166.873475	111453.576261	133331.441382	-0.054000	0.770000	0.570000	192.000000	0.000000	0.000000	0.000000	0.000000	0.000000	0.000000	0.000000	0.000000	0.000000	1733433155.536796	0.000000
100.000000	88014.307679	19737.082092	187500.000000	187500.000000	86537.304406	102169.779202	111457.934851	133330.189685	-0.054000	0.770000	0.570000	192.000000	0.000000	0.000000	0.000000	0.000000	0.000000	0.000000	0.000000	0.000000	0.000000	1733433155.540881	0.000000
101.000000	88011.580767	19733.058778	187500.000000	187500.000000	86524.943891	102157.396335	111446.446055	133325.540522	-0.054000	0.770000	0.570000	192.000000	0.000000	0.000000	0.000000	0.000000	0.000000	0.000000	0.000000	0.000000	0.000000	1733433155.545122	0.000000
102.000000	88014.821770	19732.969371	187500.000000	187500.000000	86528.095487	102157.731611	111446.647220	133333.162467	-0.054000	0.770000	0.570000	192.000000	0.000000	0.000000	0.000000	0.000000	0.000000	0.000000	0.000000	0.000000	0.000000	1733433155.548007	0.000000
103.000000	88019.135656	19736.188023	187500.000000	187500.000000	86535.203342	102162.716050	111445.328468	133327.887455	-0.054000	0.770000	0.570000	192.000000	0.000000	0.000000	0.000000	0.000000	0.000000	0.000000	0.000000	0.000000	0.000000	1733433155.551973	0.000000
104.000000	88012.653650	19728.901354	187500.000000	187500.000000	86532.074098	102154.714126	111436.879508	133327.239254	-0.054000	0.770000	0.570000	192.000000	0.000000	0.000000	0.000000	0.000000	0.000000	0.000000	0.000000	0.000000	0.000000	1733433155.555806	0.000000
105.000000	87998.192072	19712.182249	187500.000000	187500.000000	86520.987632	102153.194207	111433.549098	133310.296632	-0.050000	0.766000	0.572000	192.000000	254.000000	112.000000	23.000000	240.000000	17.000000	224.000000	0.000000	0.000000	0.000000	1733433155.560806	0.000000
106.000000	87991.173624	19710.505868	187500.000000	187500.000000	86512.963356	102145.348745	111430.777482	133297.869062	-0.050000	0.766000	0.572000	192.000000	0.000000	0.000000	0.000000	0.000000	0.000000	0.000000	0.000000	0.000000	0.000000	1733433155.564811	0.000000
107.000000	87994.414627	19720.921781	187500.000000	187500.000000	86520.719411	102140.051382	111434.487871	133309.782542	-0.050000	0.766000	0.572000	192.000000	0.000000	0.000000	0.000000	0.000000	0.000000	0.000000	0.000000	0.000000	0.000000	1733433155.568822	0.000000
108.000000	88001.231909	19715.713825	187500.000000	187500.000000	86519.981804	102136.028068	111435.471348	133329.452077	-0.050000	0.766000	0.572000	192.000000	0.000000	0.000000	0.000000	0.000000	0.000000	0.000000	0.000000	0.000000	0.000000	1733433155.572795	0.000000
109.000000	88009.099723	19718.619551	187500.000000	187500.000000	86518.774810	102137.168007	111436.231308	133337.208132	-0.050000	0.766000	0.572000	192.000000	0.000000	0.000000	0.000000	0.000000	0.000000	0.000000	0.000000	0.000000	0.000000	1733433155.577066	0.000000
110.000000	88005.299926	19716.630246	187500.000000	187500.000000	86522.284034	102139.850216	111436.164252	133329.295615	-0.050000	0.766000	0.572000	192.000000	0.000000	0.000000	0.000000	0.000000	0.000000	0.000000	0.000000	0.000000	0.000000	1733433155.579935	0.000000
111.000000	88006.842197	19723.648694	187500.000000	187500.000000	86532.141153	102156.368155	111449.664706	133325.428763	-0.050000	0.766000	0.572000	192.000000	0.000000	0.000000	0.000000	0.000000	0.000000	0.000000	0.000000	0.000000	0.000000	1733433155.583986	0.000000
112.000000	88009.859682	19725.973275	187500.000000	187500.000000	86534.398679	102151.160199	111451.251680	133325.853446	-0.050000	0.766000	0.572000	192.000000	0.000000	0.000000	0.000000	0.000000	0.000000	0.000000	0.000000	0.000000	0.000000	1733433155.589041	0.000000
113.000000	88005.031706	19715.982046	187500.000000	187500.000000	86522.909882	102124.472216	111439.360552	133321.092525	-0.050000	0.766000	0.572000	192.000000	0.000000	0.000000	0.000000	0.000000	0.000000	0.000000	0.000000	0.000000	0.000000	1733433155.592963	0.000000
114.000000	87996.873319	19705.588484	187500.000000	187500.000000	86516.740801	102125.634506	111425.256601	133314.722277	-0.050000	0.766000	0.572000	192.000000	0.000000	0.000000	0.000000	0.000000	0.000000	0.000000	0.000000	0.000000	0.000000	1733433155.596862	0.000000
115.000000	87987.440883	19693.809115	187500.000000	187500.000000	86514.595033	102130.484835	111429.771653	133311.660088	-0.048000	0.764000	0.566000	192.000000	254.000000	128.000000	23.000000	224.000000	17.000000	176.000000	0.000000	0.000000	0.000000	1733433155.600868	0.000000
116.000000	88001.522482	19708.225990	187500.000000	187500.000000	86523.334566	102147.986251	111444.970840	133332.581321	-0.048000	0.764000	0.566000	192.000000	0.000000	0.000000	0.000000	0.000000	0.000000	0.000000	0.000000	0.000000	0.000000	1733433155.604878	0.000000
117.000000	88005.523444	19711.534049	187500.000000	187500.000000	86533.191685	102153.261263	111437.907688	133291.632925	-0.048000	0.764000	0.566000	192.000000	0.000000	0.000000	0.000000	0.000000	0.000000	0.000000	0.000000	0.000000	0.000000	1733433155.607966	0.000000
118.000000	88005.255223	19708.047176	187500.000000	187500.000000	86534.868066	102154.959995	111436.432473	133298.383152	-0.048000	0.764000	0.566000	192.000000	0.000000	0.000000	0.000000	0.000000	0.000000	0.000000	0.000000	0.000000	0.000000	1733433155.611887	0.000000
119.000000	87996.381580	19700.157011	187500.000000	187500.000000	86523.960414	102148.634451	111429.279915	133311.011888	-0.048000	0.764000	0.566000	192.000000	0.000000	0.000000	0.000000	0.000000	0.000000	0.000000	0.000000	0.000000	0.000000	1733433155.617074	0.000000
120.000000	87999.153197	19704.426194	187500.000000	187500.000000	86526.866141	102150.020260	111430.352799	133312.710620	-0.048000	0.764000	0.566000	192.000000	0.000000	0.000000	0.000000	0.000000	0.000000	0.000000	0.000000	0.000000	0.000000	1733433155.621095	0.000000
121.000000	88003.489435	19707.957769	187500.000000	187500.000000	86528.788391	102148.768562	111431.693903	133308.061458	-0.048000	0.764000	0.566000	192.000000	0.000000	0.000000	0.000000	0.000000	0.000000	0.000000	0.000000	0.000000	0.000000	1733433155.625076	0.000000
122.000000	88003.601194	19712.808098	187500.000000	187500.000000	86526.240292	102138.822036	111429.011694	133298.897242	-0.048000	0.764000	0.566000	192.000000	0.000000	0.000000	0.000000	0.000000	0.000000	0.000000	0.000000	0.000000	0.000000	1733433155.628927	0.000000
123.000000	88009.189130	19720.720615	187500.000000	187500.000000	86534.778659	102140.297251	111431.515089	133274.198565	-0.048000	0.764000	0.566000	192.000000	0.000000	0.000000	0.000000	0.000000	0.000000	0.000000	0.000000	0.000000	0.000000	1733433155.631983	0.000000
124.000000	88004.808188	19714.797403	187500.000000	187500.000000	86535.180990	102145.326393	111434.912555	133289.867138	-0.048000	0.764000	0.566000	192.000000	0.000000	0.000000	0.000000	0.000000	0.000000	0.000000	0.000000	0.000000	0.000000	1733433155.635905	0.000000
125.000000	87996.895671	19712.539877	187500.000000	187500.000000	86520.562949	102139.850216	111431.179813	133308.016754	-0.052000	0.772000	0.578000	192.000000	254.000000	96.000000	24.000000	32.000000	18.000000	16.000000	0.000000	0.000000	0.000000	1733433155.639932	0.000000
126.000000	88008.004488	19720.854726	187500.000000	187500.000000	86516.629042	102143.113571	111428.072921	133302.965260	-0.052000	0.772000	0.578000	192.000000	0.000000	0.000000	0.000000	0.000000	0.000000	0.000000	0.000000	0.000000	0.000000	1733433155.643931	0.000000
127.000000	88009.904386	19722.598162	187500.000000	187500.000000	86519.132438	102145.684021	111435.940735	133290.738856	-0.052000	0.772000	0.578000	192.000000	0.000000	0.000000	0.000000	0.000000	0.000000	0.000000	0.000000	0.000000	0.000000	1733433155.649070	0.000000
128.000000	88008.831502	19715.825583	187500.000000	187500.000000	86520.942929	102145.035821	111441.908651	133303.367591	-0.052000	0.772000	0.578000	192.000000	0.000000	0.000000	0.000000	0.000000	0.000000	0.000000	0.000000	0.000000	0.000000	1733433155.653239	0.000000
129.000000	88017.571034	19718.574848	187500.000000	187500.000000	86525.525037	102147.718030	111442.355686	133331.307272	-0.052000	0.772000	0.578000	192.000000	0.000000	0.000000	0.000000	0.000000	0.000000	0.000000	0.000000	0.000000	0.000000	1733433155.657172	0.000000
130.000000	88021.326127	19724.900392	187500.000000	187500.000000	86530.308310	102153.663594	111451.586956	133361.705644	-0.052000	0.772000	0.578000	192.000000	0.000000	0.000000	0.000000	0.000000	0.000000	0.000000	0.000000	0.000000	0.000000	1733433155.660149	0.000000
131.000000	88022.197845	19735.897450	187500.000000	187500.000000	86542.020624	102162.514885	111462.427552	133347.691101	-0.052000	0.772000	0.578000	192.000000	0.000000	0.000000	0.000000	0.000000	0.000000	0.000000	0.000000	0.000000	0.000000	1733433155.663935	0.000000
132.000000	88019.917967	19734.802214	187500.000000	187500.000000	86543.227618	102158.223350	111452.771598	133312.442400	-0.052000	0.772000	0.578000	192.000000	0.000000	0.000000	0.000000	0.000000	0.000000	0.000000	0.000000	0.000000	0.000000	1733433155.667931	0.000000
133.000000	88020.275595	19723.492232	187500.000000	187500.000000	86537.192647	102154.468257	111445.775502	133314.923443	-0.052000	0.772000	0.578000	192.000000	0.000000	0.000000	0.000000	0.000000	0.000000	0.000000	0.000000	0.000000	0.000000	1733433155.672018	0.000000
134.000000	88009.367944	19715.624418	187500.000000	187500.000000	86529.525999	102163.297196	111439.449959	133300.461865	-0.052000	0.772000	0.578000	192.000000	0.000000	0.000000	0.000000	0.000000	0.000000	0.000000	0.000000	0.000000	0.000000	1733433155.676989	0.000000
135.000000	88012.966575	19722.911086	187500.000000	187500.000000	86532.029394	102158.715088	111432.476214	133320.466676	-0.054000	0.772000	0.580000	192.000000	254.000000	80.000000	24.000000	32.000000	18.000000	32.000000	0.000000	0.000000	0.000000	1733433155.681123	0.000000
136.000000	88020.923796	19733.326999	187500.000000	187500.000000	86538.287883	102152.434248	111431.202165	133338.616292	-0.054000	0.772000	0.580000	192.000000	0.000000	0.000000	0.000000	0.000000	0.000000	0.000000	0.000000	0.000000	0.000000	1733433155.684121	0.000000
137.000000	88025.885883	19739.361970	187500.000000	187500.000000	86558.985598	102183.704339	111449.418837	133306.228615	-0.054000	0.772000	0.580000	192.000000	0.000000	0.000000	0.000000	0.000000	0.000000	0.000000	0.000000	0.000000	0.000000	1733433155.688286	0.000000
138.000000	88026.042345	19737.618534	187500.000000	187500.000000	86552.458889	102172.439059	111444.903784	133318.298557	-0.054000	0.772000	0.580000	192.000000	0.000000	0.000000	0.000000	0.000000	0.000000	0.000000	0.000000	0.000000	0.000000	1733433155.692184	0.000000
139.000000	88022.086087	19732.254116	187500.000000	187500.000000	86549.843734	102169.131001	111444.188529	133314.051725	-0.054000	0.772000	0.580000	192.000000	0.000000	0.000000	0.000000	0.000000	0.000000	0.000000	0.000000	0.000000	0.000000	1733433155.696173	0.000000
140.000000	88019.225063	19728.499023	187500.000000	187500.000000	86551.117784	102182.229123	111449.999982	133310.318984	-0.054000	0.772000	0.580000	192.000000	0.000000	0.000000	0.000000	0.000000	0.000000	0.000000	0.000000	0.000000	0.000000	1733433155.700022	0.000000
141.000000	88020.141485	19732.187060	187500.000000	187500.000000	86547.474450	102182.184420	111449.798816	133318.656185	-0.054000	0.772000	0.580000	192.000000	0.000000	0.000000	0.000000	0.000000	0.000000	0.000000	0.000000	0.000000	0.000000	1733433155.704996	0.000000
142.000000	88025.125924	19740.568965	187500.000000	187500.000000	86545.082813	102173.690757	111454.649145	133322.657147	-0.054000	0.772000	0.580000	192.000000	0.000000	0.000000	0.000000	0.000000	0.000000	0.000000	0.000000	0.000000	0.000000	1733433155.709314	0.000000
143.000000	88022.063735	19745.933383	187500.000000	187500.000000	86545.842772	102174.495420	111450.447017	133336.157600	-0.054000	0.772000	0.580000	192.000000	0.000000	0.000000	0.000000	0.000000	0.000000	0.000000	0.000000	0.000000	0.000000	1733433155.712033	0.000000
144.000000	88021.706107	19742.200642	187500.000000	187500.000000	86555.409319	102181.692682	111457.219596	133336.671691	-0.054000	0.772000	0.580000	192.000000	0.000000	0.000000	0.000000	0.000000	0.000000	0.000000	0.000000	0.000000	0.000000	1733433155.716139	0.000000
145.000000	88024.991813	19738.847880	187500.000000	187500.000000	86560.639627	102188.018225	111455.587918	133340.449135	-0.054000	0.772000	0.580000	192.000000	0.000000	0.000000	0.000000	0.000000	0.000000	0.000000	0.000000	0.000000	0.000000	1733433155.720257	0.000000
146.000000	88031.138543	19744.614630	187500.000000	187500.000000	86570.005008	102193.762624	111457.733686	133376.435444	-0.056000	0.776000	0.586000	192.000000	254.000000	64.000000	24.000000	64.000000	18.000000	80.000000	0.000000	0.000000	0.000000	1733433155.724256	0.000000
147.000000	88025.505903	19755.298764	187500.000000	187500.000000	86560.997255	102190.365158	111462.628718	133373.999104	-0.056000	0.776000	0.586000	192.000000	0.000000	0.000000	0.000000	0.000000	0.000000	0.000000	0.000000	0.000000	0.000000	1733433155.728238	0.000000
148.000000	88026.042345	19753.532976	187500.000000	187500.000000	86565.646418	102194.567286	111462.159331	133340.627949	-0.056000	0.776000	0.586000	192.000000	0.000000	0.000000	0.000000	0.000000	0.000000	0.000000	0.000000	0.000000	0.000000	1733433155.732028	0.000000
149.000000	88033.194904	19754.404694	187500.000000	187500.000000	86579.862127	102217.187252	111462.472256	133325.629929	-0.056000	0.776000	0.586000	192.000000	0.000000	0.000000	0.000000	0.000000	0.000000	0.000000	0.000000	0.000000	0.000000	1733433155.737047	0.000000
150.000000	88070.410558	19791.016852	187500.000000	187500.000000	86606.036020	102242.176502	111491.551875	133360.588057	-0.056000	0.776000	0.586000	192.000000	0.000000	0.000000	0.000000	0.000000	0.000000	0.000000	0.000000	0.000000	0.000000	1733433155.740092	0.000000
151.000000	88046.069508	19774.633023	187500.000000	187500.000000	86573.134252	102202.368045	111465.646203	133328.401545	-0.056000	0.776000	0.586000	192.000000	0.000000	0.000000	0.000000	0.000000	0.000000	0.000000	0.000000	0.000000	0.000000	1733433155.744093	0.000000
152.000000	88046.024805	19773.247215	187500.000000	187500.000000	86583.796034	102206.480766	111486.053346	133363.493784	-0.056000	0.776000	0.586000	192.000000	0.000000	0.000000	0.000000	0.000000	0.000000	0.000000	0.000000	0.000000	0.000000	1733433155.748051	0.000000
153.000000	88048.036462	19779.818628	187500.000000	187500.000000	86588.154624	102214.214470	111490.478991	133348.048728	-0.056000	0.776000	0.586000	192.000000	0.000000	0.000000	0.000000	0.000000	0.000000	0.000000	0.000000	0.000000	0.000000	1733433155.752084	0.000000
154.000000	88071.416387	19798.594093	187500.000000	187500.000000	86601.632726	102231.425313	111504.292369	133378.335342	-0.056000	0.776000	0.586000	192.000000	0.000000	0.000000	0.000000	0.000000	0.000000	0.000000	0.000000	0.000000	0.000000	1733433155.756299	0.000000
155.000000	88053.333825	19781.919692	187500.000000	187500.000000	86594.904851	102230.285374	111499.620855	133376.346037	-0.056000	0.776000	0.586000	192.000000	0.000000	0.000000	0.000000	0.000000	0.000000	0.000000	0.000000	0.000000	0.000000	1733433155.761152	0.000000
156.000000	88038.894598	19773.269567	187500.000000	187500.000000	86586.500595	102216.740217	111491.484820	133352.474374	-0.052000	0.772000	0.582000	192.000000	254.000000	96.000000	24.000000	32.000000	18.000000	48.000000	0.000000	0.000000	0.000000	1733433155.765189	0.000000
157.000000	88085.296820	19812.496878	187500.000000	187500.000000	86626.487866	102254.313499	111526.442948	133385.689066	-0.052000	0.772000	0.582000	192.000000	0.000000	0.000000	0.000000	0.000000	0.000000	0.000000	0.000000	0.000000	0.000000	1733433155.768365	0.000000
158.000000	88078.926573	19807.266570	187500.000000	187500.000000	86629.304186	102259.677918	111526.621762	133380.637572	-0.052000	0.772000	0.582000	192.000000	0.000000	0.000000	0.000000	0.000000	0.000000	0.000000	0.000000	0.000000	0.000000	1733433155.772106	0.000000
159.000000	88079.306552	19809.077061	187500.000000	187500.000000	86630.935863	102265.578778	111530.712131	133370.400473	-0.052000	0.772000	0.582000	192.000000	0.000000	0.000000	0.000000	0.000000	0.000000	0.000000	0.000000	0.000000	0.000000	1733433155.776260	0.000000
160.000000	88063.436814	19795.397794	187500.000000	187500.000000	86613.322689	102247.406810	111511.869611	133354.597790	-0.052000	0.772000	0.582000	192.000000	0.000000	0.000000	0.000000	0.000000	0.000000	0.000000	0.000000	0.000000	0.000000	1733433155.780101	0.000000
161.000000	88055.211372	19789.251064	187500.000000	187500.000000	86611.691011	102240.142493	111504.337073	133364.879592	-0.052000	0.772000	0.582000	192.000000	0.000000	0.000000	0.000000	0.000000	0.000000	0.000000	0.000000	0.000000	0.000000	1733433155.784157	0.000000
162.000000	88067.169555	19796.068346	187500.000000	187500.000000	86610.975756	102233.615784	111502.683044	133384.794996	-0.052000	0.772000	0.582000	192.000000	0.000000	0.000000	0.000000	0.000000	0.000000	0.000000	0.000000	0.000000	0.000000	1733433155.789145	0.000000
163.000000	88064.174421	19791.933273	187500.000000	187500.000000	86594.860148	102219.556537	111486.388622	133362.867935	-0.052000	0.772000	0.582000	192.000000	0.000000	0.000000	0.000000	0.000000	0.000000	0.000000	0.000000	0.000000	0.000000	1733433155.792274	0.000000
164.000000	88054.384357	19778.343413	187500.000000	187500.000000	86585.874747	102211.644019	111469.200131	133363.918467	-0.052000	0.772000	0.582000	192.000000	0.000000	0.000000	0.000000	0.000000	0.000000	0.000000	0.000000	0.000000	0.000000	1733433155.795179	0.000000
165.000000	88072.981009	19794.906055	187500.000000	187500.000000	86595.106017	102215.488519	111473.290500	133364.276095	-0.052000	0.772000	0.582000	192.000000	0.000000	0.000000	0.000000	0.000000	0.000000	0.000000	0.000000	0.000000	0.000000	1733433155.800321	0.000000
166.000000	88083.374570	19807.512439	187500.000000	187500.000000	86600.537491	102229.123083	111491.015433	133380.995200	-0.064000	0.784000	0.592000	192.000000	254.000000	0.000000	24.000000	128.000000	18.000000	128.000000	0.000000	0.000000	0.000000	1733433155.804416	0.000000
167.000000	88067.393073	19799.823439	187500.000000	187500.000000	86591.283869	102219.154205	111479.973671	133362.867935	-0.064000	0.784000	0.592000	192.000000	0.000000	0.000000	0.000000	0.000000	0.000000	0.000000	0.000000	0.000000	0.000000	1733433155.808258	0.000000
168.000000	88063.839145	19794.034337	187500.000000	187500.000000	86575.302371	102207.084263	111455.833787	133347.802859	-0.064000	0.784000	0.592000	192.000000	0.000000	0.000000	0.000000	0.000000	0.000000	0.000000	0.000000	0.000000	0.000000	1733433155.812153	0.000000
169.000000	88082.055817	19815.067329	187500.000000	187500.000000	86585.226546	102218.528356	111461.622889	133372.501537	-0.064000	0.784000	0.592000	192.000000	0.000000	0.000000	0.000000	0.000000	0.000000	0.000000	0.000000	0.000000	0.000000	1733433155.817172	0.000000
170.000000	88084.089826	19818.710663	187500.000000	187500.000000	86605.968965	102244.165807	111476.419744	133347.802859	-0.064000	0.784000	0.592000	192.000000	0.000000	0.000000	0.000000	0.000000	0.000000	0.000000	0.000000	0.000000	0.000000	1733433155.820209	0.000000
171.000000	88083.642791	19805.880762	187500.000000	187500.000000	86592.088532	102237.907319	111497.519791	133348.451060	-0.064000	0.784000	0.592000	192.000000	0.000000	0.000000	0.000000	0.000000	0.000000	0.000000	0.000000	0.000000	0.000000	1733433155.823225	0.000000
172.000000	88074.143299	19789.362823	187500.000000	187500.000000	86588.065218	102235.448627	111495.776355	133361.638589	-0.064000	0.784000	0.592000	192.000000	0.000000	0.000000	0.000000	0.000000	0.000000	0.000000	0.000000	0.000000	0.000000	1733433155.828424	0.000000
173.000000	88082.502852	19798.482334	187500.000000	187500.000000	86609.500540	102249.351412	111518.977466	133395.255613	-0.064000	0.784000	0.592000	192.000000	0.000000	0.000000	0.000000	0.000000	0.000000	0.000000	0.000000	0.000000	0.000000	1733433155.832348	0.000000
174.000000	88097.366762	19815.939047	187500.000000	187500.000000	86621.212855	102268.596264	111534.623687	133398.474264	-0.064000	0.784000	0.592000	192.000000	0.000000	0.000000	0.000000	0.000000	0.000000	0.000000	0.000000	0.000000	0.000000	1733433155.836490	0.000000
175.000000	88094.952773	19810.149945	187500.000000	187500.000000	86618.575349	102262.337776	111530.578021	133376.077816	-0.064000	0.784000	0.592000	192.000000	0.000000	0.000000	0.000000	0.000000	0.000000	0.000000	0.000000	0.000000	0.000000	1733433155.840453	0.000000
176.000000	88099.601936	19811.088718	187500.000000	187500.000000	86615.982546	102258.247406	111529.236916	133388.907717	-0.052000	0.752000	0.576000	192.000000	254.000000	96.000000	23.000000	128.000000	18.000000	0.000000	0.000000	0.000000	0.000000	1733433155.845432	0.000000
177.000000	88099.758399	19812.943913	187500.000000	187500.000000	86622.352793	102271.412584	111530.712131	133400.754142	-0.052000	0.752000	0.576000	192.000000	0.000000	0.000000	0.000000	0.000000	0.000000	0.000000	0.000000	0.000000	0.000000	1733433155.848216	0.000000
178.000000	88111.113085	19830.646495	187500.000000	187500.000000	86646.492678	102289.763366	111539.272849	133413.516988	-0.052000	0.752000	0.576000	192.000000	0.000000	0.000000	0.000000	0.000000	0.000000	0.000000	0.000000	0.000000	0.000000	1733433155.851249	0.000000
179.000000	88100.339544	19816.251971	187500.000000	187500.000000	86634.512142	102271.390232	111526.107672	133389.824139	-0.052000	0.752000	0.576000	192.000000	0.000000	0.000000	0.000000	0.000000	0.000000	0.000000	0.000000	0.000000	0.000000	1733433155.856243	0.000000
180.000000	88103.781713	19810.932256	187500.000000	187500.000000	86635.652081	102265.914055	111524.431291	133400.888252	-0.052000	0.752000	0.576000	192.000000	0.000000	0.000000	0.000000	0.000000	0.000000	0.000000	0.000000	0.000000	0.000000	1733433155.860277	0.000000
181.000000	88096.919727	19800.292826	187500.000000	187500.000000	86624.006823	102250.960738	111515.378835	133383.275078	-0.052000	0.752000	0.576000	192.000000	0.000000	0.000000	0.000000	0.000000	0.000000	0.000000	0.000000	0.000000	0.000000	1733433155.864270	0.000000
182.000000	88108.207358	19819.090643	187500.000000	187500.000000	86642.022329	102259.432049	111530.019227	133400.374162	-0.052000	0.752000	0.576000	192.000000	0.000000	0.000000	0.000000	0.000000	0.000000	0.000000	0.000000	0.000000	0.000000	1733433155.868647	0.000000
183.000000	88116.745724	19828.433672	187500.000000	187500.000000	86650.203067	102265.154095	111537.954097	133391.880499	-0.052000	0.752000	0.576000	192.000000	0.000000	0.000000	0.000000	0.000000	0.000000	0.000000	0.000000	0.000000	0.000000	1733433155.872449	0.000000
184.000000	88106.396867	19810.529925	187500.000000	187500.000000	86634.623901	102245.395153	111518.686893	133379.408226	-0.052000	0.752000	0.576000	192.000000	0.000000	0.000000	0.000000	0.000000	0.000000	0.000000	0.000000	0.000000	0.000000	1733433155.876399	0.000000
185.000000	88105.994535	19818.353035	187500.000000	187500.000000	86636.792020	102248.703211	111517.278733	133409.784247	-0.052000	0.752000	0.576000	192.000000	0.000000	0.000000	0.000000	0.000000	0.000000	0.000000	0.000000	0.000000	0.000000	1733433155.879517	0.000000
186.000000	88116.633966	19834.848623	187500.000000	187500.000000	86652.035910	102264.103563	111536.992972	133445.837610	-0.052000	0.758000	0.576000	192.000000	254.000000	96.000000	23.000000	176.000000	18.000000	0.000000	0.000000	0.000000	0.000000	1733433155.884423	0.000000
187.000000	88121.976032	19832.322876	187500.000000	187500.000000	86662.697692	102272.843095	111550.962812	133443.445974	-0.052000	0.758000	0.576000	192.000000	0.000000	0.000000	0.000000	0.000000	0.000000	0.000000	0.000000	0.000000	0.000000	1733433155.888263	0.000000
188.000000	88128.256873	19841.956477	187500.000000	187500.000000	86682.993076	102297.005331	111564.776190	133413.516988	-0.052000	0.758000	0.576000	192.000000	0.000000	0.000000	0.000000	0.000000	0.000000	0.000000	0.000000	0.000000	0.000000	1733433155.892546	0.000000
189.000000	88132.928387	19850.651306	187500.000000	187500.000000	86687.642239	102290.277456	111570.721754	133423.597625	-0.052000	0.758000	0.576000	192.000000	0.000000	0.000000	0.000000	0.000000	0.000000	0.000000	0.000000	0.000000	0.000000	1733433155.896284	0.000000
190.000000	88135.722355	19854.629917	187500.000000	187500.000000	86692.872547	102303.554392	111574.052164	133435.756974	-0.052000	0.758000	0.576000	192.000000	0.000000	0.000000	0.000000	0.000000	0.000000	0.000000	0.000000	0.000000	0.000000	1733433155.900318	0.000000
191.000000	88134.470658	19849.466664	187500.000000	187500.000000	86682.903669	102295.686578	111562.161036	133435.533456	-0.052000	0.758000	0.576000	192.000000	0.000000	0.000000	0.000000	0.000000	0.000000	0.000000	0.000000	0.000000	0.000000	1733433155.904343	0.000000
192.000000	88127.251044	19845.756274	187500.000000	187500.000000	86666.273971	102281.090889	111551.968640	133435.779325	-0.052000	0.758000	0.576000	192.000000	0.000000	0.000000	0.000000	0.000000	0.000000	0.000000	0.000000	0.000000	0.000000	1733433155.907366	0.000000
193.000000	88137.912826	19853.802902	187500.000000	187500.000000	86670.587858	102290.948008	111559.992917	133428.224436	-0.052000	0.758000	0.576000	192.000000	0.000000	0.000000	0.000000	0.000000	0.000000	0.000000	0.000000	0.000000	0.000000	1733433155.911641	0.000000
194.000000	88147.993463	19854.965193	187500.000000	187500.000000	86672.487756	102289.539849	111563.904472	133438.595645	-0.052000	0.758000	0.576000	192.000000	0.000000	0.000000	0.000000	0.000000	0.000000	0.000000	0.000000	0.000000	0.000000	1733433155.916600	0.000000
195.000000	88136.348204	19853.825254	187500.000000	187500.000000	86671.101948	102279.258046	111561.825760	133411.058296	-0.052000	0.758000	0.576000	192.000000	0.000000	0.000000	0.000000	0.000000	0.000000	0.000000	0.000000	0.000000	0.000000	1733433155.920423	0.000000
196.000000	88133.509533	19847.075027	187500.000000	187500.000000	86668.799718	102282.655511	111555.500216	133411.974718	-0.046000	0.764000	0.568000	192.000000	254.000000	144.000000	23.000000	224.000000	17.000000	192.000000	0.000000	0.000000	0.000000	1733433155.924639	0.000000
197.000000	88128.145114	19837.977867	187500.000000	187500.000000	86653.712291	102274.608883	111544.950193	133432.806543	-0.046000	0.764000	0.568000	192.000000	0.000000	0.000000	0.000000	0.000000	0.000000	0.000000	0.000000	0.000000	0.000000	1733433155.927520	0.000000
198.000000	88129.083887	19836.927335	187500.000000	187500.000000	86650.426585	102279.079232	111542.446797	133437.880389	-0.046000	0.764000	0.568000	192.000000	0.000000	0.000000	0.000000	0.000000	0.000000	0.000000	0.000000	0.000000	0.000000	1733433155.931518	0.000000
199.000000	88137.309329	19852.573556	187500.000000	187500.000000	86659.233172	102289.986883	111552.639193	133427.822104	-0.046000	0.764000	0.568000	192.000000	0.000000	0.000000	0.000000	0.000000	0.000000	0.000000	0.000000	0.000000	0.000000	1733433155.935413	0.000000
200.000000	88142.383175	19856.194539	187500.000000	187500.000000	86664.932867	102291.640912	111558.674164	133411.438276	-0.046000	0.764000	0.568000	192.000000	0.000000	0.000000	0.000000	0.000000	0.000000	0.000000	0.000000	0.000000	0.000000	1733433155.939412	0.000000
201.000000	88142.338472	19855.792207	187500.000000	187500.000000	86664.485832	102282.811973	111555.723733	133408.420790	-0.046000	0.764000	0.568000	192.000000	0.000000	0.000000	0.000000	0.000000	0.000000	0.000000	0.000000	0.000000	0.000000	1733433155.944397	0.000000
202.000000	88156.554181	19869.471475	187500.000000	187500.000000	86684.937678	102290.746843	111563.882120	133433.275930	-0.046000	0.764000	0.568000	192.000000	0.000000	0.000000	0.000000	0.000000	0.000000	0.000000	0.000000	0.000000	0.000000	1733433155.948407	0.000000
203.000000	88148.887533	19866.342231	187500.000000	187500.000000	86677.449844	102278.721604	111545.129007	133420.714250	-0.046000	0.764000	0.568000	192.000000	0.000000	0.000000	0.000000	0.000000	0.000000	0.000000	0.000000	0.000000	0.000000	1733433155.952447	0.000000
204.000000	88156.151850	19876.691088	187500.000000	187500.000000	86683.842442	102292.713796	111558.763571	133436.315767	-0.046000	0.764000	0.568000	192.000000	0.000000	0.000000	0.000000	0.000000	0.000000	0.000000	0.000000	0.000000	0.000000	1733433155.955424	0.000000
205.000000	88157.314140	19877.495751	187500.000000	187500.000000	86683.887146	102295.463061	111559.635289	133442.127221	-0.046000	0.764000	0.568000	192.000000	0.000000	0.000000	0.000000	0.000000	0.000000	0.000000	0.000000	0.000000	0.000000	1733433155.959561	0.000000
206.000000	88157.157678	19871.661946	187500.000000	187500.000000	86687.798701	102295.016026	111553.443855	133450.218552	-0.056000	0.774000	0.562000	192.000000	254.000000	64.000000	24.000000	48.000000	17.000000	144.000000	0.000000	0.000000	0.000000	1733433155.963546	0.000000
207.000000	88157.157678	19864.151760	187500.000000	187500.000000	86682.233117	102298.525250	111538.132911	133454.398329	-0.056000	0.774000	0.562000	192.000000	0.000000	0.000000	0.000000	0.000000	0.000000	0.000000	0.000000	0.000000	0.000000	1733433155.967591	0.000000
208.000000	88152.329701	19862.430675	187500.000000	187500.000000	86674.298248	102276.709947	111531.494442	133455.940599	-0.056000	0.774000	0.562000	192.000000	0.000000	0.000000	0.000000	0.000000	0.000000	0.000000	0.000000	0.000000	0.000000	1733433155.972587	0.000000
209.000000	88148.798126	19860.039039	187500.000000	187500.000000	86684.490643	102275.771174	111550.001687	133406.252671	-0.056000	0.774000	0.562000	192.000000	0.000000	0.000000	0.000000	0.000000	0.000000	0.000000	0.000000	0.000000	0.000000	1733433155.976438	0.000000
210.000000	88159.705777	19869.493827	187500.000000	187500.000000	86689.050399	102292.870258	111569.201835	133396.373200	-0.056000	0.774000	0.562000	192.000000	0.000000	0.000000	0.000000	0.000000	0.000000	0.000000	0.000000	0.000000	0.000000	1733433155.980473	0.000000
211.000000	88156.353015	19867.079838	187500.000000	187500.000000	86688.066922	102302.637971	111581.562350	133436.427526	-0.056000	0.774000	0.562000	192.000000	0.000000	0.000000	0.000000	0.000000	0.000000	0.000000	0.000000	0.000000	0.000000	1733433155.983464	0.000000
212.000000	88157.314140	19865.470513	187500.000000	187500.000000	86700.248623	102311.176337	111593.855809	133464.903648	-0.056000	0.774000	0.562000	192.000000	0.000000	0.000000	0.000000	0.000000	0.000000	0.000000	0.000000	0.000000	0.000000	1733433155.987464	0.000000
213.000000	88168.802937	19881.452010	187500.000000	187500.000000	86698.661649	102308.114148	111590.815972	133478.448806	-0.056000	0.774000	0.562000	192.000000	0.000000	0.000000	0.000000	0.000000	0.000000	0.000000	0.000000	0.000000	0.000000	1733433155.991714	0.000000
214.000000	88176.760158	19893.209027	187500.000000	187500.000000	86711.156274	102331.181148	111602.550638	133463.584896	-0.056000	0.774000	0.562000	192.000000	0.000000	0.000000	0.000000	0.000000	0.000000	0.000000	0.000000	0.000000	0.000000	1733433155.995492	0.000000
215.000000	88171.507498	19888.761030	187500.000000	187500.000000	86709.256376	102321.771064	111596.627426	133472.860870	-0.056000	0.774000	0.562000	192.000000	0.000000	0.000000	0.000000	0.000000	0.000000	0.000000	0.000000	0.000000	0.000000	1733433155.999585	0.000000
216.000000	88187.980734	19908.497621	187500.000000	187500.000000	86708.295251	102312.718608	111595.152211	133487.098931	-0.074000	0.768000	0.560000	192.000000	253.000000	176.000000	24.000000	0.000000	17.000000	128.000000	0.000000	0.000000	0.000000	1733433156.004642	0.000000
217.000000	88186.661981	19914.800813	187500.000000	187500.000000	86698.348725	102308.628238	111585.697423	133460.746224	-0.074000	0.768000	0.560000	192.000000	0.000000	0.000000	0.000000	0.000000	0.000000	0.000000	0.000000	0.000000	0.000000	1733433156.008897	0.000000
218.000000	88175.419053	19902.216780	187500.000000	187500.000000	86711.916234	102322.553375	111594.079327	133482.740341	-0.074000	0.768000	0.560000	192.000000	0.000000	0.000000	0.000000	0.000000	0.000000	0.000000	0.000000	0.000000	0.000000	1733433156.011697	0.000000
219.000000	88165.025492	19882.681356	187500.000000	187500.000000	86711.558606	102324.408570	111589.698385	133463.607247	-0.074000	0.768000	0.560000	192.000000	0.000000	0.000000	0.000000	0.000000	0.000000	0.000000	0.000000	0.000000	0.000000	1733433156.015474	0.000000
220.000000	88166.590114	19893.477248	187500.000000	187500.000000	86712.989117	102327.135483	111590.815972	133472.279724	-0.074000	0.768000	0.560000	192.000000	0.000000	0.000000	0.000000	0.000000	0.000000	0.000000	0.000000	0.000000	0.000000	1733433156.019526	0.000000
221.000000	88171.775719	19906.642426	187500.000000	187500.000000	86726.310757	102342.759352	111606.797469	133459.606285	-0.074000	0.768000	0.560000	192.000000	0.000000	0.000000	0.000000	0.000000	0.000000	0.000000	0.000000	0.000000	0.000000	1733433156.023524	0.000000
222.000000	88177.877745	19909.235228	187500.000000	187500.000000	86728.747097	102347.274404	111608.026815	133467.250582	-0.074000	0.768000	0.560000	192.000000	0.000000	0.000000	0.000000	0.000000	0.000000	0.000000	0.000000	0.000000	0.000000	1733433156.028522	0.000000
223.000000	88187.488995	19920.232286	187500.000000	187500.000000	86737.173705	102354.270500	111620.834365	133484.081445	-0.074000	0.768000	0.560000	192.000000	0.000000	0.000000	0.000000	0.000000	0.000000	0.000000	0.000000	0.000000	0.000000	1733433156.032557	0.000000
224.000000	88195.557975	19922.400406	187500.000000	187500.000000	86745.667368	102350.694221	111627.092853	133490.406989	-0.074000	0.768000	0.560000	192.000000	0.000000	0.000000	0.000000	0.000000	0.000000	0.000000	0.000000	0.000000	0.000000	1733433156.036735	0.000000
225.000000	88201.816464	19921.148708	187500.000000	187500.000000	86752.775222	102361.423059	111640.392141	133546.733385	-0.074000	0.768000	0.560000	192.000000	0.000000	0.000000	0.000000	0.000000	0.000000	0.000000	0.000000	0.000000	0.000000	1733433156.039760	0.000000
226.000000	88195.714437	19920.120528	187500.000000	187500.000000	86738.693623	102357.310338	111630.400912	133532.696489	-0.052000	0.766000	0.570000	192.000000	254.000000	96.000000	23.000000	240.000000	17.000000	208.000000	0.000000	0.000000	0.000000	1733433156.043764	0.000000
227.000000	88202.375257	19936.258487	187500.000000	187500.000000	86743.409841	102356.729192	111623.516574	133497.045457	-0.052000	0.766000	0.570000	192.000000	0.000000	0.000000	0.000000	0.000000	0.000000	0.000000	0.000000	0.000000	0.000000	1733433156.047582	0.000000
228.000000	88196.630859	19929.307095	187500.000000	187500.000000	86745.890885	102358.874960	111627.025798	133474.358436	-0.052000	0.766000	0.570000	192.000000	0.000000	0.000000	0.000000	0.000000	0.000000	0.000000	0.000000	0.000000	0.000000	1733433156.051536	0.000000
229.000000	88193.188690	19915.426661	187500.000000	187500.000000	86741.822868	102362.987681	111625.170603	133470.223364	-0.052000	0.766000	0.570000	192.000000	0.000000	0.000000	0.000000	0.000000	0.000000	0.000000	0.000000	0.000000	0.000000	1733433156.055568	0.000000
230.000000	88199.201310	19914.957275	187500.000000	187500.000000	86741.845219	102366.608663	111627.450481	133487.478910	-0.052000	0.766000	0.570000	192.000000	0.000000	0.000000	0.000000	0.000000	0.000000	0.000000	0.000000	0.000000	0.000000	1733433156.060574	0.000000
231.000000	88204.968060	19922.310999	187500.000000	187500.000000	86748.438984	102366.675719	111634.848909	133496.576070	-0.052000	0.766000	0.570000	192.000000	0.000000	0.000000	0.000000	0.000000	0.000000	0.000000	0.000000	0.000000	0.000000	1733433156.063576	0.000000
232.000000	88203.805769	19922.400406	187500.000000	187500.000000	86744.281560	102358.204407	111631.853775	133523.398164	-0.052000	0.766000	0.570000	192.000000	0.000000	0.000000	0.000000	0.000000	0.000000	0.000000	0.000000	0.000000	0.000000	1733433156.067584	0.000000
233.000000	88209.192539	19931.184641	187500.000000	187500.000000	86748.528391	102362.719460	111635.161833	133553.438908	-0.052000	0.766000	0.570000	192.000000	0.000000	0.000000	0.000000	0.000000	0.000000	0.000000	0.000000	0.000000	0.000000	1733433156.071838	0.000000
234.000000	88214.199330	19935.319714	187500.000000	187500.000000	86752.283484	102374.767050	111636.368827	133510.523559	-0.052000	0.766000	0.570000	192.000000	0.000000	0.000000	0.000000	0.000000	0.000000	0.000000	0.000000	0.000000	0.000000	1733433156.075814	0.000000
235.000000	88218.669679	19937.979572	187500.000000	187500.000000	86761.850031	102365.312262	111646.605926	133498.677134	-0.052000	0.766000	0.570000	192.000000	0.000000	0.000000	0.000000	0.000000	0.000000	0.000000	0.000000	0.000000	0.000000	1733433156.079856	0.000000
236.000000	88221.396592	19942.427569	187500.000000	187500.000000	86764.264019	102356.975062	111649.019915	133512.646975	-0.040000	0.772000	0.580000	192.000000	254.000000	192.000000	24.000000	32.000000	18.000000	32.000000	0.000000	0.000000	0.000000	1733433156.083955	0.000000
237.000000	88232.751278	19961.135979	187500.000000	187500.000000	86775.529298	102371.481344	111664.330860	133519.821885	-0.040000	0.772000	0.580000	192.000000	0.000000	0.000000	0.000000	0.000000	0.000000	0.000000	0.000000	0.000000	0.000000	1733433156.088560	0.000000
238.000000	88218.312051	19944.327467	187500.000000	187500.000000	86759.480746	102360.685451	111646.516519	133510.747076	-0.040000	0.772000	0.580000	192.000000	0.000000	0.000000	0.000000	0.000000	0.000000	0.000000	0.000000	0.000000	0.000000	1733433156.091621	0.000000
239.000000	88213.774647	19937.510185	187500.000000	187500.000000	86749.265999	102355.186922	111639.006333	133501.024068	-0.040000	0.772000	0.580000	192.000000	0.000000	0.000000	0.000000	0.000000	0.000000	0.000000	0.000000	0.000000	0.000000	1733433156.095647	0.000000
240.000000	88214.713420	19937.353723	187500.000000	187500.000000	86756.217391	102365.379317	111650.361019	133506.924928	-0.040000	0.772000	0.580000	192.000000	0.000000	0.000000	0.000000	0.000000	0.000000	0.000000	0.000000	0.000000	0.000000	1733433156.099623	0.000000
241.000000	88229.487923	19951.189453	187500.000000	187500.000000	86772.243592	102378.343329	111662.766238	133517.273786	-0.040000	0.772000	0.580000	192.000000	0.000000	0.000000	0.000000	0.000000	0.000000	0.000000	0.000000	0.000000	0.000000	1733433156.103944	0.000000
242.000000	88228.929130	19953.715200	187500.000000	187500.000000	86773.405883	102370.967254	111654.071409	133501.694620	-0.040000	0.772000	0.580000	192.000000	0.000000	0.000000	0.000000	0.000000	0.000000	0.000000	0.000000	0.000000	0.000000	1733433156.107850	0.000000
243.000000	88231.924263	19952.865833	187500.000000	187500.000000	86779.597316	102371.414288	111654.026706	133512.021126	-0.040000	0.772000	0.580000	192.000000	0.000000	0.000000	0.000000	0.000000	0.000000	0.000000	0.000000	0.000000	0.000000	1733433156.111795	0.000000
244.000000	88233.265368	19953.290517	187500.000000	187500.000000	86775.439891	102374.923512	111657.938261	133523.107591	-0.040000	0.772000	0.580000	192.000000	0.000000	0.000000	0.000000	0.000000	0.000000	0.000000	0.000000	0.000000	0.000000	1733433156.116860	0.000000
245.000000	88218.781438	19950.965935	187500.000000	187500.000000	86765.135737	102364.418192	111654.384333	133530.573074	-0.040000	0.772000	0.580000	192.000000	0.000000	0.000000	0.000000	0.000000	0.000000	0.000000	0.000000	0.000000	0.000000	1733433156.119925	0.000000
246.000000	88224.771705	19951.927060	187500.000000	187500.000000	86764.979275	102371.861323	111661.536892	133545.280522	-0.032000	0.774000	0.578000	192.000000	255.000000	0.000000	24.000000	48.000000	18.000000	16.000000	0.000000	0.000000	0.000000	1733433156.122620	0.000000
247.000000	88217.954423	19930.603496	187500.000000	187500.000000	86755.949170	102363.479419	111652.171511	133511.015297	-0.032000	0.774000	0.578000	192.000000	0.000000	0.000000	0.000000	0.000000	0.000000	0.000000	0.000000	0.000000	0.000000	1733433156.127669	0.000000
248.000000	88218.334403	19935.699694	187500.000000	187500.000000	86753.848106	102360.461934	111658.698220	133527.242664	-0.032000	0.774000	0.578000	192.000000	0.000000	0.000000	0.000000	0.000000	0.000000	0.000000	0.000000	0.000000	0.000000	1733433156.131634	0.000000
249.000000	88234.919397	19954.363400	187500.000000	187500.000000	86758.944304	102368.776783	111672.913930	133535.848085	-0.032000	0.774000	0.578000	192.000000	0.000000	0.000000	0.000000	0.000000	0.000000	0.000000	0.000000	0.000000	0.000000	1733433156.135646	0.000000
250.000000	88233.846513	19954.162235	187500.000000	187500.000000	86753.423423	102366.206332	111673.629185	133561.597295	-0.032000	0.774000	0.578000	192.000000	0.000000	0.000000	0.000000	0.000000	0.000000	0.000000	0.000000	0.000000	0.000000	1733433156.139663	0.000000
251.000000	88228.951481	19947.568470	187500.000000	187500.000000	86744.326263	102363.255902	111658.340592	133523.644033	-0.032000	0.774000	0.578000	192.000000	0.000000	0.000000	0.000000	0.000000	0.000000	0.000000	0.000000	0.000000	0.000000	1733433156.144885	0.000000
252.000000	88236.439316	19955.145711	187500.000000	187500.000000	86753.021092	102367.994472	111659.547586	133503.795684	-0.032000	0.774000	0.578000	192.000000	0.000000	0.000000	0.000000	0.000000	0.000000	0.000000	0.000000	0.000000	0.000000	1733433156.147727	0.000000
253.000000	88234.964101	19958.185549	187500.000000	187500.000000	86754.026920	102363.971158	111662.430961	133546.040481	-0.032000	0.774000	0.578000	192.000000	0.000000	0.000000	0.000000	0.000000	0.000000	0.000000	0.000000	0.000000	0.000000	1733433156.150754	0.000000
254.000000	88236.260502	19961.426552	187500.000000	187500.000000	86756.575019	102362.630053	111677.406630	133568.012246	-0.032000	0.774000	0.578000	192.000000	0.000000	0.000000	0.000000	0.000000	0.000000	0.000000	0.000000	0.000000	0.000000	1733433156.155896	0.000000
255.000000	88238.786249	19969.719049	187500.000000	187500.000000	86769.382569	102366.362794	111682.100497	133546.867495	-0.032000	0.774000	0.578000	192.000000	0.000000	0.000000	0.000000	0.000000	0.000000	0.000000	0.000000	0.000000	0.000000	1733433156.160025	0.000000
0.000000	88232.639519	19969.294366	187500.000000	187500.000000	86752.574057	102360.171361	111658.005316	133531.087164	-0.022000	0.768000	0.580000	192.000000	255.000000	80.000000	24.000000	0.000000	18.000000	32.000000	0.000000	0.000000	0.000000	1733433156.163706	0.000000
1.000000	88239.434450	19976.670441	187500.000000	187500.000000	86770.276638	102383.752451	111663.213272	133504.913271	-0.022000	0.768000	0.580000	192.000000	0.000000	0.000000	0.000000	0.000000	0.000000	0.000000	0.000000	0.000000	0.000000	1733433156.167707	0.000000
2.000000	88244.552999	19973.608252	187500.000000	187500.000000	86761.023016	102366.698070	111687.330805	133539.558475	-0.022000	0.768000	0.580000	192.000000	0.000000	0.000000	0.000000	0.000000	0.000000	0.000000	0.000000	0.000000	0.000000	1733433156.171693	0.000000
3.000000	88248.106926	19973.675307	187500.000000	187500.000000	86757.804365	102369.849666	111680.222950	133567.162879	-0.022000	0.768000	0.580000	192.000000	0.000000	0.000000	0.000000	0.000000	0.000000	0.000000	0.000000	0.000000	0.000000	1733433156.174732	0.000000
4.000000	88242.295473	19966.768618	187500.000000	187500.000000	86753.781051	102373.023614	111678.010127	133570.739158	-0.022000	0.768000	0.580000	192.000000	0.000000	0.000000	0.000000	0.000000	0.000000	0.000000	0.000000	0.000000	0.000000	1733433156.178887	0.000000
5.000000	88254.208953	19976.603386	187500.000000	187500.000000	86773.025903	102393.475460	111677.183113	133563.273676	-0.022000	0.768000	0.580000	192.000000	0.000000	0.000000	0.000000	0.000000	0.000000	0.000000	0.000000	0.000000	0.000000	1733433156.183958	0.000000
6.000000	88237.400441	19960.241909	187500.000000	187500.000000	86741.375833	102363.702937	111666.096648	133545.727556	-0.022000	0.768000	0.580000	192.000000	0.000000	0.000000	0.000000	0.000000	0.000000	0.000000	0.000000	0.000000	0.000000	1733433156.188083	0.000000
7.000000	88248.442203	19984.873531	187500.000000	187500.000000	86751.277656	102365.021690	111679.083011	133525.029841	-0.022000	0.768000	0.580000	192.000000	0.000000	0.000000	0.000000	0.000000	0.000000	0.000000	0.000000	0.000000	0.000000	1733433156.191756	0.000000
8.000000	88253.314883	19982.526598	187500.000000	187500.000000	86758.810193	102369.045004	111684.738002	133532.651786	-0.022000	0.768000	0.580000	192.000000	0.000000	0.000000	0.000000	0.000000	0.000000	0.000000	0.000000	0.000000	0.000000	1733433156.195725	0.000000
9.000000	88252.353758	19972.825941	187500.000000	187500.000000	86755.770356	102369.894370	111675.842008	133543.872362	-0.022000	0.768000	0.580000	192.000000	0.000000	0.000000	0.000000	0.000000	0.000000	0.000000	0.000000	0.000000	0.000000	1733433156.199728	0.000000
10.000000	88247.861057	19971.015450	187500.000000	187500.000000	86765.918048	102384.914742	111683.463953	133544.140583	-0.034000	0.770000	0.576000	192.000000	254.000000	240.000000	24.000000	16.000000	18.000000	0.000000	0.000000	0.000000	0.000000	1733433156.202723	0.000000
11.000000	88254.790098	19984.650014	187500.000000	187500.000000	86778.837356	102404.606629	111683.553360	133525.253359	-0.034000	0.770000	0.576000	192.000000	0.000000	0.000000	0.000000	0.000000	0.000000	0.000000	0.000000	0.000000	0.000000	1733433156.206758	0.000000
12.000000	88271.509203	19996.071755	187500.000000	187500.000000	86789.208566	102401.298571	111700.294817	133558.132775	-0.034000	0.770000	0.576000	192.000000	0.000000	0.000000	0.000000	0.000000	0.000000	0.000000	0.000000	0.000000	0.000000	1733433156.210800	0.000000
13.000000	88258.858116	19982.750116	187500.000000	187500.000000	86765.649827	102372.688338	111695.265674	133548.163897	-0.034000	0.770000	0.576000	192.000000	0.000000	0.000000	0.000000	0.000000	0.000000	0.000000	0.000000	0.000000	0.000000	1733433156.215896	0.000000
14.000000	88265.384825	19987.287520	187500.000000	187500.000000	86771.930667	102385.585294	111689.521276	133545.749908	-0.034000	0.770000	0.576000	192.000000	0.000000	0.000000	0.000000	0.000000	0.000000	0.000000	0.000000	0.000000	0.000000	1733433156.219987	0.000000
15.000000	88264.088424	19992.204904	187500.000000	187500.000000	86775.976333	102393.587219	111682.234607	133554.489440	-0.034000	0.770000	0.576000	192.000000	0.000000	0.000000	0.000000	0.000000	0.000000	0.000000	0.000000	0.000000	0.000000	1733433156.223945	0.000000
16.000000	88267.932924	19996.339976	187500.000000	187500.000000	86770.880135	102385.518239	111690.348290	133598.187101	-0.034000	0.770000	0.576000	192.000000	0.000000	0.000000	0.000000	0.000000	0.000000	0.000000	0.000000	0.000000	0.000000	1733433156.226842	0.000000
17.000000	88283.534441	20007.024110	187500.000000	187500.000000	86781.765435	102391.687321	111708.073224	133609.094752	-0.034000	0.770000	0.576000	192.000000	0.000000	0.000000	0.000000	0.000000	0.000000	0.000000	0.000000	0.000000	0.000000	1733433156.230805	0.000000
18.000000	88266.234191	19988.963901	187500.000000	187500.000000	86769.024941	102383.394823	111695.533895	133559.317417	-0.034000	0.770000	0.576000	192.000000	0.000000	0.000000	0.000000	0.000000	0.000000	0.000000	0.000000	0.000000	0.000000	1733433156.234802	0.000000
19.000000	88281.455729	20001.458526	187500.000000	187500.000000	86777.608010	102396.224725	111713.147070	133551.986045	-0.034000	0.770000	0.576000	192.000000	0.000000	0.000000	0.000000	0.000000	0.000000	0.000000	0.000000	0.000000	0.000000	1733433156.239811	0.000000
20.000000	88283.556793	20004.833639	187500.000000	187500.000000	86769.024941	102390.770899	111690.057718	133547.359234	-0.030000	0.772000	0.578000	192.000000	255.000000	16.000000	24.000000	32.000000	18.000000	16.000000	0.000000	0.000000	0.000000	1733433156.243817	0.000000
21.000000	88277.007732	20001.637340	187500.000000	187500.000000	86769.762548	102395.710635	111695.824468	133560.926743	-0.030000	0.772000	0.578000	192.000000	0.000000	0.000000	0.000000	0.000000	0.000000	0.000000	0.000000	0.000000	0.000000	1733433156.247828	0.000000
22.000000	88280.986343	20003.872514	187500.000000	187500.000000	86766.633304	102400.404501	111705.815697	133586.564194	-0.030000	0.772000	0.578000	192.000000	0.000000	0.000000	0.000000	0.000000	0.000000	0.000000	0.000000	0.000000	0.000000	1733433156.251988	0.000000
23.000000	88281.120453	20002.821982	187500.000000	187500.000000	86767.549725	102404.941905	111695.489191	133581.915031	-0.030000	0.772000	0.578000	192.000000	0.000000	0.000000	0.000000	0.000000	0.000000	0.000000	0.000000	0.000000	0.000000	1733433156.254988	0.000000
24.000000	88281.455729	19999.960959	187500.000000	187500.000000	86779.619667	102417.928269	111693.432831	133572.549650	-0.030000	0.772000	0.578000	192.000000	0.000000	0.000000	0.000000	0.000000	0.000000	0.000000	0.000000	0.000000	0.000000	1733433156.259166	0.000000
25.000000	88299.135959	20018.334093	187500.000000	187500.000000	86782.145415	102430.199376	111735.498814	133595.706057	-0.030000	0.772000	0.578000	192.000000	0.000000	0.000000	0.000000	0.000000	0.000000	0.000000	0.000000	0.000000	0.000000	1733433156.262980	0.000000
26.000000	88297.928965	20023.832622	187500.000000	187500.000000	86775.015208	102429.171196	111719.271448	133600.109351	-0.030000	0.772000	0.578000	192.000000	0.000000	0.000000	0.000000	0.000000	0.000000	0.000000	0.000000	0.000000	0.000000	1733433156.266853	0.000000
27.000000	88303.136921	20031.722788	187500.000000	187500.000000	86778.703246	102426.511339	111723.473576	133636.721508	-0.030000	0.772000	0.578000	192.000000	0.000000	0.000000	0.000000	0.000000	0.000000	0.000000	0.000000	0.000000	0.000000	1733433156.271839	0.000000
28.000000	88305.170930	20029.867593	187500.000000	187500.000000	86783.084188	102437.418990	111719.584372	133585.781882	-0.030000	0.772000	0.578000	192.000000	0.000000	0.000000	0.000000	0.000000	0.000000	0.000000	0.000000	0.000000	0.000000	1733433156.276041	0.000000
29.000000	88304.902709	20033.488576	187500.000000	187500.000000	86784.000609	102421.213975	111711.470689	133587.458263	-0.030000	0.772000	0.578000	192.000000	0.000000	0.000000	0.000000	0.000000	0.000000	0.000000	0.000000	0.000000	0.000000	1733433156.279902	0.000000
30.000000	88305.640317	20028.906468	187500.000000	187500.000000	86785.475825	102414.553155	111716.052796	133607.731296	-0.032000	0.768000	0.572000	192.000000	255.000000	0.000000	24.000000	0.000000	17.000000	224.000000	0.000000	0.000000	0.000000	1733433156.282877	0.000000
31.000000	88315.452732	20029.420558	187500.000000	187500.000000	86787.666295	102428.612403	111745.937079	133605.563176	-0.032000	0.768000	0.572000	192.000000	0.000000	0.000000	0.000000	0.000000	0.000000	0.000000	0.000000	0.000000	0.000000	1733433156.287054	0.000000
32.000000	88307.853139	20026.067796	187500.000000	187500.000000	86805.748857	102435.384981	111725.820509	133611.352278	-0.032000	0.768000	0.572000	192.000000	0.000000	0.000000	0.000000	0.000000	0.000000	0.000000	0.000000	0.000000	0.000000	1733433156.291234	0.000000
33.000000	88310.915328	20036.573116	187500.000000	187500.000000	86811.806180	102440.883510	111729.575602	133626.305595	-0.032000	0.768000	0.572000	192.000000	0.000000	0.000000	0.000000	0.000000	0.000000	0.000000	0.000000	0.000000	0.000000	1733433156.295244	0.000000
34.000000	88312.390544	20040.641134	187500.000000	187500.000000	86784.559403	102428.299478	111736.549346	133600.690496	-0.032000	0.768000	0.572000	192.000000	0.000000	0.000000	0.000000	0.000000	0.000000	0.000000	0.000000	0.000000	0.000000	1733433156.300052	0.000000
35.000000	88321.420648	20043.010419	187500.000000	187500.000000	86781.720731	102424.410275	111728.189794	133580.037484	-0.032000	0.768000	0.572000	192.000000	0.000000	0.000000	0.000000	0.000000	0.000000	0.000000	0.000000	0.000000	0.000000	1733433156.303885	0.000000
36.000000	88328.908483	20048.240727	187500.000000	187500.000000	86790.996705	102428.522996	111720.098462	133596.845996	-0.032000	0.768000	0.572000	192.000000	0.000000	0.000000	0.000000	0.000000	0.000000	0.000000	0.000000	0.000000	0.000000	1733433156.306900	0.000000
37.000000	88326.695660	20056.421465	187500.000000	187500.000000	86793.790673	102435.027353	111735.878794	133605.473769	-0.032000	0.768000	0.572000	192.000000	0.000000	0.000000	0.000000	0.000000	0.000000	0.000000	0.000000	0.000000	0.000000	1733433156.310888	0.000000
38.000000	88321.532407	20057.986088	187500.000000	187500.000000	86796.383476	102423.940888	111729.620305	133612.156941	-0.032000	0.768000	0.572000	192.000000	0.000000	0.000000	0.000000	0.000000	0.000000	0.000000	0.000000	0.000000	0.000000	1733433156.314920	0.000000
39.000000	88317.531445	20046.474939	187500.000000	187500.000000	86804.363049	102421.929231	111728.413311	133593.157958	-0.032000	0.768000	0.572000	192.000000	0.000000	0.000000	0.000000	0.000000	0.000000	0.000000	0.000000	0.000000	0.000000	1733433156.318914	0.000000
40.000000	88327.165047	20054.722733	187500.000000	187500.000000	86818.981089	102439.654164	111747.568756	133621.388211	-0.040000	0.772000	0.576000	192.000000	254.000000	192.000000	24.000000	32.000000	18.000000	0.000000	0.000000	0.000000	0.000000	1733433156.323082	0.000000
41.000000	88328.461448	20056.600279	187500.000000	187500.000000	86811.672069	102440.078847	111749.178082	133665.398796	-0.040000	0.772000	0.576000	192.000000	0.000000	0.000000	0.000000	0.000000	0.000000	0.000000	0.000000	0.000000	0.000000	1733433156.328236	0.000000
42.000000	88314.581014	20041.848128	187500.000000	187500.000000	86791.331982	102429.193548	111731.676666	133688.354038	-0.040000	0.772000	0.576000	192.000000	0.000000	0.000000	0.000000	0.000000	0.000000	0.000000	0.000000	0.000000	0.000000	1733433156.332155	0.000000
43.000000	88322.985270	20048.039561	187500.000000	187500.000000	86802.753723	102436.077885	111735.007076	133628.518418	-0.040000	0.772000	0.576000	192.000000	0.000000	0.000000	0.000000	0.000000	0.000000	0.000000	0.000000	0.000000	0.000000	1733433156.334974	0.000000
44.000000	88328.282634	20051.906413	187500.000000	187500.000000	86813.124932	102422.309211	111733.643619	133584.261964	-0.040000	0.772000	0.576000	192.000000	0.000000	0.000000	0.000000	0.000000	0.000000	0.000000	0.000000	0.000000	0.000000	1733433156.338931	0.000000
45.000000	88322.784105	20050.610012	187500.000000	187500.000000	86816.589453	102428.522996	111734.336523	133602.791560	-0.040000	0.772000	0.576000	192.000000	0.000000	0.000000	0.000000	0.000000	0.000000	0.000000	0.000000	0.000000	0.000000	1733433156.342976	0.000000
46.000000	88330.093125	20059.103675	187500.000000	187500.000000	86818.265834	102444.683307	111738.493948	133619.443610	-0.040000	0.772000	0.576000	192.000000	0.000000	0.000000	0.000000	0.000000	0.000000	0.000000	0.000000	0.000000	0.000000	1733433156.346944	0.000000
47.000000	88331.009547	20058.164902	187500.000000	187500.000000	86818.243482	102447.901958	111739.365666	133625.813857	-0.040000	0.772000	0.576000	192.000000	0.000000	0.000000	0.000000	0.000000	0.000000	0.000000	0.000000	0.000000	0.000000	1733433156.350975	0.000000
48.000000	88329.623738	20065.853902	187500.000000	187500.000000	86818.154075	102453.869874	111733.285991	133646.980959	-0.040000	0.772000	0.576000	192.000000	0.000000	0.000000	0.000000	0.000000	0.000000	0.000000	0.000000	0.000000	0.000000	1733433156.356076	0.000000
49.000000	88340.933721	20072.738239	187500.000000	187500.000000	86827.653566	102464.621063	111738.471596	133646.086889	-0.040000	0.772000	0.576000	192.000000	0.000000	0.000000	0.000000	0.000000	0.000000	0.000000	0.000000	0.000000	0.000000	1733433156.359154	0.000000
50.000000	88354.076547	20073.118219	187500.000000	187500.000000	86828.748802	102467.012699	111778.615329	133630.775944	-0.044000	0.766000	0.580000	192.000000	254.000000	160.000000	23.000000	240.000000	18.000000	32.000000	0.000000	0.000000	0.000000	1733433156.363300	0.000000
51.000000	88349.092108	20068.446704	187500.000000	187500.000000	86829.844037	102470.924255	111762.231500	133658.872087	-0.044000	0.766000	0.580000	192.000000	0.000000	0.000000	0.000000	0.000000	0.000000	0.000000	0.000000	0.000000	0.000000	1733433156.367122	0.000000
52.000000	88347.303968	20066.993841	187500.000000	187500.000000	86826.714793	102471.907732	111763.706716	133681.559107	-0.044000	0.766000	0.580000	192.000000	0.000000	0.000000	0.000000	0.000000	0.000000	0.000000	0.000000	0.000000	0.000000	1733433156.371996	0.000000
53.000000	88352.288407	20073.162922	187500.000000	187500.000000	86830.715755	102483.150659	111765.628966	133644.209343	-0.044000	0.766000	0.580000	192.000000	0.000000	0.000000	0.000000	0.000000	0.000000	0.000000	0.000000	0.000000	0.000000	1733433156.375257	0.000000
54.000000	88360.491498	20076.135704	187500.000000	187500.000000	86840.282302	102471.259531	111763.393791	133644.008177	-0.044000	0.766000	0.580000	192.000000	0.000000	0.000000	0.000000	0.000000	0.000000	0.000000	0.000000	0.000000	0.000000	1733433156.379985	0.000000
55.000000	88354.121250	20066.502102	187500.000000	187500.000000	86833.576779	102465.962167	111762.387963	133661.263724	-0.044000	0.766000	0.580000	192.000000	0.000000	0.000000	0.000000	0.000000	0.000000	0.000000	0.000000	0.000000	0.000000	1733433156.383048	0.000000
56.000000	88358.703358	20071.486541	187500.000000	187500.000000	86837.644796	102487.062214	111765.494855	133651.831287	-0.044000	0.766000	0.580000	192.000000	0.000000	0.000000	0.000000	0.000000	0.000000	0.000000	0.000000	0.000000	0.000000	1733433156.387153	0.000000
57.000000	88374.640152	20089.658509	187500.000000	187500.000000	86861.136480	102502.462566	111781.386945	133640.878933	-0.044000	0.766000	0.580000	192.000000	0.000000	0.000000	0.000000	0.000000	0.000000	0.000000	0.000000	0.000000	0.000000	1733433156.391240	0.000000
58.000000	88357.071681	20074.749896	187500.000000	187500.000000	86831.788639	102470.901903	111762.097390	133637.034433	-0.044000	0.766000	0.580000	192.000000	0.000000	0.000000	0.000000	0.000000	0.000000	0.000000	0.000000	0.000000	0.000000	1733433156.395297	0.000000
59.000000	88351.506096	20073.587605	187500.000000	187500.000000	86840.528171	102493.790089	111764.824303	133648.344415	-0.044000	0.766000	0.580000	192.000000	0.000000	0.000000	0.000000	0.000000	0.000000	0.000000	0.000000	0.000000	0.000000	1733433156.400073	0.000000
60.000000	88364.447756	20088.026832	187500.000000	187500.000000	86844.439726	102493.052482	111789.902960	133669.220945	-0.040000	0.770000	0.578000	192.000000	254.000000	192.000000	24.000000	16.000000	18.000000	16.000000	0.000000	0.000000	0.000000	1733433156.403008	0.000000
61.000000	88360.066814	20080.829570	187500.000000	187500.000000	86828.748802	102468.510266	111766.835960	133671.344360	-0.040000	0.770000	0.578000	192.000000	0.000000	0.000000	0.000000	0.000000	0.000000	0.000000	0.000000	0.000000	0.000000	1733433156.407042	0.000000
62.000000	88350.589675	20068.781980	187500.000000	187500.000000	86824.457267	102461.134191	111756.822378	133627.356127	-0.040000	0.770000	0.578000	192.000000	0.000000	0.000000	0.000000	0.000000	0.000000	0.000000	0.000000	0.000000	0.000000	1733433156.411062	0.000000
63.000000	88360.022111	20076.582739	187500.000000	187500.000000	86832.481543	102477.875647	111771.060439	133621.499970	-0.040000	0.770000	0.578000	192.000000	0.000000	0.000000	0.000000	0.000000	0.000000	0.000000	0.000000	0.000000	0.000000	1733433156.415048	0.000000
64.000000	88372.896716	20088.742088	187500.000000	187500.000000	86841.958683	102502.216697	111780.314062	133654.737014	-0.040000	0.770000	0.578000	192.000000	0.000000	0.000000	0.000000	0.000000	0.000000	0.000000	0.000000	0.000000	0.000000	1733433156.419152	0.000000
65.000000	88364.783033	20077.789733	187500.000000	187500.000000	86839.276473	102495.377063	111780.761097	133665.309389	-0.040000	0.770000	0.578000	192.000000	0.000000	0.000000	0.000000	0.000000	0.000000	0.000000	0.000000	0.000000	0.000000	1733433156.423248	0.000000
66.000000	88375.936553	20091.290187	187500.000000	187500.000000	86842.070441	102499.199212	111788.338338	133687.124692	-0.040000	0.770000	0.578000	192.000000	0.000000	0.000000	0.000000	0.000000	0.000000	0.000000	0.000000	0.000000	0.000000	1733433156.428325	0.000000
67.000000	88378.149376	20095.179390	187500.000000	187500.000000	86842.919808	102511.760892	111792.786335	133693.629049	-0.040000	0.770000	0.578000	192.000000	0.000000	0.000000	0.000000	0.000000	0.000000	0.000000	0.000000	0.000000	0.000000	1733433156.431230	0.000000
68.000000	88365.542992	20091.178428	187500.000000	187500.000000	86837.756555	102511.157395	111783.711527	133673.914811	-0.040000	0.770000	0.578000	192.000000	0.000000	0.000000	0.000000	0.000000	0.000000	0.000000	0.000000	0.000000	0.000000	1733433156.434095	0.000000
69.000000	88369.521602	20090.574931	187500.000000	187500.000000	86855.548543	102512.498499	111793.121611	133658.961494	-0.040000	0.770000	0.578000	192.000000	0.000000	0.000000	0.000000	0.000000	0.000000	0.000000	0.000000	0.000000	0.000000	1733433156.439121	0.000000
70.000000	88375.713036	20107.092870	187500.000000	187500.000000	86865.606828	102519.271078	111804.744518	133669.556221	-0.036000	0.770000	0.582000	192.000000	254.000000	224.000000	24.000000	16.000000	18.000000	48.000000	0.000000	0.000000	0.000000	1733433156.443266	0.000000
71.000000	88378.328190	20100.230885	187500.000000	187500.000000	86861.807032	102519.829872	111792.428707	133676.798186	-0.036000	0.770000	0.582000	192.000000	0.000000	0.000000	0.000000	0.000000	0.000000	0.000000	0.000000	0.000000	0.000000	1733433156.447099	0.000000
72.000000	88377.635286	20091.826629	187500.000000	187500.000000	86858.230753	102516.655924	111780.090544	133709.454085	-0.036000	0.770000	0.582000	192.000000	0.000000	0.000000	0.000000	0.000000	0.000000	0.000000	0.000000	0.000000	0.000000	1733433156.451336	0.000000
73.000000	88378.104672	20088.585626	187500.000000	187500.000000	86856.643779	102500.875592	111781.833980	133722.485152	-0.036000	0.770000	0.582000	192.000000	0.000000	0.000000	0.000000	0.000000	0.000000	0.000000	0.000000	0.000000	0.000000	1733433156.456131	0.000000
74.000000	88380.496309	20091.893684	187500.000000	187500.000000	86859.638913	102509.704531	111789.075946	133652.881819	-0.036000	0.770000	0.582000	192.000000	0.000000	0.000000	0.000000	0.000000	0.000000	0.000000	0.000000	0.000000	0.000000	1733433156.459371	0.000000
75.000000	88379.691646	20098.263931	187500.000000	187500.000000	86866.366788	102532.078628	111804.811574	133661.487241	-0.036000	0.770000	0.582000	192.000000	0.000000	0.000000	0.000000	0.000000	0.000000	0.000000	0.000000	0.000000	0.000000	1733433156.462409	0.000000
76.000000	88380.071626	20101.303768	187500.000000	187500.000000	86873.049959	102554.363317	111813.841678	133660.190840	-0.036000	0.770000	0.582000	192.000000	0.000000	0.000000	0.000000	0.000000	0.000000	0.000000	0.000000	0.000000	0.000000	1733433156.467176	0.000000
77.000000	88393.661486	20110.758556	187500.000000	187500.000000	86888.025628	102567.528494	111834.002952	133695.685410	-0.036000	0.770000	0.582000	192.000000	0.000000	0.000000	0.000000	0.000000	0.000000	0.000000	0.000000	0.000000	0.000000	1733433156.471171	0.000000
78.000000	88362.413748	20080.762515	187500.000000	187500.000000	86859.728320	102520.925107	111808.253742	133702.122712	-0.036000	0.770000	0.582000	192.000000	0.000000	0.000000	0.000000	0.000000	0.000000	0.000000	0.000000	0.000000	0.000000	1733433156.475392	0.000000
79.000000	88381.502137	20097.101640	187500.000000	187500.000000	86880.090759	102518.645229	111815.383949	133688.711666	-0.036000	0.770000	0.582000	192.000000	0.000000	0.000000	0.000000	0.000000	0.000000	0.000000	0.000000	0.000000	0.000000	1733433156.479173	0.000000
80.000000	88387.023018	20104.880047	187500.000000	187500.000000	86888.785587	102536.079590	111820.457795	133679.838023	-0.038000	0.774000	0.582000	192.000000	254.000000	208.000000	24.000000	48.000000	18.000000	48.000000	0.000000	0.000000	0.000000	1733433156.484186	0.000000
81.000000	88391.940402	20102.220190	187500.000000	187500.000000	86882.974134	102550.116485	111822.871783	133695.707762	-0.038000	0.774000	0.582000	192.000000	0.000000	0.000000	0.000000	0.000000	0.000000	0.000000	0.000000	0.000000	0.000000	1733433156.487351	0.000000
82.000000	88394.913184	20104.924751	187500.000000	187500.000000	86891.691314	102563.683994	111838.518004	133722.194579	-0.038000	0.774000	0.582000	192.000000	0.000000	0.000000	0.000000	0.000000	0.000000	0.000000	0.000000	0.000000	0.000000	1733433156.490295	0.000000
83.000000	88382.172690	20095.224094	187500.000000	187500.000000	86877.296791	102551.770514	111823.721149	133714.147951	-0.038000	0.774000	0.582000	192.000000	0.000000	0.000000	0.000000	0.000000	0.000000	0.000000	0.000000	0.000000	0.000000	1733433156.495154	0.000000
84.000000	88393.035638	20106.869353	187500.000000	187500.000000	86875.620410	102557.269044	111825.531641	133696.624183	-0.038000	0.774000	0.582000	192.000000	0.000000	0.000000	0.000000	0.000000	0.000000	0.000000	0.000000	0.000000	0.000000	1733433156.499393	0.000000
85.000000	88391.649829	20104.276550	187500.000000	187500.000000	86872.446462	102550.831741	111822.268286	133690.253936	-0.038000	0.774000	0.582000	192.000000	0.000000	0.000000	0.000000	0.000000	0.000000	0.000000	0.000000	0.000000	0.000000	1733433156.503234	0.000000
86.000000	88388.721751	20098.576855	187500.000000	187500.000000	86862.410529	102555.145628	111814.244010	133677.021703	-0.038000	0.774000	0.582000	192.000000	0.000000	0.000000	0.000000	0.000000	0.000000	0.000000	0.000000	0.000000	0.000000	1733433156.507191	0.000000
87.000000	88400.456417	20107.450498	187500.000000	187500.000000	86862.745805	102572.982320	111824.279943	133675.613543	-0.038000	0.774000	0.582000	192.000000	0.000000	0.000000	0.000000	0.000000	0.000000	0.000000	0.000000	0.000000	0.000000	1733433156.511198	0.000000
88.000000	88403.406847	20115.988864	187500.000000	187500.000000	86854.676825	102565.539189	111839.903812	133677.356980	-0.038000	0.774000	0.582000	192.000000	0.000000	0.000000	0.000000	0.000000	0.000000	0.000000	0.000000	0.000000	0.000000	1733433156.514191	0.000000
89.000000	88393.683838	20111.697329	187500.000000	187500.000000	86850.921732	102585.789870	111829.823176	133676.172337	-0.038000	0.774000	0.582000	192.000000	0.000000	0.000000	0.000000	0.000000	0.000000	0.000000	0.000000	0.000000	0.000000	1733433156.518209	0.000000
90.000000	88392.521547	20105.438841	187500.000000	187500.000000	86845.087927	102582.727681	111822.223583	133686.141215	-0.038000	0.774000	0.580000	192.000000	254.000000	208.000000	24.000000	48.000000	18.000000	32.000000	0.000000	0.000000	0.000000	1733433156.523413	0.000000
91.000000	88393.482672	20102.376652	187500.000000	187500.000000	86838.851790	102568.713137	111826.962152	133695.864224	-0.038000	0.774000	0.580000	192.000000	0.000000	0.000000	0.000000	0.000000	0.000000	0.000000	0.000000	0.000000	0.000000	1733433156.527304	0.000000
92.000000	88395.628440	20101.080251	187500.000000	187500.000000	86854.140383	102571.507105	111828.437367	133683.280192	-0.038000	0.774000	0.580000	192.000000	0.000000	0.000000	0.000000	0.000000	0.000000	0.000000	0.000000	0.000000	0.000000	1733433156.531643	0.000000
93.000000	88399.785864	20103.337777	187500.000000	187500.000000	86859.147174	102571.305939	111834.673504	133690.902137	-0.038000	0.774000	0.580000	192.000000	0.000000	0.000000	0.000000	0.000000	0.000000	0.000000	0.000000	0.000000	0.000000	1733433156.535577	0.000000
94.000000	88395.091998	20099.269760	187500.000000	187500.000000	86845.244389	102570.054241	111848.643344	133729.302434	-0.038000	0.774000	0.580000	192.000000	0.000000	0.000000	0.000000	0.000000	0.000000	0.000000	0.000000	0.000000	0.000000	1733433156.538411	0.000000
95.000000	88395.226108	20097.034585	187500.000000	187500.000000	86848.507744	102569.450744	111833.265344	133724.787381	-0.038000	0.774000	0.580000	192.000000	0.000000	0.000000	0.000000	0.000000	0.000000	0.000000	0.000000	0.000000	0.000000	1733433156.542492	0.000000
96.000000	88396.522510	20096.587550	187500.000000	187500.000000	86852.128726	102574.748108	111802.375233	133662.046035	-0.038000	0.774000	0.580000	192.000000	0.000000	0.000000	0.000000	0.000000	0.000000	0.000000	0.000000	0.000000	0.000000	1733433156.546239	0.000000
97.000000	88402.222204	20110.244466	187500.000000	187500.000000	86851.569933	102571.328291	111834.561745	133673.288962	-0.038000	0.774000	0.580000	192.000000	0.000000	0.000000	0.000000	0.000000	0.000000	0.000000	0.000000	0.000000	0.000000	1733433156.551237	0.000000
98.000000	88408.704210	20115.094795	187500.000000	187500.000000	86851.525229	102574.725756	111831.320743	133691.952669	-0.038000	0.774000	0.580000	192.000000	0.000000	0.000000	0.000000	0.000000	0.000000	0.000000	0.000000	0.000000	0.000000	1733433156.555298	0.000000
99.000000	88420.640042	20122.739091	187500.000000	187500.000000	86864.779814	102595.378768	111842.228394	133698.412323	-0.038000	0.774000	0.580000	192.000000	0.000000	0.000000	0.000000	0.000000	0.000000	0.000000	0.000000	0.000000	0.000000	1733433156.559271	0.000000
100.000000	88408.167768	20113.284303	187500.000000	187500.000000	86863.170488	102595.803451	111846.296411	133690.656267	-0.038000	0.774000	0.580000	192.000000	0.000000	0.000000	0.000000	0.000000	0.000000	0.000000	0.000000	0.000000	0.000000	1733433156.563549	0.000000
101.000000	88396.768379	20104.455364	187500.000000	187500.000000	86864.645703	102595.758748	111849.604469	133689.404570	-0.032000	0.768000	0.582000	192.000000	255.000000	0.000000	24.000000	0.000000	18.000000	48.000000	0.000000	0.000000	0.000000	1733433156.566536	0.000000
102.000000	88397.707152	20103.695405	187500.000000	187500.000000	86871.373578	102602.576030	111864.378973	133711.085762	-0.032000	0.768000	0.582000	192.000000	0.000000	0.000000	0.000000	0.000000	0.000000	0.000000	0.000000	0.000000	0.000000	1733433156.570569	0.000000
103.000000	88403.228033	20116.033568	187500.000000	187500.000000	86877.185032	102608.029855	111854.208929	133706.324840	-0.032000	0.768000	0.582000	192.000000	0.000000	0.000000	0.000000	0.000000	0.000000	0.000000	0.000000	0.000000	0.000000	1733433156.574318	0.000000
104.000000	88408.592452	20114.088966	187500.000000	187500.000000	86879.666076	102608.141614	111847.525757	133701.854491	-0.032000	0.768000	0.582000	192.000000	0.000000	0.000000	0.000000	0.000000	0.000000	0.000000	0.000000	0.000000	0.000000	1733433156.578326	0.000000
105.000000	88418.315460	20129.981056	187500.000000	187500.000000	86897.100436	102633.935527	111855.527682	133723.088649	-0.032000	0.768000	0.582000	192.000000	0.000000	0.000000	0.000000	0.000000	0.000000	0.000000	0.000000	0.000000	0.000000	1733433156.583296	0.000000
106.000000	88420.885911	20127.611772	187500.000000	187500.000000	86888.696180	102620.166852	111860.735638	133735.136239	-0.032000	0.768000	0.582000	192.000000	0.000000	0.000000	0.000000	0.000000	0.000000	0.000000	0.000000	0.000000	0.000000	1733433156.587304	0.000000
107.000000	88415.074458	20117.508783	187500.000000	187500.000000	86880.783663	102616.054132	111849.559766	133720.853474	-0.032000	0.768000	0.582000	192.000000	0.000000	0.000000	0.000000	0.000000	0.000000	0.000000	0.000000	0.000000	0.000000	1733433156.591324	0.000000
108.000000	88398.556518	20104.678882	187500.000000	187500.000000	86872.200593	102598.150384	111846.072894	133700.468683	-0.032000	0.768000	0.582000	192.000000	0.000000	0.000000	0.000000	0.000000	0.000000	0.000000	0.000000	0.000000	0.000000	1733433156.594558	0.000000
109.000000	88406.647850	20115.586533	187500.000000	187500.000000	86881.498919	102597.904515	111851.817292	133723.423925	-0.032000	0.768000	0.582000	192.000000	0.000000	0.000000	0.000000	0.000000	0.000000	0.000000	0.000000	0.000000	0.000000	1733433156.598505	0.000000
110.000000	88411.676992	20123.364940	187500.000000	187500.000000	86880.738959	102603.850079	111843.681257	133697.585308	-0.032000	0.768000	0.582000	192.000000	0.000000	0.000000	0.000000	0.000000	0.000000	0.000000	0.000000	0.000000	0.000000	1733433156.602529	0.000000
111.000000	88416.639080	20139.882879	187500.000000	187500.000000	86882.884727	102610.265030	111851.884347	133697.920584	-0.030000	0.770000	0.582000	192.000000	255.000000	16.000000	24.000000	16.000000	18.000000	48.000000	0.000000	0.000000	0.000000	1733433156.606768	0.000000
112.000000	88432.888798	20150.477606	187500.000000	187500.000000	86891.713666	102620.457425	111862.568481	133719.154742	-0.030000	0.770000	0.582000	192.000000	0.000000	0.000000	0.000000	0.000000	0.000000	0.000000	0.000000	0.000000	0.000000	1733433156.610717	0.000000
113.000000	88433.961682	20135.300772	187500.000000	187500.000000	86893.926489	102616.031780	111860.735638	133719.490018	-0.030000	0.770000	0.582000	192.000000	0.000000	0.000000	0.000000	0.000000	0.000000	0.000000	0.000000	0.000000	0.000000	1733433156.615419	0.000000
114.000000	88431.279472	20130.495147	187500.000000	187500.000000	86906.130541	102621.686771	111863.104923	133714.907910	-0.030000	0.770000	0.582000	192.000000	0.000000	0.000000	0.000000	0.000000	0.000000	0.000000	0.000000	0.000000	0.000000	1733433156.618407	0.000000
115.000000	88433.246426	20131.411568	187500.000000	187500.000000	86916.278233	102625.598326	111876.717136	133734.733908	-0.030000	0.770000	0.582000	192.000000	0.000000	0.000000	0.000000	0.000000	0.000000	0.000000	0.000000	0.000000	0.000000	1733433156.622437	0.000000
116.000000	88431.972376	20129.958705	187500.000000	187500.000000	86906.443466	102616.054132	111867.485865	133727.760163	-0.030000	0.770000	0.582000	192.000000	0.000000	0.000000	0.000000	0.000000	0.000000	0.000000	0.000000	0.000000	0.000000	1733433156.626435	0.000000
117.000000	88429.670147	20129.444615	187500.000000	187500.000000	86908.321012	102624.883071	111841.669600	133700.289869	-0.030000	0.770000	0.582000	192.000000	0.000000	0.000000	0.000000	0.000000	0.000000	0.000000	0.000000	0.000000	0.000000	1733433156.630693	0.000000
118.000000	88432.352356	20129.601077	187500.000000	187500.000000	86910.198559	102624.212518	111860.512121	133709.610547	-0.030000	0.770000	0.582000	192.000000	0.000000	0.000000	0.000000	0.000000	0.000000	0.000000	0.000000	0.000000	0.000000	1733433156.634681	0.000000
119.000000	88439.281397	20136.597173	187500.000000	187500.000000	86916.322937	102633.644954	111877.544150	133755.901010	-0.030000	0.770000	0.582000	192.000000	0.000000	0.000000	0.000000	0.000000	0.000000	0.000000	0.000000	0.000000	0.000000	1733433156.639682	0.000000
120.000000	88452.066595	20146.275478	187500.000000	187500.000000	86931.790344	102654.387373	111873.386726	133774.743530	-0.030000	0.770000	0.582000	192.000000	0.000000	0.000000	0.000000	0.000000	0.000000	0.000000	0.000000	0.000000	0.000000	1733433156.643434	0.000000
121.000000	88422.092905	20113.396062	187500.000000	187500.000000	86891.132521	102608.454538	111847.883385	133751.207143	-0.030000	0.766000	0.586000	192.000000	255.000000	16.000000	23.000000	240.000000	18.000000	80.000000	0.000000	0.000000	0.000000	1733433156.647437	0.000000
122.000000	88428.530208	20120.414510	187500.000000	187500.000000	86902.598965	102620.233908	111871.933862	133740.165381	-0.030000	0.766000	0.586000	192.000000	0.000000	0.000000	0.000000	0.000000	0.000000	0.000000	0.000000	0.000000	0.000000	1733433156.650464	0.000000
123.000000	88448.311502	20143.034475	187500.000000	187500.000000	86916.278233	102636.461274	111888.742374	133726.352003	-0.030000	0.766000	0.586000	192.000000	0.000000	0.000000	0.000000	0.000000	0.000000	0.000000	0.000000	0.000000	0.000000	1733433156.654440	0.000000
124.000000	88449.831420	20151.081103	187500.000000	187500.000000	86913.774838	102629.465178	111880.069897	133733.750431	-0.030000	0.766000	0.586000	192.000000	0.000000	0.000000	0.000000	0.000000	0.000000	0.000000	0.000000	0.000000	0.000000	1733433156.658619	0.000000
125.000000	88442.522400	20142.006295	187500.000000	187500.000000	86905.728210	102623.161986	111870.860978	133737.058489	-0.030000	0.766000	0.586000	192.000000	0.000000	0.000000	0.000000	0.000000	0.000000	0.000000	0.000000	0.000000	0.000000	1733433156.662511	0.000000
126.000000	88434.207551	20129.221097	187500.000000	187500.000000	86898.620355	102621.999696	111866.301223	133714.818503	-0.030000	0.766000	0.586000	192.000000	0.000000	0.000000	0.000000	0.000000	0.000000	0.000000	0.000000	0.000000	0.000000	1733433156.666646	0.000000
127.000000	88437.761478	20141.402798	187500.000000	187500.000000	86899.402666	102629.956917	111880.226359	133739.226608	-0.030000	0.766000	0.586000	192.000000	0.000000	0.000000	0.000000	0.000000	0.000000	0.000000	0.000000	0.000000	0.000000	1733433156.671676	0.000000
128.000000	88442.902379	20139.100568	187500.000000	187500.000000	86898.843872	102633.264975	111877.320633	133750.581294	-0.030000	0.766000	0.586000	192.000000	0.000000	0.000000	0.000000	0.000000	0.000000	0.000000	0.000000	0.000000	0.000000	1733433156.674446	0.000000
129.000000	88445.182257	20141.536908	187500.000000	187500.000000	86898.977983	102634.047286	111877.454743	133744.076937	-0.030000	0.766000	0.586000	192.000000	0.000000	0.000000	0.000000	0.000000	0.000000	0.000000	0.000000	0.000000	0.000000	1733433156.678485	0.000000
130.000000	88448.736185	20139.815824	187500.000000	187500.000000	86904.163588	102627.945260	111884.674357	133722.082820	-0.030000	0.766000	0.586000	192.000000	0.000000	0.000000	0.000000	0.000000	0.000000	0.000000	0.000000	0.000000	0.000000	1733433156.682487	0.000000
131.000000	88443.751746	20130.741016	187500.000000	187500.000000	86905.370582	102636.103646	111877.454743	133725.994375	-0.032000	0.770000	0.586000	192.000000	255.000000	0.000000	24.000000	16.000000	18.000000	80.000000	0.000000	0.000000	0.000000	1733433156.686513	0.000000
132.000000	88445.696347	20144.979077	187500.000000	187500.000000	86912.612547	102637.914138	111879.175827	133741.417079	-0.032000	0.770000	0.586000	192.000000	0.000000	0.000000	0.000000	0.000000	0.000000	0.000000	0.000000	0.000000	0.000000	1733433156.690493	0.000000
133.000000	88450.971359	20148.622411	187500.000000	187500.000000	86912.031402	102627.252355	111888.116525	133738.444297	-0.032000	0.770000	0.586000	192.000000	0.000000	0.000000	0.000000	0.000000	0.000000	0.000000	0.000000	0.000000	0.000000	1733433156.694635	0.000000
134.000000	88453.385348	20147.102493	187500.000000	187500.000000	86914.177169	102634.404914	111887.065993	133741.350024	-0.032000	0.770000	0.586000	192.000000	0.000000	0.000000	0.000000	0.000000	0.000000	0.000000	0.000000	0.000000	0.000000	1733433156.699731	0.000000
135.000000	88451.261932	20143.257993	187500.000000	187500.000000	86913.841893	102635.477797	111890.575217	133747.921437	-0.032000	0.770000	0.586000	192.000000	0.000000	0.000000	0.000000	0.000000	0.000000	0.000000	0.000000	0.000000	0.000000	1733433156.702709	0.000000
136.000000	88446.679824	20138.653533	187500.000000	187500.000000	86901.794303	102622.871414	111883.355604	133762.740643	-0.032000	0.770000	0.586000	192.000000	0.000000	0.000000	0.000000	0.000000	0.000000	0.000000	0.000000	0.000000	0.000000	1733433156.706524	0.000000
137.000000	88447.283321	20143.615621	187500.000000	187500.000000	86902.330745	102621.373847	111882.729755	133770.183774	-0.032000	0.770000	0.586000	192.000000	0.000000	0.000000	0.000000	0.000000	0.000000	0.000000	0.000000	0.000000	0.000000	1733433156.710656	0.000000
138.000000	88441.136592	20139.055865	187500.000000	187500.000000	86913.260748	102631.812111	111870.436295	133762.740643	-0.032000	0.770000	0.586000	192.000000	0.000000	0.000000	0.000000	0.000000	0.000000	0.000000	0.000000	0.000000	0.000000	1733433156.714539	0.000000
139.000000	88436.599187	20139.011161	187500.000000	187500.000000	86889.478491	102627.744094	111867.038830	133746.759146	-0.032000	0.770000	0.586000	192.000000	0.000000	0.000000	0.000000	0.000000	0.000000	0.000000	0.000000	0.000000	0.000000	1733433156.718546	0.000000
140.000000	88453.228885	20157.674868	187500.000000	187500.000000	86915.048887	102649.738210	111887.714194	133734.085707	-0.032000	0.770000	0.586000	192.000000	0.000000	0.000000	0.000000	0.000000	0.000000	0.000000	0.000000	0.000000	0.000000	1733433156.722551	0.000000
141.000000	88461.074348	20152.176339	187500.000000	187500.000000	86943.323844	102674.481592	111890.217589	133732.632844	-0.032000	0.768000	0.584000	192.000000	255.000000	0.000000	24.000000	0.000000	18.000000	64.000000	0.000000	0.000000	0.000000	1733433156.727846	0.000000
142.000000	88459.330912	20142.632144	187500.000000	187500.000000	86926.850608	102655.326147	111933.334104	133769.066187	-0.032000	0.768000	0.584000	192.000000	0.000000	0.000000	0.000000	0.000000	0.000000	0.000000	0.000000	0.000000	0.000000	1733433156.730835	0.000000
143.000000	88453.295941	20135.971324	187500.000000	187500.000000	86919.139256	102641.959803	111891.558694	133804.538405	-0.032000	0.768000	0.584000	192.000000	0.000000	0.000000	0.000000	0.000000	0.000000	0.000000	0.000000	0.000000	0.000000	1733433156.734818	0.000000
144.000000	88456.447537	20143.347400	187500.000000	187500.000000	86916.300585	102655.616719	111897.951293	133773.469481	-0.032000	0.768000	0.584000	192.000000	0.000000	0.000000	0.000000	0.000000	0.000000	0.000000	0.000000	0.000000	0.000000	1733433156.738779	0.000000
145.000000	88454.346473	20140.598135	187500.000000	187500.000000	86918.379297	102657.494266	111896.476078	133769.915553	-0.032000	0.768000	0.584000	192.000000	0.000000	0.000000	0.000000	0.000000	0.000000	0.000000	0.000000	0.000000	0.000000	1733433156.742579	0.000000
146.000000	88454.860563	20142.185109	187500.000000	187500.000000	86914.534797	102645.916062	111895.134973	133741.752355	-0.032000	0.768000	0.584000	192.000000	0.000000	0.000000	0.000000	0.000000	0.000000	0.000000	0.000000	0.000000	0.000000	1733433156.746557	0.000000
147.000000	88461.119051	20148.242432	187500.000000	187500.000000	86913.663079	102641.602175	111902.823973	133743.652254	-0.032000	0.768000	0.584000	192.000000	0.000000	0.000000	0.000000	0.000000	0.000000	0.000000	0.000000	0.000000	0.000000	1733433156.750566	0.000000
148.000000	88462.817784	20152.802188	187500.000000	187500.000000	86922.939053	102651.593405	111904.545057	133761.064263	-0.032000	0.768000	0.584000	192.000000	0.000000	0.000000	0.000000	0.000000	0.000000	0.000000	0.000000	0.000000	0.000000	1733433156.754586	0.000000
149.000000	88466.662284	20149.717647	187500.000000	187500.000000	86915.004184	102651.682812	111906.891991	133786.679362	-0.032000	0.768000	0.584000	192.000000	0.000000	0.000000	0.000000	0.000000	0.000000	0.000000	0.000000	0.000000	0.000000	1733433156.757881	0.000000
150.000000	88466.818746	20150.343496	187500.000000	187500.000000	86908.790399	102645.267862	111908.456613	133789.920365	-0.032000	0.768000	0.584000	192.000000	0.000000	0.000000	0.000000	0.000000	0.000000	0.000000	0.000000	0.000000	0.000000	1733433156.762747	0.000000
151.000000	88465.321179	20149.851757	187500.000000	187500.000000	86911.696125	102644.574957	111903.718043	133777.783367	-0.038000	0.772000	0.582000	192.000000	254.000000	208.000000	24.000000	32.000000	18.000000	48.000000	0.000000	0.000000	0.000000	1733433156.766693	0.000000
152.000000	88458.414490	20153.360981	187500.000000	187500.000000	86913.774838	102641.803341	111896.364319	133767.009827	-0.038000	0.772000	0.582000	192.000000	0.000000	0.000000	0.000000	0.000000	0.000000	0.000000	0.000000	0.000000	0.000000	1733433156.770978	0.000000
153.000000	88456.067557	20159.731228	187500.000000	187500.000000	86909.259785	102628.548757	111881.947444	133726.396707	-0.038000	0.772000	0.582000	192.000000	0.000000	0.000000	0.000000	0.000000	0.000000	0.000000	0.000000	0.000000	0.000000	1733433156.774887	0.000000
154.000000	88462.214287	20157.294888	187500.000000	187500.000000	86906.510521	102626.872376	111896.856057	133734.242169	-0.038000	0.772000	0.582000	192.000000	0.000000	0.000000	0.000000	0.000000	0.000000	0.000000	0.000000	0.000000	0.000000	1733433156.778939	0.000000
155.000000	88471.266743	20144.464987	187500.000000	187500.000000	86919.295719	102634.941356	111897.616017	133743.764012	-0.038000	0.772000	0.582000	192.000000	0.000000	0.000000	0.000000	0.000000	0.000000	0.000000	0.000000	0.000000	0.000000	1733433156.782588	0.000000
156.000000	88472.473737	20148.823577	187500.000000	187500.000000	86917.328765	102643.099742	111893.659758	133749.307245	-0.038000	0.772000	0.582000	192.000000	0.000000	0.000000	0.000000	0.000000	0.000000	0.000000	0.000000	0.000000	0.000000	1733433156.785615	0.000000
157.000000	88467.735167	20144.420283	187500.000000	187500.000000	86904.141236	102631.119207	111905.573238	133749.039024	-0.038000	0.772000	0.582000	192.000000	0.000000	0.000000	0.000000	0.000000	0.000000	0.000000	0.000000	0.000000	0.000000	1733433156.789623	0.000000
158.000000	88468.405720	20145.537871	187500.000000	187500.000000	86912.925471	102640.171664	111901.572275	133753.330559	-0.038000	0.772000	0.582000	192.000000	0.000000	0.000000	0.000000	0.000000	0.000000	0.000000	0.000000	0.000000	0.000000	1733433156.794682	0.000000
159.000000	88460.850830	20141.246336	187500.000000	187500.000000	86914.110114	102641.468065	111889.010595	133772.396597	-0.038000	0.772000	0.582000	192.000000	0.000000	0.000000	0.000000	0.000000	0.000000	0.000000	0.000000	0.000000	0.000000	1733433156.798643	0.000000
160.000000	88458.548601	20144.979077	187500.000000	187500.000000	86916.568806	102641.602175	111883.869694	133759.700806	-0.038000	0.772000	0.582000	192.000000	0.000000	0.000000	0.000000	0.000000	0.000000	0.000000	0.000000	0.000000	0.000000	1733433156.802749	0.000000
161.000000	88455.240542	20143.705028	187500.000000	187500.000000	86907.829274	102625.419512	111888.943540	133774.609420	-0.038000	0.772000	0.578000	192.000000	254.000000	208.000000	24.000000	32.000000	18.000000	16.000000	0.000000	0.000000	0.000000	1733433156.807020	0.000000
162.000000	88466.952856	20150.432903	187500.000000	187500.000000	86922.156742	102641.557472	111899.225342	133793.518995	-0.038000	0.772000	0.578000	192.000000	0.000000	0.000000	0.000000	0.000000	0.000000	0.000000	0.000000	0.000000	0.000000	1733433156.810835	0.000000
163.000000	88465.499993	20147.549528	187500.000000	187500.000000	86928.728155	102644.820827	111890.306996	133772.374245	-0.038000	0.772000	0.578000	192.000000	0.000000	0.000000	0.000000	0.000000	0.000000	0.000000	0.000000	0.000000	0.000000	1733433156.813855	0.000000
164.000000	88472.227868	20161.586423	187500.000000	187500.000000	86939.054661	102642.205673	111893.816220	133782.141958	-0.038000	0.772000	0.578000	192.000000	0.000000	0.000000	0.000000	0.000000	0.000000	0.000000	0.000000	0.000000	0.000000	1733433156.817669	0.000000
165.000000	88466.885801	20165.877958	187500.000000	187500.000000	86939.814620	102663.193961	111910.669435	133752.235323	-0.038000	0.772000	0.578000	192.000000	0.000000	0.000000	0.000000	0.000000	0.000000	0.000000	0.000000	0.000000	0.000000	1733433156.822648	0.000000
166.000000	88463.287170	20161.474664	187500.000000	187500.000000	86934.249036	102656.801362	111914.245714	133761.444242	-0.038000	0.772000	0.578000	192.000000	0.000000	0.000000	0.000000	0.000000	0.000000	0.000000	0.000000	0.000000	0.000000	1733433156.826700	0.000000
167.000000	88465.991731	20155.596156	187500.000000	187500.000000	86924.682489	102641.959803	111883.377955	133770.630809	-0.038000	0.772000	0.578000	192.000000	0.000000	0.000000	0.000000	0.000000	0.000000	0.000000	0.000000	0.000000	0.000000	1733433156.830719	0.000000
168.000000	88461.677845	20155.037362	187500.000000	187500.000000	86912.076105	102643.546777	111875.264272	133759.723158	-0.038000	0.772000	0.578000	192.000000	0.000000	0.000000	0.000000	0.000000	0.000000	0.000000	0.000000	0.000000	0.000000	1733433156.834994	0.000000
169.000000	88453.206534	20151.036400	187500.000000	187500.000000	86908.790399	102630.314544	111876.583025	133744.859248	-0.038000	0.772000	0.578000	192.000000	0.000000	0.000000	0.000000	0.000000	0.000000	0.000000	0.000000	0.000000	0.000000	1733433156.837788	0.000000
170.000000	88448.512667	20132.886783	187500.000000	187500.000000	86906.979907	102618.825748	111882.349775	133750.894219	-0.038000	0.772000	0.578000	192.000000	0.000000	0.000000	0.000000	0.000000	0.000000	0.000000	0.000000	0.000000	0.000000	1733433156.841859	0.000000
171.000000	88456.425185	20139.525251	187500.000000	187500.000000	86915.875902	102634.002582	111886.306034	133749.262541	-0.044000	0.770000	0.578000	192.000000	254.000000	160.000000	24.000000	16.000000	18.000000	16.000000	0.000000	0.000000	0.000000	1733433156.845998	0.000000
172.000000	88455.218191	20141.291039	187500.000000	187500.000000	86912.947823	102636.036591	111892.363357	133748.860210	-0.044000	0.770000	0.578000	192.000000	0.000000	0.000000	0.000000	0.000000	0.000000	0.000000	0.000000	0.000000	0.000000	1733433156.850864	0.000000
173.000000	88455.262894	20136.440711	187500.000000	187500.000000	86919.429829	102638.405876	111891.290473	133754.805774	-0.044000	0.770000	0.578000	192.000000	0.000000	0.000000	0.000000	0.000000	0.000000	0.000000	0.000000	0.000000	0.000000	1733433156.854701	0.000000
174.000000	88460.314388	20141.514557	187500.000000	187500.000000	86930.940977	102635.455446	111896.274912	133771.435472	-0.044000	0.770000	0.578000	192.000000	0.000000	0.000000	0.000000	0.000000	0.000000	0.000000	0.000000	0.000000	0.000000	1733433156.859002	0.000000
175.000000	88455.732281	20138.765292	187500.000000	187500.000000	86925.330690	102648.844141	111893.927979	133791.864966	-0.044000	0.770000	0.578000	192.000000	0.000000	0.000000	0.000000	0.000000	0.000000	0.000000	0.000000	0.000000	0.000000	1733433156.862725	0.000000
176.000000	88453.519458	20139.055865	187500.000000	187500.000000	86912.925471	102625.106588	111899.180639	133805.119551	-0.044000	0.770000	0.578000	192.000000	0.000000	0.000000	0.000000	0.000000	0.000000	0.000000	0.000000	0.000000	0.000000	1733433156.865738	0.000000
177.000000	88459.465022	20148.331839	187500.000000	187500.000000	86923.117867	102630.962745	111901.236999	133776.531670	-0.044000	0.770000	0.578000	192.000000	0.000000	0.000000	0.000000	0.000000	0.000000	0.000000	0.000000	0.000000	0.000000	1733433156.869768	0.000000
178.000000	88458.839173	20154.277403	187500.000000	187500.000000	86923.140219	102636.014239	111899.158287	133754.738719	-0.044000	0.770000	0.578000	192.000000	0.000000	0.000000	0.000000	0.000000	0.000000	0.000000	0.000000	0.000000	0.000000	1733433156.873868	0.000000
179.000000	88463.801260	20156.646688	187500.000000	187500.000000	86926.068297	102637.131827	111902.846325	133758.605571	-0.044000	0.770000	0.578000	192.000000	0.000000	0.000000	0.000000	0.000000	0.000000	0.000000	0.000000	0.000000	0.000000	1733433156.878941	0.000000
180.000000	88460.381444	20147.057789	187500.000000	187500.000000	86917.328765	102632.192091	111885.680185	133746.647387	-0.044000	0.770000	0.578000	192.000000	0.000000	0.000000	0.000000	0.000000	0.000000	0.000000	0.000000	0.000000	0.000000	1733433156.883108	0.000000
181.000000	88466.081138	20153.360981	187500.000000	187500.000000	86918.982794	102633.421437	111880.472229	133755.319864	-0.040000	0.766000	0.576000	192.000000	254.000000	192.000000	23.000000	240.000000	18.000000	0.000000	0.000000	0.000000	0.000000	1733433156.887026	0.000000
182.000000	88462.460156	20153.986830	187500.000000	187500.000000	86919.966271	102625.106588	111878.058240	133752.637655	-0.040000	0.766000	0.576000	192.000000	0.000000	0.000000	0.000000	0.000000	0.000000	0.000000	0.000000	0.000000	0.000000	1733433156.890818	0.000000
183.000000	88462.683673	20150.902289	187500.000000	187500.000000	86912.813713	102613.058998	111869.385763	133734.286873	-0.040000	0.766000	0.576000	192.000000	0.000000	0.000000	0.000000	0.000000	0.000000	0.000000	0.000000	0.000000	0.000000	1733433156.893824	0.000000
184.000000	88458.079214	20142.453330	187500.000000	187500.000000	86906.331707	102602.956009	111862.523778	133732.185809	-0.040000	0.766000	0.576000	192.000000	0.000000	0.000000	0.000000	0.000000	0.000000	0.000000	0.000000	0.000000	0.000000	1733433156.897816	0.000000
185.000000	88455.285246	20137.111263	187500.000000	187500.000000	86902.107227	102599.156213	111854.588909	133740.500658	-0.040000	0.766000	0.576000	192.000000	0.000000	0.000000	0.000000	0.000000	0.000000	0.000000	0.000000	0.000000	0.000000	1733433156.901827	0.000000
186.000000	88453.810031	20135.144309	187500.000000	187500.000000	86900.520253	102602.173698	111859.819217	133752.771765	-0.040000	0.766000	0.576000	192.000000	0.000000	0.000000	0.000000	0.000000	0.000000	0.000000	0.000000	0.000000	0.000000	1733433156.905828	0.000000
187.000000	88450.971359	20132.193879	187500.000000	187500.000000	86900.319088	102598.351550	111864.758952	133762.226553	-0.040000	0.766000	0.576000	192.000000	0.000000	0.000000	0.000000	0.000000	0.000000	0.000000	0.000000	0.000000	0.000000	1733433156.910931	0.000000
188.000000	88449.786717	20138.675885	187500.000000	187500.000000	86896.452236	102609.840347	111865.675374	133756.705672	-0.040000	0.766000	0.576000	192.000000	0.000000	0.000000	0.000000	0.000000	0.000000	0.000000	0.000000	0.000000	0.000000	1733433156.914890	0.000000
189.000000	88449.920827	20147.974211	187500.000000	187500.000000	86909.863282	102613.573088	111878.594682	133763.031216	-0.040000	0.766000	0.576000	192.000000	0.000000	0.000000	0.000000	0.000000	0.000000	0.000000	0.000000	0.000000	0.000000	1733433156.918046	0.000000
190.000000	88447.730356	20134.451405	187500.000000	187500.000000	86904.789436	102602.754844	111880.092249	133769.893202	-0.040000	0.766000	0.576000	192.000000	0.000000	0.000000	0.000000	0.000000	0.000000	0.000000	0.000000	0.000000	0.000000	1733433156.922024	0.000000
191.000000	88446.545714	20134.406702	187500.000000	187500.000000	86897.703933	102597.882163	111880.829856	133773.581239	-0.040000	0.774000	0.572000	192.000000	254.000000	192.000000	24.000000	48.000000	17.000000	224.000000	0.000000	0.000000	0.000000	1733433156.926023	0.000000
192.000000	88443.908208	20126.605943	187500.000000	187500.000000	86896.273422	102595.155250	111882.573293	133775.101158	-0.040000	0.774000	0.572000	192.000000	0.000000	0.000000	0.000000	0.000000	0.000000	0.000000	0.000000	0.000000	0.000000	1733433156.929868	0.000000
193.000000	88450.926656	20134.943144	187500.000000	187500.000000	86905.281175	102612.589611	111890.262293	133785.092388	-0.040000	0.774000	0.572000	192.000000	0.000000	0.000000	0.000000	0.000000	0.000000	0.000000	0.000000	0.000000	0.000000	1733433156.933842	0.000000
194.000000	88451.083118	20140.307562	187500.000000	187500.000000	86904.588271	102603.514803	111888.317691	133763.858231	-0.040000	0.774000	0.572000	192.000000	0.000000	0.000000	0.000000	0.000000	0.000000	0.000000	0.000000	0.000000	0.000000	1733433156.938830	0.000000
195.000000	88446.277493	20139.100568	187500.000000	187500.000000	86899.581480	102598.038625	111882.953272	133738.176076	-0.040000	0.774000	0.572000	192.000000	0.000000	0.000000	0.000000	0.000000	0.000000	0.000000	0.000000	0.000000	0.000000	1733433156.942869	0.000000
196.000000	88441.225999	20125.130728	187500.000000	187500.000000	86893.099474	102602.263105	111874.861941	133729.660062	-0.040000	0.774000	0.572000	192.000000	0.000000	0.000000	0.000000	0.000000	0.000000	0.000000	0.000000	0.000000	0.000000	1733433156.945832	0.000000
197.000000	88439.303749	20117.598190	187500.000000	187500.000000	86890.886651	102597.166907	111871.799752	133759.767861	-0.040000	0.774000	0.572000	192.000000	0.000000	0.000000	0.000000	0.000000	0.000000	0.000000	0.000000	0.000000	0.000000	1733433156.949992	0.000000
198.000000	88440.577798	20120.660379	187500.000000	187500.000000	86896.228718	102593.523573	111864.021345	133767.009827	-0.040000	0.774000	0.572000	192.000000	0.000000	0.000000	0.000000	0.000000	0.000000	0.000000	0.000000	0.000000	0.000000	1733433156.954133	0.000000
199.000000	88435.861580	20114.491298	187500.000000	187500.000000	86897.458064	102589.634370	111864.647194	133730.598835	-0.040000	0.774000	0.572000	192.000000	0.000000	0.000000	0.000000	0.000000	0.000000	0.000000	0.000000	0.000000	0.000000	1733433156.958779	0.000000
200.000000	88443.349414	20131.344513	187500.000000	187500.000000	86903.850663	102595.021140	111878.997013	133728.609530	-0.040000	0.774000	0.572000	192.000000	0.000000	0.000000	0.000000	0.000000	0.000000	0.000000	0.000000	0.000000	0.000000	1733433156.961931	0.000000
201.000000	88444.042318	20128.572897	187500.000000	187500.000000	86905.012954	102595.311713	111873.900816	133755.208105	-0.036000	0.780000	0.574000	192.000000	254.000000	224.000000	24.000000	96.000000	17.000000	240.000000	0.000000	0.000000	0.000000	1733433156.965877	0.000000
202.000000	88442.589455	20129.399911	187500.000000	187500.000000	86902.710724	102594.015311	111866.144760	133751.408309	-0.036000	0.780000	0.574000	192.000000	0.000000	0.000000	0.000000	0.000000	0.000000	0.000000	0.000000	0.000000	0.000000	1733433156.970915	0.000000
203.000000	88439.527266	20130.338684	187500.000000	187500.000000	86896.027553	102588.852059	111864.691897	133739.226608	-0.036000	0.780000	0.574000	192.000000	0.000000	0.000000	0.000000	0.000000	0.000000	0.000000	0.000000	0.000000	0.000000	1733433156.973899	0.000000
204.000000	88433.760516	20114.960684	187500.000000	187500.000000	86893.434750	102592.115413	111873.274967	133731.381146	-0.036000	0.780000	0.574000	192.000000	0.000000	0.000000	0.000000	0.000000	0.000000	0.000000	0.000000	0.000000	0.000000	1733433156.977935	0.000000
205.000000	88419.254234	20095.827591	187500.000000	187500.000000	86882.124768	102579.531381	111867.239996	133730.844704	-0.036000	0.780000	0.574000	192.000000	0.000000	0.000000	0.000000	0.000000	0.000000	0.000000	0.000000	0.000000	0.000000	1733433156.981935	0.000000
206.000000	88424.261025	20107.450498	187500.000000	187500.000000	86883.711741	102570.031890	111868.558749	133754.448146	-0.036000	0.780000	0.574000	192.000000	0.000000	0.000000	0.000000	0.000000	0.000000	0.000000	0.000000	0.000000	0.000000	1733433156.985956	0.000000
207.000000	88414.001574	20099.627387	187500.000000	187500.000000	86875.531003	102561.113544	111860.221548	133752.481193	-0.036000	0.780000	0.574000	192.000000	0.000000	0.000000	0.000000	0.000000	0.000000	0.000000	0.000000	0.000000	0.000000	1733433156.990080	0.000000
208.000000	88413.599242	20097.951007	187500.000000	187500.000000	86868.669017	102552.798695	111852.107865	133741.417079	-0.036000	0.780000	0.574000	192.000000	0.000000	0.000000	0.000000	0.000000	0.000000	0.000000	0.000000	0.000000	0.000000	1733433156.994925	0.000000
209.000000	88415.856769	20096.855771	187500.000000	187500.000000	86864.891573	102551.010555	111842.384856	133748.726100	-0.036000	0.780000	0.574000	192.000000	0.000000	0.000000	0.000000	0.000000	0.000000	0.000000	0.000000	0.000000	0.000000	1733433156.999120	0.000000
210.000000	88421.467056	20102.823687	187500.000000	187500.000000	86868.043169	102558.341927	111846.184653	133733.482210	-0.036000	0.780000	0.574000	192.000000	0.000000	0.000000	0.000000	0.000000	0.000000	0.000000	0.000000	0.000000	0.000000	1733433157.002149	0.000000
211.000000	88418.650737	20098.152172	187500.000000	187500.000000	86863.729282	102559.325404	111839.881461	133710.370506	-0.044000	0.776000	0.570000	192.000000	254.000000	160.000000	24.000000	64.000000	17.000000	208.000000	0.000000	0.000000	0.000000	1733433157.005945	0.000000
212.000000	88412.258138	20094.531190	187500.000000	187500.000000	86853.782756	102542.583947	111829.197327	133707.956518	-0.044000	0.776000	0.570000	192.000000	0.000000	0.000000	0.000000	0.000000	0.000000	0.000000	0.000000	0.000000	0.000000	1733433157.010014	0.000000
213.000000	88407.161940	20099.940312	187500.000000	187500.000000	86855.079157	102555.793828	111824.346998	133697.942936	-0.044000	0.776000	0.570000	192.000000	0.000000	0.000000	0.000000	0.000000	0.000000	0.000000	0.000000	0.000000	0.000000	1733433157.013931	0.000000
214.000000	88406.960774	20102.466059	187500.000000	187500.000000	86859.527154	102561.940558	111833.935897	133705.386067	-0.044000	0.776000	0.570000	192.000000	0.000000	0.000000	0.000000	0.000000	0.000000	0.000000	0.000000	0.000000	0.000000	1733433157.017977	0.000000
215.000000	88404.211510	20085.322271	187500.000000	187500.000000	86858.834250	102552.239901	111844.910603	133720.115867	-0.044000	0.776000	0.570000	192.000000	0.000000	0.000000	0.000000	0.000000	0.000000	0.000000	0.000000	0.000000	0.000000	1733433157.021999	0.000000
216.000000	88393.750893	20072.626480	187500.000000	187500.000000	86852.531058	102538.292413	111833.645324	133708.112980	-0.044000	0.776000	0.570000	192.000000	0.000000	0.000000	0.000000	0.000000	0.000000	0.000000	0.000000	0.000000	0.000000	1733433157.026026	0.000000
217.000000	88395.874309	20084.741126	187500.000000	187500.000000	86855.950875	102534.224395	111829.867879	133692.109131	-0.044000	0.776000	0.570000	192.000000	0.000000	0.000000	0.000000	0.000000	0.000000	0.000000	0.000000	0.000000	0.000000	1733433157.029105	0.000000
218.000000	88396.209585	20085.881065	187500.000000	187500.000000	86859.773023	102538.560633	111830.985466	133716.360774	-0.044000	0.776000	0.570000	192.000000	0.000000	0.000000	0.000000	0.000000	0.000000	0.000000	0.000000	0.000000	0.000000	1733433157.034214	0.000000
219.000000	88394.622611	20089.546751	187500.000000	187500.000000	86858.297808	102542.829817	111828.884402	133730.710594	-0.044000	0.776000	0.570000	192.000000	0.000000	0.000000	0.000000	0.000000	0.000000	0.000000	0.000000	0.000000	0.000000	1733433157.038120	0.000000
220.000000	88398.265946	20089.233826	187500.000000	187500.000000	86850.184125	102535.118465	111826.001027	133727.760163	-0.044000	0.776000	0.570000	192.000000	0.000000	0.000000	0.000000	0.000000	0.000000	0.000000	0.000000	0.000000	0.000000	1733433157.042203	0.000000
221.000000	88404.524434	20083.891759	187500.000000	187500.000000	86851.189953	102532.369200	111824.391702	133700.245166	-0.042000	0.776000	0.572000	192.000000	254.000000	176.000000	24.000000	64.000000	17.000000	224.000000	0.000000	0.000000	0.000000	1733433157.045998	0.000000
222.000000	88402.222204	20085.903416	187500.000000	187500.000000	86856.554372	102540.102904	111831.767777	133708.045925	-0.042000	0.776000	0.572000	192.000000	0.000000	0.000000	0.000000	0.000000	0.000000	0.000000	0.000000	0.000000	0.000000	1733433157.049982	0.000000
223.000000	88400.367010	20089.211475	187500.000000	187500.000000	86854.274494	102533.755008	111831.946591	133707.800055	-0.042000	0.776000	0.572000	192.000000	0.000000	0.000000	0.000000	0.000000	0.000000	0.000000	0.000000	0.000000	0.000000	1733433157.054031	0.000000
224.000000	88395.673143	20086.283396	187500.000000	187500.000000	86847.457212	102535.118465	111823.296466	133697.205329	-0.042000	0.776000	0.572000	192.000000	0.000000	0.000000	0.000000	0.000000	0.000000	0.000000	0.000000	0.000000	0.000000	1733433157.057025	0.000000
225.000000	88391.940402	20078.929672	187500.000000	187500.000000	86847.010177	102534.291450	111815.026321	133704.402590	-0.042000	0.776000	0.572000	192.000000	0.000000	0.000000	0.000000	0.000000	0.000000	0.000000	0.000000	0.000000	0.000000	1733433157.061354	0.000000
226.000000	88391.627478	20080.851922	187500.000000	187500.000000	86839.991729	102521.483901	111819.697835	133734.532742	-0.042000	0.776000	0.572000	192.000000	0.000000	0.000000	0.000000	0.000000	0.000000	0.000000	0.000000	0.000000	0.000000	1733433157.066150	0.000000
227.000000	88392.298030	20082.461248	187500.000000	187500.000000	86832.190970	102521.103921	111812.500574	133700.736904	-0.042000	0.776000	0.572000	192.000000	0.000000	0.000000	0.000000	0.000000	0.000000	0.000000	0.000000	0.000000	0.000000	1733433157.070246	0.000000
228.000000	88391.560422	20079.041431	187500.000000	187500.000000	86837.667148	102525.350753	111805.526829	133672.149023	-0.042000	0.776000	0.572000	192.000000	0.000000	0.000000	0.000000	0.000000	0.000000	0.000000	0.000000	0.000000	0.000000	1733433157.074305	0.000000
229.000000	88398.578870	20091.714870	187500.000000	187500.000000	86841.913979	102511.067988	111803.850449	133680.441520	-0.042000	0.776000	0.572000	192.000000	0.000000	0.000000	0.000000	0.000000	0.000000	0.000000	0.000000	0.000000	0.000000	1733433157.078045	0.000000
230.000000	88404.032696	20099.314463	187500.000000	187500.000000	86840.215247	102516.454758	111809.304274	133686.320029	-0.042000	0.776000	0.572000	192.000000	0.000000	0.000000	0.000000	0.000000	0.000000	0.000000	0.000000	0.000000	0.000000	1733433157.082053	0.000000
231.000000	88403.026867	20095.581722	187500.000000	187500.000000	86842.830401	102522.065046	111816.076853	133701.630974	-0.042000	0.774000	0.566000	192.000000	254.000000	176.000000	24.000000	48.000000	17.000000	176.000000	0.000000	0.000000	0.000000	1733433157.085058	0.000000
232.000000	88402.333963	20095.537018	187500.000000	187500.000000	86844.842058	102526.133064	111817.462661	133701.943898	-0.042000	0.774000	0.566000	192.000000	0.000000	0.000000	0.000000	0.000000	0.000000	0.000000	0.000000	0.000000	0.000000	1733433157.090118	0.000000
233.000000	88403.071571	20097.660434	187500.000000	187500.000000	86845.311444	102534.380857	111820.726016	133705.184901	-0.042000	0.774000	0.566000	192.000000	0.000000	0.000000	0.000000	0.000000	0.000000	0.000000	0.000000	0.000000	0.000000	1733433157.094066	0.000000
234.000000	88404.055048	20094.441783	187500.000000	187500.000000	86851.480526	102535.543148	111825.196365	133698.255861	-0.042000	0.774000	0.566000	192.000000	0.000000	0.000000	0.000000	0.000000	0.000000	0.000000	0.000000	0.000000	0.000000	1733433157.098063	0.000000
235.000000	88399.450588	20087.378632	187500.000000	187500.000000	86849.625331	102521.997991	111824.615219	133711.018707	-0.042000	0.774000	0.566000	192.000000	0.000000	0.000000	0.000000	0.000000	0.000000	0.000000	0.000000	0.000000	0.000000	1733433157.102082	0.000000
236.000000	88394.443797	20085.702251	187500.000000	187500.000000	86850.050014	102517.438235	111820.547202	133690.946840	-0.042000	0.774000	0.566000	192.000000	0.000000	0.000000	0.000000	0.000000	0.000000	0.000000	0.000000	0.000000	0.000000	1733433157.106474	0.000000
237.000000	88390.711056	20085.590492	187500.000000	187500.000000	86844.171505	102520.723941	111819.742539	133681.268535	-0.042000	0.774000	0.566000	192.000000	0.000000	0.000000	0.000000	0.000000	0.000000	0.000000	0.000000	0.000000	0.000000	1733433157.109279	0.000000
238.000000	88383.960829	20079.220245	187500.000000	187500.000000	86837.913017	102521.282735	111814.556934	133687.281154	-0.042000	0.774000	0.566000	192.000000	0.000000	0.000000	0.000000	0.000000	0.000000	0.000000	0.000000	0.000000	0.000000	1733433157.113305	0.000000
239.000000	88374.059006	20063.886948	187500.000000	187500.000000	86824.278453	102502.104938	111801.548219	133724.161532	-0.042000	0.774000	0.566000	192.000000	0.000000	0.000000	0.000000	0.000000	0.000000	0.000000	0.000000	0.000000	0.000000	1733433157.118371	0.000000
240.000000	88377.590582	20063.328154	187500.000000	187500.000000	86825.463095	102511.895002	111803.202248	133708.828236	-0.042000	0.774000	0.566000	192.000000	0.000000	0.000000	0.000000	0.000000	0.000000	0.000000	0.000000	0.000000	0.000000	1733433157.122247	0.000000
241.000000	88371.890887	20051.414675	187500.000000	187500.000000	86828.122953	102517.482938	111798.262512	133673.177203	-0.038000	0.768000	0.572000	192.000000	254.000000	208.000000	24.000000	0.000000	17.000000	224.000000	0.000000	0.000000	0.000000	1733433157.126344	0.000000
242.000000	88371.935591	20051.481730	187500.000000	187500.000000	86832.638005	102519.986334	111798.597789	133675.546488	-0.038000	0.768000	0.572000	192.000000	0.000000	0.000000	0.000000	0.000000	0.000000	0.000000	0.000000	0.000000	0.000000	1733433157.130153	0.000000
243.000000	88376.517698	20058.433122	187500.000000	187500.000000	86831.989805	102516.812386	111809.706606	133689.046942	-0.038000	0.768000	0.572000	192.000000	0.000000	0.000000	0.000000	0.000000	0.000000	0.000000	0.000000	0.000000	0.000000	1733433157.133131	0.000000
244.000000	88368.381663	20050.565308	187500.000000	187500.000000	86826.200703	102500.115633	111805.817402	133681.402645	-0.038000	0.768000	0.572000	192.000000	0.000000	0.000000	0.000000	0.000000	0.000000	0.000000	0.000000	0.000000	0.000000	1733433157.137164	0.000000
245.000000	88377.322361	20065.183349	187500.000000	187500.000000	86831.296901	102506.240011	111808.410204	133695.819520	-0.038000	0.768000	0.572000	192.000000	0.000000	0.000000	0.000000	0.000000	0.000000	0.000000	0.000000	0.000000	0.000000	1733433157.141174	0.000000
246.000000	88390.845167	20083.221207	187500.000000	187500.000000	86842.182200	102516.790034	111821.731844	133697.250032	-0.038000	0.768000	0.572000	192.000000	0.000000	0.000000	0.000000	0.000000	0.000000	0.000000	0.000000	0.000000	0.000000	1733433157.145318	0.000000
247.000000	88394.935536	20081.924806	187500.000000	187500.000000	86857.560200	102534.157340	111828.884402	133697.786474	-0.038000	0.768000	0.572000	192.000000	0.000000	0.000000	0.000000	0.000000	0.000000	0.000000	0.000000	0.000000	0.000000	1733433157.150381	0.000000
248.000000	88394.622611	20078.549692	187500.000000	187500.000000	86865.807994	102546.249634	111833.980600	133707.576538	-0.038000	0.768000	0.572000	192.000000	0.000000	0.000000	0.000000	0.000000	0.000000	0.000000	0.000000	0.000000	0.000000	1733433157.154378	0.000000
249.000000	88392.275678	20081.164847	187500.000000	187500.000000	86861.762328	102531.899814	111823.207059	133695.931279	-0.038000	0.768000	0.572000	192.000000	0.000000	0.000000	0.000000	0.000000	0.000000	0.000000	0.000000	0.000000	0.000000	1733433157.158466	0.000000
250.000000	88380.876289	20071.844169	187500.000000	187500.000000	86847.211343	102513.124348	111808.186687	133688.935183	-0.038000	0.768000	0.572000	192.000000	0.000000	0.000000	0.000000	0.000000	0.000000	0.000000	0.000000	0.000000	0.000000	1733433157.161329	0.000000
251.000000	88375.668332	20059.885986	187500.000000	187500.000000	86841.869276	102514.979543	111805.392719	133690.924488	-0.034000	0.774000	0.578000	192.000000	254.000000	240.000000	24.000000	48.000000	18.000000	16.000000	0.000000	0.000000	0.000000	1733433157.165167	0.000000
252.000000	88375.198945	20053.627497	187500.000000	187500.000000	86834.381441	102514.934840	111810.667731	133687.527023	-0.034000	0.774000	0.578000	192.000000	0.000000	0.000000	0.000000	0.000000	0.000000	0.000000	0.000000	0.000000	0.000000	1733433157.169174	0.000000
253.000000	88368.940457	20049.067742	187500.000000	187500.000000	86828.033546	102511.425616	111803.872800	133685.314201	-0.034000	0.774000	0.578000	192.000000	0.000000	0.000000	0.000000	0.000000	0.000000	0.000000	0.000000	0.000000	0.000000	1733433157.173219	0.000000
254.000000	88366.794690	20049.335962	187500.000000	187500.000000	86828.435877	102504.988313	111799.961245	133694.925451	-0.034000	0.774000	0.578000	192.000000	0.000000	0.000000	0.000000	0.000000	0.000000	0.000000	0.000000	0.000000	0.000000	1733433157.178221	0.000000
255.000000	88369.208678	20053.828663	187500.000000	187500.000000	86831.408659	102510.978581	111797.457850	133657.218058	-0.034000	0.774000	0.578000	192.000000	0.000000	0.000000	0.000000	0.000000	0.000000	0.000000	0.000000	0.000000	0.000000	1733433157.182186	0.000000
0.000000	88375.869498	20068.312593	187500.000000	187500.000000	86839.790564	102542.226320	111817.775585	133658.626218	-0.034000	0.774000	0.578000	192.000000	0.000000	0.000000	0.000000	0.000000	0.000000	0.000000	0.000000	0.000000	0.000000	1733433157.186193	0.000000
1.000000	88369.007512	20055.393285	187500.000000	187500.000000	86825.977185	102523.249689	111811.919428	133664.460023	-0.034000	0.774000	0.578000	192.000000	0.000000	0.000000	0.000000	0.000000	0.000000	0.000000	0.000000	0.000000	0.000000	1733433157.189258	0.000000
2.000000	88362.681969	20050.699419	187500.000000	187500.000000	86820.612767	102487.755118	111801.727033	133674.227735	-0.034000	0.774000	0.578000	192.000000	0.000000	0.000000	0.000000	0.000000	0.000000	0.000000	0.000000	0.000000	0.000000	1733433157.193421	0.000000
3.000000	88368.113442	20052.666372	187500.000000	187500.000000	86823.987880	102477.897999	111806.309140	133673.043093	-0.034000	0.774000	0.578000	192.000000	0.000000	0.000000	0.000000	0.000000	0.000000	0.000000	0.000000	0.000000	0.000000	1733433157.197379	0.000000
4.000000	88360.178573	20048.128968	187500.000000	187500.000000	86817.483523	102466.655072	111794.753289	133656.927485	-0.034000	0.774000	0.578000	192.000000	0.000000	0.000000	0.000000	0.000000	0.000000	0.000000	0.000000	0.000000	0.000000	1733433157.201448	0.000000
5.000000	88359.172745	20048.754817	187500.000000	187500.000000	86817.841151	102469.739612	111795.557951	133656.435747	-0.044000	0.766000	0.574000	192.000000	254.000000	160.000000	23.000000	240.000000	17.000000	240.000000	0.000000	0.000000	0.000000	1733433157.206256	0.000000
6.000000	88366.414710	20052.599317	187500.000000	187500.000000	86823.674956	102480.133173	111801.704681	133648.523229	-0.044000	0.766000	0.574000	192.000000	0.000000	0.000000	0.000000	0.000000	0.000000	0.000000	0.000000	0.000000	0.000000	1733433157.210231	0.000000
7.000000	88368.135794	20050.095922	187500.000000	187500.000000	86822.467962	102486.257551	111810.801841	133656.860430	-0.044000	0.766000	0.574000	192.000000	0.000000	0.000000	0.000000	0.000000	0.000000	0.000000	0.000000	0.000000	0.000000	1733433157.214257	0.000000
8.000000	88366.481765	20050.274736	187500.000000	187500.000000	86823.004403	102494.930028	111808.521963	133673.713645	-0.044000	0.766000	0.574000	192.000000	0.000000	0.000000	0.000000	0.000000	0.000000	0.000000	0.000000	0.000000	0.000000	1733433157.217278	0.000000
9.000000	88367.755815	20044.753855	187500.000000	187500.000000	86819.629290	102487.710415	111789.143001	133687.862299	-0.044000	0.766000	0.574000	192.000000	0.000000	0.000000	0.000000	0.000000	0.000000	0.000000	0.000000	0.000000	0.000000	1733433157.221294	0.000000
10.000000	88374.953076	20055.125064	187500.000000	187500.000000	86823.987880	102481.004892	111800.654149	133673.177203	-0.044000	0.766000	0.574000	192.000000	0.000000	0.000000	0.000000	0.000000	0.000000	0.000000	0.000000	0.000000	0.000000	1733433157.225298	0.000000
11.000000	88376.763568	20064.624556	187500.000000	187500.000000	86817.550578	102484.581171	111812.344111	133668.416282	-0.044000	0.766000	0.574000	192.000000	0.000000	0.000000	0.000000	0.000000	0.000000	0.000000	0.000000	0.000000	0.000000	1733433157.229303	0.000000
12.000000	88376.718864	20056.689686	187500.000000	187500.000000	86826.021889	102486.414014	111803.626931	133672.529003	-0.044000	0.766000	0.574000	192.000000	0.000000	0.000000	0.000000	0.000000	0.000000	0.000000	0.000000	0.000000	0.000000	1733433157.233350	0.000000
13.000000	88372.226163	20050.811178	187500.000000	187500.000000	86819.115200	102482.480107	111799.514210	133664.415319	-0.044000	0.766000	0.574000	192.000000	0.000000	0.000000	0.000000	0.000000	0.000000	0.000000	0.000000	0.000000	0.000000	1733433157.238497	0.000000
14.000000	88363.732501	20036.975448	187500.000000	187500.000000	86811.157979	102487.285732	111805.705643	133651.808936	-0.044000	0.766000	0.574000	192.000000	0.000000	0.000000	0.000000	0.000000	0.000000	0.000000	0.000000	0.000000	0.000000	1733433157.242319	0.000000
15.000000	88366.414710	20039.188270	187500.000000	187500.000000	86816.991784	102503.960133	111815.629818	133670.092663	-0.040000	0.772000	0.574000	192.000000	254.000000	192.000000	24.000000	32.000000	17.000000	240.000000	0.000000	0.000000	0.000000	1733433157.245284	0.000000
16.000000	88369.566306	20049.023038	187500.000000	187500.000000	86819.919863	102516.968848	111825.621048	133672.439596	-0.040000	0.772000	0.574000	192.000000	0.000000	0.000000	0.000000	0.000000	0.000000	0.000000	0.000000	0.000000	0.000000	1733433157.249301	0.000000
17.000000	88373.455509	20059.260137	187500.000000	187500.000000	86815.650680	102507.067026	111809.728957	133674.808881	-0.040000	0.772000	0.574000	192.000000	0.000000	0.000000	0.000000	0.000000	0.000000	0.000000	0.000000	0.000000	0.000000	1733433157.253316	0.000000
18.000000	88374.371931	20048.173672	187500.000000	187500.000000	86813.124932	102482.055424	111801.481164	133672.283134	-0.040000	0.772000	0.574000	192.000000	0.000000	0.000000	0.000000	0.000000	0.000000	0.000000	0.000000	0.000000	0.000000	1733433157.257326	0.000000
19.000000	88369.812175	20045.156186	187500.000000	187500.000000	86813.102581	102488.291560	111812.478222	133668.930372	-0.040000	0.772000	0.574000	192.000000	0.000000	0.000000	0.000000	0.000000	0.000000	0.000000	0.000000	0.000000	0.000000	1733433157.261386	0.000000
20.000000	88366.884096	20049.112445	187500.000000	187500.000000	86813.996650	102482.636569	111809.036053	133667.566915	-0.040000	0.772000	0.574000	192.000000	0.000000	0.000000	0.000000	0.000000	0.000000	0.000000	0.000000	0.000000	0.000000	1733433157.266338	0.000000
21.000000	88365.766509	20049.537128	187500.000000	187500.000000	86815.203645	102476.176915	111805.459774	133669.556221	-0.040000	0.772000	0.574000	192.000000	0.000000	0.000000	0.000000	0.000000	0.000000	0.000000	0.000000	0.000000	0.000000	1733433157.269381	0.000000
22.000000	88366.392358	20038.942401	187500.000000	187500.000000	86821.752706	102476.847467	111804.386890	133668.617447	-0.040000	0.772000	0.574000	192.000000	0.000000	0.000000	0.000000	0.000000	0.000000	0.000000	0.000000	0.000000	0.000000	1733433157.272631	0.000000
23.000000	88362.905486	20036.751930	187500.000000	187500.000000	86822.378555	102475.014624	111805.191553	133644.946950	-0.040000	0.772000	0.574000	192.000000	0.000000	0.000000	0.000000	0.000000	0.000000	0.000000	0.000000	0.000000	0.000000	1733433157.277653	0.000000
24.000000	88359.731538	20036.729579	187500.000000	187500.000000	86818.824627	102477.003929	111809.840716	133654.535848	-0.040000	0.772000	0.574000	192.000000	0.000000	0.000000	0.000000	0.000000	0.000000	0.000000	0.000000	0.000000	0.000000	1733433157.281626	0.000000
25.000000	88356.132907	20037.355427	187500.000000	187500.000000	86819.182255	102476.176915	111811.539449	133644.343453	-0.048000	0.772000	0.578000	192.000000	254.000000	128.000000	24.000000	32.000000	18.000000	16.000000	0.000000	0.000000	0.000000	1733433157.285438	0.000000
26.000000	88352.824849	20034.047369	187500.000000	187500.000000	86820.411601	102479.373214	111813.953437	133659.117956	-0.048000	0.772000	0.578000	192.000000	0.000000	0.000000	0.000000	0.000000	0.000000	0.000000	0.000000	0.000000	0.000000	1733433157.289424	0.000000
27.000000	88353.651864	20036.282544	187500.000000	187500.000000	86809.682764	102474.411127	111811.628856	133671.836099	-0.048000	0.772000	0.578000	192.000000	0.000000	0.000000	0.000000	0.000000	0.000000	0.000000	0.000000	0.000000	0.000000	1733433157.293437	0.000000
28.000000	88347.639245	20029.018227	187500.000000	187500.000000	86801.144397	102472.511229	111801.682329	133667.097529	-0.048000	0.772000	0.578000	192.000000	0.000000	0.000000	0.000000	0.000000	0.000000	0.000000	0.000000	0.000000	0.000000	1733433157.297406	0.000000
29.000000	88343.772393	20025.330189	187500.000000	187500.000000	86795.958793	102454.451019	111781.945739	133668.215116	-0.048000	0.772000	0.578000	192.000000	0.000000	0.000000	0.000000	0.000000	0.000000	0.000000	0.000000	0.000000	0.000000	1733433157.300418	0.000000
30.000000	88345.269960	20028.750006	187500.000000	187500.000000	86790.147339	102455.456848	111776.447210	133674.294791	-0.048000	0.772000	0.578000	192.000000	0.000000	0.000000	0.000000	0.000000	0.000000	0.000000	0.000000	0.000000	0.000000	1733433157.305610	0.000000
31.000000	88346.275788	20026.000741	187500.000000	187500.000000	86785.989915	102461.089487	111776.268396	133645.014005	-0.048000	0.772000	0.578000	192.000000	0.000000	0.000000	0.000000	0.000000	0.000000	0.000000	0.000000	0.000000	0.000000	1733433157.309694	0.000000
32.000000	88354.054195	20035.723750	187500.000000	187500.000000	86795.377647	102460.128362	111797.614312	133644.678729	-0.048000	0.772000	0.578000	192.000000	0.000000	0.000000	0.000000	0.000000	0.000000	0.000000	0.000000	0.000000	0.000000	1733433157.313657	0.000000
33.000000	88360.267980	20040.663486	187500.000000	187500.000000	86795.467054	102454.495723	111785.298501	133647.964436	-0.048000	0.772000	0.578000	192.000000	0.000000	0.000000	0.000000	0.000000	0.000000	0.000000	0.000000	0.000000	0.000000	1733433157.317710	0.000000
34.000000	88358.032806	20043.725675	187500.000000	187500.000000	86788.046275	102458.340223	111778.458867	133635.849790	-0.048000	0.772000	0.578000	192.000000	0.000000	0.000000	0.000000	0.000000	0.000000	0.000000	0.000000	0.000000	0.000000	1733433157.321452	0.000000
35.000000	88351.573152	20035.254363	187500.000000	187500.000000	86794.461226	102469.694909	111786.304329	133645.393985	-0.044000	0.774000	0.578000	192.000000	254.000000	160.000000	24.000000	48.000000	18.000000	16.000000	0.000000	0.000000	0.000000	1733433157.325800	0.000000
36.000000	88349.427384	20028.794709	187500.000000	187500.000000	86787.442778	102454.205150	111787.354861	133636.788563	-0.044000	0.774000	0.578000	192.000000	0.000000	0.000000	0.000000	0.000000	0.000000	0.000000	0.000000	0.000000	0.000000	1733433157.328422	0.000000
37.000000	88352.176649	20041.781073	187500.000000	187500.000000	86783.508871	102448.617214	111779.352937	133642.912941	-0.044000	0.774000	0.578000	192.000000	0.000000	0.000000	0.000000	0.000000	0.000000	0.000000	0.000000	0.000000	0.000000	1733433157.333442	0.000000
38.000000	88348.801535	20026.470128	187500.000000	187500.000000	86782.614801	102450.315946	111777.140114	133643.516438	-0.044000	0.774000	0.578000	192.000000	0.000000	0.000000	0.000000	0.000000	0.000000	0.000000	0.000000	0.000000	0.000000	1733433157.337436	0.000000
39.000000	88345.024090	20016.992988	187500.000000	187500.000000	86778.882060	102456.730897	111764.064343	133650.870162	-0.044000	0.774000	0.578000	192.000000	0.000000	0.000000	0.000000	0.000000	0.000000	0.000000	0.000000	0.000000	0.000000	1733433157.341439	0.000000
40.000000	88348.198038	20015.115442	187500.000000	187500.000000	86774.925801	102460.307176	111763.997288	133660.168488	-0.044000	0.774000	0.578000	192.000000	0.000000	0.000000	0.000000	0.000000	0.000000	0.000000	0.000000	0.000000	0.000000	1733433157.345580	0.000000
41.000000	88350.589675	20020.546916	187500.000000	187500.000000	86789.901470	102445.622080	111773.876759	133623.533979	-0.044000	0.774000	0.578000	192.000000	0.000000	0.000000	0.000000	0.000000	0.000000	0.000000	0.000000	0.000000	0.000000	1733433157.349712	0.000000
42.000000	88346.186381	20023.005607	187500.000000	187500.000000	86795.399999	102441.934042	111778.525922	133623.042241	-0.044000	0.774000	0.578000	192.000000	0.000000	0.000000	0.000000	0.000000	0.000000	0.000000	0.000000	0.000000	0.000000	1733433157.353754	0.000000
43.000000	88353.294236	20021.664503	187500.000000	187500.000000	86797.992801	102453.534598	111784.270320	133662.783642	-0.044000	0.774000	0.578000	192.000000	0.000000	0.000000	0.000000	0.000000	0.000000	0.000000	0.000000	0.000000	0.000000	1733433157.356686	0.000000
44.000000	88349.807364	20014.109613	187500.000000	187500.000000	86799.691534	102453.601653	111779.017661	133653.284151	-0.044000	0.774000	0.578000	192.000000	0.000000	0.000000	0.000000	0.000000	0.000000	0.000000	0.000000	0.000000	0.000000	1733433157.360519	0.000000
45.000000	88341.984253	20007.471145	187500.000000	187500.000000	86799.512720	102456.105048	111785.522018	133668.550392	-0.046000	0.772000	0.574000	192.000000	254.000000	144.000000	24.000000	32.000000	17.000000	240.000000	0.000000	0.000000	0.000000	1733433157.365496	0.000000
46.000000	88338.363271	20012.857916	187500.000000	187500.000000	86805.145360	102446.829074	111773.988518	133635.782735	-0.046000	0.772000	0.574000	192.000000	0.000000	0.000000	0.000000	0.000000	0.000000	0.000000	0.000000	0.000000	0.000000	1733433157.369535	0.000000
47.000000	88338.989119	20008.007587	187500.000000	187500.000000	86805.502988	102439.922385	111768.802913	133619.465961	-0.046000	0.772000	0.574000	192.000000	0.000000	0.000000	0.000000	0.000000	0.000000	0.000000	0.000000	0.000000	0.000000	1733433157.373537	0.000000
48.000000	88337.335090	20000.542104	187500.000000	187500.000000	86804.586566	102442.023449	111769.249948	133636.095659	-0.046000	0.772000	0.574000	192.000000	0.000000	0.000000	0.000000	0.000000	0.000000	0.000000	0.000000	0.000000	0.000000	1733433157.377761	0.000000
49.000000	88335.882227	20001.726747	187500.000000	187500.000000	86800.116217	102443.789237	111767.908844	133647.383290	-0.046000	0.772000	0.574000	192.000000	0.000000	0.000000	0.000000	0.000000	0.000000	0.000000	0.000000	0.000000	0.000000	1733433157.381667	0.000000
50.000000	88336.955111	20007.247628	187500.000000	187500.000000	86794.707095	102447.209054	111770.523998	133652.010101	-0.046000	0.772000	0.574000	192.000000	0.000000	0.000000	0.000000	0.000000	0.000000	0.000000	0.000000	0.000000	0.000000	1733433157.384698	0.000000
51.000000	88345.158201	20020.032825	187500.000000	187500.000000	86794.707095	102445.689135	111760.443361	133636.050956	-0.046000	0.772000	0.574000	192.000000	0.000000	0.000000	0.000000	0.000000	0.000000	0.000000	0.000000	0.000000	0.000000	1733433157.389796	0.000000
52.000000	88340.553742	20004.923046	187500.000000	187500.000000	86779.820833	102427.964202	111741.176157	133634.151057	-0.046000	0.772000	0.574000	192.000000	0.000000	0.000000	0.000000	0.000000	0.000000	0.000000	0.000000	0.000000	0.000000	1733433157.393854	0.000000
53.000000	88347.035747	20011.695625	187500.000000	187500.000000	86783.754740	102428.008905	111754.475445	133641.482430	-0.046000	0.772000	0.574000	192.000000	0.000000	0.000000	0.000000	0.000000	0.000000	0.000000	0.000000	0.000000	0.000000	1733433157.397533	0.000000
54.000000	88347.795707	20011.226238	187500.000000	187500.000000	86791.846072	102430.177025	111761.158617	133630.485371	-0.046000	0.772000	0.574000	192.000000	0.000000	0.000000	0.000000	0.000000	0.000000	0.000000	0.000000	0.000000	0.000000	1733433157.401581	0.000000
55.000000	88346.029919	20008.678139	187500.000000	187500.000000	86789.767359	102422.152748	111757.090599	133634.016947	-0.044000	0.772000	0.566000	192.000000	254.000000	160.000000	24.000000	32.000000	17.000000	176.000000	0.000000	0.000000	0.000000	1733433157.405568	0.000000
56.000000	88350.097936	20009.460450	187500.000000	187500.000000	86787.398075	102427.561871	111755.973012	133636.118011	-0.044000	0.772000	0.566000	192.000000	0.000000	0.000000	0.000000	0.000000	0.000000	0.000000	0.000000	0.000000	0.000000	1733433157.408922	0.000000
57.000000	88344.800573	20005.794764	187500.000000	187500.000000	86780.580792	102419.962277	111753.089637	133657.262761	-0.044000	0.772000	0.566000	192.000000	0.000000	0.000000	0.000000	0.000000	0.000000	0.000000	0.000000	0.000000	0.000000	1733433157.412562	0.000000
58.000000	88342.431288	20004.990101	187500.000000	187500.000000	86777.049217	102411.558021	111746.361762	133666.337570	-0.044000	0.772000	0.566000	192.000000	0.000000	0.000000	0.000000	0.000000	0.000000	0.000000	0.000000	0.000000	0.000000	1733433157.417648	0.000000
59.000000	88344.510000	19995.870590	187500.000000	187500.000000	86781.161938	102420.811644	111734.694151	133639.135497	-0.044000	0.772000	0.566000	192.000000	0.000000	0.000000	0.000000	0.000000	0.000000	0.000000	0.000000	0.000000	0.000000	1733433157.421639	0.000000
60.000000	88344.465297	19996.138811	187500.000000	187500.000000	86783.195947	102442.738705	111744.327753	133622.394040	-0.044000	0.772000	0.566000	192.000000	0.000000	0.000000	0.000000	0.000000	0.000000	0.000000	0.000000	0.000000	0.000000	1733433157.425827	0.000000
61.000000	88339.056175	19991.981386	187500.000000	187500.000000	86776.088092	102440.503531	111744.931250	133625.679746	-0.044000	0.772000	0.566000	192.000000	0.000000	0.000000	0.000000	0.000000	0.000000	0.000000	0.000000	0.000000	0.000000	1733433157.429700	0.000000
62.000000	88339.413803	19998.128116	187500.000000	187500.000000	86781.944249	102437.083714	111745.601803	133618.929520	-0.044000	0.772000	0.566000	192.000000	0.000000	0.000000	0.000000	0.000000	0.000000	0.000000	0.000000	0.000000	0.000000	1733433157.432858	0.000000
63.000000	88338.095050	19991.690814	187500.000000	187500.000000	86784.738217	102420.431664	111742.405503	133609.653546	-0.044000	0.772000	0.566000	192.000000	0.000000	0.000000	0.000000	0.000000	0.000000	0.000000	0.000000	0.000000	0.000000	1733433157.436583	0.000000
64.000000	88343.414765	19994.261264	187500.000000	187500.000000	86793.857729	102438.871853	111743.120759	133631.535903	-0.044000	0.772000	0.566000	192.000000	0.000000	0.000000	0.000000	0.000000	0.000000	0.000000	0.000000	0.000000	0.000000	1733433157.440591	0.000000
65.000000	88344.688814	19997.502267	187500.000000	187500.000000	86797.121083	102450.405353	111746.987611	133635.648624	-0.048000	0.774000	0.576000	192.000000	254.000000	128.000000	24.000000	48.000000	18.000000	0.000000	0.000000	0.000000	0.000000	1733433157.444611	0.000000
66.000000	88344.465297	19991.891979	187500.000000	187500.000000	86796.964621	102426.556042	111752.441436	133647.137421	-0.048000	0.774000	0.576000	192.000000	0.000000	0.000000	0.000000	0.000000	0.000000	0.000000	0.000000	0.000000	0.000000	1733433157.449638	0.000000
67.000000	88345.337015	19991.400241	187500.000000	187500.000000	86797.970450	102436.547272	111762.432666	133659.788508	-0.048000	0.774000	0.576000	192.000000	0.000000	0.000000	0.000000	0.000000	0.000000	0.000000	0.000000	0.000000	0.000000	1733433157.453639	0.000000
68.000000	88333.535294	19976.335165	187500.000000	187500.000000	86793.902432	102432.188682	111750.876814	133621.164694	-0.048000	0.774000	0.576000	192.000000	0.000000	0.000000	0.000000	0.000000	0.000000	0.000000	0.000000	0.000000	0.000000	1733433157.457760	0.000000
69.000000	88333.222369	19978.458581	187500.000000	187500.000000	86793.678915	102426.690152	111747.904032	133653.999407	-0.048000	0.774000	0.576000	192.000000	0.000000	0.000000	0.000000	0.000000	0.000000	0.000000	0.000000	0.000000	0.000000	1733433157.460739	0.000000
70.000000	88340.777259	19998.061061	187500.000000	187500.000000	86795.154130	102434.490911	111754.564852	133677.759311	-0.048000	0.774000	0.576000	192.000000	0.000000	0.000000	0.000000	0.000000	0.000000	0.000000	0.000000	0.000000	0.000000	1733433157.464905	0.000000
71.000000	88333.043555	20001.950264	187500.000000	187500.000000	86798.328078	102442.090504	111740.125625	133623.489275	-0.048000	0.774000	0.576000	192.000000	0.000000	0.000000	0.000000	0.000000	0.000000	0.000000	0.000000	0.000000	0.000000	1733433157.468815	0.000000
72.000000	88334.071736	20000.363290	187500.000000	187500.000000	86802.798426	102439.877682	111732.213108	133613.609804	-0.048000	0.774000	0.576000	192.000000	0.000000	0.000000	0.000000	0.000000	0.000000	0.000000	0.000000	0.000000	0.000000	1733433157.473702	0.000000
73.000000	88325.645128	19966.768618	187500.000000	187500.000000	86789.834415	102424.209109	111728.346256	133629.703060	-0.048000	0.774000	0.576000	192.000000	0.000000	0.000000	0.000000	0.000000	0.000000	0.000000	0.000000	0.000000	0.000000	1733433157.477656	0.000000
74.000000	88334.831695	19969.048496	187500.000000	187500.000000	86799.669182	102417.369475	111742.025523	133640.498953	-0.048000	0.774000	0.576000	192.000000	0.000000	0.000000	0.000000	0.000000	0.000000	0.000000	0.000000	0.000000	0.000000	1733433157.481663	0.000000
75.000000	88341.000776	19988.025127	187500.000000	187500.000000	86802.954889	102414.307286	111740.684419	133624.048069	-0.048000	0.774000	0.576000	192.000000	0.000000	0.000000	0.000000	0.000000	0.000000	0.000000	0.000000	0.000000	0.000000	1733433157.485682	0.000000
76.000000	88335.949282	19983.264206	187500.000000	187500.000000	86800.965583	102412.563850	111736.884622	133620.941177	-0.052000	0.772000	0.582000	192.000000	254.000000	96.000000	24.000000	32.000000	18.000000	48.000000	0.000000	0.000000	0.000000	1733433157.488717	0.000000
77.000000	88334.116439	19976.603386	187500.000000	187500.000000	86789.007400	102409.211088	111731.699017	133633.301691	-0.052000	0.772000	0.582000	192.000000	0.000000	0.000000	0.000000	0.000000	0.000000	0.000000	0.000000	0.000000	0.000000	1733433157.492945	0.000000
78.000000	88330.987195	19973.876473	187500.000000	187500.000000	86779.932592	102407.624114	111728.837994	133630.105392	-0.052000	0.772000	0.582000	192.000000	0.000000	0.000000	0.000000	0.000000	0.000000	0.000000	0.000000	0.000000	0.000000	1733433157.497006	0.000000
79.000000	88328.774372	19975.284633	187500.000000	187500.000000	86776.535127	102410.462786	111727.072206	133625.657395	-0.052000	0.772000	0.582000	192.000000	0.000000	0.000000	0.000000	0.000000	0.000000	0.000000	0.000000	0.000000	0.000000	1733433157.500978	0.000000
80.000000	88330.718974	19976.782200	187500.000000	187500.000000	86778.837356	102405.187774	111722.490099	133646.712738	-0.052000	0.772000	0.582000	192.000000	0.000000	0.000000	0.000000	0.000000	0.000000	0.000000	0.000000	0.000000	0.000000	1733433157.505915	0.000000
81.000000	88336.753945	19978.682098	187500.000000	187500.000000	86782.078359	102413.592030	111723.674741	133616.537883	-0.052000	0.772000	0.582000	192.000000	0.000000	0.000000	0.000000	0.000000	0.000000	0.000000	0.000000	0.000000	0.000000	1733433157.509965	0.000000
82.000000	88333.378832	19977.788028	187500.000000	187500.000000	86781.854842	102416.274240	111722.423044	133611.173464	-0.052000	0.772000	0.582000	192.000000	0.000000	0.000000	0.000000	0.000000	0.000000	0.000000	0.000000	0.000000	0.000000	1733433157.513696	0.000000
83.000000	88335.077564	19977.452752	187500.000000	187500.000000	86798.998630	102448.058420	111740.796177	133589.760493	-0.052000	0.772000	0.582000	192.000000	0.000000	0.000000	0.000000	0.000000	0.000000	0.000000	0.000000	0.000000	0.000000	1733433157.516738	0.000000
84.000000	88334.407012	19988.494514	187500.000000	187500.000000	86799.132740	102431.562833	111745.914727	133600.735200	-0.052000	0.772000	0.582000	192.000000	0.000000	0.000000	0.000000	0.000000	0.000000	0.000000	0.000000	0.000000	0.000000	1733433157.520759	0.000000
85.000000	88342.677157	20003.581942	187500.000000	187500.000000	86789.946173	102405.053664	111745.914727	133612.961604	-0.052000	0.772000	0.582000	192.000000	0.000000	0.000000	0.000000	0.000000	0.000000	0.000000	0.000000	0.000000	0.000000	1733433157.524745	0.000000
86.000000	88346.655768	19992.160200	187500.000000	187500.000000	86781.743083	102413.524975	111746.026486	133621.879950	-0.048000	0.770000	0.580000	192.000000	254.000000	128.000000	24.000000	16.000000	18.000000	32.000000	0.000000	0.000000	0.000000	1733433157.528969	0.000000
87.000000	88347.572189	19983.465372	187500.000000	187500.000000	86785.811101	102416.497757	111743.098407	133633.681671	-0.048000	0.770000	0.580000	192.000000	0.000000	0.000000	0.000000	0.000000	0.000000	0.000000	0.000000	0.000000	0.000000	1733433157.534092	0.000000
88.000000	88340.598445	19972.982403	187500.000000	187500.000000	86782.592449	102402.684379	111739.812701	133662.738939	-0.048000	0.770000	0.580000	192.000000	0.000000	0.000000	0.000000	0.000000	0.000000	0.000000	0.000000	0.000000	0.000000	1733433157.537984	0.000000
89.000000	88335.122268	19967.394467	187500.000000	187500.000000	86778.166804	102404.092539	111738.181023	133644.298749	-0.048000	0.770000	0.580000	192.000000	0.000000	0.000000	0.000000	0.000000	0.000000	0.000000	0.000000	0.000000	0.000000	1733433157.540915	0.000000
90.000000	88328.304986	19964.041706	187500.000000	187500.000000	86772.243592	102405.254830	111724.948791	133589.402865	-0.048000	0.770000	0.580000	192.000000	0.000000	0.000000	0.000000	0.000000	0.000000	0.000000	0.000000	0.000000	0.000000	1733433157.545204	0.000000
91.000000	88319.923081	19960.621889	187500.000000	187500.000000	86769.606086	102386.389957	111719.159689	133592.465054	-0.048000	0.770000	0.580000	192.000000	0.000000	0.000000	0.000000	0.000000	0.000000	0.000000	0.000000	0.000000	0.000000	1733433157.548735	0.000000
92.000000	88311.138846	19954.944546	187500.000000	187500.000000	86764.711054	102389.407443	111725.462881	133618.013098	-0.048000	0.770000	0.580000	192.000000	0.000000	0.000000	0.000000	0.000000	0.000000	0.000000	0.000000	0.000000	0.000000	1733433157.552804	0.000000
93.000000	88304.120398	19949.289554	187500.000000	187500.000000	86763.615818	102389.899181	111726.803985	133616.426124	-0.048000	0.770000	0.580000	192.000000	0.000000	0.000000	0.000000	0.000000	0.000000	0.000000	0.000000	0.000000	0.000000	1733433157.556809	0.000000
94.000000	88300.879395	19946.070903	187500.000000	187500.000000	86751.903504	102378.030405	111717.148032	133639.582531	-0.048000	0.770000	0.580000	192.000000	0.000000	0.000000	0.000000	0.000000	0.000000	0.000000	0.000000	0.000000	0.000000	1733433157.561786	0.000000
95.000000	88307.942546	19967.215653	187500.000000	187500.000000	86759.212525	102384.043024	111719.182041	133624.293938	-0.048000	0.770000	0.580000	192.000000	0.000000	0.000000	0.000000	0.000000	0.000000	0.000000	0.000000	0.000000	0.000000	1733433157.565923	0.000000
96.000000	88315.564491	19969.249662	187500.000000	187500.000000	86778.591487	102399.309266	111729.843823	133571.163842	-0.054000	0.770000	0.572000	192.000000	254.000000	80.000000	24.000000	16.000000	17.000000	224.000000	0.000000	0.000000	0.000000	1733433157.569029	0.000000
97.000000	88319.185474	19958.744342	187500.000000	187500.000000	86777.339790	102390.815603	111726.803985	133581.713865	-0.054000	0.770000	0.572000	192.000000	0.000000	0.000000	0.000000	0.000000	0.000000	0.000000	0.000000	0.000000	0.000000	1733433157.573278	0.000000
98.000000	88319.073715	19957.403238	187500.000000	187500.000000	86776.244554	102393.229591	111725.664046	133577.511737	-0.054000	0.770000	0.572000	192.000000	0.000000	0.000000	0.000000	0.000000	0.000000	0.000000	0.000000	0.000000	0.000000	1733433157.577023	0.000000
99.000000	88327.187398	19969.540235	187500.000000	187500.000000	86782.190118	102396.515297	111735.454111	133609.497083	-0.054000	0.770000	0.572000	192.000000	0.000000	0.000000	0.000000	0.000000	0.000000	0.000000	0.000000	0.000000	0.000000	1733433157.581027	0.000000
100.000000	88319.721916	19964.868720	187500.000000	187500.000000	86775.730464	102381.517277	111724.434701	133627.244368	-0.054000	0.770000	0.572000	192.000000	0.000000	0.000000	0.000000	0.000000	0.000000	0.000000	0.000000	0.000000	0.000000	1733433157.584787	0.000000
101.000000	88319.207826	19960.063095	187500.000000	187500.000000	86786.481653	102392.290818	111731.833128	133611.240519	-0.054000	0.770000	0.572000	192.000000	0.000000	0.000000	0.000000	0.000000	0.000000	0.000000	0.000000	0.000000	0.000000	1733433157.588807	0.000000
102.000000	88319.833674	19959.973688	187500.000000	187500.000000	86795.511758	102407.557059	111741.019695	133593.940269	-0.054000	0.770000	0.572000	192.000000	0.000000	0.000000	0.000000	0.000000	0.000000	0.000000	0.000000	0.000000	0.000000	1733433157.593860	0.000000
103.000000	88320.414820	19966.276880	187500.000000	187500.000000	86792.136644	102399.778652	111729.687360	133586.966525	-0.054000	0.770000	0.572000	192.000000	0.000000	0.000000	0.000000	0.000000	0.000000	0.000000	0.000000	0.000000	0.000000	1733433157.596812	0.000000
104.000000	88315.832712	19957.447941	187500.000000	187500.000000	86789.968525	102399.733949	111709.928418	133581.803272	-0.054000	0.770000	0.572000	192.000000	0.000000	0.000000	0.000000	0.000000	0.000000	0.000000	0.000000	0.000000	0.000000	1733433157.600861	0.000000
105.000000	88314.290442	19955.279822	187500.000000	187500.000000	86788.470958	102397.096443	111716.253962	133599.349391	-0.054000	0.770000	0.572000	192.000000	0.000000	0.000000	0.000000	0.000000	0.000000	0.000000	0.000000	0.000000	0.000000	1733433157.605003	0.000000
106.000000	88314.715125	19954.586918	187500.000000	187500.000000	86786.883984	102401.432681	111730.402616	133602.143359	-0.050000	0.774000	0.572000	192.000000	254.000000	112.000000	24.000000	48.000000	17.000000	224.000000	0.000000	0.000000	0.000000	1733433157.609025	0.000000
107.000000	88318.514921	19958.610232	187500.000000	187500.000000	86790.572022	102396.895277	111736.996381	133609.966470	-0.050000	0.774000	0.572000	192.000000	0.000000	0.000000	0.000000	0.000000	0.000000	0.000000	0.000000	0.000000	0.000000	1733433157.612979	0.000000
108.000000	88321.420648	19962.700601	187500.000000	187500.000000	86790.348505	102388.580428	111736.661105	133611.017002	-0.050000	0.774000	0.572000	192.000000	0.000000	0.000000	0.000000	0.000000	0.000000	0.000000	0.000000	0.000000	0.000000	1733433157.617016	0.000000
109.000000	88317.509093	19963.125284	187500.000000	187500.000000	86790.929650	102406.104196	111743.098407	133595.862519	-0.050000	0.774000	0.572000	192.000000	0.000000	0.000000	0.000000	0.000000	0.000000	0.000000	0.000000	0.000000	0.000000	1733433157.621893	0.000000
110.000000	88314.670421	19962.655897	187500.000000	187500.000000	86795.198833	102409.591068	111735.789387	133589.626383	-0.050000	0.774000	0.572000	192.000000	0.000000	0.000000	0.000000	0.000000	0.000000	0.000000	0.000000	0.000000	0.000000	1733433157.625107	0.000000
111.000000	88314.022221	19965.561624	187500.000000	187500.000000	86795.020019	102390.502678	111735.252945	133593.426179	-0.050000	0.774000	0.572000	192.000000	0.000000	0.000000	0.000000	0.000000	0.000000	0.000000	0.000000	0.000000	0.000000	1733433157.628898	0.000000
112.000000	88305.662668	19964.712258	187500.000000	187500.000000	86785.140548	102383.014844	111736.906974	133597.136569	-0.050000	0.774000	0.572000	192.000000	0.000000	0.000000	0.000000	0.000000	0.000000	0.000000	0.000000	0.000000	0.000000	1733433157.632915	0.000000
113.000000	88304.075695	19949.848348	187500.000000	187500.000000	86789.409732	102387.373434	111738.315134	133598.164749	-0.050000	0.774000	0.572000	192.000000	0.000000	0.000000	0.000000	0.000000	0.000000	0.000000	0.000000	0.000000	0.000000	1733433157.636961	0.000000
114.000000	88296.274936	19938.650124	187500.000000	187500.000000	86788.873290	102392.939018	111729.977933	133587.748836	-0.050000	0.774000	0.572000	192.000000	0.000000	0.000000	0.000000	0.000000	0.000000	0.000000	0.000000	0.000000	0.000000	1733433157.640975	0.000000
115.000000	88299.203014	19944.886261	187500.000000	187500.000000	86789.499139	102386.166440	111739.298611	133609.340621	-0.050000	0.774000	0.572000	192.000000	0.000000	0.000000	0.000000	0.000000	0.000000	0.000000	0.000000	0.000000	0.000000	1733433157.645109	0.000000
116.000000	88308.657802	19949.691886	187500.000000	187500.000000	86793.969487	102376.376376	111727.407483	133610.100580	-0.038000	0.774000	0.576000	192.000000	254.000000	208.000000	24.000000	48.000000	18.000000	0.000000	0.000000	0.000000	0.000000	1733433157.650115	0.000000
117.000000	88319.364288	19956.330354	187500.000000	187500.000000	86789.342676	102384.244190	111727.094558	133600.511682	-0.038000	0.774000	0.576000	192.000000	0.000000	0.000000	0.000000	0.000000	0.000000	0.000000	0.000000	0.000000	0.000000	1733433157.652902	0.000000
118.000000	88313.262262	19949.893051	187500.000000	187500.000000	86782.614801	102379.237399	111718.645599	133577.958772	-0.038000	0.774000	0.576000	192.000000	0.000000	0.000000	0.000000	0.000000	0.000000	0.000000	0.000000	0.000000	0.000000	1733433157.656922	0.000000
119.000000	88310.200073	19958.140845	187500.000000	187500.000000	86790.773188	102372.978911	111723.361817	133572.817871	-0.038000	0.774000	0.576000	192.000000	0.000000	0.000000	0.000000	0.000000	0.000000	0.000000	0.000000	0.000000	0.000000	1733433157.660916	0.000000
120.000000	88313.441075	19960.197206	187500.000000	187500.000000	86798.752761	102379.058585	111729.508547	133602.500987	-0.038000	0.774000	0.576000	192.000000	0.000000	0.000000	0.000000	0.000000	0.000000	0.000000	0.000000	0.000000	0.000000	1733433157.664976	0.000000
121.000000	88308.099009	19940.661781	187500.000000	187500.000000	86802.217281	102393.497812	111729.866174	133602.009249	-0.038000	0.774000	0.576000	192.000000	0.000000	0.000000	0.000000	0.000000	0.000000	0.000000	0.000000	0.000000	0.000000	1733433157.669144	0.000000
122.000000	88305.662668	19936.280839	187500.000000	187500.000000	86817.930557	102392.290818	111736.392884	133604.132665	-0.038000	0.774000	0.576000	192.000000	0.000000	0.000000	0.000000	0.000000	0.000000	0.000000	0.000000	0.000000	0.000000	1733433157.673095	0.000000
123.000000	88302.533424	19938.448958	187500.000000	187500.000000	86811.068572	102384.333597	111728.010980	133584.016095	-0.038000	0.774000	0.576000	192.000000	0.000000	0.000000	0.000000	0.000000	0.000000	0.000000	0.000000	0.000000	0.000000	1733433157.677112	0.000000
124.000000	88290.262316	19928.882412	187500.000000	187500.000000	86796.674049	102370.073184	111718.824413	133601.472807	-0.038000	0.774000	0.576000	192.000000	0.000000	0.000000	0.000000	0.000000	0.000000	0.000000	0.000000	0.000000	0.000000	1733433157.680271	0.000000
125.000000	88293.995058	19938.270144	187500.000000	187500.000000	86807.000554	102390.033292	111740.505605	133595.951926	-0.038000	0.774000	0.576000	192.000000	0.000000	0.000000	0.000000	0.000000	0.000000	0.000000	0.000000	0.000000	0.000000	1733433157.684222	0.000000
126.000000	88294.799721	19944.886261	187500.000000	187500.000000	86804.720677	102405.880678	111749.960393	133582.049141	-0.044000	0.772000	0.572000	192.000000	254.000000	160.000000	24.000000	32.000000	17.000000	224.000000	0.000000	0.000000	0.000000	1733433157.689047	0.000000
127.000000	88290.865814	19932.525746	187500.000000	187500.000000	86796.294069	102397.901106	111755.660088	133578.785786	-0.044000	0.772000	0.572000	192.000000	0.000000	0.000000	0.000000	0.000000	0.000000	0.000000	0.000000	0.000000	0.000000	1733433157.692998	0.000000
128.000000	88287.133072	19924.300304	187500.000000	187500.000000	86792.673086	102368.217989	111743.500739	133586.743008	-0.044000	0.772000	0.572000	192.000000	0.000000	0.000000	0.000000	0.000000	0.000000	0.000000	0.000000	0.000000	0.000000	1733433157.697025	0.000000
129.000000	88296.721971	19937.331371	187500.000000	187500.000000	86797.165787	102375.035271	111737.979858	133604.110313	-0.044000	0.772000	0.572000	192.000000	0.000000	0.000000	0.000000	0.000000	0.000000	0.000000	0.000000	0.000000	0.000000	1733433157.701045	0.000000
130.000000	88297.191357	19941.175871	187500.000000	187500.000000	86796.808159	102385.607646	111746.384114	133611.866368	-0.044000	0.772000	0.572000	192.000000	0.000000	0.000000	0.000000	0.000000	0.000000	0.000000	0.000000	0.000000	0.000000	1733433157.704122	0.000000
131.000000	88298.621869	19939.655952	187500.000000	187500.000000	86794.260060	102376.175210	111745.847672	133605.674935	-0.044000	0.772000	0.572000	192.000000	0.000000	0.000000	0.000000	0.000000	0.000000	0.000000	0.000000	0.000000	0.000000	1733433157.708234	0.000000
132.000000	88296.587860	19941.354685	187500.000000	187500.000000	86796.651697	102370.006129	111737.331657	133596.801293	-0.044000	0.772000	0.572000	192.000000	0.000000	0.000000	0.000000	0.000000	0.000000	0.000000	0.000000	0.000000	0.000000	1733433157.712341	0.000000
133.000000	88288.697694	19932.257525	187500.000000	187500.000000	86782.637153	102368.106230	111732.391922	133583.412598	-0.044000	0.772000	0.572000	192.000000	0.000000	0.000000	0.000000	0.000000	0.000000	0.000000	0.000000	0.000000	0.000000	1733433157.717046	0.000000
134.000000	88293.570375	19935.319714	187500.000000	187500.000000	86769.829603	102364.373489	111729.866174	133598.656487	-0.044000	0.772000	0.572000	192.000000	0.000000	0.000000	0.000000	0.000000	0.000000	0.000000	0.000000	0.000000	0.000000	1733433157.720996	0.000000
135.000000	88283.936773	19932.771615	187500.000000	187500.000000	86757.491440	102361.713631	111718.958523	133597.717714	-0.044000	0.772000	0.572000	192.000000	0.000000	0.000000	0.000000	0.000000	0.000000	0.000000	0.000000	0.000000	0.000000	1733433157.725276	0.000000
136.000000	88292.318677	19943.120473	187500.000000	187500.000000	86762.386473	102374.767050	111726.669875	133570.470938	-0.040000	0.766000	0.570000	192.000000	254.000000	192.000000	23.000000	240.000000	17.000000	208.000000	0.000000	0.000000	0.000000	1733433157.729080	0.000000
137.000000	88288.988267	19924.434414	187500.000000	187500.000000	86768.868478	102369.268521	111730.782596	133573.019036	-0.040000	0.766000	0.570000	192.000000	0.000000	0.000000	0.000000	0.000000	0.000000	0.000000	0.000000	0.000000	0.000000	1733433157.732034	0.000000
138.000000	88285.411988	19924.859098	187500.000000	187500.000000	86778.815005	102371.816620	111719.338503	133563.832469	-0.040000	0.766000	0.570000	192.000000	0.000000	0.000000	0.000000	0.000000	0.000000	0.000000	0.000000	0.000000	0.000000	1733433157.736225	0.000000
139.000000	88284.383808	19923.227420	187500.000000	187500.000000	86784.291182	102386.568771	111723.093596	133561.284371	-0.040000	0.766000	0.570000	192.000000	0.000000	0.000000	0.000000	0.000000	0.000000	0.000000	0.000000	0.000000	0.000000	1733433157.740214	0.000000
140.000000	88281.701598	19921.416929	187500.000000	187500.000000	86779.731426	102391.799079	111738.940983	133579.970429	-0.040000	0.766000	0.570000	192.000000	0.000000	0.000000	0.000000	0.000000	0.000000	0.000000	0.000000	0.000000	0.000000	1733433157.745428	0.000000
141.000000	88288.965915	19920.902839	187500.000000	187500.000000	86793.500101	102379.662082	111753.782541	133619.264796	-0.040000	0.766000	0.570000	192.000000	0.000000	0.000000	0.000000	0.000000	0.000000	0.000000	0.000000	0.000000	0.000000	1733433157.749426	0.000000
142.000000	88281.053398	19913.705577	187500.000000	187500.000000	86787.599240	102398.683417	111758.252890	133613.721563	-0.040000	0.766000	0.570000	192.000000	0.000000	0.000000	0.000000	0.000000	0.000000	0.000000	0.000000	0.000000	0.000000	1733433157.753097	0.000000
143.000000	88271.263334	19910.106946	187500.000000	187500.000000	86781.407807	102375.929341	111736.214070	133611.933424	-0.040000	0.766000	0.570000	192.000000	0.000000	0.000000	0.000000	0.000000	0.000000	0.000000	0.000000	0.000000	0.000000	1733433157.757077	0.000000
144.000000	88275.443110	19915.806641	187500.000000	187500.000000	86781.072531	102360.506637	111732.637791	133577.802310	-0.040000	0.766000	0.570000	192.000000	0.000000	0.000000	0.000000	0.000000	0.000000	0.000000	0.000000	0.000000	0.000000	1733433157.760147	0.000000
145.000000	88271.509203	19913.459708	187500.000000	187500.000000	86780.066702	102368.039175	111745.870023	133570.828565	-0.040000	0.766000	0.570000	192.000000	0.000000	0.000000	0.000000	0.000000	0.000000	0.000000	0.000000	0.000000	0.000000	1733433157.764094	0.000000
146.000000	88268.558773	19914.644350	187500.000000	187500.000000	86777.920935	102361.914797	111731.140224	133565.486499	-0.040000	0.770000	0.574000	192.000000	254.000000	192.000000	24.000000	16.000000	17.000000	240.000000	0.000000	0.000000	0.000000	1733433157.768171	0.000000
147.000000	88267.016502	19916.901877	187500.000000	187500.000000	86771.193060	102346.357983	111712.543572	133568.951019	-0.040000	0.770000	0.574000	192.000000	0.000000	0.000000	0.000000	0.000000	0.000000	0.000000	0.000000	0.000000	0.000000	1733433157.773243	0.000000
148.000000	88260.735662	19903.870810	187500.000000	187500.000000	86770.589563	102336.746733	111709.727253	133560.055025	-0.040000	0.770000	0.574000	192.000000	0.000000	0.000000	0.000000	0.000000	0.000000	0.000000	0.000000	0.000000	0.000000	1733433157.777308	0.000000
149.000000	88267.664703	19920.589914	187500.000000	187500.000000	86785.207604	102348.324936	111728.547422	133572.348484	-0.040000	0.770000	0.574000	192.000000	0.000000	0.000000	0.000000	0.000000	0.000000	0.000000	0.000000	0.000000	0.000000	1733433157.781266	0.000000
150.000000	88269.072863	19929.910592	187500.000000	187500.000000	86788.314496	102355.633957	111731.162576	133581.691513	-0.040000	0.770000	0.574000	192.000000	0.000000	0.000000	0.000000	0.000000	0.000000	0.000000	0.000000	0.000000	0.000000	1733433157.785438	0.000000
151.000000	88270.592781	19919.114699	187500.000000	187500.000000	86786.548708	102362.071259	111734.291820	133605.004383	-0.040000	0.770000	0.574000	192.000000	0.000000	0.000000	0.000000	0.000000	0.000000	0.000000	0.000000	0.000000	0.000000	1733433157.788292	0.000000
152.000000	88268.849345	19912.386824	187500.000000	187500.000000	86778.680894	102360.350175	111721.707788	133559.630341	-0.040000	0.770000	0.574000	192.000000	0.000000	0.000000	0.000000	0.000000	0.000000	0.000000	0.000000	0.000000	0.000000	1733433157.792380	0.000000
153.000000	88259.461613	19897.388804	187500.000000	187500.000000	86786.235784	102370.117887	111718.042102	133533.881132	-0.040000	0.770000	0.574000	192.000000	0.000000	0.000000	0.000000	0.000000	0.000000	0.000000	0.000000	0.000000	0.000000	1733433157.796128	0.000000
154.000000	88265.161307	19898.796964	187500.000000	187500.000000	86791.197871	102349.598986	111723.473576	133553.304798	-0.040000	0.770000	0.574000	192.000000	0.000000	0.000000	0.000000	0.000000	0.000000	0.000000	0.000000	0.000000	0.000000	1733433157.800195	0.000000
155.000000	88267.128261	19905.033100	187500.000000	187500.000000	86785.811101	102346.447390	111720.523145	133570.426234	-0.040000	0.770000	0.574000	192.000000	0.000000	0.000000	0.000000	0.000000	0.000000	0.000000	0.000000	0.000000	0.000000	1733433157.805173	0.000000
156.000000	88259.506316	19894.371318	187500.000000	187500.000000	86782.927726	102345.218044	111719.427910	133568.526336	-0.040000	0.772000	0.578000	192.000000	254.000000	192.000000	24.000000	32.000000	18.000000	16.000000	0.000000	0.000000	0.000000	1733433157.809430	0.000000
157.000000	88255.326540	19887.464629	187500.000000	187500.000000	86779.932592	102353.443486	111722.758320	133579.813967	-0.040000	0.772000	0.578000	192.000000	0.000000	0.000000	0.000000	0.000000	0.000000	0.000000	0.000000	0.000000	0.000000	1733433157.812303	0.000000
158.000000	88247.659892	19881.161437	187500.000000	187500.000000	86772.221240	102350.604814	111716.902163	133617.253139	-0.040000	0.772000	0.578000	192.000000	0.000000	0.000000	0.000000	0.000000	0.000000	0.000000	0.000000	0.000000	0.000000	1733433157.816301	0.000000
159.000000	88245.782345	19890.102135	187500.000000	187500.000000	86766.409787	102343.072276	111704.943979	133577.936420	-0.040000	0.772000	0.578000	192.000000	0.000000	0.000000	0.000000	0.000000	0.000000	0.000000	0.000000	0.000000	0.000000	1733433157.820505	0.000000
160.000000	88244.485944	19892.516123	187500.000000	187500.000000	86771.103653	102336.970250	111697.210276	133526.415649	-0.040000	0.772000	0.578000	192.000000	0.000000	0.000000	0.000000	0.000000	0.000000	0.000000	0.000000	0.000000	0.000000	1733433157.824251	0.000000
161.000000	88243.144839	19885.385917	187500.000000	187500.000000	86768.108519	102338.490169	111714.354064	133551.471955	-0.040000	0.772000	0.578000	192.000000	0.000000	0.000000	0.000000	0.000000	0.000000	0.000000	0.000000	0.000000	0.000000	1733433157.828168	0.000000
162.000000	88246.274083	19885.430620	187500.000000	187500.000000	86764.554592	102339.093666	111728.301552	133569.286295	-0.040000	0.772000	0.578000	192.000000	0.000000	0.000000	0.000000	0.000000	0.000000	0.000000	0.000000	0.000000	0.000000	1733433157.833192	0.000000
163.000000	88248.464554	19892.024385	187500.000000	187500.000000	86771.327170	102340.725343	111719.338503	133559.630341	-0.040000	0.772000	0.578000	192.000000	0.000000	0.000000	0.000000	0.000000	0.000000	0.000000	0.000000	0.000000	0.000000	1733433157.837177	0.000000
164.000000	88247.458726	19881.452010	187500.000000	187500.000000	86774.590525	102335.025648	111719.047930	133558.535106	-0.040000	0.772000	0.578000	192.000000	0.000000	0.000000	0.000000	0.000000	0.000000	0.000000	0.000000	0.000000	0.000000	1733433157.840205	0.000000
165.000000	88246.341139	19874.478266	187500.000000	187500.000000	86768.466147	102331.717590	111716.723349	133551.449603	-0.040000	0.772000	0.578000	192.000000	0.000000	0.000000	0.000000	0.000000	0.000000	0.000000	0.000000	0.000000	0.000000	1733433157.844222	0.000000
166.000000	88246.005862	19873.852417	187500.000000	187500.000000	86770.500156	102331.002334	111714.242305	133559.317417	-0.040000	0.774000	0.578000	192.000000	254.000000	192.000000	24.000000	48.000000	18.000000	16.000000	0.000000	0.000000	0.000000	1733433157.848253	0.000000
167.000000	88244.776517	19877.585158	187500.000000	187500.000000	86764.062853	102327.761332	111704.452241	133566.849955	-0.040000	0.774000	0.578000	192.000000	0.000000	0.000000	0.000000	0.000000	0.000000	0.000000	0.000000	0.000000	0.000000	1733433157.852447	0.000000
168.000000	88245.670586	19879.395649	187500.000000	187500.000000	86757.491440	102340.278308	111710.978950	133581.490348	-0.040000	0.774000	0.578000	192.000000	0.000000	0.000000	0.000000	0.000000	0.000000	0.000000	0.000000	0.000000	0.000000	1733433157.856438	0.000000
169.000000	88248.688072	19883.776591	187500.000000	187500.000000	86760.151298	102336.210291	111713.012959	133566.335865	-0.040000	0.774000	0.578000	192.000000	0.000000	0.000000	0.000000	0.000000	0.000000	0.000000	0.000000	0.000000	0.000000	1733433157.860481	0.000000
170.000000	88252.644331	19892.225551	187500.000000	187500.000000	86772.780034	102348.682564	111714.979913	133537.055080	-0.040000	0.774000	0.578000	192.000000	0.000000	0.000000	0.000000	0.000000	0.000000	0.000000	0.000000	0.000000	0.000000	1733433157.865480	0.000000
171.000000	88250.677377	19882.971928	187500.000000	187500.000000	86780.066702	102335.472683	111710.353102	133539.290254	-0.040000	0.774000	0.578000	192.000000	0.000000	0.000000	0.000000	0.000000	0.000000	0.000000	0.000000	0.000000	0.000000	1733433157.868276	0.000000
172.000000	88246.274083	19876.646385	187500.000000	187500.000000	86759.525449	102328.476587	111704.139317	133536.742155	-0.040000	0.774000	0.578000	192.000000	0.000000	0.000000	0.000000	0.000000	0.000000	0.000000	0.000000	0.000000	0.000000	1733433157.872274	0.000000
173.000000	88243.077784	19871.572539	187500.000000	187500.000000	86762.565286	102328.945974	111710.375453	133548.208600	-0.040000	0.774000	0.578000	192.000000	0.000000	0.000000	0.000000	0.000000	0.000000	0.000000	0.000000	0.000000	0.000000	1733433157.876280	0.000000
174.000000	88257.069976	19877.428696	187500.000000	187500.000000	86776.132795	102342.222910	111721.216049	133586.631249	-0.040000	0.774000	0.578000	192.000000	0.000000	0.000000	0.000000	0.000000	0.000000	0.000000	0.000000	0.000000	0.000000	1733433157.880298	0.000000
175.000000	88250.744432	19868.443295	187500.000000	187500.000000	86757.759661	102340.546529	111714.756395	133577.690551	-0.040000	0.774000	0.578000	192.000000	0.000000	0.000000	0.000000	0.000000	0.000000	0.000000	0.000000	0.000000	0.000000	1733433157.884323	0.000000
176.000000	88237.668662	19861.089571	187500.000000	187500.000000	86752.194077	102323.223927	111697.612607	133562.848993	-0.048000	0.768000	0.574000	192.000000	254.000000	128.000000	24.000000	0.000000	17.000000	240.000000	0.000000	0.000000	0.000000	1733433157.888530	0.000000
177.000000	88234.941749	19861.626013	187500.000000	187500.000000	86745.354443	102311.690427	111683.754526	133550.153202	-0.048000	0.768000	0.574000	192.000000	0.000000	0.000000	0.000000	0.000000	0.000000	0.000000	0.000000	0.000000	0.000000	1733433157.893344	0.000000
178.000000	88235.321729	19871.393725	187500.000000	187500.000000	86745.242685	102317.323067	111688.336633	133532.227103	-0.048000	0.768000	0.574000	192.000000	0.000000	0.000000	0.000000	0.000000	0.000000	0.000000	0.000000	0.000000	0.000000	1733433157.896501	0.000000
179.000000	88240.753203	19877.160475	187500.000000	187500.000000	86757.357330	102334.690372	111713.705863	133549.952036	-0.048000	0.768000	0.574000	192.000000	0.000000	0.000000	0.000000	0.000000	0.000000	0.000000	0.000000	0.000000	0.000000	1733433157.900553	0.000000
180.000000	88243.033080	19873.405382	187500.000000	187500.000000	86774.031731	102341.664117	111726.803985	133533.076469	-0.048000	0.768000	0.574000	192.000000	0.000000	0.000000	0.000000	0.000000	0.000000	0.000000	0.000000	0.000000	0.000000	1733433157.904306	0.000000
181.000000	88239.903836	19866.699859	187500.000000	187500.000000	86777.853880	102328.677753	111722.691264	133541.033690	-0.048000	0.768000	0.574000	192.000000	0.000000	0.000000	0.000000	0.000000	0.000000	0.000000	0.000000	0.000000	0.000000	1733433157.908562	0.000000
182.000000	88236.238150	19865.761085	187500.000000	187500.000000	86760.754795	102341.954689	111705.145145	133551.851934	-0.048000	0.768000	0.574000	192.000000	0.000000	0.000000	0.000000	0.000000	0.000000	0.000000	0.000000	0.000000	0.000000	1733433157.912311	0.000000
183.000000	88226.895121	19861.044867	187500.000000	187500.000000	86742.359309	102329.393009	111695.377433	133560.323246	-0.048000	0.768000	0.574000	192.000000	0.000000	0.000000	0.000000	0.000000	0.000000	0.000000	0.000000	0.000000	0.000000	1733433157.917323	0.000000
184.000000	88224.347022	19867.035135	187500.000000	187500.000000	86751.590580	102326.621393	111704.429889	133545.034652	-0.048000	0.768000	0.574000	192.000000	0.000000	0.000000	0.000000	0.000000	0.000000	0.000000	0.000000	0.000000	0.000000	1733433157.920339	0.000000
185.000000	88227.722136	19878.546283	187500.000000	187500.000000	86745.265036	102319.804111	111705.346311	133540.474896	-0.048000	0.768000	0.574000	192.000000	0.000000	0.000000	0.000000	0.000000	0.000000	0.000000	0.000000	0.000000	0.000000	1733433157.923324	0.000000
186.000000	88230.739621	19873.360678	187500.000000	187500.000000	86737.531333	102317.256012	111711.627151	133546.889847	-0.052000	0.770000	0.574000	192.000000	254.000000	96.000000	24.000000	16.000000	17.000000	240.000000	0.000000	0.000000	0.000000	1733433157.928682	0.000000
187.000000	88226.559845	19867.169245	187500.000000	187500.000000	86730.088202	102316.876032	111706.240381	133550.332016	-0.052000	0.770000	0.574000	192.000000	0.000000	0.000000	0.000000	0.000000	0.000000	0.000000	0.000000	0.000000	0.000000	1733433157.932556	0.000000
188.000000	88228.459743	19857.557995	187500.000000	187500.000000	86730.848161	102307.465948	111701.814735	133567.252286	-0.052000	0.770000	0.574000	192.000000	0.000000	0.000000	0.000000	0.000000	0.000000	0.000000	0.000000	0.000000	0.000000	1733433157.936646	0.000000
189.000000	88226.604548	19855.211062	187500.000000	187500.000000	86728.858856	102320.228794	111704.921628	133567.229935	-0.052000	0.770000	0.574000	192.000000	0.000000	0.000000	0.000000	0.000000	0.000000	0.000000	0.000000	0.000000	0.000000	1733433157.940642	0.000000
190.000000	88219.541397	19848.013800	187500.000000	187500.000000	86728.523580	102317.077198	111702.708805	133528.606120	-0.052000	0.770000	0.574000	192.000000	0.000000	0.000000	0.000000	0.000000	0.000000	0.000000	0.000000	0.000000	0.000000	1733433157.944514	0.000000
191.000000	88217.976775	19845.666867	187500.000000	187500.000000	86726.578978	102309.969343	111698.327863	133519.888940	-0.052000	0.770000	0.574000	192.000000	0.000000	0.000000	0.000000	0.000000	0.000000	0.000000	0.000000	0.000000	0.000000	1733433157.948436	0.000000
192.000000	88210.399534	19837.642591	187500.000000	187500.000000	86721.169856	102310.505785	111693.298721	133525.990966	-0.052000	0.770000	0.574000	192.000000	0.000000	0.000000	0.000000	0.000000	0.000000	0.000000	0.000000	0.000000	0.000000	1733433157.951446	0.000000
193.000000	88211.964156	19846.806806	187500.000000	187500.000000	86722.086277	102313.366808	111700.294817	133542.039519	-0.052000	0.770000	0.574000	192.000000	0.000000	0.000000	0.000000	0.000000	0.000000	0.000000	0.000000	0.000000	0.000000	1733433157.956415	0.000000
194.000000	88223.095324	19861.290736	187500.000000	187500.000000	86729.529408	102323.626259	111724.032369	133580.149243	-0.052000	0.770000	0.574000	192.000000	0.000000	0.000000	0.000000	0.000000	0.000000	0.000000	0.000000	0.000000	0.000000	1733433157.960407	0.000000
195.000000	88228.124467	19859.010858	187500.000000	187500.000000	86730.334071	102329.683582	111714.197602	133561.664350	-0.052000	0.770000	0.574000	192.000000	0.000000	0.000000	0.000000	0.000000	0.000000	0.000000	0.000000	0.000000	0.000000	1733433157.964436	0.000000
196.000000	88229.353813	19855.814559	187500.000000	187500.000000	86727.763620	102331.471721	111706.262732	133524.135771	-0.048000	0.774000	0.574000	192.000000	254.000000	128.000000	24.000000	48.000000	17.000000	240.000000	0.000000	0.000000	0.000000	1733433157.968458	0.000000
197.000000	88230.896083	19862.743600	187500.000000	187500.000000	86725.349632	102338.691335	111718.399730	133549.482650	-0.048000	0.774000	0.574000	192.000000	0.000000	0.000000	0.000000	0.000000	0.000000	0.000000	0.000000	0.000000	0.000000	1733433157.972559	0.000000
198.000000	88223.207083	19844.661038	187500.000000	187500.000000	86711.916234	102325.749675	111707.514430	133543.112402	-0.048000	0.774000	0.574000	192.000000	0.000000	0.000000	0.000000	0.000000	0.000000	0.000000	0.000000	0.000000	0.000000	1733433157.976564	0.000000
199.000000	88221.061316	19839.900117	187500.000000	187500.000000	86712.340917	102321.905174	111708.028520	133538.731460	-0.048000	0.774000	0.574000	192.000000	0.000000	0.000000	0.000000	0.000000	0.000000	0.000000	0.000000	0.000000	0.000000	1733433157.979557	0.000000
200.000000	88212.299432	19835.586230	187500.000000	187500.000000	86707.691754	102327.895442	111705.726290	133561.373778	-0.048000	0.774000	0.574000	192.000000	0.000000	0.000000	0.000000	0.000000	0.000000	0.000000	0.000000	0.000000	0.000000	1733433157.983720	0.000000
201.000000	88205.750371	19827.874878	187500.000000	187500.000000	86697.968745	102317.054846	111691.756450	133549.862629	-0.048000	0.774000	0.574000	192.000000	0.000000	0.000000	0.000000	0.000000	0.000000	0.000000	0.000000	0.000000	0.000000	1733433157.988479	0.000000
202.000000	88206.599737	19827.137271	187500.000000	187500.000000	86695.442998	102309.209384	111692.516409	133511.216463	-0.048000	0.774000	0.574000	192.000000	0.000000	0.000000	0.000000	0.000000	0.000000	0.000000	0.000000	0.000000	0.000000	1733433157.992713	0.000000
203.000000	88207.516159	19832.009951	187500.000000	187500.000000	86696.806454	102319.558241	111697.389090	133524.806324	-0.048000	0.774000	0.574000	192.000000	0.000000	0.000000	0.000000	0.000000	0.000000	0.000000	0.000000	0.000000	0.000000	1733433157.996410	0.000000
204.000000	88201.838815	19823.538640	187500.000000	187500.000000	86692.514919	102317.211308	111690.214180	133532.361213	-0.048000	0.774000	0.574000	192.000000	0.000000	0.000000	0.000000	0.000000	0.000000	0.000000	0.000000	0.000000	0.000000	1733433158.000472	0.000000
205.000000	88198.396647	19817.011931	187500.000000	187500.000000	86695.733571	102333.125750	111696.517372	133528.606120	-0.048000	0.774000	0.574000	192.000000	0.000000	0.000000	0.000000	0.000000	0.000000	0.000000	0.000000	0.000000	0.000000	1733433158.004463	0.000000
206.000000	88212.701763	19831.048826	187500.000000	187500.000000	86717.280652	102356.192750	111712.834145	133538.351481	-0.052000	0.772000	0.572000	192.000000	254.000000	96.000000	24.000000	32.000000	17.000000	224.000000	0.000000	0.000000	0.000000	1733433158.007452	0.000000
207.000000	88214.847531	19835.139195	187500.000000	187500.000000	86723.293271	102353.599948	111716.075148	133540.027862	-0.052000	0.772000	0.572000	192.000000	0.000000	0.000000	0.000000	0.000000	0.000000	0.000000	0.000000	0.000000	0.000000	1733433158.012724	0.000000
208.000000	88210.019554	19825.907925	187500.000000	187500.000000	86711.983289	102351.163608	111717.662122	133555.696434	-0.052000	0.772000	0.572000	192.000000	0.000000	0.000000	0.000000	0.000000	0.000000	0.000000	0.000000	0.000000	0.000000	1733433158.016703	0.000000
209.000000	88203.671658	19820.834079	187500.000000	187500.000000	86707.401181	102335.629146	111715.449299	133550.779051	-0.052000	0.772000	0.572000	192.000000	0.000000	0.000000	0.000000	0.000000	0.000000	0.000000	0.000000	0.000000	0.000000	1733433158.020580	0.000000
210.000000	88198.284888	19816.900172	187500.000000	187500.000000	86697.097027	102325.973192	111706.061567	133544.833487	-0.052000	0.772000	0.572000	192.000000	0.000000	0.000000	0.000000	0.000000	0.000000	0.000000	0.000000	0.000000	0.000000	1733433158.024615	0.000000
211.000000	88202.174092	19820.118823	187500.000000	187500.000000	86697.924042	102339.071314	111708.341445	133539.066737	-0.052000	0.772000	0.572000	192.000000	0.000000	0.000000	0.000000	0.000000	0.000000	0.000000	0.000000	0.000000	0.000000	1733433158.028477	0.000000
212.000000	88202.978754	19827.785471	187500.000000	187500.000000	86697.655821	102330.488244	111707.626189	133559.563286	-0.052000	0.772000	0.572000	192.000000	0.000000	0.000000	0.000000	0.000000	0.000000	0.000000	0.000000	0.000000	0.000000	1733433158.032480	0.000000
213.000000	88206.309164	19830.110053	187500.000000	187500.000000	86705.791856	102343.094628	111712.253000	133518.056097	-0.052000	0.772000	0.572000	192.000000	0.000000	0.000000	0.000000	0.000000	0.000000	0.000000	0.000000	0.000000	0.000000	1733433158.035516	0.000000
214.000000	88199.111903	19809.591151	187500.000000	187500.000000	86707.825864	102344.145160	111710.263695	133508.690716	-0.052000	0.772000	0.572000	192.000000	0.000000	0.000000	0.000000	0.000000	0.000000	0.000000	0.000000	0.000000	0.000000	1733433158.039521	0.000000
215.000000	88202.017629	19807.624198	187500.000000	187500.000000	86703.869606	102339.563053	111710.129584	133517.229082	-0.052000	0.772000	0.572000	192.000000	0.000000	0.000000	0.000000	0.000000	0.000000	0.000000	0.000000	0.000000	0.000000	1733433158.044513	0.000000
216.000000	88203.649307	19810.596980	187500.000000	187500.000000	86697.499358	102345.598024	111703.759337	133522.906425	-0.040000	0.770000	0.580000	192.000000	254.000000	192.000000	24.000000	16.000000	18.000000	32.000000	0.000000	0.000000	0.000000	1733433158.048520	0.000000
217.000000	88206.197406	19819.336512	187500.000000	187500.000000	86691.732608	102345.441561	111703.044081	133538.977330	-0.040000	0.770000	0.580000	192.000000	0.000000	0.000000	0.000000	0.000000	0.000000	0.000000	0.000000	0.000000	0.000000	1733433158.052664	0.000000
218.000000	88205.102170	19815.223791	187500.000000	187500.000000	86682.590745	102334.288041	111694.483363	133535.579864	-0.040000	0.770000	0.580000	192.000000	0.000000	0.000000	0.000000	0.000000	0.000000	0.000000	0.000000	0.000000	0.000000	1733433158.055699	0.000000
219.000000	88198.553109	19811.535753	187500.000000	187500.000000	86688.625716	102340.971213	111698.998415	133523.979309	-0.040000	0.770000	0.580000	192.000000	0.000000	0.000000	0.000000	0.000000	0.000000	0.000000	0.000000	0.000000	0.000000	1733433158.059629	0.000000
220.000000	88199.938917	19818.017759	187500.000000	187500.000000	86687.843405	102341.217082	111704.943979	133521.922949	-0.040000	0.770000	0.580000	192.000000	0.000000	0.000000	0.000000	0.000000	0.000000	0.000000	0.000000	0.000000	0.000000	1733433158.063701	0.000000
221.000000	88202.866996	19806.663073	187500.000000	187500.000000	86686.904631	102345.285099	111706.419195	133532.852952	-0.040000	0.770000	0.580000	192.000000	0.000000	0.000000	0.000000	0.000000	0.000000	0.000000	0.000000	0.000000	0.000000	1733433158.067800	0.000000
222.000000	88205.996240	19811.446346	187500.000000	187500.000000	86686.949335	102356.237454	111704.474593	133543.335920	-0.040000	0.770000	0.580000	192.000000	0.000000	0.000000	0.000000	0.000000	0.000000	0.000000	0.000000	0.000000	0.000000	1733433158.071536	0.000000
223.000000	88194.462740	19801.388061	187500.000000	187500.000000	86674.924096	102355.768067	111697.836125	133512.624623	-0.040000	0.770000	0.580000	192.000000	0.000000	0.000000	0.000000	0.000000	0.000000	0.000000	0.000000	0.000000	0.000000	1733433158.076532	0.000000
224.000000	88195.088589	19801.052785	187500.000000	187500.000000	86669.939657	102355.365736	111701.948846	133521.744135	-0.040000	0.770000	0.580000	192.000000	0.000000	0.000000	0.000000	0.000000	0.000000	0.000000	0.000000	0.000000	0.000000	1733433158.080577	0.000000
225.000000	88195.446217	19803.980864	187500.000000	187500.000000	86670.520803	102357.377393	111702.954674	133539.223199	-0.040000	0.770000	0.580000	192.000000	0.000000	0.000000	0.000000	0.000000	0.000000	0.000000	0.000000	0.000000	0.000000	1733433158.083568	0.000000
226.000000	88198.441350	19811.267532	187500.000000	187500.000000	86680.579088	102357.422096	111717.684474	133519.844236	-0.042000	0.770000	0.580000	192.000000	254.000000	176.000000	24.000000	16.000000	18.000000	32.000000	0.000000	0.000000	0.000000	1733433158.087608	0.000000
227.000000	88198.039019	19810.798146	187500.000000	187500.000000	86680.333219	102356.148047	111718.578543	133519.352498	-0.042000	0.770000	0.580000	192.000000	0.000000	0.000000	0.000000	0.000000	0.000000	0.000000	0.000000	0.000000	0.000000	1733433158.091661	0.000000
228.000000	88195.468568	19809.255875	187500.000000	187500.000000	86677.293381	102358.785553	111709.235514	133535.535161	-0.042000	0.770000	0.580000	192.000000	0.000000	0.000000	0.000000	0.000000	0.000000	0.000000	0.000000	0.000000	0.000000	1733433158.095709	0.000000
229.000000	88195.535623	19813.502707	187500.000000	187500.000000	86670.230230	102345.687431	111707.380320	133523.241702	-0.042000	0.770000	0.580000	192.000000	0.000000	0.000000	0.000000	0.000000	0.000000	0.000000	0.000000	0.000000	0.000000	1733433158.099653	0.000000
230.000000	88191.624068	19799.555218	187500.000000	187500.000000	86663.904686	102352.884692	111716.276314	133527.644995	-0.042000	0.770000	0.580000	192.000000	0.000000	0.000000	0.000000	0.000000	0.000000	0.000000	0.000000	0.000000	0.000000	1733433158.104846	0.000000
231.000000	88198.083722	19807.735957	187500.000000	187500.000000	86669.380864	102357.891483	111718.287971	133517.117324	-0.042000	0.770000	0.580000	192.000000	0.000000	0.000000	0.000000	0.000000	0.000000	0.000000	0.000000	0.000000	0.000000	1733433158.108763	0.000000
232.000000	88200.408304	19812.049843	187500.000000	187500.000000	86663.725872	102352.661175	111707.045043	133506.276727	-0.042000	0.770000	0.580000	192.000000	0.000000	0.000000	0.000000	0.000000	0.000000	0.000000	0.000000	0.000000	0.000000	1733433158.111626	0.000000
233.000000	88199.737751	19804.114974	187500.000000	187500.000000	86658.853192	102356.215102	111706.933285	133511.015297	-0.042000	0.770000	0.580000	192.000000	0.000000	0.000000	0.000000	0.000000	0.000000	0.000000	0.000000	0.000000	0.000000	1733433158.115589	0.000000
234.000000	88208.142007	19816.810765	187500.000000	187500.000000	86664.821108	102375.728175	111727.385131	133538.172667	-0.042000	0.770000	0.580000	192.000000	0.000000	0.000000	0.000000	0.000000	0.000000	0.000000	0.000000	0.000000	0.000000	1733433158.119617	0.000000
235.000000	88207.382048	19814.106204	187500.000000	187500.000000	86649.912494	102356.304509	111724.792328	133566.872307	-0.042000	0.770000	0.580000	192.000000	0.000000	0.000000	0.000000	0.000000	0.000000	0.000000	0.000000	0.000000	0.000000	1733433158.123649	0.000000
236.000000	88198.955440	19805.299616	187500.000000	187500.000000	86634.087459	102349.040192	111711.828317	133544.386452	-0.044000	0.774000	0.580000	192.000000	254.000000	160.000000	24.000000	48.000000	18.000000	32.000000	0.000000	0.000000	0.000000	1733433158.127920	0.000000
237.000000	88192.249917	19798.459983	187500.000000	187500.000000	86640.211837	102347.319108	111714.979913	133511.842312	-0.044000	0.774000	0.580000	192.000000	0.000000	0.000000	0.000000	0.000000	0.000000	0.000000	0.000000	0.000000	0.000000	1733433158.132805	0.000000
238.000000	88194.418036	19805.903114	187500.000000	187500.000000	86641.038852	102351.565939	111711.537744	133506.500245	-0.044000	0.774000	0.580000	192.000000	0.000000	0.000000	0.000000	0.000000	0.000000	0.000000	0.000000	0.000000	0.000000	1733433158.136897	0.000000
239.000000	88206.555034	19823.493936	187500.000000	187500.000000	86644.637483	102349.733096	111704.519296	133513.004603	-0.044000	0.774000	0.580000	192.000000	0.000000	0.000000	0.000000	0.000000	0.000000	0.000000	0.000000	0.000000	0.000000	1733433158.139789	0.000000
240.000000	88205.526853	19825.639704	187500.000000	187500.000000	86636.724965	102338.266651	111702.686453	133500.174701	-0.044000	0.774000	0.580000	192.000000	0.000000	0.000000	0.000000	0.000000	0.000000	0.000000	0.000000	0.000000	0.000000	1733433158.143920	0.000000
241.000000	88209.863092	19815.290846	187500.000000	187500.000000	86631.405250	102346.492093	111713.057663	133513.250472	-0.044000	0.774000	0.580000	192.000000	0.000000	0.000000	0.000000	0.000000	0.000000	0.000000	0.000000	0.000000	0.000000	1733433158.147639	0.000000
242.000000	88215.026345	19814.419128	187500.000000	187500.000000	86634.221570	102364.731117	111727.005151	133527.600292	-0.044000	0.774000	0.580000	192.000000	0.000000	0.000000	0.000000	0.000000	0.000000	0.000000	0.000000	0.000000	0.000000	1733433158.151638	0.000000
243.000000	88213.238205	19817.973056	187500.000000	187500.000000	86631.069974	102356.438620	111709.682549	133529.723707	-0.044000	0.774000	0.580000	192.000000	0.000000	0.000000	0.000000	0.000000	0.000000	0.000000	0.000000	0.000000	0.000000	1733433158.155668	0.000000
244.000000	88214.154627	19814.553239	187500.000000	187500.000000	86623.939767	102357.243282	111712.096538	133533.076469	-0.044000	0.774000	0.580000	192.000000	0.000000	0.000000	0.000000	0.000000	0.000000	0.000000	0.000000	0.000000	0.000000	1733433158.159706	0.000000
245.000000	88212.590005	19806.685425	187500.000000	187500.000000	86623.157456	102370.319053	111736.906974	133543.425327	-0.044000	0.774000	0.580000	192.000000	0.000000	0.000000	0.000000	0.000000	0.000000	0.000000	0.000000	0.000000	0.000000	1733433158.164714	0.000000
246.000000	88206.599737	19800.203419	187500.000000	187500.000000	86622.710421	102356.080992	111737.622230	133534.171705	-0.044000	0.778000	0.582000	192.000000	254.000000	160.000000	24.000000	80.000000	18.000000	48.000000	0.000000	0.000000	0.000000	1733433158.167773	0.000000
247.000000	88206.219757	19802.393890	187500.000000	187500.000000	86620.966985	102339.160721	111734.113006	133526.214484	-0.044000	0.778000	0.582000	192.000000	0.000000	0.000000	0.000000	0.000000	0.000000	0.000000	0.000000	0.000000	0.000000	1733433158.171970	0.000000
248.000000	88202.397609	19800.941026	187500.000000	187500.000000	86602.146817	102328.096608	111715.270485	133539.312606	-0.044000	0.778000	0.582000	192.000000	0.000000	0.000000	0.000000	0.000000	0.000000	0.000000	0.000000	0.000000	0.000000	1733433158.176019	0.000000
249.000000	88206.599737	19811.155774	187500.000000	187500.000000	86597.408247	102335.204462	111716.008093	133544.498210	-0.044000	0.778000	0.582000	192.000000	0.000000	0.000000	0.000000	0.000000	0.000000	0.000000	0.000000	0.000000	0.000000	1733433158.180206	0.000000
250.000000	88196.116769	19805.187858	187500.000000	187500.000000	86592.624973	102328.275422	111717.148032	133517.027917	-0.044000	0.778000	0.582000	192.000000	0.000000	0.000000	0.000000	0.000000	0.000000	0.000000	0.000000	0.000000	0.000000	1733433158.183694	0.000000
251.000000	88198.150778	19796.045994	187500.000000	187500.000000	86584.488938	102332.119922	111721.350160	133518.078449	-0.044000	0.778000	0.582000	192.000000	0.000000	0.000000	0.000000	0.000000	0.000000	0.000000	0.000000	0.000000	0.000000	1733433158.188730	0.000000
252.000000	88196.139121	19787.462924	187500.000000	187500.000000	86581.784377	102339.116018	111723.272410	133520.961824	-0.044000	0.778000	0.582000	192.000000	0.000000	0.000000	0.000000	0.000000	0.000000	0.000000	0.000000	0.000000	0.000000	1733433158.192019	0.000000
253.000000	88202.576423	19794.436669	187500.000000	187500.000000	86590.702723	102341.351192	111721.663084	133503.259242	-0.044000	0.778000	0.582000	192.000000	0.000000	0.000000	0.000000	0.000000	0.000000	0.000000	0.000000	0.000000	0.000000	1733433158.195742	0.000000
254.000000	88206.979717	19797.476506	187500.000000	187500.000000	86606.036020	102350.917739	111730.626134	133521.051231	-0.044000	0.778000	0.582000	192.000000	0.000000	0.000000	0.000000	0.000000	0.000000	0.000000	0.000000	0.000000	0.000000	1733433158.199748	0.000000
255.000000	88205.079818	19799.666977	187500.000000	187500.000000	86604.851378	102360.350175	111731.900183	133510.344745	-0.044000	0.778000	0.582000	192.000000	0.000000	0.000000	0.000000	0.000000	0.000000	0.000000	0.000000	0.000000	0.000000	1733433158.203807	0.000000
0.000000	88207.650269	19794.593131	187500.000000	187500.000000	86607.734753	102360.417230	111738.628058	133513.026954	-0.048000	0.770000	0.576000	192.000000	254.000000	128.000000	24.000000	16.000000	18.000000	0.000000	0.000000	0.000000	0.000000	1733433158.207864	0.000000
1.000000	88203.179920	19796.582436	187500.000000	187500.000000	86600.336325	102344.323974	111732.771901	133531.958882	-0.048000	0.770000	0.576000	192.000000	0.000000	0.000000	0.000000	0.000000	0.000000	0.000000	0.000000	0.000000	0.000000	1733433158.212008	0.000000
2.000000	88207.493807	19804.494954	187500.000000	187500.000000	86591.909718	102336.858492	111723.898259	133546.822792	-0.048000	0.770000	0.576000	192.000000	0.000000	0.000000	0.000000	0.000000	0.000000	0.000000	0.000000	0.000000	0.000000	1733433158.216986	0.000000
3.000000	88209.617223	19787.082945	187500.000000	187500.000000	86592.803787	102351.141256	111746.227651	133551.918990	-0.048000	0.770000	0.576000	192.000000	0.000000	0.000000	0.000000	0.000000	0.000000	0.000000	0.000000	0.000000	0.000000	1733433158.219760	0.000000
4.000000	88207.627917	19786.680613	187500.000000	187500.000000	86588.758122	102358.897312	111746.965259	133525.320414	-0.048000	0.770000	0.576000	192.000000	0.000000	0.000000	0.000000	0.000000	0.000000	0.000000	0.000000	0.000000	0.000000	1733433158.222787	0.000000
5.000000	88206.219757	19794.213151	187500.000000	187500.000000	86591.976773	102351.990623	111735.543518	133521.788838	-0.048000	0.770000	0.576000	192.000000	0.000000	0.000000	0.000000	0.000000	0.000000	0.000000	0.000000	0.000000	0.000000	1733433158.227799	0.000000
6.000000	88203.314031	19796.314215	187500.000000	187500.000000	86591.909718	102349.151951	111734.872965	133520.917120	-0.048000	0.770000	0.576000	192.000000	0.000000	0.000000	0.000000	0.000000	0.000000	0.000000	0.000000	0.000000	0.000000	1733433158.231792	0.000000
7.000000	88208.209063	19806.417204	187500.000000	187500.000000	86605.141950	102362.294777	111751.837939	133530.349556	-0.048000	0.770000	0.576000	192.000000	0.000000	0.000000	0.000000	0.000000	0.000000	0.000000	0.000000	0.000000	0.000000	1733433158.235790	0.000000
8.000000	88204.677487	19804.606712	187500.000000	187500.000000	86604.426694	102340.814750	111753.424913	133534.261112	-0.048000	0.770000	0.576000	192.000000	0.000000	0.000000	0.000000	0.000000	0.000000	0.000000	0.000000	0.000000	0.000000	1733433158.239805	0.000000
9.000000	88209.438409	19820.878782	187500.000000	187500.000000	86597.341191	102338.445465	111750.742704	133529.053155	-0.048000	0.770000	0.576000	192.000000	0.000000	0.000000	0.000000	0.000000	0.000000	0.000000	0.000000	0.000000	0.000000	1733433158.243896	0.000000
10.000000	88205.750371	19811.602808	187500.000000	187500.000000	86600.246918	102344.033401	111755.615384	133542.218333	-0.044000	0.772000	0.572000	192.000000	254.000000	160.000000	24.000000	32.000000	17.000000	224.000000	0.000000	0.000000	0.000000	1733433158.247993	0.000000
11.000000	88203.738714	19808.227695	187500.000000	187500.000000	86601.520968	102356.908006	111757.604689	133549.527353	-0.044000	0.772000	0.572000	192.000000	0.000000	0.000000	0.000000	0.000000	0.000000	0.000000	0.000000	0.000000	0.000000	1733433158.252003	0.000000
12.000000	88205.929185	19815.000274	187500.000000	187500.000000	86601.140988	102351.744753	111753.491968	133518.391373	-0.044000	0.772000	0.572000	192.000000	0.000000	0.000000	0.000000	0.000000	0.000000	0.000000	0.000000	0.000000	0.000000	1733433158.255815	0.000000
13.000000	88195.267403	19794.034337	187500.000000	187500.000000	86587.528776	102333.729247	111738.605707	133498.230099	-0.044000	0.772000	0.572000	192.000000	0.000000	0.000000	0.000000	0.000000	0.000000	0.000000	0.000000	0.000000	0.000000	1733433158.259968	0.000000
14.000000	88191.333496	19787.015890	187500.000000	187500.000000	86589.607488	102344.234567	111747.971087	133523.956957	-0.044000	0.772000	0.572000	192.000000	0.000000	0.000000	0.000000	0.000000	0.000000	0.000000	0.000000	0.000000	0.000000	1733433158.263794	0.000000
15.000000	88193.747484	19792.536770	187500.000000	187500.000000	86601.342154	102368.597969	111760.353954	133522.302928	-0.044000	0.772000	0.572000	192.000000	0.000000	0.000000	0.000000	0.000000	0.000000	0.000000	0.000000	0.000000	0.000000	1733433158.267866	0.000000
16.000000	88190.104150	19788.625215	187500.000000	187500.000000	86600.381029	102353.801114	111756.375343	133507.796646	-0.044000	0.772000	0.572000	192.000000	0.000000	0.000000	0.000000	0.000000	0.000000	0.000000	0.000000	0.000000	0.000000	1733433158.273072	0.000000
17.000000	88190.394722	19787.507628	187500.000000	187500.000000	86590.725075	102334.176282	111747.658163	133520.134809	-0.044000	0.772000	0.572000	192.000000	0.000000	0.000000	0.000000	0.000000	0.000000	0.000000	0.000000	0.000000	0.000000	1733433158.275896	0.000000
18.000000	88186.997257	19783.417259	187500.000000	187500.000000	86583.013723	102339.786570	111742.919593	133522.638204	-0.044000	0.772000	0.572000	192.000000	0.000000	0.000000	0.000000	0.000000	0.000000	0.000000	0.000000	0.000000	0.000000	1733433158.279080	0.000000
19.000000	88190.014743	19786.792372	187500.000000	187500.000000	86594.703686	102345.307451	111760.733934	133511.104704	-0.044000	0.772000	0.572000	192.000000	0.000000	0.000000	0.000000	0.000000	0.000000	0.000000	0.000000	0.000000	0.000000	1733433158.284157	0.000000
20.000000	88199.022496	19806.171335	187500.000000	187500.000000	86613.121523	102357.131524	111768.758210	133518.883111	-0.050000	0.776000	0.576000	192.000000	254.000000	112.000000	24.000000	64.000000	18.000000	0.000000	0.000000	0.000000	0.000000	1733433158.288121	0.000000
21.000000	88206.555034	19822.264591	187500.000000	187500.000000	86612.070991	102361.266596	111770.523998	133521.341803	-0.050000	0.776000	0.576000	192.000000	0.000000	0.000000	0.000000	0.000000	0.000000	0.000000	0.000000	0.000000	0.000000	1733433158.291971	0.000000
22.000000	88210.712458	19811.692215	187500.000000	187500.000000	86616.675450	102364.909931	111774.770829	133532.964710	-0.050000	0.776000	0.576000	192.000000	0.000000	0.000000	0.000000	0.000000	0.000000	0.000000	0.000000	0.000000	0.000000	1733433158.295850	0.000000
23.000000	88205.035115	19798.817611	187500.000000	187500.000000	86615.803732	102359.657271	111771.194550	133536.898617	-0.050000	0.776000	0.576000	192.000000	0.000000	0.000000	0.000000	0.000000	0.000000	0.000000	0.000000	0.000000	0.000000	1733433158.300971	0.000000
24.000000	88202.464664	19802.863276	187500.000000	187500.000000	86605.611337	102333.997468	111755.995364	133532.227103	-0.050000	0.776000	0.576000	192.000000	0.000000	0.000000	0.000000	0.000000	0.000000	0.000000	0.000000	0.000000	0.000000	1733433158.303911	0.000000
25.000000	88208.857263	19807.199515	187500.000000	187500.000000	86610.863997	102341.731172	111761.002154	133515.329184	-0.050000	0.776000	0.576000	192.000000	0.000000	0.000000	0.000000	0.000000	0.000000	0.000000	0.000000	0.000000	0.000000	1733433158.307126	0.000000
26.000000	88214.445199	19818.755367	187500.000000	187500.000000	86620.184674	102348.101419	111767.573567	133522.727611	-0.050000	0.776000	0.576000	192.000000	0.000000	0.000000	0.000000	0.000000	0.000000	0.000000	0.000000	0.000000	0.000000	1733433158.312170	0.000000
27.000000	88218.557920	19823.650399	187500.000000	187500.000000	86617.480113	102352.616471	111772.781524	133559.719748	-0.050000	0.776000	0.576000	192.000000	0.000000	0.000000	0.000000	0.000000	0.000000	0.000000	0.000000	0.000000	0.000000	1733433158.316119	0.000000
28.000000	88220.793095	19821.996370	187500.000000	187500.000000	86620.363488	102359.344346	111772.937986	133530.193094	-0.050000	0.776000	0.576000	192.000000	0.000000	0.000000	0.000000	0.000000	0.000000	0.000000	0.000000	0.000000	0.000000	1733433158.320191	0.000000
29.000000	88216.613319	19796.671843	187500.000000	187500.000000	86621.279910	102360.394878	111768.132361	133510.121228	-0.050000	0.776000	0.576000	192.000000	0.000000	0.000000	0.000000	0.000000	0.000000	0.000000	0.000000	0.000000	0.000000	1733433158.324126	0.000000
30.000000	88217.038002	19800.516343	187500.000000	187500.000000	86617.055430	102358.204407	111765.897187	133516.111495	-0.050000	0.776000	0.576000	192.000000	0.000000	0.000000	0.000000	0.000000	0.000000	0.000000	0.000000	0.000000	0.000000	1733433158.326936	0.000000
31.000000	88211.785342	19799.845791	187500.000000	187500.000000	86617.569520	102344.234567	111760.331602	133515.262129	-0.040000	0.776000	0.576000	192.000000	254.000000	192.000000	24.000000	64.000000	18.000000	0.000000	0.000000	0.000000	0.000000	1733433158.330964	0.000000
32.000000	88209.460760	19801.321006	187500.000000	187500.000000	86615.848436	102345.910948	111751.301497	133511.909367	-0.040000	0.776000	0.576000	192.000000	0.000000	0.000000	0.000000	0.000000	0.000000	0.000000	0.000000	0.000000	0.000000	1733433158.335050	0.000000
33.000000	88210.377182	19803.489125	187500.000000	187500.000000	86615.379049	102347.095590	111754.989535	133527.287367	-0.040000	0.776000	0.576000	192.000000	0.000000	0.000000	0.000000	0.000000	0.000000	0.000000	0.000000	0.000000	0.000000	1733433158.340183	0.000000
34.000000	88209.349002	19801.365709	187500.000000	187500.000000	86619.044735	102340.278308	111753.804893	133556.210525	-0.040000	0.776000	0.576000	192.000000	0.000000	0.000000	0.000000	0.000000	0.000000	0.000000	0.000000	0.000000	0.000000	1733433158.344116	0.000000
35.000000	88201.078856	19800.315177	187500.000000	187500.000000	86622.531607	102345.955652	111734.515337	133522.414687	-0.040000	0.776000	0.576000	192.000000	0.000000	0.000000	0.000000	0.000000	0.000000	0.000000	0.000000	0.000000	0.000000	1733433158.348192	0.000000
36.000000	88202.397609	19790.703927	187500.000000	187500.000000	86623.090401	102358.718498	111736.705808	133516.424419	-0.040000	0.776000	0.576000	192.000000	0.000000	0.000000	0.000000	0.000000	0.000000	0.000000	0.000000	0.000000	0.000000	1733433158.352252	0.000000
37.000000	88203.984583	19787.306462	187500.000000	187500.000000	86624.029174	102339.116018	111751.212090	133519.419553	-0.040000	0.776000	0.576000	192.000000	0.000000	0.000000	0.000000	0.000000	0.000000	0.000000	0.000000	0.000000	0.000000	1733433158.355203	0.000000
38.000000	88203.224624	19788.647567	187500.000000	187500.000000	86624.185637	102337.037305	111762.052686	133521.028879	-0.040000	0.776000	0.576000	192.000000	0.000000	0.000000	0.000000	0.000000	0.000000	0.000000	0.000000	0.000000	0.000000	1733433158.358964	0.000000
39.000000	88198.731923	19788.245235	187500.000000	187500.000000	86620.005860	102341.082971	111765.226634	133524.515751	-0.040000	0.776000	0.576000	192.000000	0.000000	0.000000	0.000000	0.000000	0.000000	0.000000	0.000000	0.000000	0.000000	1733433158.362998	0.000000
40.000000	88196.384990	19788.602863	187500.000000	187500.000000	86625.996128	102338.177244	111752.128512	133506.142617	-0.040000	0.776000	0.576000	192.000000	0.000000	0.000000	0.000000	0.000000	0.000000	0.000000	0.000000	0.000000	0.000000	1733433158.366983	0.000000
41.000000	88204.632783	19787.619387	187500.000000	187500.000000	86630.175904	102336.366753	111759.705753	133508.891882	-0.046000	0.764000	0.574000	192.000000	254.000000	144.000000	23.000000	224.000000	17.000000	240.000000	0.000000	0.000000	0.000000	1733433158.371987	0.000000
42.000000	88213.238205	19797.185933	187500.000000	187500.000000	86630.980567	102339.294832	111764.109047	133516.670289	-0.046000	0.764000	0.574000	192.000000	0.000000	0.000000	0.000000	0.000000	0.000000	0.000000	0.000000	0.000000	0.000000	1733433158.376030	0.000000
43.000000	88208.477284	19795.643663	187500.000000	187500.000000	86635.026233	102338.221948	111759.214015	133536.675100	-0.046000	0.764000	0.574000	192.000000	0.000000	0.000000	0.000000	0.000000	0.000000	0.000000	0.000000	0.000000	0.000000	1733433158.380215	0.000000
44.000000	88203.761065	19785.451267	187500.000000	187500.000000	86637.350814	102343.564015	111762.142093	133546.554571	-0.046000	0.764000	0.574000	192.000000	0.000000	0.000000	0.000000	0.000000	0.000000	0.000000	0.000000	0.000000	0.000000	1733433158.383245	0.000000
45.000000	88201.928222	19784.914826	187500.000000	187500.000000	86641.754108	102350.135428	111773.742649	133551.091975	-0.046000	0.764000	0.574000	192.000000	0.000000	0.000000	0.000000	0.000000	0.000000	0.000000	0.000000	0.000000	0.000000	1733433158.387304	0.000000
46.000000	88201.212967	19792.268549	187500.000000	187500.000000	86638.468401	102356.349213	111776.178989	133529.611949	-0.046000	0.764000	0.574000	192.000000	0.000000	0.000000	0.000000	0.000000	0.000000	0.000000	0.000000	0.000000	0.000000	1733433158.391428	0.000000
47.000000	88196.854376	19792.156791	187500.000000	187500.000000	86636.166172	102352.549416	111770.814570	133527.265016	-0.046000	0.764000	0.574000	192.000000	0.000000	0.000000	0.000000	0.000000	0.000000	0.000000	0.000000	0.000000	0.000000	1733433158.395085	0.000000
48.000000	88191.333496	19785.294805	187500.000000	187500.000000	86627.851323	102334.399800	111772.043916	133538.150315	-0.046000	0.764000	0.574000	192.000000	0.000000	0.000000	0.000000	0.000000	0.000000	0.000000	0.000000	0.000000	0.000000	1733433158.400070	0.000000
49.000000	88195.759141	19790.256892	187500.000000	187500.000000	86633.305148	102340.457122	111780.917559	133543.648844	-0.046000	0.764000	0.574000	192.000000	0.000000	0.000000	0.000000	0.000000	0.000000	0.000000	0.000000	0.000000	0.000000	1733433158.406409	0.000000
50.000000	88192.965173	19781.249139	187500.000000	187500.000000	86625.258520	102340.121846	111774.770829	133541.793649	-0.046000	0.764000	0.574000	192.000000	0.000000	0.000000	0.000000	0.000000	0.000000	0.000000	0.000000	0.000000	0.000000	1733433158.408298	0.000000
51.000000	88193.926298	19780.667994	187500.000000	187500.000000	86617.837741	102342.580538	111765.494855	133528.293196	-0.050000	0.764000	0.576000	192.000000	254.000000	112.000000	23.000000	224.000000	18.000000	0.000000	0.000000	0.000000	0.000000	1733433158.411075	0.000000
52.000000	88200.832987	19788.736974	187500.000000	187500.000000	86624.431506	102349.934262	111783.845637	133547.247475	-0.050000	0.764000	0.576000	192.000000	0.000000	0.000000	0.000000	0.000000	0.000000	0.000000	0.000000	0.000000	0.000000	1733433158.415067	0.000000
53.000000	88201.905871	19788.826381	187500.000000	187500.000000	86627.694860	102346.313279	111774.569663	133515.530350	-0.050000	0.764000	0.576000	192.000000	0.000000	0.000000	0.000000	0.000000	0.000000	0.000000	0.000000	0.000000	0.000000	1733433158.419081	0.000000
54.000000	88195.356810	19776.331756	187500.000000	187500.000000	86622.755125	102336.567919	111759.638698	133508.400143	-0.050000	0.764000	0.576000	192.000000	0.000000	0.000000	0.000000	0.000000	0.000000	0.000000	0.000000	0.000000	0.000000	1733433158.423169	0.000000
55.000000	88203.269327	19778.589282	187500.000000	187500.000000	86627.024308	102346.335631	111772.669765	133526.616815	-0.050000	0.764000	0.576000	192.000000	0.000000	0.000000	0.000000	0.000000	0.000000	0.000000	0.000000	0.000000	0.000000	1733433158.428422	0.000000
56.000000	88206.845606	19791.933273	187500.000000	187500.000000	86629.594759	102347.833198	111784.247969	133540.363138	-0.050000	0.764000	0.576000	192.000000	0.000000	0.000000	0.000000	0.000000	0.000000	0.000000	0.000000	0.000000	0.000000	1733433158.432185	0.000000
57.000000	88204.185749	19797.163582	187500.000000	187500.000000	86624.967948	102344.815713	111781.923387	133563.586600	-0.050000	0.764000	0.576000	192.000000	0.000000	0.000000	0.000000	0.000000	0.000000	0.000000	0.000000	0.000000	0.000000	1733433158.436304	0.000000
58.000000	88197.502577	19784.244273	187500.000000	187500.000000	86612.450971	102339.205425	111769.652280	133544.028824	-0.050000	0.764000	0.576000	192.000000	0.000000	0.000000	0.000000	0.000000	0.000000	0.000000	0.000000	0.000000	0.000000	1733433158.439188	0.000000
59.000000	88191.109978	19780.086849	187500.000000	187500.000000	86600.626898	102335.539739	111759.906919	133519.106629	-0.050000	0.764000	0.576000	192.000000	0.000000	0.000000	0.000000	0.000000	0.000000	0.000000	0.000000	0.000000	0.000000	1733433158.443115	0.000000
60.000000	88189.880632	19784.557198	187500.000000	187500.000000	86589.562784	102342.714649	111761.315079	133554.377682	-0.050000	0.764000	0.576000	192.000000	0.000000	0.000000	0.000000	0.000000	0.000000	0.000000	0.000000	0.000000	0.000000	1733433158.447079	0.000000
61.000000	88185.566745	19768.843921	187500.000000	187500.000000	86593.742561	102342.491131	111752.352029	133528.159085	-0.048000	0.772000	0.580000	192.000000	254.000000	128.000000	24.000000	32.000000	18.000000	32.000000	0.000000	0.000000	0.000000	1733433158.451110	0.000000
62.000000	88188.964211	19762.160750	187500.000000	187500.000000	86596.782398	102334.869186	111760.644527	133494.631469	-0.048000	0.772000	0.580000	192.000000	0.000000	0.000000	0.000000	0.000000	0.000000	0.000000	0.000000	0.000000	0.000000	1733433158.455150	0.000000
63.000000	88190.841757	19771.034392	187500.000000	187500.000000	86599.464607	102321.905174	111771.976861	133499.951184	-0.048000	0.772000	0.580000	192.000000	0.000000	0.000000	0.000000	0.000000	0.000000	0.000000	0.000000	0.000000	0.000000	1733433158.460149	0.000000
64.000000	88197.346115	19778.231654	187500.000000	187500.000000	86609.679354	102330.220023	111780.895207	133508.981289	-0.048000	0.772000	0.580000	192.000000	0.000000	0.000000	0.000000	0.000000	0.000000	0.000000	0.000000	0.000000	0.000000	1733433158.463327	0.000000
65.000000	88194.865071	19776.890549	187500.000000	187500.000000	86607.265366	102329.325954	111781.431649	133516.513826	-0.048000	0.772000	0.580000	192.000000	0.000000	0.000000	0.000000	0.000000	0.000000	0.000000	0.000000	0.000000	0.000000	1733433158.467281	0.000000
66.000000	88193.032228	19773.448381	187500.000000	187500.000000	86608.964099	102348.056715	111785.320852	133531.534199	-0.048000	0.772000	0.580000	192.000000	0.000000	0.000000	0.000000	0.000000	0.000000	0.000000	0.000000	0.000000	0.000000	1733433158.471353	0.000000
67.000000	88194.105112	19781.047974	187500.000000	187500.000000	86605.052543	102346.000355	111779.084716	133538.798516	-0.048000	0.772000	0.580000	192.000000	0.000000	0.000000	0.000000	0.000000	0.000000	0.000000	0.000000	0.000000	0.000000	1733433158.475356	0.000000
68.000000	88197.569632	19780.489180	187500.000000	187500.000000	86598.592889	102337.976079	111772.222730	133530.371908	-0.048000	0.772000	0.580000	192.000000	0.000000	0.000000	0.000000	0.000000	0.000000	0.000000	0.000000	0.000000	0.000000	1733433158.479445	0.000000
69.000000	88191.020571	19762.227805	187500.000000	187500.000000	86599.688125	102340.546529	111771.909806	133523.040536	-0.048000	0.772000	0.580000	192.000000	0.000000	0.000000	0.000000	0.000000	0.000000	0.000000	0.000000	0.000000	0.000000	1733433158.483137	0.000000
70.000000	88186.192594	19760.596128	187500.000000	187500.000000	86599.218738	102337.372582	111773.563835	133508.690716	-0.048000	0.772000	0.580000	192.000000	0.000000	0.000000	0.000000	0.000000	0.000000	0.000000	0.000000	0.000000	0.000000	1733433158.488214	0.000000
71.000000	88189.366542	19767.368706	187500.000000	187500.000000	86599.330497	102328.454236	111772.669765	133524.828675	-0.056000	0.772000	0.576000	192.000000	254.000000	64.000000	24.000000	32.000000	18.000000	0.000000	0.000000	0.000000	0.000000	1733433158.491466	0.000000
72.000000	88189.768873	19775.236520	187500.000000	187500.000000	86599.732828	102334.064523	111769.071134	133541.860705	-0.056000	0.772000	0.576000	192.000000	0.000000	0.000000	0.000000	0.000000	0.000000	0.000000	0.000000	0.000000	0.000000	1733433158.495193	0.000000
73.000000	88195.535623	19777.650509	187500.000000	187500.000000	86604.896081	102345.598024	111786.952530	133530.729536	-0.056000	0.772000	0.576000	192.000000	0.000000	0.000000	0.000000	0.000000	0.000000	0.000000	0.000000	0.000000	0.000000	1733433158.499422	0.000000
74.000000	88186.818443	19769.872102	187500.000000	187500.000000	86595.530700	102338.177244	111780.649338	133540.161972	-0.056000	0.772000	0.576000	192.000000	0.000000	0.000000	0.000000	0.000000	0.000000	0.000000	0.000000	0.000000	0.000000	1733433158.503302	0.000000
75.000000	88185.320876	19763.904186	187500.000000	187500.000000	86587.215851	102337.931375	111769.317003	133539.826696	-0.056000	0.772000	0.576000	192.000000	0.000000	0.000000	0.000000	0.000000	0.000000	0.000000	0.000000	0.000000	0.000000	1733433158.507440	0.000000
76.000000	88183.599792	19758.875043	187500.000000	187500.000000	86591.172110	102327.046076	111767.327698	133506.276727	-0.056000	0.772000	0.576000	192.000000	0.000000	0.000000	0.000000	0.000000	0.000000	0.000000	0.000000	0.000000	0.000000	1733433158.511365	0.000000
77.000000	88177.721283	19756.371648	187500.000000	187500.000000	86586.835872	102328.051904	111769.182893	133506.701411	-0.056000	0.772000	0.576000	192.000000	0.000000	0.000000	0.000000	0.000000	0.000000	0.000000	0.000000	0.000000	0.000000	1733433158.516193	0.000000
78.000000	88186.192594	19779.326889	187500.000000	187500.000000	86583.527813	102334.131579	111771.753344	133517.340841	-0.056000	0.772000	0.576000	192.000000	0.000000	0.000000	0.000000	0.000000	0.000000	0.000000	0.000000	0.000000	0.000000	1733433158.519197	0.000000
79.000000	88184.493862	19780.355070	187500.000000	187500.000000	86578.543374	102328.476587	111764.980765	133496.777236	-0.056000	0.772000	0.576000	192.000000	0.000000	0.000000	0.000000	0.000000	0.000000	0.000000	0.000000	0.000000	0.000000	1733433158.523231	0.000000
80.000000	88174.726149	19753.421218	187500.000000	187500.000000	86575.369427	102317.658343	111765.047820	133514.457466	-0.056000	0.772000	0.576000	192.000000	0.000000	0.000000	0.000000	0.000000	0.000000	0.000000	0.000000	0.000000	0.000000	1733433158.527222	0.000000
81.000000	88170.300504	19750.202566	187500.000000	187500.000000	86582.857261	102323.156872	111764.846655	133538.351481	-0.052000	0.768000	0.582000	192.000000	254.000000	96.000000	24.000000	0.000000	18.000000	48.000000	0.000000	0.000000	0.000000	1733433158.531228	0.000000
82.000000	88176.916620	19748.950869	187500.000000	187500.000000	86586.500595	102326.107302	111759.638698	133517.318489	-0.052000	0.768000	0.582000	192.000000	0.000000	0.000000	0.000000	0.000000	0.000000	0.000000	0.000000	0.000000	0.000000	1733433158.535328	0.000000
83.000000	88177.654228	19750.180215	187500.000000	187500.000000	86587.662886	102334.064523	111763.997288	133513.742210	-0.052000	0.768000	0.582000	192.000000	0.000000	0.000000	0.000000	0.000000	0.000000	0.000000	0.000000	0.000000	0.000000	1733433158.539550	0.000000
84.000000	88182.258687	19752.750665	187500.000000	187500.000000	86583.706627	102337.037305	111760.622175	133524.158123	-0.052000	0.768000	0.582000	192.000000	0.000000	0.000000	0.000000	0.000000	0.000000	0.000000	0.000000	0.000000	0.000000	1733433158.544592	0.000000
85.000000	88181.051693	19758.293898	187500.000000	187500.000000	86577.470491	102322.642782	111758.901090	133547.135716	-0.052000	0.768000	0.582000	192.000000	0.000000	0.000000	0.000000	0.000000	0.000000	0.000000	0.000000	0.000000	0.000000	1733433158.547704	0.000000
86.000000	88177.609524	19760.014982	187500.000000	187500.000000	86571.234354	102307.868279	111755.548329	133520.961824	-0.052000	0.768000	0.582000	192.000000	0.000000	0.000000	0.000000	0.000000	0.000000	0.000000	0.000000	0.000000	0.000000	1733433158.550279	0.000000
87.000000	88182.973943	19765.938195	187500.000000	187500.000000	86584.444235	102322.463968	111748.686343	133477.442977	-0.052000	0.768000	0.582000	192.000000	0.000000	0.000000	0.000000	0.000000	0.000000	0.000000	0.000000	0.000000	0.000000	1733433158.555246	0.000000
88.000000	88185.589097	19767.793389	187500.000000	187500.000000	86583.840738	102329.415361	111752.284974	133488.484739	-0.052000	0.768000	0.582000	192.000000	0.000000	0.000000	0.000000	0.000000	0.000000	0.000000	0.000000	0.000000	0.000000	1733433158.559433	0.000000
89.000000	88183.666847	19763.010116	187500.000000	187500.000000	86572.776624	102321.167567	111753.536672	133508.444847	-0.052000	0.768000	0.582000	192.000000	0.000000	0.000000	0.000000	0.000000	0.000000	0.000000	0.000000	0.000000	0.000000	1733433158.563272	0.000000
90.000000	88185.142062	19769.760343	187500.000000	187500.000000	86577.381084	102320.876994	111760.689230	133518.592539	-0.052000	0.768000	0.582000	192.000000	0.000000	0.000000	0.000000	0.000000	0.000000	0.000000	0.000000	0.000000	0.000000	1733433158.567326	0.000000
91.000000	88184.627972	19756.215186	187500.000000	187500.000000	86590.747427	102335.919718	111773.250910	133513.496341	-0.056000	0.770000	0.580000	192.000000	254.000000	64.000000	24.000000	16.000000	18.000000	32.000000	0.000000	0.000000	0.000000	1733433158.572547	0.000000
92.000000	88179.151795	19745.553404	187500.000000	187500.000000	86589.272212	102344.078105	111779.263530	133531.534199	-0.056000	0.770000	0.580000	192.000000	0.000000	0.000000	0.000000	0.000000	0.000000	0.000000	0.000000	0.000000	0.000000	1733433158.575399	0.000000
93.000000	88181.722245	19748.280316	187500.000000	187500.000000	86581.694970	102331.270555	111773.854408	133534.864609	-0.056000	0.770000	0.580000	192.000000	0.000000	0.000000	0.000000	0.000000	0.000000	0.000000	0.000000	0.000000	0.000000	1733433158.579539	0.000000
94.000000	88183.018647	19750.291973	187500.000000	187500.000000	86590.725075	102335.182111	111770.635756	133536.742155	-0.056000	0.770000	0.580000	192.000000	0.000000	0.000000	0.000000	0.000000	0.000000	0.000000	0.000000	0.000000	0.000000	1733433158.583575	0.000000
95.000000	88185.454987	19754.158825	187500.000000	187500.000000	86584.980677	102323.335686	111765.763076	133532.405917	-0.056000	0.770000	0.580000	192.000000	0.000000	0.000000	0.000000	0.000000	0.000000	0.000000	0.000000	0.000000	0.000000	1733433158.587518	0.000000
96.000000	88183.912716	19752.102465	187500.000000	187500.000000	86583.863090	102319.915869	111761.493893	133502.298117	-0.056000	0.770000	0.580000	192.000000	0.000000	0.000000	0.000000	0.000000	0.000000	0.000000	0.000000	0.000000	0.000000	1733433158.591303	0.000000
97.000000	88182.303391	19754.695267	187500.000000	187500.000000	86590.702723	102325.593212	111772.490951	133503.929794	-0.056000	0.770000	0.580000	192.000000	0.000000	0.000000	0.000000	0.000000	0.000000	0.000000	0.000000	0.000000	0.000000	1733433158.595342	0.000000
98.000000	88182.750426	19761.445494	187500.000000	187500.000000	86586.455892	102326.531986	111770.144018	133498.520672	-0.056000	0.770000	0.580000	192.000000	0.000000	0.000000	0.000000	0.000000	0.000000	0.000000	0.000000	0.000000	0.000000	1733433158.599350	0.000000
99.000000	88194.038057	19771.034392	187500.000000	187500.000000	86595.687162	102329.258898	111772.379192	133500.889957	-0.056000	0.770000	0.580000	192.000000	0.000000	0.000000	0.000000	0.000000	0.000000	0.000000	0.000000	0.000000	0.000000	1733433158.602350	0.000000
100.000000	88203.381086	19778.544578	187500.000000	187500.000000	86602.996183	102332.745771	111774.547312	133520.984175	-0.056000	0.770000	0.580000	192.000000	0.000000	0.000000	0.000000	0.000000	0.000000	0.000000	0.000000	0.000000	0.000000	1733433158.606332	0.000000
101.000000	88206.152702	19764.574738	187500.000000	187500.000000	86611.646308	102335.495035	111783.108030	133526.058021	-0.060000	0.768000	0.576000	192.000000	254.000000	32.000000	24.000000	0.000000	18.000000	0.000000	0.000000	0.000000	0.000000	1733433158.611418	0.000000
102.000000	88204.409266	19762.428971	187500.000000	187500.000000	86611.422790	102324.475625	111779.643509	133516.714992	-0.060000	0.768000	0.576000	192.000000	0.000000	0.000000	0.000000	0.000000	0.000000	0.000000	0.000000	0.000000	0.000000	1733433158.615658	0.000000
103.000000	88196.452045	19754.717619	187500.000000	187500.000000	86607.153607	102323.045113	111770.099314	133511.819960	-0.060000	0.768000	0.576000	192.000000	0.000000	0.000000	0.000000	0.000000	0.000000	0.000000	0.000000	0.000000	0.000000	1733433158.619549	0.000000
104.000000	88195.803844	19755.119950	187500.000000	187500.000000	86606.170131	102326.956669	111774.189684	133511.618794	-0.060000	0.768000	0.576000	192.000000	0.000000	0.000000	0.000000	0.000000	0.000000	0.000000	0.000000	0.000000	0.000000	1733433158.623507	0.000000
105.000000	88197.726094	19759.702058	187500.000000	187500.000000	86605.723096	102324.699143	111780.314062	133507.036687	-0.060000	0.768000	0.576000	192.000000	0.000000	0.000000	0.000000	0.000000	0.000000	0.000000	0.000000	0.000000	0.000000	1733433158.627652	0.000000
106.000000	88194.730961	19764.619442	187500.000000	187500.000000	86606.326593	102320.944049	111774.435553	133500.934661	-0.060000	0.768000	0.576000	192.000000	0.000000	0.000000	0.000000	0.000000	0.000000	0.000000	0.000000	0.000000	0.000000	1733433158.630401	0.000000
107.000000	88188.874804	19760.484369	187500.000000	187500.000000	86602.951479	102316.071369	111769.875797	133511.685850	-0.060000	0.768000	0.576000	192.000000	0.000000	0.000000	0.000000	0.000000	0.000000	0.000000	0.000000	0.000000	0.000000	1733433158.634459	0.000000
108.000000	88183.018647	19742.692380	187500.000000	187500.000000	86600.850415	102327.582518	111774.010870	133515.843274	-0.060000	0.768000	0.576000	192.000000	0.000000	0.000000	0.000000	0.000000	0.000000	0.000000	0.000000	0.000000	0.000000	1733433158.639411	0.000000
109.000000	88187.556051	19749.397904	187500.000000	187500.000000	86605.320764	102334.869186	111786.773716	133520.313623	-0.060000	0.768000	0.576000	192.000000	0.000000	0.000000	0.000000	0.000000	0.000000	0.000000	0.000000	0.000000	0.000000	1733433158.643485	0.000000
110.000000	88189.612411	19753.868253	187500.000000	187500.000000	86601.520968	102330.041209	111781.878684	133519.687774	-0.060000	0.768000	0.576000	192.000000	0.000000	0.000000	0.000000	0.000000	0.000000	0.000000	0.000000	0.000000	0.000000	1733433158.647503	0.000000
111.000000	88199.625993	19761.937232	187500.000000	187500.000000	86613.389744	102339.943032	111785.745536	133533.411745	-0.054000	0.766000	0.572000	192.000000	254.000000	80.000000	23.000000	240.000000	17.000000	224.000000	0.000000	0.000000	0.000000	1733433158.651686	0.000000
112.000000	88196.854376	19747.609764	187500.000000	187500.000000	86612.696840	102338.534872	111783.510361	133534.127001	-0.054000	0.766000	0.572000	192.000000	0.000000	0.000000	0.000000	0.000000	0.000000	0.000000	0.000000	0.000000	0.000000	1733433158.655615	0.000000
113.000000	88193.345153	19743.005305	187500.000000	187500.000000	86604.694915	102335.137407	111780.090544	133549.952036	-0.054000	0.766000	0.572000	192.000000	0.000000	0.000000	0.000000	0.000000	0.000000	0.000000	0.000000	0.000000	0.000000	1733433158.658664	0.000000
114.000000	88187.421940	19737.931459	187500.000000	187500.000000	86593.139063	102321.167567	111784.091506	133568.749853	-0.054000	0.766000	0.572000	192.000000	0.000000	0.000000	0.000000	0.000000	0.000000	0.000000	0.000000	0.000000	0.000000	1733433158.662759	0.000000
115.000000	88178.704760	19730.957714	187500.000000	187500.000000	86589.160453	102300.469852	111773.407373	133519.352498	-0.054000	0.766000	0.572000	192.000000	0.000000	0.000000	0.000000	0.000000	0.000000	0.000000	0.000000	0.000000	0.000000	1733433158.667452	0.000000
116.000000	88170.345207	19734.265773	187500.000000	187500.000000	86595.530700	102302.682674	111758.588166	133507.640184	-0.054000	0.766000	0.572000	192.000000	0.000000	0.000000	0.000000	0.000000	0.000000	0.000000	0.000000	0.000000	0.000000	1733433158.671422	0.000000
117.000000	88178.682408	19750.359029	187500.000000	187500.000000	86602.459741	102309.701122	111772.490951	133505.941451	-0.054000	0.766000	0.572000	192.000000	0.000000	0.000000	0.000000	0.000000	0.000000	0.000000	0.000000	0.000000	0.000000	1733433158.675536	0.000000
118.000000	88190.484129	19751.163691	187500.000000	187500.000000	86605.700744	102318.284192	111782.616291	133498.408913	-0.054000	0.766000	0.572000	192.000000	0.000000	0.000000	0.000000	0.000000	0.000000	0.000000	0.000000	0.000000	0.000000	1733433158.679451	0.000000
119.000000	88190.685295	19749.666125	187500.000000	187500.000000	86601.364505	102323.067465	111784.851466	133519.128981	-0.054000	0.766000	0.572000	192.000000	0.000000	0.000000	0.000000	0.000000	0.000000	0.000000	0.000000	0.000000	0.000000	1733433158.683476	0.000000
120.000000	88187.757216	19754.650564	187500.000000	187500.000000	86603.622032	102319.535890	111784.605597	133527.153257	-0.054000	0.766000	0.572000	192.000000	0.000000	0.000000	0.000000	0.000000	0.000000	0.000000	0.000000	0.000000	0.000000	1733433158.686518	0.000000
121.000000	88183.800958	19760.484369	187500.000000	187500.000000	86605.030192	102319.424131	111775.039050	133492.664515	-0.050000	0.770000	0.576000	192.000000	254.000000	112.000000	24.000000	16.000000	18.000000	0.000000	0.000000	0.000000	0.000000	1733433158.690640	0.000000
122.000000	88177.296600	19744.838148	187500.000000	187500.000000	86591.730904	102322.553375	111768.042954	133495.950222	-0.050000	0.770000	0.576000	192.000000	0.000000	0.000000	0.000000	0.000000	0.000000	0.000000	0.000000	0.000000	0.000000	1733433158.695610	0.000000
123.000000	88179.397664	19736.389188	187500.000000	187500.000000	86597.117674	102316.965439	111772.334489	133515.440943	-0.050000	0.770000	0.576000	192.000000	0.000000	0.000000	0.000000	0.000000	0.000000	0.000000	0.000000	0.000000	0.000000	1733433158.699698	0.000000
124.000000	88175.620219	19731.516508	187500.000000	187500.000000	86593.809616	102310.550488	111767.797085	133504.153312	-0.050000	0.770000	0.576000	192.000000	0.000000	0.000000	0.000000	0.000000	0.000000	0.000000	0.000000	0.000000	0.000000	1733433158.703478	0.000000
125.000000	88171.999237	19727.895525	187500.000000	187500.000000	86593.250822	102311.533965	111768.646451	133507.841350	-0.050000	0.770000	0.576000	192.000000	0.000000	0.000000	0.000000	0.000000	0.000000	0.000000	0.000000	0.000000	0.000000	1733433158.706476	0.000000
126.000000	88169.585248	19724.207488	187500.000000	187500.000000	86582.924316	102313.635029	111764.399620	133514.680983	-0.050000	0.770000	0.576000	192.000000	0.000000	0.000000	0.000000	0.000000	0.000000	0.000000	0.000000	0.000000	0.000000	1733433158.710680	0.000000
127.000000	88174.972019	19730.354217	187500.000000	187500.000000	86587.104092	102318.708875	111769.898149	133539.357309	-0.050000	0.770000	0.576000	192.000000	0.000000	0.000000	0.000000	0.000000	0.000000	0.000000	0.000000	0.000000	0.000000	1733433158.714498	0.000000
128.000000	88179.062388	19733.639924	187500.000000	187500.000000	86600.090456	102328.141311	111782.504533	133538.284426	-0.050000	0.770000	0.576000	192.000000	0.000000	0.000000	0.000000	0.000000	0.000000	0.000000	0.000000	0.000000	0.000000	1733433158.718505	0.000000
129.000000	88178.458891	19734.958677	187500.000000	187500.000000	86594.726037	102322.799244	111781.297538	133526.594463	-0.050000	0.770000	0.576000	192.000000	0.000000	0.000000	0.000000	0.000000	0.000000	0.000000	0.000000	0.000000	0.000000	1733433158.722529	0.000000
130.000000	88177.788338	19733.304648	187500.000000	187500.000000	86585.606526	102312.182166	111776.849541	133513.116361	-0.050000	0.770000	0.576000	192.000000	0.000000	0.000000	0.000000	0.000000	0.000000	0.000000	0.000000	0.000000	0.000000	1733433158.727650	0.000000
131.000000	88170.814594	19725.816813	187500.000000	187500.000000	86574.676523	102301.229811	111756.889433	133511.954071	-0.056000	0.768000	0.578000	192.000000	254.000000	64.000000	24.000000	0.000000	18.000000	16.000000	0.000000	0.000000	0.000000	1733433158.731699	0.000000
132.000000	88177.207193	19732.634095	187500.000000	187500.000000	86587.037037	102310.483433	111755.078942	133510.389448	-0.056000	0.768000	0.578000	192.000000	0.000000	0.000000	0.000000	0.000000	0.000000	0.000000	0.000000	0.000000	0.000000	1733433158.734763	0.000000
133.000000	88178.615353	19728.342560	187500.000000	187500.000000	86595.374238	102328.856567	111763.706716	133508.064867	-0.056000	0.768000	0.578000	192.000000	0.000000	0.000000	0.000000	0.000000	0.000000	0.000000	0.000000	0.000000	0.000000	1733433158.738714	0.000000
134.000000	88168.758234	19723.805156	187500.000000	187500.000000	86587.260555	102309.075273	111764.265509	133510.881187	-0.056000	0.768000	0.578000	192.000000	0.000000	0.000000	0.000000	0.000000	0.000000	0.000000	0.000000	0.000000	0.000000	1733433158.742821	0.000000
135.000000	88182.661019	19740.680723	187500.000000	187500.000000	86598.525834	102310.371674	111769.071134	133515.642108	-0.056000	0.768000	0.578000	192.000000	0.000000	0.000000	0.000000	0.000000	0.000000	0.000000	0.000000	0.000000	0.000000	1733433158.746513	0.000000
136.000000	88176.491937	19724.766281	187500.000000	187500.000000	86600.425732	102312.271573	111765.919538	133519.441905	-0.056000	0.768000	0.578000	192.000000	0.000000	0.000000	0.000000	0.000000	0.000000	0.000000	0.000000	0.000000	0.000000	1733433158.750568	0.000000
137.000000	88180.627010	19721.413520	187500.000000	187500.000000	86610.349907	102305.253125	111777.140114	133529.388431	-0.056000	0.768000	0.578000	192.000000	0.000000	0.000000	0.000000	0.000000	0.000000	0.000000	0.000000	0.000000	0.000000	1733433158.755557	0.000000
138.000000	88178.414187	19721.122947	187500.000000	187500.000000	86606.214834	102306.393064	111780.381117	133534.574036	-0.056000	0.768000	0.578000	192.000000	0.000000	0.000000	0.000000	0.000000	0.000000	0.000000	0.000000	0.000000	0.000000	1733433158.759711	0.000000
139.000000	88173.295638	19714.752700	187500.000000	187500.000000	86596.871805	102303.107357	111773.943815	133511.507036	-0.056000	0.768000	0.578000	192.000000	0.000000	0.000000	0.000000	0.000000	0.000000	0.000000	0.000000	0.000000	0.000000	1733433158.762791	0.000000
140.000000	88178.280077	19727.023807	187500.000000	187500.000000	86605.298412	102295.373654	111774.323794	133494.095027	-0.056000	0.768000	0.578000	192.000000	0.000000	0.000000	0.000000	0.000000	0.000000	0.000000	0.000000	0.000000	0.000000	1733433158.766914	0.000000
141.000000	88180.336437	19735.115139	187500.000000	187500.000000	86608.986450	102296.692407	111779.688213	133512.401105	-0.058000	0.768000	0.582000	192.000000	254.000000	48.000000	24.000000	0.000000	18.000000	48.000000	0.000000	0.000000	0.000000	1733433158.770622	0.000000
142.000000	88181.297562	19733.818738	187500.000000	187500.000000	86613.881482	102315.311410	111775.821361	133509.517730	-0.058000	0.768000	0.582000	192.000000	0.000000	0.000000	0.000000	0.000000	0.000000	0.000000	0.000000	0.000000	0.000000	1733433158.774593	0.000000
143.000000	88183.264516	19733.282296	187500.000000	187500.000000	86608.695878	102310.237564	111767.819437	133516.379716	-0.058000	0.768000	0.582000	192.000000	0.000000	0.000000	0.000000	0.000000	0.000000	0.000000	0.000000	0.000000	0.000000	1733433158.778594	0.000000
144.000000	88183.935068	19744.838148	187500.000000	187500.000000	86605.231357	102316.272535	111762.186797	133503.259242	-0.058000	0.768000	0.582000	192.000000	0.000000	0.000000	0.000000	0.000000	0.000000	0.000000	0.000000	0.000000	0.000000	1733433158.783580	0.000000
145.000000	88176.983676	19734.556345	187500.000000	187500.000000	86599.442255	102305.677808	111768.132361	133538.329129	-0.058000	0.768000	0.582000	192.000000	0.000000	0.000000	0.000000	0.000000	0.000000	0.000000	0.000000	0.000000	0.000000	1733433158.787642	0.000000
146.000000	88175.575516	19727.426139	187500.000000	187500.000000	86600.872767	102302.749729	111772.915634	133525.029841	-0.058000	0.768000	0.582000	192.000000	0.000000	0.000000	0.000000	0.000000	0.000000	0.000000	0.000000	0.000000	0.000000	1733433158.790634	0.000000
147.000000	88168.378254	19717.904296	187500.000000	187500.000000	86599.710476	102306.661285	111769.361707	133481.756864	-0.058000	0.768000	0.582000	192.000000	0.000000	0.000000	0.000000	0.000000	0.000000	0.000000	0.000000	0.000000	0.000000	1733433158.794793	0.000000
148.000000	88167.484184	19718.887772	187500.000000	187500.000000	86601.722133	102314.618506	111765.517207	133470.513936	-0.058000	0.768000	0.582000	192.000000	0.000000	0.000000	0.000000	0.000000	0.000000	0.000000	0.000000	0.000000	0.000000	1733433158.798773	0.000000
149.000000	88177.408359	19728.119043	187500.000000	187500.000000	86607.332421	102321.033456	111771.529826	133499.727666	-0.058000	0.768000	0.582000	192.000000	0.000000	0.000000	0.000000	0.000000	0.000000	0.000000	0.000000	0.000000	0.000000	1733433158.802714	0.000000
150.000000	88181.990466	19735.942153	187500.000000	187500.000000	86612.629785	102319.602945	111779.755268	133521.632376	-0.058000	0.768000	0.582000	192.000000	0.000000	0.000000	0.000000	0.000000	0.000000	0.000000	0.000000	0.000000	0.000000	1733433158.806844	0.000000
151.000000	88179.017684	19727.940229	187500.000000	187500.000000	86619.603529	102316.473701	111783.286844	133525.990966	-0.058000	0.762000	0.576000	192.000000	254.000000	48.000000	23.000000	208.000000	18.000000	0.000000	0.000000	0.000000	0.000000	1733433158.811741	0.000000
152.000000	88180.559955	19730.667142	187500.000000	187500.000000	86619.201198	102306.527174	111779.911730	133502.856911	-0.058000	0.762000	0.576000	192.000000	0.000000	0.000000	0.000000	0.000000	0.000000	0.000000	0.000000	0.000000	0.000000	1733433158.815671	0.000000
153.000000	88181.118748	19738.892584	187500.000000	187500.000000	86624.587968	102317.479529	111785.879646	133507.439018	-0.058000	0.762000	0.576000	192.000000	0.000000	0.000000	0.000000	0.000000	0.000000	0.000000	0.000000	0.000000	0.000000	1733433158.818678	0.000000
154.000000	88178.481242	19738.847880	187500.000000	187500.000000	86627.672509	102322.687486	111787.891303	133516.379716	-0.058000	0.762000	0.576000	192.000000	0.000000	0.000000	0.000000	0.000000	0.000000	0.000000	0.000000	0.000000	0.000000	1733433158.822687	0.000000
155.000000	88177.654228	19738.356142	187500.000000	187500.000000	86620.676413	102328.834215	111787.153695	133524.694565	-0.058000	0.762000	0.576000	192.000000	0.000000	0.000000	0.000000	0.000000	0.000000	0.000000	0.000000	0.000000	0.000000	1733433158.826671	0.000000
156.000000	88179.531774	19735.875098	187500.000000	187500.000000	86620.899930	102340.837102	111787.131344	133541.972463	-0.058000	0.762000	0.576000	192.000000	0.000000	0.000000	0.000000	0.000000	0.000000	0.000000	0.000000	0.000000	0.000000	1733433158.830697	0.000000
157.000000	88173.899135	19726.017979	187500.000000	187500.000000	86616.608395	102332.075218	111778.950605	133520.268919	-0.058000	0.762000	0.576000	192.000000	0.000000	0.000000	0.000000	0.000000	0.000000	0.000000	0.000000	0.000000	0.000000	1733433158.834787	0.000000
158.000000	88177.006027	19736.724465	187500.000000	187500.000000	86624.498561	102335.360925	111782.884512	133498.051286	-0.058000	0.762000	0.576000	192.000000	0.000000	0.000000	0.000000	0.000000	0.000000	0.000000	0.000000	0.000000	0.000000	1733433158.839879	0.000000
159.000000	88185.879670	19751.387209	187500.000000	187500.000000	86627.784267	102332.142273	111779.576454	133520.648899	-0.058000	0.762000	0.576000	192.000000	0.000000	0.000000	0.000000	0.000000	0.000000	0.000000	0.000000	0.000000	0.000000	1733433158.842901	0.000000
160.000000	88177.497766	19737.126796	187500.000000	187500.000000	86623.604491	102311.958648	111774.413201	133502.454579	-0.058000	0.762000	0.576000	192.000000	0.000000	0.000000	0.000000	0.000000	0.000000	0.000000	0.000000	0.000000	0.000000	1733433158.845922	0.000000
161.000000	88172.066292	19726.554421	187500.000000	187500.000000	86629.013613	102312.293924	111771.909806	133488.484739	-0.064000	0.766000	0.576000	192.000000	254.000000	0.000000	23.000000	240.000000	18.000000	0.000000	0.000000	0.000000	0.000000	1733433158.850748	0.000000
162.000000	88172.960362	19729.504851	187500.000000	187500.000000	86625.057355	102313.187994	111764.556082	133498.230099	-0.064000	0.766000	0.576000	192.000000	0.000000	0.000000	0.000000	0.000000	0.000000	0.000000	0.000000	0.000000	0.000000	1733433158.854683	0.000000
163.000000	88171.395739	19731.114177	187500.000000	187500.000000	86617.658927	102316.518404	111764.220806	133499.347687	-0.064000	0.766000	0.576000	192.000000	0.000000	0.000000	0.000000	0.000000	0.000000	0.000000	0.000000	0.000000	0.000000	1733433158.858912	0.000000
164.000000	88167.193612	19733.461110	187500.000000	187500.000000	86622.039869	102305.901325	111764.556082	133496.598422	-0.064000	0.766000	0.576000	192.000000	0.000000	0.000000	0.000000	0.000000	0.000000	0.000000	0.000000	0.000000	0.000000	1733433158.862712	0.000000
165.000000	88164.466699	19732.567040	187500.000000	187500.000000	86623.425677	102310.706951	111763.170274	133494.251489	-0.064000	0.766000	0.576000	192.000000	0.000000	0.000000	0.000000	0.000000	0.000000	0.000000	0.000000	0.000000	0.000000	1733433158.867750	0.000000
166.000000	88158.588190	19718.217220	187500.000000	187500.000000	86629.080669	102324.810901	111775.441381	133521.252396	-0.064000	0.766000	0.576000	192.000000	0.000000	0.000000	0.000000	0.000000	0.000000	0.000000	0.000000	0.000000	0.000000	1733433158.870747	0.000000
167.000000	88165.427824	19723.447528	187500.000000	187500.000000	86634.914474	102328.834215	111778.682384	133530.751888	-0.064000	0.766000	0.576000	192.000000	0.000000	0.000000	0.000000	0.000000	0.000000	0.000000	0.000000	0.000000	0.000000	1733433158.873853	0.000000
168.000000	88166.254838	19728.119043	187500.000000	187500.000000	86623.850360	102327.202538	111770.546349	133527.935568	-0.064000	0.766000	0.576000	192.000000	0.000000	0.000000	0.000000	0.000000	0.000000	0.000000	0.000000	0.000000	0.000000	1733433158.878784	0.000000
169.000000	88163.527925	19730.421273	187500.000000	187500.000000	86622.531607	102325.414398	111756.017715	133521.990004	-0.064000	0.766000	0.576000	192.000000	0.000000	0.000000	0.000000	0.000000	0.000000	0.000000	0.000000	0.000000	0.000000	1733433158.883013	0.000000
170.000000	88164.243181	19728.499023	187500.000000	187500.000000	86629.483000	102314.953782	111762.097390	133512.088181	-0.064000	0.766000	0.576000	192.000000	0.000000	0.000000	0.000000	0.000000	0.000000	0.000000	0.000000	0.000000	0.000000	1733433158.887007	0.000000
171.000000	88161.315103	19729.527203	187500.000000	187500.000000	86631.852285	102317.814805	111766.500684	133489.311753	-0.064000	0.766000	0.574000	192.000000	254.000000	0.000000	23.000000	240.000000	17.000000	240.000000	0.000000	0.000000	0.000000	1733433158.890938	0.000000
172.000000	88161.292751	19735.450415	187500.000000	187500.000000	86634.422736	102323.961535	111769.898149	133498.051286	-0.064000	0.766000	0.574000	192.000000	0.000000	0.000000	0.000000	0.000000	0.000000	0.000000	0.000000	0.000000	0.000000	1733433158.894783	0.000000
173.000000	88164.667864	19725.526241	187500.000000	187500.000000	86640.189486	102314.462044	111768.266471	133504.935623	-0.064000	0.766000	0.574000	192.000000	0.000000	0.000000	0.000000	0.000000	0.000000	0.000000	0.000000	0.000000	0.000000	1733433158.898799	0.000000
174.000000	88167.148908	19714.819755	187500.000000	187500.000000	86646.179753	102325.101474	111775.575492	133520.648899	-0.064000	0.766000	0.574000	192.000000	0.000000	0.000000	0.000000	0.000000	0.000000	0.000000	0.000000	0.000000	0.000000	1733433158.901820	0.000000
175.000000	88169.786414	19716.384377	187500.000000	187500.000000	86648.079651	102325.056770	111775.016698	133510.970594	-0.064000	0.766000	0.574000	192.000000	0.000000	0.000000	0.000000	0.000000	0.000000	0.000000	0.000000	0.000000	0.000000	1733433158.905807	0.000000
176.000000	88168.311199	19718.396034	187500.000000	187500.000000	86642.648177	102312.897421	111774.122628	133484.461425	-0.064000	0.766000	0.574000	192.000000	0.000000	0.000000	0.000000	0.000000	0.000000	0.000000	0.000000	0.000000	0.000000	1733433158.910820	0.000000
177.000000	88170.434614	19724.274543	187500.000000	187500.000000	86644.123393	102317.859509	111774.346146	133474.649009	-0.064000	0.766000	0.574000	192.000000	0.000000	0.000000	0.000000	0.000000	0.000000	0.000000	0.000000	0.000000	0.000000	1733433158.914925	0.000000
178.000000	88167.998274	19720.854726	187500.000000	187500.000000	86642.804640	102319.379427	111780.202303	133487.769483	-0.064000	0.766000	0.574000	192.000000	0.000000	0.000000	0.000000	0.000000	0.000000	0.000000	0.000000	0.000000	0.000000	1733433158.919169	0.000000
179.000000	88165.070196	19716.205563	187500.000000	187500.000000	86642.692881	102324.587384	111777.900073	133502.208710	-0.064000	0.766000	0.574000	192.000000	0.000000	0.000000	0.000000	0.000000	0.000000	0.000000	0.000000	0.000000	0.000000	1733433158.923494	0.000000
180.000000	88164.734920	19717.881944	187500.000000	187500.000000	86638.334291	102316.831328	111771.820399	133503.549815	-0.064000	0.766000	0.574000	192.000000	0.000000	0.000000	0.000000	0.000000	0.000000	0.000000	0.000000	0.000000	0.000000	1733433158.926987	0.000000
181.000000	88164.712568	19715.333845	187500.000000	187500.000000	86630.689994	102319.222965	111771.753344	133509.070696	-0.060000	0.762000	0.574000	192.000000	254.000000	32.000000	23.000000	208.000000	17.000000	240.000000	0.000000	0.000000	0.000000	1733433158.929819	0.000000
182.000000	88164.086719	19719.960656	187500.000000	187500.000000	86629.460648	102327.470759	111770.523998	133513.094010	-0.060000	0.762000	0.574000	192.000000	0.000000	0.000000	0.000000	0.000000	0.000000	0.000000	0.000000	0.000000	0.000000	1733433158.934910	0.000000
183.000000	88167.797109	19727.493194	187500.000000	187500.000000	86630.689994	102330.443541	111771.663937	133515.575053	-0.060000	0.762000	0.574000	192.000000	0.000000	0.000000	0.000000	0.000000	0.000000	0.000000	0.000000	0.000000	0.000000	1733433158.938811	0.000000
184.000000	88169.898173	19727.202621	187500.000000	187500.000000	86623.448029	102310.304619	111765.114875	133518.503132	-0.060000	0.762000	0.574000	192.000000	0.000000	0.000000	0.000000	0.000000	0.000000	0.000000	0.000000	0.000000	0.000000	1733433158.942818	0.000000
185.000000	88166.813632	19725.861517	187500.000000	187500.000000	86621.481075	102311.936296	111762.522073	133498.565376	-0.060000	0.762000	0.574000	192.000000	0.000000	0.000000	0.000000	0.000000	0.000000	0.000000	0.000000	0.000000	0.000000	1733433158.946869	0.000000
186.000000	88165.807803	19717.904296	187500.000000	187500.000000	86627.426639	102311.533965	111769.317003	133490.183471	-0.060000	0.762000	0.574000	192.000000	0.000000	0.000000	0.000000	0.000000	0.000000	0.000000	0.000000	0.000000	0.000000	1733433158.950853	0.000000
187.000000	88161.046882	19703.934455	187500.000000	187500.000000	86623.023346	102303.241468	111762.231500	133467.675265	-0.060000	0.762000	0.574000	192.000000	0.000000	0.000000	0.000000	0.000000	0.000000	0.000000	0.000000	0.000000	0.000000	1733433158.955216	0.000000
188.000000	88161.359806	19702.705109	187500.000000	187500.000000	86620.296433	102308.292962	111768.847617	133478.605268	-0.060000	0.762000	0.574000	192.000000	0.000000	0.000000	0.000000	0.000000	0.000000	0.000000	0.000000	0.000000	0.000000	1733433158.958089	0.000000
189.000000	88160.711606	19708.784784	187500.000000	187500.000000	86617.413058	102323.134520	111778.302405	133496.553719	-0.060000	0.762000	0.574000	192.000000	0.000000	0.000000	0.000000	0.000000	0.000000	0.000000	0.000000	0.000000	0.000000	1733433158.962019	0.000000
190.000000	88155.481297	19711.645807	187500.000000	187500.000000	86612.808599	102324.542680	111776.178989	133486.383675	-0.060000	0.762000	0.574000	192.000000	0.000000	0.000000	0.000000	0.000000	0.000000	0.000000	0.000000	0.000000	0.000000	1733433158.967059	0.000000
191.000000	88155.950684	19711.355235	187500.000000	187500.000000	86615.423753	102304.090834	111770.032259	133488.708256	-0.056000	0.762000	0.576000	192.000000	254.000000	64.000000	23.000000	208.000000	18.000000	0.000000	0.000000	0.000000	0.000000	1733433158.971070	0.000000
192.000000	88156.934161	19700.358176	187500.000000	187500.000000	86617.346003	102310.617544	111779.487047	133487.367152	-0.056000	0.762000	0.576000	192.000000	0.000000	0.000000	0.000000	0.000000	0.000000	0.000000	0.000000	0.000000	0.000000	1733433158.975162	0.000000
193.000000	88156.844754	19703.018034	187500.000000	187500.000000	86618.217721	102311.623372	111777.117762	133511.708201	-0.056000	0.762000	0.576000	192.000000	0.000000	0.000000	0.000000	0.000000	0.000000	0.000000	0.000000	0.000000	0.000000	1733433158.977910	0.000000
194.000000	88165.271362	19711.466993	187500.000000	187500.000000	86630.377070	102330.376486	111787.645434	133508.690716	-0.056000	0.762000	0.576000	192.000000	0.000000	0.000000	0.000000	0.000000	0.000000	0.000000	0.000000	0.000000	0.000000	1733433158.981857	0.000000
195.000000	88167.148908	19707.622493	187500.000000	187500.000000	86629.572407	102335.763256	111791.892265	133515.530350	-0.056000	0.762000	0.576000	192.000000	0.000000	0.000000	0.000000	0.000000	0.000000	0.000000	0.000000	0.000000	0.000000	1733433158.985843	0.000000
196.000000	88158.968170	19705.476726	187500.000000	187500.000000	86626.957253	102317.390122	111781.185780	133524.336937	-0.056000	0.762000	0.576000	192.000000	0.000000	0.000000	0.000000	0.000000	0.000000	0.000000	0.000000	0.000000	0.000000	1733433158.989935	0.000000
197.000000	88152.821440	19698.502981	187500.000000	187500.000000	86619.536474	102296.737110	111771.440419	133530.014280	-0.056000	0.762000	0.576000	192.000000	0.000000	0.000000	0.000000	0.000000	0.000000	0.000000	0.000000	0.000000	0.000000	1733433158.994929	0.000000
198.000000	88157.336492	19701.565170	187500.000000	187500.000000	86615.826084	102295.016026	111768.579396	133528.270844	-0.056000	0.762000	0.576000	192.000000	0.000000	0.000000	0.000000	0.000000	0.000000	0.000000	0.000000	0.000000	0.000000	1733433158.999083	0.000000
199.000000	88168.668827	19724.453357	187500.000000	187500.000000	86626.398459	102315.914907	111781.386945	133500.912309	-0.056000	0.762000	0.576000	192.000000	0.000000	0.000000	0.000000	0.000000	0.000000	0.000000	0.000000	0.000000	0.000000	1733433159.003211	0.000000
200.000000	88167.148908	19712.808098	187500.000000	187500.000000	86627.672509	102330.756465	111784.382079	133494.586765	-0.056000	0.762000	0.576000	192.000000	0.000000	0.000000	0.000000	0.000000	0.000000	0.000000	0.000000	0.000000	0.000000	1733433159.006236	0.000000
201.000000	88166.567763	19721.748796	187500.000000	187500.000000	86628.700689	102337.774913	111791.266416	133509.070696	-0.064000	0.762000	0.576000	192.000000	254.000000	0.000000	23.000000	208.000000	18.000000	0.000000	0.000000	0.000000	0.000000	1733433159.010347	0.000000
202.000000	88167.707702	19734.824566	187500.000000	187500.000000	86627.963081	102335.852663	111786.281977	133509.517730	-0.064000	0.762000	0.576000	192.000000	0.000000	0.000000	0.000000	0.000000	0.000000	0.000000	0.000000	0.000000	0.000000	1733433159.013939	0.000000
203.000000	88168.087681	19716.496136	187500.000000	187500.000000	86628.879503	102348.034364	111777.073059	133515.440943	-0.064000	0.762000	0.576000	192.000000	0.000000	0.000000	0.000000	0.000000	0.000000	0.000000	0.000000	0.000000	0.000000	1733433159.017937	0.000000
204.000000	88166.657170	19713.813926	187500.000000	187500.000000	86635.942654	102356.103343	111793.993329	133504.712105	-0.064000	0.762000	0.576000	192.000000	0.000000	0.000000	0.000000	0.000000	0.000000	0.000000	0.000000	0.000000	0.000000	1733433159.022951	0.000000
205.000000	88167.037149	19716.004397	187500.000000	187500.000000	86630.511180	102330.778817	111793.322777	133484.707294	-0.064000	0.762000	0.576000	192.000000	0.000000	0.000000	0.000000	0.000000	0.000000	0.000000	0.000000	0.000000	0.000000	1733433159.026933	0.000000
206.000000	88162.499745	19714.372720	187500.000000	187500.000000	86625.593796	102323.067465	111789.321815	133483.477948	-0.064000	0.762000	0.576000	192.000000	0.000000	0.000000	0.000000	0.000000	0.000000	0.000000	0.000000	0.000000	0.000000	1733433159.030977	0.000000
207.000000	88158.208210	19710.841144	187500.000000	187500.000000	86623.269215	102326.800207	111787.377213	133486.808358	-0.064000	0.762000	0.576000	192.000000	0.000000	0.000000	0.000000	0.000000	0.000000	0.000000	0.000000	0.000000	0.000000	1733433159.034045	0.000000
208.000000	88162.008007	19715.222086	187500.000000	187500.000000	86626.890198	102349.330765	111793.590998	133497.470140	-0.064000	0.762000	0.576000	192.000000	0.000000	0.000000	0.000000	0.000000	0.000000	0.000000	0.000000	0.000000	0.000000	1733433159.038225	0.000000
209.000000	88160.465736	19714.283313	187500.000000	187500.000000	86623.604491	102339.428942	111793.054556	133504.801512	-0.064000	0.762000	0.576000	192.000000	0.000000	0.000000	0.000000	0.000000	0.000000	0.000000	0.000000	0.000000	0.000000	1733433159.042116	0.000000
210.000000	88155.973036	19713.657464	187500.000000	187500.000000	86623.269215	102329.884747	111790.037071	133521.565321	-0.064000	0.762000	0.576000	192.000000	0.000000	0.000000	0.000000	0.000000	0.000000	0.000000	0.000000	0.000000	0.000000	1733433159.046264	0.000000
211.000000	88156.241257	19715.289142	187500.000000	187500.000000	86626.577273	102333.841006	111788.919483	133517.094972	-0.062000	0.768000	0.576000	192.000000	254.000000	16.000000	24.000000	0.000000	18.000000	0.000000	0.000000	0.000000	0.000000	1733433159.051201	0.000000
212.000000	88156.732995	19716.160860	187500.000000	187500.000000	86626.711384	102330.242375	111787.868951	133534.954016	-0.062000	0.768000	0.576000	192.000000	0.000000	0.000000	0.000000	0.000000	0.000000	0.000000	0.000000	0.000000	0.000000	1733433159.054972	0.000000
213.000000	88162.857373	19723.961618	187500.000000	187500.000000	86618.083610	102326.867262	111794.172143	133532.361213	-0.062000	0.768000	0.576000	192.000000	0.000000	0.000000	0.000000	0.000000	0.000000	0.000000	0.000000	0.000000	0.000000	1733433159.059304	0.000000
214.000000	88170.725187	19725.906220	187500.000000	187500.000000	86618.955328	102337.640803	111792.115783	133528.114382	-0.062000	0.768000	0.576000	192.000000	0.000000	0.000000	0.000000	0.000000	0.000000	0.000000	0.000000	0.000000	0.000000	1733433159.062063	0.000000
215.000000	88173.563859	19727.783767	187500.000000	187500.000000	86627.560750	102330.220023	111776.134285	133490.965783	-0.062000	0.768000	0.576000	192.000000	0.000000	0.000000	0.000000	0.000000	0.000000	0.000000	0.000000	0.000000	0.000000	1733433159.066045	0.000000
216.000000	88175.530812	19732.343523	187500.000000	187500.000000	86635.674433	102333.505730	111788.628911	133498.520672	-0.062000	0.768000	0.576000	192.000000	0.000000	0.000000	0.000000	0.000000	0.000000	0.000000	0.000000	0.000000	0.000000	1733433159.070129	0.000000
217.000000	88166.634818	19721.480575	187500.000000	187500.000000	86632.455782	102332.164625	111802.844620	133496.218442	-0.062000	0.768000	0.576000	192.000000	0.000000	0.000000	0.000000	0.000000	0.000000	0.000000	0.000000	0.000000	0.000000	1733433159.074263	0.000000
218.000000	88170.836946	19719.066586	187500.000000	187500.000000	86632.880465	102341.842931	111806.510306	133494.318544	-0.062000	0.768000	0.576000	192.000000	0.000000	0.000000	0.000000	0.000000	0.000000	0.000000	0.000000	0.000000	0.000000	1733433159.078012	0.000000
219.000000	88175.799033	19723.246363	187500.000000	187500.000000	86634.534494	102347.900253	111802.330530	133500.621736	-0.062000	0.768000	0.576000	192.000000	0.000000	0.000000	0.000000	0.000000	0.000000	0.000000	0.000000	0.000000	0.000000	1733433159.083373	0.000000
220.000000	88178.369484	19726.666179	187500.000000	187500.000000	86634.758012	102343.251090	111802.934027	133518.793704	-0.062000	0.768000	0.576000	192.000000	0.000000	0.000000	0.000000	0.000000	0.000000	0.000000	0.000000	0.000000	0.000000	1733433159.087161	0.000000
221.000000	88168.780585	19715.847935	187500.000000	187500.000000	86623.760953	102341.127675	111796.764946	133523.264053	-0.054000	0.766000	0.580000	192.000000	254.000000	80.000000	23.000000	240.000000	18.000000	32.000000	0.000000	0.000000	0.000000	1733433159.090070	0.000000
222.000000	88167.417129	19713.210429	187500.000000	187500.000000	86627.605453	102344.636899	111802.598751	133525.610986	-0.054000	0.766000	0.580000	192.000000	0.000000	0.000000	0.000000	0.000000	0.000000	0.000000	0.000000	0.000000	0.000000	1733433159.094112	0.000000
223.000000	88172.312161	19723.022845	187500.000000	187500.000000	86639.720099	102341.015916	111820.502498	133539.714937	-0.054000	0.766000	0.580000	192.000000	0.000000	0.000000	0.000000	0.000000	0.000000	0.000000	0.000000	0.000000	0.000000	1733433159.098062	0.000000
224.000000	88161.560972	19719.446566	187500.000000	187500.000000	86642.625826	102339.205425	111818.379082	133515.507998	-0.054000	0.766000	0.580000	192.000000	0.000000	0.000000	0.000000	0.000000	0.000000	0.000000	0.000000	0.000000	0.000000	1733433159.102046	0.000000
225.000000	88168.132385	19728.722540	187500.000000	187500.000000	86646.783250	102332.477550	111820.703664	133512.356402	-0.054000	0.766000	0.580000	192.000000	0.000000	0.000000	0.000000	0.000000	0.000000	0.000000	0.000000	0.000000	0.000000	1733433159.106098	0.000000
226.000000	88169.719359	19724.185136	187500.000000	187500.000000	86642.022329	102327.381352	111822.067120	133552.075452	-0.054000	0.766000	0.580000	192.000000	0.000000	0.000000	0.000000	0.000000	0.000000	0.000000	0.000000	0.000000	0.000000	1733433159.111223	0.000000
227.000000	88167.573591	19719.357159	187500.000000	187500.000000	86642.804640	102328.811864	111810.175992	133529.634300	-0.054000	0.766000	0.580000	192.000000	0.000000	0.000000	0.000000	0.000000	0.000000	0.000000	0.000000	0.000000	0.000000	1733433159.114390	0.000000
228.000000	88169.898173	19725.079206	187500.000000	187500.000000	86644.548076	102332.812826	111800.654149	133501.515806	-0.054000	0.766000	0.580000	192.000000	0.000000	0.000000	0.000000	0.000000	0.000000	0.000000	0.000000	0.000000	0.000000	1733433159.118422	0.000000
229.000000	88178.704760	19734.645752	187500.000000	187500.000000	86651.700634	102348.459047	111815.965094	133505.896748	-0.054000	0.766000	0.580000	192.000000	0.000000	0.000000	0.000000	0.000000	0.000000	0.000000	0.000000	0.000000	0.000000	1733433159.122293	0.000000
230.000000	88174.010894	19725.347427	187500.000000	187500.000000	86641.575294	102339.987736	111818.066158	133509.115399	-0.054000	0.766000	0.580000	192.000000	0.000000	0.000000	0.000000	0.000000	0.000000	0.000000	0.000000	0.000000	0.000000	1733433159.126415	0.000000
231.000000	88169.585248	19717.211392	187500.000000	187500.000000	86633.573369	102330.756465	111809.594847	133500.688791	-0.054000	0.768000	0.582000	192.000000	254.000000	80.000000	24.000000	0.000000	18.000000	48.000000	0.000000	0.000000	0.000000	1733433159.130081	0.000000
232.000000	88165.852507	19718.708958	187500.000000	187500.000000	86632.656948	102327.627221	111795.468544	133486.406027	-0.054000	0.768000	0.582000	192.000000	0.000000	0.000000	0.000000	0.000000	0.000000	0.000000	0.000000	0.000000	0.000000	1733433159.134159	0.000000
233.000000	88159.370501	19722.888735	187500.000000	187500.000000	86622.129276	102314.037360	111784.627948	133480.840442	-0.054000	0.768000	0.582000	192.000000	0.000000	0.000000	0.000000	0.000000	0.000000	0.000000	0.000000	0.000000	0.000000	1733433159.139161	0.000000
234.000000	88158.990521	19714.104499	187500.000000	187500.000000	86623.984471	102319.267669	111782.549236	133487.814187	-0.054000	0.768000	0.582000	192.000000	0.000000	0.000000	0.000000	0.000000	0.000000	0.000000	0.000000	0.000000	0.000000	1733433159.142183	0.000000
235.000000	88156.487126	19710.058833	187500.000000	187500.000000	86624.878541	102314.529099	111780.090544	133483.075617	-0.054000	0.768000	0.582000	192.000000	0.000000	0.000000	0.000000	0.000000	0.000000	0.000000	0.000000	0.000000	0.000000	1733433159.146208	0.000000
236.000000	88157.314140	19713.635112	187500.000000	187500.000000	86622.598663	102311.511613	111785.857294	133483.299134	-0.054000	0.768000	0.582000	192.000000	0.000000	0.000000	0.000000	0.000000	0.000000	0.000000	0.000000	0.000000	0.000000	1733433159.150367	0.000000
237.000000	88159.973998	19720.541802	187500.000000	187500.000000	86625.772610	102315.467872	111793.255722	133513.831617	-0.054000	0.768000	0.582000	192.000000	0.000000	0.000000	0.000000	0.000000	0.000000	0.000000	0.000000	0.000000	0.000000	1733433159.154386	0.000000
238.000000	88158.230562	19711.958732	187500.000000	187500.000000	86622.263387	102305.811918	111787.556027	133515.217425	-0.054000	0.768000	0.582000	192.000000	0.000000	0.000000	0.000000	0.000000	0.000000	0.000000	0.000000	0.000000	0.000000	1733433159.158199	0.000000
239.000000	88154.743690	19713.545706	187500.000000	187500.000000	86613.009764	102304.336703	111776.380155	133508.176626	-0.054000	0.768000	0.582000	192.000000	0.000000	0.000000	0.000000	0.000000	0.000000	0.000000	0.000000	0.000000	0.000000	1733433159.162133	0.000000
240.000000	88155.391890	19711.489345	187500.000000	187500.000000	86612.361564	102316.808977	111774.122628	133509.227158	-0.054000	0.768000	0.582000	192.000000	0.000000	0.000000	0.000000	0.000000	0.000000	0.000000	0.000000	0.000000	0.000000	1733433159.167131	0.000000
241.000000	88156.732995	19711.221124	187500.000000	187500.000000	86619.044735	102331.538776	111798.173105	133515.753867	-0.056000	0.770000	0.580000	192.000000	254.000000	64.000000	24.000000	16.000000	18.000000	32.000000	0.000000	0.000000	0.000000	1733433159.170153	0.000000
242.000000	88167.662998	19724.006322	187500.000000	187500.000000	86633.752183	102341.887634	111812.232353	133502.298117	-0.056000	0.770000	0.580000	192.000000	0.000000	0.000000	0.000000	0.000000	0.000000	0.000000	0.000000	0.000000	0.000000	1733433159.173172	0.000000
243.000000	88165.539582	19717.166688	187500.000000	187500.000000	86635.607378	102338.870149	111815.071024	133510.255338	-0.056000	0.770000	0.580000	192.000000	0.000000	0.000000	0.000000	0.000000	0.000000	0.000000	0.000000	0.000000	0.000000	1733433159.178158	0.000000
244.000000	88161.404510	19710.707034	187500.000000	187500.000000	86634.154515	102334.645669	111813.886382	133514.703335	-0.056000	0.770000	0.580000	192.000000	0.000000	0.000000	0.000000	0.000000	0.000000	0.000000	0.000000	0.000000	0.000000	1733433159.182451	0.000000
245.000000	88160.041053	19716.607894	187500.000000	187500.000000	86628.365413	102337.663154	111799.938893	133526.929739	-0.056000	0.770000	0.580000	192.000000	0.000000	0.000000	0.000000	0.000000	0.000000	0.000000	0.000000	0.000000	0.000000	1733433159.186505	0.000000
246.000000	88155.704815	19711.981083	187500.000000	187500.000000	86619.111791	102339.943032	111790.037071	133517.452600	-0.056000	0.770000	0.580000	192.000000	0.000000	0.000000	0.000000	0.000000	0.000000	0.000000	0.000000	0.000000	0.000000	1733433159.190475	0.000000
247.000000	88161.203344	19709.790612	187500.000000	187500.000000	86612.227453	102323.290983	111790.886437	133499.504149	-0.056000	0.770000	0.580000	192.000000	0.000000	0.000000	0.000000	0.000000	0.000000	0.000000	0.000000	0.000000	0.000000	1733433159.195438	0.000000
248.000000	88159.392853	19710.215296	187500.000000	187500.000000	86618.284776	102325.392047	111795.647358	133513.406934	-0.056000	0.770000	0.580000	192.000000	0.000000	0.000000	0.000000	0.000000	0.000000	0.000000	0.000000	0.000000	0.000000	1733433159.198228	0.000000
249.000000	88156.330664	19710.930551	187500.000000	187500.000000	86621.458724	102331.449369	111794.954454	133502.543986	-0.056000	0.770000	0.580000	192.000000	0.000000	0.000000	0.000000	0.000000	0.000000	0.000000	0.000000	0.000000	0.000000	1733433159.201214	0.000000
250.000000	88150.943893	19702.258075	187500.000000	187500.000000	86623.045698	102323.469797	111793.345129	133470.156308	-0.056000	0.770000	0.580000	192.000000	0.000000	0.000000	0.000000	0.000000	0.000000	0.000000	0.000000	0.000000	0.000000	1733433159.206226	0.000000
251.000000	88154.855449	19705.767298	187500.000000	187500.000000	86627.761916	102337.059657	111798.888361	133474.716064	-0.056000	0.770000	0.580000	192.000000	0.000000	0.000000	0.000000	0.000000	0.000000	0.000000	0.000000	0.000000	0.000000	1733433159.210246	0.000000
252.000000	88158.387024	19711.243476	187500.000000	187500.000000	86631.807581	102345.866245	111802.285826	133490.295230	-0.054000	0.770000	0.570000	192.000000	254.000000	80.000000	24.000000	16.000000	17.000000	208.000000	0.000000	0.000000	0.000000	1733433159.214245	0.000000
253.000000	88150.899190	19700.291121	187500.000000	187500.000000	86629.885331	102330.890576	111799.469507	133505.583823	-0.054000	0.770000	0.570000	192.000000	0.000000	0.000000	0.000000	0.000000	0.000000	0.000000	0.000000	0.000000	0.000000	1733433159.218273	0.000000
254.000000	88152.284998	19700.179362	187500.000000	187500.000000	86635.562674	102328.767160	111800.184762	133519.643071	-0.054000	0.770000	0.570000	192.000000	0.000000	0.000000	0.000000	0.000000	0.000000	0.000000	0.000000	0.000000	0.000000	1733433159.223506	0.000000
255.000000	88154.654283	19713.366892	187500.000000	187500.000000	86641.083555	102328.498939	111801.570571	133531.623606	-0.054000	0.770000	0.570000	192.000000	0.000000	0.000000	0.000000	0.000000	0.000000	0.000000	0.000000	0.000000	0.000000	1733433159.226499	0.000000
0.000000	88159.638722	19706.683720	187500.000000	187500.000000	86642.648177	102329.147140	111801.525867	133540.452545	-0.054000	0.770000	0.570000	192.000000	0.000000	0.000000	0.000000	0.000000	0.000000	0.000000	0.000000	0.000000	0.000000	1733433159.229488	0.000000
1.000000	88159.169335	19703.710938	187500.000000	187500.000000	86649.688977	102335.584442	111791.601693	133518.771353	-0.054000	0.770000	0.570000	192.000000	0.000000	0.000000	0.000000	0.000000	0.000000	0.000000	0.000000	0.000000	0.000000	1733433159.234497	0.000000
2.000000	88151.636797	19699.106479	187500.000000	187500.000000	86639.228361	102325.906137	111774.435553	133510.858835	-0.054000	0.770000	0.570000	192.000000	0.000000	0.000000	0.000000	0.000000	0.000000	0.000000	0.000000	0.000000	0.000000	1733433159.238292	0.000000
3.000000	88152.173239	19697.564208	187500.000000	187500.000000	86635.361509	102324.006238	111770.635756	133508.154274	-0.054000	0.770000	0.570000	192.000000	0.000000	0.000000	0.000000	0.000000	0.000000	0.000000	0.000000	0.000000	0.000000	1733433159.242311	0.000000
4.000000	88151.837963	19700.849915	187500.000000	187500.000000	86637.686090	102322.285154	111772.669765	133511.976422	-0.054000	0.770000	0.570000	192.000000	0.000000	0.000000	0.000000	0.000000	0.000000	0.000000	0.000000	0.000000	0.000000	1733433159.246305	0.000000
5.000000	88146.026510	19708.896543	187500.000000	187500.000000	86634.825067	102320.228794	111764.533730	133498.990059	-0.054000	0.770000	0.570000	192.000000	0.000000	0.000000	0.000000	0.000000	0.000000	0.000000	0.000000	0.000000	0.000000	1733433159.249308	0.000000
6.000000	88143.120783	19702.191019	187500.000000	187500.000000	86633.416907	102325.928488	111765.941890	133482.740341	-0.060000	0.770000	0.576000	192.000000	254.000000	32.000000	24.000000	16.000000	18.000000	0.000000	0.000000	0.000000	0.000000	1733433159.253617	0.000000
7.000000	88146.808821	19695.552551	187500.000000	187500.000000	86637.216704	102321.189919	111773.228559	133479.588745	-0.060000	0.770000	0.576000	192.000000	0.000000	0.000000	0.000000	0.000000	0.000000	0.000000	0.000000	0.000000	0.000000	1733433159.257510	0.000000
8.000000	88146.384137	19698.905313	187500.000000	187500.000000	86630.801753	102310.930468	111764.846655	133491.636335	-0.060000	0.770000	0.576000	192.000000	0.000000	0.000000	0.000000	0.000000	0.000000	0.000000	0.000000	0.000000	0.000000	1733433159.262570	0.000000
9.000000	88143.478411	19693.362080	187500.000000	187500.000000	86623.738602	102326.554337	111760.890396	133507.170797	-0.060000	0.770000	0.576000	192.000000	0.000000	0.000000	0.000000	0.000000	0.000000	0.000000	0.000000	0.000000	0.000000	1733433159.266561	0.000000
10.000000	88144.394832	19696.960711	187500.000000	187500.000000	86636.948483	102331.494073	111774.010870	133506.947280	-0.060000	0.770000	0.576000	192.000000	0.000000	0.000000	0.000000	0.000000	0.000000	0.000000	0.000000	0.000000	0.000000	1733433159.270310	0.000000
11.000000	88144.216018	19692.624473	187500.000000	187500.000000	86637.037890	102312.383331	111775.374326	133498.744190	-0.060000	0.770000	0.576000	192.000000	0.000000	0.000000	0.000000	0.000000	0.000000	0.000000	0.000000	0.000000	0.000000	1733433159.274537	0.000000
12.000000	88143.299597	19688.444696	187500.000000	187500.000000	86635.115640	102319.602945	111780.336413	133512.065829	-0.060000	0.770000	0.576000	192.000000	0.000000	0.000000	0.000000	0.000000	0.000000	0.000000	0.000000	0.000000	0.000000	1733433159.278306	0.000000
13.000000	88143.679576	19687.707089	187500.000000	187500.000000	86637.909608	102320.027628	111766.366573	133507.662536	-0.060000	0.770000	0.576000	192.000000	0.000000	0.000000	0.000000	0.000000	0.000000	0.000000	0.000000	0.000000	0.000000	1733433159.281361	0.000000
14.000000	88141.489105	19692.311548	187500.000000	187500.000000	86637.797849	102308.605887	111762.566777	133503.862739	-0.060000	0.770000	0.576000	192.000000	0.000000	0.000000	0.000000	0.000000	0.000000	0.000000	0.000000	0.000000	0.000000	1733433159.285366	0.000000
15.000000	88149.759251	19699.687624	187500.000000	187500.000000	86644.950407	102310.170509	111766.120704	133506.500245	-0.060000	0.770000	0.576000	192.000000	0.000000	0.000000	0.000000	0.000000	0.000000	0.000000	0.000000	0.000000	0.000000	1733433159.289543	0.000000
16.000000	88155.146021	19706.795479	187500.000000	187500.000000	86650.672454	102316.272535	111764.265509	133491.971611	-0.058000	0.772000	0.580000	192.000000	254.000000	48.000000	24.000000	32.000000	18.000000	32.000000	0.000000	0.000000	0.000000	1733433159.294616	0.000000
17.000000	88149.043995	19704.359139	187500.000000	187500.000000	86650.225419	102319.021799	111760.041029	133490.317582	-0.058000	0.772000	0.580000	192.000000	0.000000	0.000000	0.000000	0.000000	0.000000	0.000000	0.000000	0.000000	0.000000	1733433159.298716	0.000000
18.000000	88152.284998	19708.673025	187500.000000	187500.000000	86655.053396	102326.464930	111760.219843	133502.678097	-0.058000	0.772000	0.580000	192.000000	0.000000	0.000000	0.000000	0.000000	0.000000	0.000000	0.000000	0.000000	0.000000	1733433159.302646	0.000000
19.000000	88151.167411	19713.501002	187500.000000	187500.000000	86655.723948	102333.639840	111761.270375	133505.606175	-0.058000	0.772000	0.580000	192.000000	0.000000	0.000000	0.000000	0.000000	0.000000	0.000000	0.000000	0.000000	0.000000	1733433159.305441	0.000000
20.000000	88148.999292	19707.846011	187500.000000	187500.000000	86649.487811	102327.940145	111763.840826	133536.540989	-0.058000	0.772000	0.580000	192.000000	0.000000	0.000000	0.000000	0.000000	0.000000	0.000000	0.000000	0.000000	0.000000	1733433159.309449	0.000000
21.000000	88149.155754	19702.570999	187500.000000	187500.000000	86644.592779	102319.401779	111764.086695	133559.183307	-0.058000	0.772000	0.580000	192.000000	0.000000	0.000000	0.000000	0.000000	0.000000	0.000000	0.000000	0.000000	0.000000	1733433159.313444	0.000000
22.000000	88151.055652	19700.246418	187500.000000	187500.000000	86649.979550	102339.719515	111764.891358	133542.039519	-0.058000	0.772000	0.580000	192.000000	0.000000	0.000000	0.000000	0.000000	0.000000	0.000000	0.000000	0.000000	0.000000	1733433159.317447	0.000000
23.000000	88146.361786	19694.859647	187500.000000	187500.000000	86643.497544	102317.747750	111744.305401	133512.758733	-0.058000	0.772000	0.580000	192.000000	0.000000	0.000000	0.000000	0.000000	0.000000	0.000000	0.000000	0.000000	0.000000	1733433159.322615	0.000000
24.000000	88147.322911	19696.491324	187500.000000	187500.000000	86642.648177	102314.126767	111760.890396	133485.467253	-0.058000	0.772000	0.580000	192.000000	0.000000	0.000000	0.000000	0.000000	0.000000	0.000000	0.000000	0.000000	0.000000	1733433159.326729	0.000000
25.000000	88153.313178	19699.218237	187500.000000	187500.000000	86648.236114	102316.451349	111775.441381	133496.620774	-0.058000	0.772000	0.580000	192.000000	0.000000	0.000000	0.000000	0.000000	0.000000	0.000000	0.000000	0.000000	0.000000	1733433159.330672	0.000000
26.000000	88150.630969	19698.614740	187500.000000	187500.000000	86648.012596	102322.195747	111768.691155	133511.127056	-0.050000	0.778000	0.576000	192.000000	254.000000	112.000000	24.000000	80.000000	18.000000	0.000000	0.000000	0.000000	0.000000	1733433159.333668	0.000000
27.000000	88152.262646	19699.262941	187500.000000	187500.000000	86639.071898	102319.044151	111758.521111	133518.883111	-0.050000	0.778000	0.576000	192.000000	0.000000	0.000000	0.000000	0.000000	0.000000	0.000000	0.000000	0.000000	0.000000	1733433159.337453	0.000000
28.000000	88156.420071	19707.175458	187500.000000	187500.000000	86636.836724	102318.328895	111751.525015	133526.348594	-0.050000	0.778000	0.576000	192.000000	0.000000	0.000000	0.000000	0.000000	0.000000	0.000000	0.000000	0.000000	0.000000	1733433159.341730	0.000000
29.000000	88164.310236	19716.384377	187500.000000	187500.000000	86654.114622	102324.743846	111756.084771	133515.642108	-0.050000	0.778000	0.576000	192.000000	0.000000	0.000000	0.000000	0.000000	0.000000	0.000000	0.000000	0.000000	0.000000	1733433159.345468	0.000000
30.000000	88163.706739	19711.981083	187500.000000	187500.000000	86660.239000	102333.259861	111757.090599	133518.726649	-0.050000	0.778000	0.576000	192.000000	0.000000	0.000000	0.000000	0.000000	0.000000	0.000000	0.000000	0.000000	0.000000	1733433159.350466	0.000000
31.000000	88158.208210	19705.454374	187500.000000	187500.000000	86657.355625	102318.150081	111739.902108	133513.183417	-0.050000	0.778000	0.576000	192.000000	0.000000	0.000000	0.000000	0.000000	0.000000	0.000000	0.000000	0.000000	0.000000	1733433159.354504	0.000000
32.000000	88157.716472	19706.817830	187500.000000	187500.000000	86660.462518	102329.772989	111744.461864	133500.197053	-0.050000	0.778000	0.576000	192.000000	0.000000	0.000000	0.000000	0.000000	0.000000	0.000000	0.000000	0.000000	0.000000	1733433159.358450	0.000000
33.000000	88155.481297	19711.310531	187500.000000	187500.000000	86659.546096	102316.563108	111750.988573	133482.919155	-0.050000	0.778000	0.576000	192.000000	0.000000	0.000000	0.000000	0.000000	0.000000	0.000000	0.000000	0.000000	0.000000	1733433159.361594	0.000000
34.000000	88155.816574	19712.964560	187500.000000	187500.000000	86656.662721	102311.846889	111752.866119	133500.286460	-0.050000	0.778000	0.576000	192.000000	0.000000	0.000000	0.000000	0.000000	0.000000	0.000000	0.000000	0.000000	0.000000	1733433159.365529	0.000000
35.000000	88158.007045	19716.630246	187500.000000	187500.000000	86658.294399	102314.193823	111756.621213	133515.753867	-0.050000	0.778000	0.576000	192.000000	0.000000	0.000000	0.000000	0.000000	0.000000	0.000000	0.000000	0.000000	0.000000	1733433159.369813	0.000000
36.000000	88158.297617	19702.973330	187500.000000	187500.000000	86659.613152	102312.159814	111764.511378	133503.415704	-0.058000	0.780000	0.578000	192.000000	254.000000	48.000000	24.000000	96.000000	18.000000	16.000000	0.000000	0.000000	0.000000	1733433159.373645	0.000000
37.000000	88156.464774	19697.787726	187500.000000	187500.000000	86659.501393	102324.475625	111770.032259	133514.323355	-0.058000	0.780000	0.578000	192.000000	0.000000	0.000000	0.000000	0.000000	0.000000	0.000000	0.000000	0.000000	0.000000	1733433159.378521	0.000000
38.000000	88155.257780	19696.580731	187500.000000	187500.000000	86657.445032	102328.722457	111774.189684	133530.014280	-0.058000	0.780000	0.578000	192.000000	0.000000	0.000000	0.000000	0.000000	0.000000	0.000000	0.000000	0.000000	0.000000	1733433159.382567	0.000000
39.000000	88161.940952	19708.516563	187500.000000	187500.000000	86661.423643	102342.871111	111780.716393	133510.456504	-0.058000	0.780000	0.578000	192.000000	0.000000	0.000000	0.000000	0.000000	0.000000	0.000000	0.000000	0.000000	0.000000	1733433159.385531	0.000000
40.000000	88163.907905	19709.991778	187500.000000	187500.000000	86667.413910	102344.972175	111782.415126	133511.015297	-0.058000	0.780000	0.578000	192.000000	0.000000	0.000000	0.000000	0.000000	0.000000	0.000000	0.000000	0.000000	0.000000	1733433159.389488	0.000000
41.000000	88165.204306	19714.305665	187500.000000	187500.000000	86665.111681	102341.150026	111778.995309	133520.648899	-0.058000	0.780000	0.578000	192.000000	0.000000	0.000000	0.000000	0.000000	0.000000	0.000000	0.000000	0.000000	0.000000	1733433159.393543	0.000000
42.000000	88158.319969	19710.595275	187500.000000	187500.000000	86661.758919	102329.147140	111771.596881	133519.710126	-0.058000	0.780000	0.578000	192.000000	0.000000	0.000000	0.000000	0.000000	0.000000	0.000000	0.000000	0.000000	0.000000	1733433159.397780	0.000000
43.000000	88161.180992	19710.438813	187500.000000	187500.000000	86658.964951	102330.957631	111774.346146	133543.715899	-0.058000	0.780000	0.578000	192.000000	0.000000	0.000000	0.000000	0.000000	0.000000	0.000000	0.000000	0.000000	0.000000	1733433159.401726	0.000000
44.000000	88161.069234	19700.805211	187500.000000	187500.000000	86653.086442	102342.960518	111779.755268	133531.400088	-0.058000	0.780000	0.578000	192.000000	0.000000	0.000000	0.000000	0.000000	0.000000	0.000000	0.000000	0.000000	0.000000	1733433159.406731	0.000000
45.000000	88157.872934	19695.016109	187500.000000	187500.000000	86647.319692	102336.791436	111771.686288	133504.868568	-0.058000	0.780000	0.578000	192.000000	0.000000	0.000000	0.000000	0.000000	0.000000	0.000000	0.000000	0.000000	0.000000	1733433159.410817	0.000000
46.000000	88157.001216	19696.379566	187500.000000	187500.000000	86649.331349	102322.687486	111760.152788	133504.198015	-0.056000	0.774000	0.584000	192.000000	254.000000	64.000000	24.000000	48.000000	18.000000	64.000000	0.000000	0.000000	0.000000	1733433159.413787	0.000000
47.000000	88158.655245	19701.274598	187500.000000	187500.000000	86655.031044	102336.031477	111776.156637	133518.279614	-0.056000	0.774000	0.584000	192.000000	0.000000	0.000000	0.000000	0.000000	0.000000	0.000000	0.000000	0.000000	0.000000	1733433159.417546	0.000000
48.000000	88165.785452	19714.104499	187500.000000	187500.000000	86661.647160	102345.598024	111790.998196	133530.461315	-0.056000	0.774000	0.584000	192.000000	0.000000	0.000000	0.000000	0.000000	0.000000	0.000000	0.000000	0.000000	0.000000	1733433159.421536	0.000000
49.000000	88162.745614	19714.260961	187500.000000	187500.000000	86665.357550	102335.405628	111787.176047	133530.729536	-0.056000	0.774000	0.584000	192.000000	0.000000	0.000000	0.000000	0.000000	0.000000	0.000000	0.000000	0.000000	0.000000	1733433159.425542	0.000000
50.000000	88158.834059	19700.559342	187500.000000	187500.000000	86674.901745	102338.870149	111798.754251	133528.472010	-0.056000	0.774000	0.584000	192.000000	0.000000	0.000000	0.000000	0.000000	0.000000	0.000000	0.000000	0.000000	0.000000	1733433159.429597	0.000000
51.000000	88152.709681	19692.937397	187500.000000	187500.000000	86667.615076	102330.734114	111790.528809	133529.299024	-0.056000	0.774000	0.584000	192.000000	0.000000	0.000000	0.000000	0.000000	0.000000	0.000000	0.000000	0.000000	0.000000	1733433159.433597	0.000000
52.000000	88147.211152	19689.696394	187500.000000	187500.000000	86659.322579	102328.878919	111786.058460	133546.889847	-0.056000	0.774000	0.584000	192.000000	0.000000	0.000000	0.000000	0.000000	0.000000	0.000000	0.000000	0.000000	0.000000	1733433159.438685	0.000000
53.000000	88148.574608	19696.424269	187500.000000	187500.000000	86661.535402	102326.934317	111788.025414	133552.231914	-0.056000	0.774000	0.584000	192.000000	0.000000	0.000000	0.000000	0.000000	0.000000	0.000000	0.000000	0.000000	0.000000	1733433159.441659	0.000000
54.000000	88154.564876	19704.605008	187500.000000	187500.000000	86666.273971	102327.537814	111787.824248	133520.917120	-0.056000	0.774000	0.584000	192.000000	0.000000	0.000000	0.000000	0.000000	0.000000	0.000000	0.000000	0.000000	0.000000	1733433159.445824	0.000000
55.000000	88160.756309	19704.716766	187500.000000	187500.000000	86671.437224	102331.717590	111784.940873	133517.385544	-0.056000	0.774000	0.584000	192.000000	0.000000	0.000000	0.000000	0.000000	0.000000	0.000000	0.000000	0.000000	0.000000	1733433159.449884	0.000000
56.000000	88164.511402	19708.315397	187500.000000	187500.000000	86668.822070	102338.534872	111786.751364	133534.417574	-0.052000	0.768000	0.580000	192.000000	254.000000	96.000000	24.000000	0.000000	18.000000	32.000000	0.000000	0.000000	0.000000	1733433159.453609	0.000000
57.000000	88162.387986	19708.471860	187500.000000	187500.000000	86666.743358	102345.061582	111778.235349	133528.628472	-0.052000	0.768000	0.580000	192.000000	0.000000	0.000000	0.000000	0.000000	0.000000	0.000000	0.000000	0.000000	0.000000	1733433159.457870	0.000000
58.000000	88157.761175	19698.882961	187500.000000	187500.000000	86669.246753	102337.506692	111778.905902	133525.029841	-0.052000	0.768000	0.580000	192.000000	0.000000	0.000000	0.000000	0.000000	0.000000	0.000000	0.000000	0.000000	0.000000	1733433159.461590	0.000000
59.000000	88158.923466	19699.352348	187500.000000	187500.000000	86671.437224	102325.012067	111789.478277	133540.586655	-0.052000	0.768000	0.580000	192.000000	0.000000	0.000000	0.000000	0.000000	0.000000	0.000000	0.000000	0.000000	0.000000	1733433159.466607	0.000000
60.000000	88149.245161	19691.909217	187500.000000	187500.000000	86660.954256	102303.956724	111771.909806	133520.403030	-0.052000	0.768000	0.580000	192.000000	0.000000	0.000000	0.000000	0.000000	0.000000	0.000000	0.000000	0.000000	0.000000	1733433159.469600	0.000000
61.000000	88152.396757	19699.799383	187500.000000	187500.000000	86661.848326	102302.168584	111768.758210	133507.506073	-0.052000	0.768000	0.580000	192.000000	0.000000	0.000000	0.000000	0.000000	0.000000	0.000000	0.000000	0.000000	0.000000	1733433159.473841	0.000000
62.000000	88153.894324	19712.383415	187500.000000	187500.000000	86660.641332	102303.129709	111771.440419	133512.758733	-0.052000	0.768000	0.580000	192.000000	0.000000	0.000000	0.000000	0.000000	0.000000	0.000000	0.000000	0.000000	0.000000	1733433159.477665	0.000000
63.000000	88152.396757	19705.387319	187500.000000	187500.000000	86659.903724	102306.974209	111772.423896	133530.997757	-0.052000	0.768000	0.580000	192.000000	0.000000	0.000000	0.000000	0.000000	0.000000	0.000000	0.000000	0.000000	0.000000	1733433159.481854	0.000000
64.000000	88139.432745	19678.565225	187500.000000	187500.000000	86658.003826	102305.633105	111776.558969	133545.302873	-0.052000	0.768000	0.580000	192.000000	0.000000	0.000000	0.000000	0.000000	0.000000	0.000000	0.000000	0.000000	0.000000	1733433159.485872	0.000000
65.000000	88144.663053	19686.567150	187500.000000	187500.000000	86662.675340	102311.556317	111780.604634	133547.448641	-0.052000	0.768000	0.580000	192.000000	0.000000	0.000000	0.000000	0.000000	0.000000	0.000000	0.000000	0.000000	0.000000	1733433159.489808	0.000000
66.000000	88147.769946	19688.601159	187500.000000	187500.000000	86663.435300	102321.256974	111779.040012	133547.783917	-0.056000	0.768000	0.582000	192.000000	254.000000	64.000000	24.000000	0.000000	18.000000	48.000000	0.000000	0.000000	0.000000	1733433159.494671	0.000000
67.000000	88153.447289	19694.680833	187500.000000	187500.000000	86672.219535	102334.958593	111786.818419	133566.291161	-0.056000	0.768000	0.582000	192.000000	0.000000	0.000000	0.000000	0.000000	0.000000	0.000000	0.000000	0.000000	0.000000	1733433159.497682	0.000000
68.000000	88158.476431	19699.464106	187500.000000	187500.000000	86676.175794	102329.035381	111791.892265	133527.712050	-0.056000	0.768000	0.582000	192.000000	0.000000	0.000000	0.000000	0.000000	0.000000	0.000000	0.000000	0.000000	0.000000	1733433159.500664	0.000000
69.000000	88159.459908	19696.468973	187500.000000	187500.000000	86669.291457	102314.171471	111781.833980	133527.041498	-0.056000	0.768000	0.582000	192.000000	0.000000	0.000000	0.000000	0.000000	0.000000	0.000000	0.000000	0.000000	0.000000	1733433159.505702	0.000000
70.000000	88154.296655	19692.579769	187500.000000	187500.000000	86647.230285	102303.241468	111764.869006	133536.719803	-0.056000	0.768000	0.582000	192.000000	0.000000	0.000000	0.000000	0.000000	0.000000	0.000000	0.000000	0.000000	0.000000	1733433159.509662	0.000000
71.000000	88159.258742	19700.492287	187500.000000	187500.000000	86652.460593	102311.511613	111773.742649	133520.872417	-0.056000	0.768000	0.582000	192.000000	0.000000	0.000000	0.000000	0.000000	0.000000	0.000000	0.000000	0.000000	0.000000	1733433159.513829	0.000000
72.000000	88160.398681	19701.140487	187500.000000	187500.000000	86658.137936	102314.059712	111781.543408	133512.557568	-0.056000	0.768000	0.582000	192.000000	0.000000	0.000000	0.000000	0.000000	0.000000	0.000000	0.000000	0.000000	0.000000	1733433159.518000	0.000000
73.000000	88156.285960	19696.267807	187500.000000	187500.000000	86655.411024	102318.686523	111782.504533	133524.091068	-0.056000	0.768000	0.582000	192.000000	0.000000	0.000000	0.000000	0.000000	0.000000	0.000000	0.000000	0.000000	0.000000	1733433159.520975	0.000000
74.000000	88157.358844	19698.927665	187500.000000	187500.000000	86653.578181	102321.435788	111780.247006	133530.975405	-0.056000	0.768000	0.582000	192.000000	0.000000	0.000000	0.000000	0.000000	0.000000	0.000000	0.000000	0.000000	0.000000	1733433159.524922	0.000000
75.000000	88157.001216	19691.953920	187500.000000	187500.000000	86657.065053	102315.400817	111783.152733	133527.443829	-0.056000	0.768000	0.582000	192.000000	0.000000	0.000000	0.000000	0.000000	0.000000	0.000000	0.000000	0.000000	0.000000	1733433159.529749	0.000000
76.000000	88158.096452	19694.256150	187500.000000	187500.000000	86657.020349	102320.273497	111789.075946	133538.239722	-0.058000	0.766000	0.584000	192.000000	254.000000	48.000000	23.000000	240.000000	18.000000	64.000000	0.000000	0.000000	0.000000	1733433159.533761	0.000000
77.000000	88158.923466	19694.323205	187500.000000	187500.000000	86654.271085	102321.368733	111788.248931	133524.359289	-0.058000	0.766000	0.584000	192.000000	0.000000	0.000000	0.000000	0.000000	0.000000	0.000000	0.000000	0.000000	0.000000	1733433159.537747	0.000000
78.000000	88151.815611	19696.133697	187500.000000	187500.000000	86648.973721	102313.299753	111777.542445	133525.163952	-0.058000	0.766000	0.584000	192.000000	0.000000	0.000000	0.000000	0.000000	0.000000	0.000000	0.000000	0.000000	0.000000	1733433159.541850	0.000000
79.000000	88151.122707	19709.164764	187500.000000	187500.000000	86652.192372	102323.514500	111776.178989	133507.148446	-0.058000	0.766000	0.584000	192.000000	0.000000	0.000000	0.000000	0.000000	0.000000	0.000000	0.000000	0.000000	0.000000	1733433159.545747	0.000000
80.000000	88156.263608	19696.893656	187500.000000	187500.000000	86661.445995	102330.488244	111785.186742	133516.357364	-0.058000	0.766000	0.584000	192.000000	0.000000	0.000000	0.000000	0.000000	0.000000	0.000000	0.000000	0.000000	0.000000	1733433159.549895	0.000000
81.000000	88153.290826	19687.662385	187500.000000	187500.000000	86653.600532	102315.020837	111790.797030	133521.587672	-0.058000	0.766000	0.584000	192.000000	0.000000	0.000000	0.000000	0.000000	0.000000	0.000000	0.000000	0.000000	0.000000	1733433159.552902	0.000000
82.000000	88150.228637	19683.460257	187500.000000	187500.000000	86643.698709	102301.878011	111791.780507	133520.715954	-0.058000	0.766000	0.584000	192.000000	0.000000	0.000000	0.000000	0.000000	0.000000	0.000000	0.000000	0.000000	0.000000	1733433159.557014	0.000000
83.000000	88154.922504	19689.808153	187500.000000	187500.000000	86650.828916	102313.053884	111796.116745	133531.713013	-0.058000	0.766000	0.584000	192.000000	0.000000	0.000000	0.000000	0.000000	0.000000	0.000000	0.000000	0.000000	0.000000	1733433159.560961	0.000000
84.000000	88155.838925	19692.177438	187500.000000	187500.000000	86654.114622	102317.323067	111798.575437	133549.549705	-0.058000	0.766000	0.584000	192.000000	0.000000	0.000000	0.000000	0.000000	0.000000	0.000000	0.000000	0.000000	0.000000	1733433159.565760	0.000000
85.000000	88157.917638	19692.177438	187500.000000	187500.000000	86653.913457	102320.407608	111797.390794	133533.590559	-0.058000	0.766000	0.584000	192.000000	0.000000	0.000000	0.000000	0.000000	0.000000	0.000000	0.000000	0.000000	0.000000	1733433159.569769	0.000000
86.000000	88159.638722	19695.709013	187500.000000	187500.000000	86663.301189	102331.561128	111806.800879	133529.589597	-0.060000	0.772000	0.584000	192.000000	254.000000	32.000000	24.000000	32.000000	18.000000	64.000000	0.000000	0.000000	0.000000	1733433159.574067	0.000000
87.000000	88151.167411	19686.611853	187500.000000	187500.000000	86659.635503	102312.696256	111796.563780	133522.146466	-0.060000	0.772000	0.584000	192.000000	0.000000	0.000000	0.000000	0.000000	0.000000	0.000000	0.000000	0.000000	0.000000	1733433159.577774	0.000000
88.000000	88143.076079	19688.779973	187500.000000	187500.000000	86653.198201	102304.090834	111791.579341	133524.180475	-0.060000	0.772000	0.584000	192.000000	0.000000	0.000000	0.000000	0.000000	0.000000	0.000000	0.000000	0.000000	0.000000	1733433159.580811	0.000000
89.000000	88137.532847	19683.504961	187500.000000	187500.000000	86643.475192	102293.049072	111784.002100	133515.150370	-0.060000	0.772000	0.584000	192.000000	0.000000	0.000000	0.000000	0.000000	0.000000	0.000000	0.000000	0.000000	0.000000	1733433159.584819	0.000000
90.000000	88138.873951	19682.230912	187500.000000	187500.000000	86641.150611	102286.455308	111779.129419	133501.895786	-0.060000	0.772000	0.584000	192.000000	0.000000	0.000000	0.000000	0.000000	0.000000	0.000000	0.000000	0.000000	0.000000	1733433159.589934	0.000000
91.000000	88137.152867	19678.431115	187500.000000	187500.000000	86637.931959	102277.291093	111771.596881	133494.296192	-0.060000	0.772000	0.584000	192.000000	0.000000	0.000000	0.000000	0.000000	0.000000	0.000000	0.000000	0.000000	0.000000	1733433159.593997	0.000000
92.000000	88144.394832	19675.525388	187500.000000	187500.000000	86639.675395	102280.710909	111772.066268	133511.618794	-0.060000	0.772000	0.584000	192.000000	0.000000	0.000000	0.000000	0.000000	0.000000	0.000000	0.000000	0.000000	0.000000	1733433159.597999	0.000000
93.000000	88155.481297	19687.662385	187500.000000	187500.000000	86645.464497	102291.327988	111774.882588	133533.232931	-0.060000	0.772000	0.584000	192.000000	0.000000	0.000000	0.000000	0.000000	0.000000	0.000000	0.000000	0.000000	0.000000	1733433159.601996	0.000000
94.000000	88158.901114	19694.658481	187500.000000	187500.000000	86649.621922	102289.830421	111776.804838	133511.842312	-0.060000	0.772000	0.584000	192.000000	0.000000	0.000000	0.000000	0.000000	0.000000	0.000000	0.000000	0.000000	0.000000	1733433159.604812	0.000000
95.000000	88154.564876	19687.438868	187500.000000	187500.000000	86642.536419	102278.743956	111769.898149	133523.912254	-0.060000	0.772000	0.584000	192.000000	0.000000	0.000000	0.000000	0.000000	0.000000	0.000000	0.000000	0.000000	0.000000	1733433159.608868	0.000000
96.000000	88149.066347	19683.192037	187500.000000	187500.000000	86641.597645	102275.793526	111766.947718	133498.677134	-0.060000	0.774000	0.578000	192.000000	254.000000	32.000000	24.000000	48.000000	18.000000	16.000000	0.000000	0.000000	0.000000	1733433159.612804	0.000000
97.000000	88143.746632	19677.939377	187500.000000	187500.000000	86638.311939	102277.805183	111771.127495	133486.808358	-0.060000	0.774000	0.578000	192.000000	0.000000	0.000000	0.000000	0.000000	0.000000	0.000000	0.000000	0.000000	0.000000	1733433159.618806	0.000000
98.000000	88146.875876	19679.995737	187500.000000	187500.000000	86646.000939	102282.946084	111779.934082	133516.714992	-0.060000	0.774000	0.578000	192.000000	0.000000	0.000000	0.000000	0.000000	0.000000	0.000000	0.000000	0.000000	0.000000	1733433159.621853	0.000000
99.000000	88150.183934	19681.962691	187500.000000	187500.000000	86644.279855	102279.325101	111771.976861	133520.581844	-0.060000	0.774000	0.578000	192.000000	0.000000	0.000000	0.000000	0.000000	0.000000	0.000000	0.000000	0.000000	0.000000	1733433159.625883	0.000000
100.000000	88155.056614	19693.160915	187500.000000	187500.000000	86649.510163	102285.918866	111787.511323	133530.304853	-0.060000	0.774000	0.578000	192.000000	0.000000	0.000000	0.000000	0.000000	0.000000	0.000000	0.000000	0.000000	0.000000	1733433159.628986	0.000000
101.000000	88153.559047	19688.556455	187500.000000	187500.000000	86656.930942	102297.385311	111801.682329	133531.176571	-0.060000	0.774000	0.578000	192.000000	0.000000	0.000000	0.000000	0.000000	0.000000	0.000000	0.000000	0.000000	0.000000	1733433159.633140	0.000000
102.000000	88147.322911	19688.802324	187500.000000	187500.000000	86654.807526	102308.091796	111794.596826	133505.382658	-0.060000	0.774000	0.578000	192.000000	0.000000	0.000000	0.000000	0.000000	0.000000	0.000000	0.000000	0.000000	0.000000	1733433159.637059	0.000000
103.000000	88145.311254	19689.562284	187500.000000	187500.000000	86644.123393	102308.762349	111793.322777	133496.218442	-0.060000	0.774000	0.578000	192.000000	0.000000	0.000000	0.000000	0.000000	0.000000	0.000000	0.000000	0.000000	0.000000	1733433159.640864	0.000000
104.000000	88142.405527	19671.233853	187500.000000	187500.000000	86640.122430	102295.038378	111790.886437	133506.142617	-0.060000	0.774000	0.578000	192.000000	0.000000	0.000000	0.000000	0.000000	0.000000	0.000000	0.000000	0.000000	0.000000	1733433159.644861	0.000000
105.000000	88138.851600	19661.890824	187500.000000	187500.000000	86645.397442	102290.992712	111790.081774	133510.948242	-0.060000	0.774000	0.578000	192.000000	0.000000	0.000000	0.000000	0.000000	0.000000	0.000000	0.000000	0.000000	0.000000	1733433159.649849	0.000000
106.000000	88140.505629	19664.461275	187500.000000	187500.000000	86646.425622	102289.539849	111798.687196	133521.565321	-0.062000	0.772000	0.572000	192.000000	254.000000	16.000000	24.000000	32.000000	17.000000	224.000000	0.000000	0.000000	0.000000	1733433159.653904	0.000000
107.000000	88125.574663	19650.714952	187500.000000	187500.000000	86628.588930	102260.929616	111781.342242	133521.319451	-0.062000	0.772000	0.572000	192.000000	0.000000	0.000000	0.000000	0.000000	0.000000	0.000000	0.000000	0.000000	0.000000	1733433159.656901	0.000000
108.000000	88120.769038	19649.418551	187500.000000	187500.000000	86621.145799	102255.028755	111772.535655	133529.366079	-0.062000	0.772000	0.572000	192.000000	0.000000	0.000000	0.000000	0.000000	0.000000	0.000000	0.000000	0.000000	0.000000	1733433159.660889	0.000000
109.000000	88125.798181	19653.419513	187500.000000	187500.000000	86628.186599	102260.437877	111772.937986	133528.561417	-0.062000	0.772000	0.572000	192.000000	0.000000	0.000000	0.000000	0.000000	0.000000	0.000000	0.000000	0.000000	0.000000	1733433159.665082	0.000000
110.000000	88136.638777	19668.104609	187500.000000	187500.000000	86635.674433	102271.412584	111782.370422	133514.122190	-0.062000	0.772000	0.572000	192.000000	0.000000	0.000000	0.000000	0.000000	0.000000	0.000000	0.000000	0.000000	0.000000	1733433159.669092	0.000000
111.000000	88131.341413	19662.427266	187500.000000	187500.000000	86633.886294	102282.744918	111785.790239	133480.281649	-0.062000	0.772000	0.572000	192.000000	0.000000	0.000000	0.000000	0.000000	0.000000	0.000000	0.000000	0.000000	0.000000	1733433159.673203	0.000000
112.000000	88141.623216	19667.434057	187500.000000	187500.000000	86639.228361	102301.945067	111792.071079	133486.830710	-0.062000	0.772000	0.572000	192.000000	0.000000	0.000000	0.000000	0.000000	0.000000	0.000000	0.000000	0.000000	0.000000	1733433159.678457	0.000000
113.000000	88147.099393	19673.334917	187500.000000	187500.000000	86641.932922	102295.932447	111794.328605	133507.751943	-0.062000	0.772000	0.572000	192.000000	0.000000	0.000000	0.000000	0.000000	0.000000	0.000000	0.000000	0.000000	0.000000	1733433159.681925	0.000000
114.000000	88150.072175	19687.841199	187500.000000	187500.000000	86637.954311	102292.713796	111794.239198	133513.250472	-0.062000	0.772000	0.572000	192.000000	0.000000	0.000000	0.000000	0.000000	0.000000	0.000000	0.000000	0.000000	0.000000	1733433159.684938	0.000000
115.000000	88156.576533	19696.156048	187500.000000	187500.000000	86641.687052	102296.692407	111798.776603	133508.020164	-0.062000	0.772000	0.572000	192.000000	0.000000	0.000000	0.000000	0.000000	0.000000	0.000000	0.000000	0.000000	0.000000	1733433159.688976	0.000000
116.000000	88154.363710	19683.035574	187500.000000	187500.000000	86642.223494	102301.162756	111803.001082	133527.734402	-0.058000	0.770000	0.572000	192.000000	254.000000	48.000000	24.000000	16.000000	17.000000	224.000000	0.000000	0.000000	0.000000	1733433159.692972	0.000000
117.000000	88147.971111	19688.310586	187500.000000	187500.000000	86644.391614	102299.553430	111807.940818	133541.279559	-0.058000	0.770000	0.572000	192.000000	0.000000	0.000000	0.000000	0.000000	0.000000	0.000000	0.000000	0.000000	0.000000	1733433159.696981	0.000000
118.000000	88142.740803	19682.923816	187500.000000	187500.000000	86650.918323	102307.510651	111811.830021	133518.592539	-0.058000	0.770000	0.572000	192.000000	0.000000	0.000000	0.000000	0.000000	0.000000	0.000000	0.000000	0.000000	0.000000	1733433159.701058	0.000000
119.000000	88123.965338	19667.389353	187500.000000	187500.000000	86641.284721	102298.301732	111793.881571	133522.258225	-0.058000	0.770000	0.572000	192.000000	0.000000	0.000000	0.000000	0.000000	0.000000	0.000000	0.000000	0.000000	0.000000	1733433159.706165	0.000000
120.000000	88121.037259	19670.831522	187500.000000	187500.000000	86636.121468	102286.567066	111794.194495	133526.303891	-0.058000	0.770000	0.572000	192.000000	0.000000	0.000000	0.000000	0.000000	0.000000	0.000000	0.000000	0.000000	0.000000	1733433159.710389	0.000000
121.000000	88114.845826	19672.686717	187500.000000	187500.000000	86636.903779	102284.801279	111799.245989	133508.511902	-0.058000	0.770000	0.572000	192.000000	0.000000	0.000000	0.000000	0.000000	0.000000	0.000000	0.000000	0.000000	0.000000	1733433159.713256	0.000000
122.000000	88118.846788	19677.872321	187500.000000	187500.000000	86639.898913	102288.154040	111800.654149	133514.859797	-0.058000	0.770000	0.572000	192.000000	0.000000	0.000000	0.000000	0.000000	0.000000	0.000000	0.000000	0.000000	0.000000	1733433159.716970	0.000000
123.000000	88130.603806	19681.470952	187500.000000	187500.000000	86640.591817	102296.625352	111802.509344	133544.386452	-0.058000	0.770000	0.572000	192.000000	0.000000	0.000000	0.000000	0.000000	0.000000	0.000000	0.000000	0.000000	0.000000	1733433159.720992	0.000000
124.000000	88128.882722	19675.838313	187500.000000	187500.000000	86643.922227	102295.261895	111812.008835	133530.260149	-0.058000	0.770000	0.572000	192.000000	0.000000	0.000000	0.000000	0.000000	0.000000	0.000000	0.000000	0.000000	0.000000	1733433159.725026	0.000000
125.000000	88124.412373	19672.776124	187500.000000	187500.000000	86641.552942	102293.898439	111814.601638	133547.515696	-0.058000	0.770000	0.572000	192.000000	0.000000	0.000000	0.000000	0.000000	0.000000	0.000000	0.000000	0.000000	0.000000	1733433159.728992	0.000000
126.000000	88132.861332	19677.626452	187500.000000	187500.000000	86651.857096	102305.409587	111814.400472	133537.882094	-0.058000	0.770000	0.574000	192.000000	254.000000	48.000000	24.000000	16.000000	17.000000	240.000000	0.000000	0.000000	0.000000	1733433159.734015	0.000000
127.000000	88137.756364	19680.666289	187500.000000	187500.000000	86660.708387	102307.711817	111813.484050	133521.542969	-0.058000	0.770000	0.574000	192.000000	0.000000	0.000000	0.000000	0.000000	0.000000	0.000000	0.000000	0.000000	0.000000	1733433159.738142	0.000000
128.000000	88141.958492	19686.254226	187500.000000	187500.000000	86657.847364	102289.919828	111811.092414	133530.483667	-0.058000	0.770000	0.574000	192.000000	0.000000	0.000000	0.000000	0.000000	0.000000	0.000000	0.000000	0.000000	0.000000	1733433159.741173	0.000000
129.000000	88139.522152	19692.244493	187500.000000	187500.000000	86654.651064	102285.985921	111812.210001	133517.318489	-0.058000	0.770000	0.574000	192.000000	0.000000	0.000000	0.000000	0.000000	0.000000	0.000000	0.000000	0.000000	0.000000	1733433159.745214	0.000000
130.000000	88139.790373	19689.808153	187500.000000	187500.000000	86659.121413	102304.068482	111822.424748	133529.477838	-0.058000	0.770000	0.574000	192.000000	0.000000	0.000000	0.000000	0.000000	0.000000	0.000000	0.000000	0.000000	0.000000	1733433159.749231	0.000000
131.000000	88132.056669	19675.570092	187500.000000	187500.000000	86650.627750	102291.149174	111816.032149	133549.952036	-0.058000	0.770000	0.574000	192.000000	0.000000	0.000000	0.000000	0.000000	0.000000	0.000000	0.000000	0.000000	0.000000	1733433159.753041	0.000000
132.000000	88124.010041	19678.654632	187500.000000	187500.000000	86640.345948	102286.567066	111811.606504	133542.441850	-0.058000	0.770000	0.574000	192.000000	0.000000	0.000000	0.000000	0.000000	0.000000	0.000000	0.000000	0.000000	0.000000	1733433159.757367	0.000000
133.000000	88124.121800	19668.484589	187500.000000	187500.000000	86635.719137	102294.747805	111815.227487	133526.125077	-0.058000	0.770000	0.574000	192.000000	0.000000	0.000000	0.000000	0.000000	0.000000	0.000000	0.000000	0.000000	0.000000	1733433159.762071	0.000000
134.000000	88117.840960	19657.085199	187500.000000	187500.000000	86628.432468	102279.883895	111803.179896	133511.395277	-0.058000	0.770000	0.574000	192.000000	0.000000	0.000000	0.000000	0.000000	0.000000	0.000000	0.000000	0.000000	0.000000	1733433159.765071	0.000000
135.000000	88121.238425	19664.461275	187500.000000	187500.000000	86625.884369	102286.120032	111798.351919	133528.360251	-0.058000	0.770000	0.574000	192.000000	0.000000	0.000000	0.000000	0.000000	0.000000	0.000000	0.000000	0.000000	0.000000	1733433159.768073	0.000000
136.000000	88121.283128	19665.444751	187500.000000	187500.000000	86620.587006	102277.849886	111798.418975	133539.066737	-0.056000	0.766000	0.578000	192.000000	254.000000	64.000000	23.000000	240.000000	18.000000	16.000000	0.000000	0.000000	0.000000	1733433159.773152	0.000000
137.000000	88133.487181	19683.482609	187500.000000	187500.000000	86633.036927	102277.604017	111805.348015	133521.386507	-0.056000	0.766000	0.578000	192.000000	0.000000	0.000000	0.000000	0.000000	0.000000	0.000000	0.000000	0.000000	0.000000	1733433159.777345	0.000000
138.000000	88131.050841	19681.962691	187500.000000	187500.000000	86646.246808	102287.371729	111809.326626	133509.450675	-0.056000	0.766000	0.578000	192.000000	0.000000	0.000000	0.000000	0.000000	0.000000	0.000000	0.000000	0.000000	0.000000	1733433159.781345	0.000000
139.000000	88134.291844	19675.547740	187500.000000	187500.000000	86648.906666	102283.683691	111812.142946	133530.707184	-0.056000	0.766000	0.578000	192.000000	0.000000	0.000000	0.000000	0.000000	0.000000	0.000000	0.000000	0.000000	0.000000	1733433159.785317	0.000000
140.000000	88139.097469	19686.209522	187500.000000	187500.000000	86654.315788	102293.406700	111816.188612	133543.917065	-0.056000	0.766000	0.578000	192.000000	0.000000	0.000000	0.000000	0.000000	0.000000	0.000000	0.000000	0.000000	0.000000	1733433159.789074	0.000000
141.000000	88142.114954	19680.398068	187500.000000	187500.000000	86655.545134	102292.043244	111815.674521	133525.722745	-0.056000	0.766000	0.578000	192.000000	0.000000	0.000000	0.000000	0.000000	0.000000	0.000000	0.000000	0.000000	0.000000	1733433159.793104	0.000000
142.000000	88138.359861	19675.883016	187500.000000	187500.000000	86656.305093	102280.934427	111808.052577	133525.722745	-0.056000	0.766000	0.578000	192.000000	0.000000	0.000000	0.000000	0.000000	0.000000	0.000000	0.000000	0.000000	0.000000	1733433159.796116	0.000000
143.000000	88143.389004	19678.386411	187500.000000	187500.000000	86664.128204	102285.024796	111815.853335	133542.263036	-0.056000	0.766000	0.578000	192.000000	0.000000	0.000000	0.000000	0.000000	0.000000	0.000000	0.000000	0.000000	0.000000	1733433159.801099	0.000000
144.000000	88149.021643	19681.917987	187500.000000	187500.000000	86669.649085	102296.290075	111826.112786	133534.328167	-0.056000	0.766000	0.578000	192.000000	0.000000	0.000000	0.000000	0.000000	0.000000	0.000000	0.000000	0.000000	0.000000	1733433159.805267	0.000000
145.000000	88149.692196	19687.930606	187500.000000	187500.000000	86664.061149	102294.613695	111826.962152	133535.132830	-0.056000	0.766000	0.578000	192.000000	0.000000	0.000000	0.000000	0.000000	0.000000	0.000000	0.000000	0.000000	0.000000	1733433159.809243	0.000000
146.000000	88146.227675	19686.745964	187500.000000	187500.000000	86663.211782	102295.530116	111825.263420	133556.948132	-0.054000	0.768000	0.588000	192.000000	254.000000	80.000000	24.000000	0.000000	18.000000	96.000000	0.000000	0.000000	0.000000	1733433159.813321	0.000000
147.000000	88144.126611	19681.470952	187500.000000	187500.000000	86662.273009	102297.944104	111821.307161	133554.757661	-0.054000	0.768000	0.588000	192.000000	0.000000	0.000000	0.000000	0.000000	0.000000	0.000000	0.000000	0.000000	0.000000	1733433159.817327	0.000000
148.000000	88139.544504	19676.397106	187500.000000	187500.000000	86655.388672	102281.761441	111811.382986	133541.883056	-0.054000	0.768000	0.588000	192.000000	0.000000	0.000000	0.000000	0.000000	0.000000	0.000000	0.000000	0.000000	0.000000	1733433159.821112	0.000000
149.000000	88140.595036	19677.671156	187500.000000	187500.000000	86654.919285	102277.715776	111808.186687	133554.042405	-0.054000	0.768000	0.588000	192.000000	0.000000	0.000000	0.000000	0.000000	0.000000	0.000000	0.000000	0.000000	0.000000	1733433159.824325	0.000000
150.000000	88136.750536	19669.848045	187500.000000	187500.000000	86651.857096	102272.574874	111808.209039	133547.202772	-0.054000	0.768000	0.588000	192.000000	0.000000	0.000000	0.000000	0.000000	0.000000	0.000000	0.000000	0.000000	0.000000	1733433159.828182	0.000000
151.000000	88142.919617	19674.899539	187500.000000	187500.000000	86662.809451	102276.240561	111820.569553	133531.243626	-0.054000	0.768000	0.588000	192.000000	0.000000	0.000000	0.000000	0.000000	0.000000	0.000000	0.000000	0.000000	0.000000	1733433159.833165	0.000000
152.000000	88146.138268	19682.208560	187500.000000	187500.000000	86674.901745	102284.041319	111824.704626	133522.749963	-0.054000	0.768000	0.588000	192.000000	0.000000	0.000000	0.000000	0.000000	0.000000	0.000000	0.000000	0.000000	0.000000	1733433159.837481	0.000000
153.000000	88149.535733	19683.884941	187500.000000	187500.000000	86676.421663	102280.107412	111825.822213	133516.938510	-0.054000	0.768000	0.588000	192.000000	0.000000	0.000000	0.000000	0.000000	0.000000	0.000000	0.000000	0.000000	0.000000	1733433159.841340	0.000000
154.000000	88147.769946	19681.403897	187500.000000	187500.000000	86672.197184	102275.435898	111822.938838	133518.212559	-0.054000	0.768000	0.588000	192.000000	0.000000	0.000000	0.000000	0.000000	0.000000	0.000000	0.000000	0.000000	0.000000	1733433159.845315	0.000000
155.000000	88157.850582	19693.518542	187500.000000	187500.000000	86684.133015	102290.746843	111832.818309	133549.192077	-0.054000	0.768000	0.588000	192.000000	0.000000	0.000000	0.000000	0.000000	0.000000	0.000000	0.000000	0.000000	0.000000	1733433159.849434	0.000000
156.000000	88164.310236	19700.961673	187500.000000	187500.000000	86682.255469	102290.389215	111837.087493	133615.420296	-0.052000	0.772000	0.586000	192.000000	254.000000	96.000000	24.000000	32.000000	18.000000	80.000000	0.000000	0.000000	0.000000	1733433159.852212	0.000000
157.000000	88155.794222	19685.606025	187500.000000	187500.000000	86675.169966	102276.732299	111820.502498	133541.704242	-0.052000	0.772000	0.586000	192.000000	0.000000	0.000000	0.000000	0.000000	0.000000	0.000000	0.000000	0.000000	0.000000	1733433159.856173	0.000000
158.000000	88149.714547	19673.670193	187500.000000	187500.000000	86679.081521	102270.339700	111808.544315	133508.333088	-0.052000	0.772000	0.586000	192.000000	0.000000	0.000000	0.000000	0.000000	0.000000	0.000000	0.000000	0.000000	0.000000	1733433159.861218	0.000000
159.000000	88146.652358	19677.112362	187500.000000	187500.000000	86673.515937	102272.329005	111796.630835	133514.256300	-0.052000	0.772000	0.586000	192.000000	0.000000	0.000000	0.000000	0.000000	0.000000	0.000000	0.000000	0.000000	0.000000	1733433159.865185	0.000000
160.000000	88138.628082	19670.250376	187500.000000	187500.000000	86669.760843	102266.450496	111799.201286	133506.388486	-0.052000	0.772000	0.586000	192.000000	0.000000	0.000000	0.000000	0.000000	0.000000	0.000000	0.000000	0.000000	0.000000	1733433159.869190	0.000000
161.000000	88144.171315	19671.814999	187500.000000	187500.000000	86678.969762	102269.423279	111813.841678	133533.031766	-0.052000	0.772000	0.586000	192.000000	0.000000	0.000000	0.000000	0.000000	0.000000	0.000000	0.000000	0.000000	0.000000	1733433159.873429	0.000000
162.000000	88155.123670	19683.192037	187500.000000	187500.000000	86679.260335	102274.452421	111822.156527	133549.549705	-0.052000	0.772000	0.586000	192.000000	0.000000	0.000000	0.000000	0.000000	0.000000	0.000000	0.000000	0.000000	0.000000	1733433159.876442	0.000000
163.000000	88145.378309	19685.047231	187500.000000	187500.000000	86672.487756	102272.843095	111812.791146	133534.283463	-0.052000	0.772000	0.586000	192.000000	0.000000	0.000000	0.000000	0.000000	0.000000	0.000000	0.000000	0.000000	0.000000	1733433159.880415	0.000000
164.000000	88139.320986	19672.910234	187500.000000	187500.000000	86664.821108	102271.949026	111804.230428	133535.065774	-0.052000	0.772000	0.586000	192.000000	0.000000	0.000000	0.000000	0.000000	0.000000	0.000000	0.000000	0.000000	0.000000	1733433159.884393	0.000000
165.000000	88141.824382	19668.059906	187500.000000	187500.000000	86671.459576	102286.924694	111817.127385	133537.144487	-0.052000	0.772000	0.586000	192.000000	0.000000	0.000000	0.000000	0.000000	0.000000	0.000000	0.000000	0.000000	0.000000	1733433159.889407	0.000000
166.000000	88136.079983	19662.740190	187500.000000	187500.000000	86666.899820	102263.678880	111801.995254	133509.629489	-0.048000	0.772000	0.588000	192.000000	254.000000	128.000000	24.000000	32.000000	18.000000	96.000000	0.000000	0.000000	0.000000	1733433159.893224	0.000000
167.000000	88137.465791	19667.255243	187500.000000	187500.000000	86663.614114	102271.993729	111801.279998	133526.594463	-0.048000	0.772000	0.588000	192.000000	0.000000	0.000000	0.000000	0.000000	0.000000	0.000000	0.000000	0.000000	0.000000	1733433159.897252	0.000000
168.000000	88132.906036	19663.455446	187500.000000	187500.000000	86670.923134	102277.447555	111814.914562	133525.990966	-0.048000	0.772000	0.588000	192.000000	0.000000	0.000000	0.000000	0.000000	0.000000	0.000000	0.000000	0.000000	0.000000	1733433159.900221	0.000000
169.000000	88134.448306	19664.707144	187500.000000	187500.000000	86680.936716	102279.548619	111819.720187	133506.164969	-0.048000	0.772000	0.588000	192.000000	0.000000	0.000000	0.000000	0.000000	0.000000	0.000000	0.000000	0.000000	0.000000	1733433159.904227	0.000000
170.000000	88144.573646	19674.541911	187500.000000	187500.000000	86675.773463	102274.854752	111813.104071	133515.329184	-0.048000	0.772000	0.588000	192.000000	0.000000	0.000000	0.000000	0.000000	0.000000	0.000000	0.000000	0.000000	0.000000	1733433159.908429	0.000000
171.000000	88148.641664	19683.795534	187500.000000	187500.000000	86673.270067	102272.463116	111818.312027	133542.978292	-0.048000	0.772000	0.588000	192.000000	0.000000	0.000000	0.000000	0.000000	0.000000	0.000000	0.000000	0.000000	0.000000	1733433159.912279	0.000000
172.000000	88146.093565	19687.394164	187500.000000	187500.000000	86672.823032	102272.731337	111823.609391	133524.940434	-0.048000	0.772000	0.588000	192.000000	0.000000	0.000000	0.000000	0.000000	0.000000	0.000000	0.000000	0.000000	0.000000	1733433159.917498	0.000000
173.000000	88139.946835	19674.787781	187500.000000	187500.000000	86673.605344	102272.552523	111821.262458	133517.117324	-0.048000	0.772000	0.588000	192.000000	0.000000	0.000000	0.000000	0.000000	0.000000	0.000000	0.000000	0.000000	0.000000	1733433159.921526	0.000000
174.000000	88126.513437	19664.349516	187500.000000	187500.000000	86665.245791	102261.376650	111811.204173	133517.877283	-0.048000	0.772000	0.588000	192.000000	0.000000	0.000000	0.000000	0.000000	0.000000	0.000000	0.000000	0.000000	0.000000	1733433159.925587	0.000000
175.000000	88128.636852	19664.908310	187500.000000	187500.000000	86663.591762	102263.723584	111811.606504	133518.994870	-0.048000	0.772000	0.588000	192.000000	0.000000	0.000000	0.000000	0.000000	0.000000	0.000000	0.000000	0.000000	0.000000	1733433159.928762	0.000000
176.000000	88129.933254	19677.894673	187500.000000	187500.000000	86672.532460	102275.637063	111816.434481	133525.320414	-0.060000	0.772000	0.586000	192.000000	254.000000	32.000000	24.000000	32.000000	18.000000	80.000000	0.000000	0.000000	0.000000	1733433159.932299	0.000000
177.000000	88131.564931	19676.285347	187500.000000	187500.000000	86674.030027	102279.660377	111823.519984	133546.062833	-0.060000	0.772000	0.586000	192.000000	0.000000	0.000000	0.000000	0.000000	0.000000	0.000000	0.000000	0.000000	0.000000	1733433159.936308	0.000000
178.000000	88136.392908	19673.804304	187500.000000	187500.000000	86678.098044	102286.410604	111830.314914	133559.697397	-0.060000	0.772000	0.586000	192.000000	0.000000	0.000000	0.000000	0.000000	0.000000	0.000000	0.000000	0.000000	0.000000	1733433159.940318	0.000000
179.000000	88136.929350	19677.648804	187500.000000	187500.000000	86684.378884	102284.756575	111828.996161	133556.344635	-0.060000	0.772000	0.586000	192.000000	0.000000	0.000000	0.000000	0.000000	0.000000	0.000000	0.000000	0.000000	0.000000	1733433159.944289	0.000000
180.000000	88135.230617	19670.116266	187500.000000	187500.000000	86686.837576	102272.932502	111816.009798	133508.891882	-0.060000	0.772000	0.586000	192.000000	0.000000	0.000000	0.000000	0.000000	0.000000	0.000000	0.000000	0.000000	0.000000	1733433159.949307	0.000000
181.000000	88143.053728	19674.966595	187500.000000	187500.000000	86692.492568	102277.000520	111818.848469	133497.626602	-0.060000	0.772000	0.586000	192.000000	0.000000	0.000000	0.000000	0.000000	0.000000	0.000000	0.000000	0.000000	0.000000	1733433159.953343	0.000000
182.000000	88142.226713	19679.503999	187500.000000	187500.000000	86676.555774	102260.169656	111803.001082	133484.729646	-0.060000	0.772000	0.586000	192.000000	0.000000	0.000000	0.000000	0.000000	0.000000	0.000000	0.000000	0.000000	0.000000	1733433159.956318	0.000000
183.000000	88143.143134	19679.660461	187500.000000	187500.000000	86663.815279	102259.499104	111797.815478	133492.731570	-0.060000	0.772000	0.586000	192.000000	0.000000	0.000000	0.000000	0.000000	0.000000	0.000000	0.000000	0.000000	0.000000	1733433159.960540	0.000000
184.000000	88141.265588	19672.574958	187500.000000	187500.000000	86658.294399	102265.802296	111802.107013	133513.429286	-0.060000	0.772000	0.586000	192.000000	0.000000	0.000000	0.000000	0.000000	0.000000	0.000000	0.000000	0.000000	0.000000	1733433159.964483	0.000000
185.000000	88137.778716	19660.817940	187500.000000	187500.000000	86653.086442	102261.734278	111795.490896	133515.329184	-0.060000	0.772000	0.586000	192.000000	0.000000	0.000000	0.000000	0.000000	0.000000	0.000000	0.000000	0.000000	0.000000	1733433159.968918	0.000000
186.000000	88141.064422	19667.121132	187500.000000	187500.000000	86651.186544	102267.344566	111802.710510	133535.199885	-0.058000	0.766000	0.584000	192.000000	254.000000	48.000000	23.000000	240.000000	18.000000	64.000000	0.000000	0.000000	0.000000	1733433159.972486	0.000000
187.000000	88129.553274	19659.678001	187500.000000	187500.000000	86643.676358	102256.861598	111793.322777	133514.837446	-0.058000	0.766000	0.584000	192.000000	0.000000	0.000000	0.000000	0.000000	0.000000	0.000000	0.000000	0.000000	0.000000	1733433159.977545	0.000000
188.000000	88137.823419	19674.407801	187500.000000	187500.000000	86645.151573	102268.037470	111799.603617	133521.855893	-0.058000	0.766000	0.584000	192.000000	0.000000	0.000000	0.000000	0.000000	0.000000	0.000000	0.000000	0.000000	0.000000	1733433159.981429	0.000000
189.000000	88138.561027	19676.866493	187500.000000	187500.000000	86649.018425	102276.620540	111811.204173	133498.878300	-0.058000	0.766000	0.584000	192.000000	0.000000	0.000000	0.000000	0.000000	0.000000	0.000000	0.000000	0.000000	0.000000	1733433159.984414	0.000000
190.000000	88132.861332	19679.682813	187500.000000	187500.000000	86645.777422	102271.457287	111812.165298	133491.859852	-0.058000	0.766000	0.584000	192.000000	0.000000	0.000000	0.000000	0.000000	0.000000	0.000000	0.000000	0.000000	0.000000	1733433159.988410	0.000000
191.000000	88138.896303	19684.600196	187500.000000	187500.000000	86646.783250	102282.990787	111822.558859	133502.856911	-0.058000	0.766000	0.584000	192.000000	0.000000	0.000000	0.000000	0.000000	0.000000	0.000000	0.000000	0.000000	0.000000	1733433159.992416	0.000000
192.000000	88133.241312	19660.214443	187500.000000	187500.000000	86636.054413	102277.894590	111817.686178	133519.307794	-0.058000	0.766000	0.584000	192.000000	0.000000	0.000000	0.000000	0.000000	0.000000	0.000000	0.000000	0.000000	0.000000	1733433159.996403	0.000000
193.000000	88127.139285	19654.514748	187500.000000	187500.000000	86627.516046	102275.927636	111810.600675	133528.874341	-0.058000	0.766000	0.584000	192.000000	0.000000	0.000000	0.000000	0.000000	0.000000	0.000000	0.000000	0.000000	0.000000	1733433160.000609	0.000000
194.000000	88130.849675	19658.113379	187500.000000	187500.000000	86631.226436	102291.551506	111811.494745	133510.747076	-0.058000	0.766000	0.584000	192.000000	0.000000	0.000000	0.000000	0.000000	0.000000	0.000000	0.000000	0.000000	0.000000	1733433160.005797	0.000000
195.000000	88135.252969	19660.169740	187500.000000	187500.000000	86632.388727	102281.940255	111809.058405	133508.690716	-0.058000	0.766000	0.584000	192.000000	0.000000	0.000000	0.000000	0.000000	0.000000	0.000000	0.000000	0.000000	0.000000	1733433160.008704	0.000000
196.000000	88138.695137	19661.667307	187500.000000	187500.000000	86639.004843	102276.195857	111808.521963	133515.396239	-0.054000	0.772000	0.586000	192.000000	254.000000	80.000000	24.000000	32.000000	18.000000	80.000000	0.000000	0.000000	0.000000	1733433160.012629	0.000000
197.000000	88133.241312	19656.749923	187500.000000	187500.000000	86634.579198	102270.406755	111802.844620	133503.482759	-0.054000	0.772000	0.586000	192.000000	0.000000	0.000000	0.000000	0.000000	0.000000	0.000000	0.000000	0.000000	0.000000	1733433160.016414	0.000000
198.000000	88129.754440	19655.766446	187500.000000	187500.000000	86629.013613	102278.363976	111804.521001	133504.980326	-0.054000	0.772000	0.586000	192.000000	0.000000	0.000000	0.000000	0.000000	0.000000	0.000000	0.000000	0.000000	0.000000	1733433160.020432	0.000000
199.000000	88126.938120	19648.055094	187500.000000	187500.000000	86629.617110	102270.049127	111795.356786	133519.911292	-0.054000	0.772000	0.586000	192.000000	0.000000	0.000000	0.000000	0.000000	0.000000	0.000000	0.000000	0.000000	0.000000	1733433160.024637	0.000000
200.000000	88128.055707	19650.849062	187500.000000	187500.000000	86630.801753	102261.756630	111784.382079	133516.759696	-0.054000	0.772000	0.586000	192.000000	0.000000	0.000000	0.000000	0.000000	0.000000	0.000000	0.000000	0.000000	0.000000	1733433160.028438	0.000000
201.000000	88116.209282	19642.131882	187500.000000	187500.000000	86622.777477	102254.939348	111785.991405	133508.042515	-0.054000	0.772000	0.586000	192.000000	0.000000	0.000000	0.000000	0.000000	0.000000	0.000000	0.000000	0.000000	0.000000	1733433160.033444	0.000000
202.000000	88126.781658	19656.012315	187500.000000	187500.000000	86629.147724	102254.402906	111797.279036	133512.289347	-0.054000	0.772000	0.586000	192.000000	0.000000	0.000000	0.000000	0.000000	0.000000	0.000000	0.000000	0.000000	0.000000	1733433160.036623	0.000000
203.000000	88129.866198	19667.545815	187500.000000	187500.000000	86630.757049	102262.002499	111796.250855	133502.052248	-0.054000	0.772000	0.586000	192.000000	0.000000	0.000000	0.000000	0.000000	0.000000	0.000000	0.000000	0.000000	0.000000	1733433160.040757	0.000000
204.000000	88125.015870	19665.131827	187500.000000	187500.000000	86624.587968	102257.487447	111785.387908	133487.814187	-0.054000	0.772000	0.586000	192.000000	0.000000	0.000000	0.000000	0.000000	0.000000	0.000000	0.000000	0.000000	0.000000	1733433160.044638	0.000000
205.000000	88124.501780	19657.308716	187500.000000	187500.000000	86614.864959	102255.744011	111780.157599	133508.936585	-0.054000	0.772000	0.586000	192.000000	0.000000	0.000000	0.000000	0.000000	0.000000	0.000000	0.000000	0.000000	0.000000	1733433160.048675	0.000000
206.000000	88123.741820	19651.452559	187500.000000	187500.000000	86612.249805	102264.148267	111780.984614	133496.017277	-0.054000	0.772000	0.586000	192.000000	0.000000	0.000000	0.000000	0.000000	0.000000	0.000000	0.000000	0.000000	0.000000	1733433160.052468	0.000000
207.000000	88120.769038	19644.568222	187500.000000	187500.000000	86612.227453	102246.825665	111777.251873	133494.966745	-0.050000	0.768000	0.590000	192.000000	254.000000	112.000000	24.000000	0.000000	18.000000	112.000000	0.000000	0.000000	0.000000	1733433160.056508	0.000000
208.000000	88120.344355	19647.161024	187500.000000	187500.000000	86607.935918	102239.538996	111766.098352	133495.927870	-0.050000	0.768000	0.590000	192.000000	0.000000	0.000000	0.000000	0.000000	0.000000	0.000000	0.000000	0.000000	0.000000	1733433160.061464	0.000000
209.000000	88120.098486	19654.470045	187500.000000	187500.000000	86617.502465	102247.205645	111759.348125	133495.570242	-0.050000	0.768000	0.590000	192.000000	0.000000	0.000000	0.000000	0.000000	0.000000	0.000000	0.000000	0.000000	0.000000	1733433160.064468	0.000000
210.000000	88119.182064	19652.234870	187500.000000	187500.000000	86615.088477	102257.398040	111760.421009	133501.784027	-0.050000	0.768000	0.590000	192.000000	0.000000	0.000000	0.000000	0.000000	0.000000	0.000000	0.000000	0.000000	0.000000	1733433160.067502	0.000000
211.000000	88125.731126	19655.967612	187500.000000	187500.000000	86619.089439	102259.856732	111770.501646	133510.501207	-0.050000	0.768000	0.590000	192.000000	0.000000	0.000000	0.000000	0.000000	0.000000	0.000000	0.000000	0.000000	0.000000	1733433160.072498	0.000000
212.000000	88120.433762	19653.955955	187500.000000	187500.000000	86618.575349	102250.357240	111766.344221	133509.495379	-0.050000	0.768000	0.590000	192.000000	0.000000	0.000000	0.000000	0.000000	0.000000	0.000000	0.000000	0.000000	0.000000	1733433160.076764	0.000000
213.000000	88131.028489	19664.125999	187500.000000	187500.000000	86631.919340	102259.476752	111775.150809	133488.507091	-0.050000	0.768000	0.590000	192.000000	0.000000	0.000000	0.000000	0.000000	0.000000	0.000000	0.000000	0.000000	0.000000	1733433160.080652	0.000000
214.000000	88135.811762	19667.299946	187500.000000	187500.000000	86643.855172	102277.246389	111789.724146	133512.423457	-0.050000	0.768000	0.590000	192.000000	0.000000	0.000000	0.000000	0.000000	0.000000	0.000000	0.000000	0.000000	0.000000	1733433160.084743	0.000000
215.000000	88140.416222	19676.106534	187500.000000	187500.000000	86650.963026	102279.101584	111794.686233	133520.827713	-0.050000	0.768000	0.590000	192.000000	0.000000	0.000000	0.000000	0.000000	0.000000	0.000000	0.000000	0.000000	0.000000	1733433160.089670	0.000000
216.000000	88135.655300	19668.015202	187500.000000	187500.000000	86648.638445	102293.786680	111789.970015	133529.343728	-0.050000	0.768000	0.590000	192.000000	0.000000	0.000000	0.000000	0.000000	0.000000	0.000000	0.000000	0.000000	0.000000	1733433160.092694	0.000000
217.000000	88129.910902	19662.069638	187500.000000	187500.000000	86642.469364	102291.663264	111782.213960	133544.162934	-0.052000	0.774000	0.586000	192.000000	254.000000	96.000000	24.000000	48.000000	18.000000	80.000000	0.000000	0.000000	0.000000	1733433160.095530	0.000000
218.000000	88131.341413	19658.493359	187500.000000	187500.000000	86640.256541	102269.356223	111775.620195	133548.409766	-0.052000	0.774000	0.586000	192.000000	0.000000	0.000000	0.000000	0.000000	0.000000	0.000000	0.000000	0.000000	0.000000	1733433160.100505	0.000000
219.000000	88128.256873	19654.917080	187500.000000	187500.000000	86636.657910	102252.905339	111768.758210	133511.439980	-0.052000	0.774000	0.586000	192.000000	0.000000	0.000000	0.000000	0.000000	0.000000	0.000000	0.000000	0.000000	0.000000	1733433160.104590	0.000000
220.000000	88130.156771	19659.298022	187500.000000	187500.000000	86639.653044	102257.934482	111775.217864	133486.160157	-0.052000	0.774000	0.586000	192.000000	0.000000	0.000000	0.000000	0.000000	0.000000	0.000000	0.000000	0.000000	0.000000	1733433160.108661	0.000000
221.000000	88128.748611	19655.967612	187500.000000	187500.000000	86636.389689	102259.074421	111761.136265	133484.684942	-0.052000	0.774000	0.586000	192.000000	0.000000	0.000000	0.000000	0.000000	0.000000	0.000000	0.000000	0.000000	0.000000	1733433160.112567	0.000000
222.000000	88130.335585	19657.442827	187500.000000	187500.000000	86640.860038	102248.144418	111757.336468	133493.312716	-0.052000	0.774000	0.586000	192.000000	0.000000	0.000000	0.000000	0.000000	0.000000	0.000000	0.000000	0.000000	0.000000	1733433160.117757	0.000000
223.000000	88120.970204	19650.625545	187500.000000	187500.000000	86635.808544	102248.613804	111753.581375	133491.301059	-0.052000	0.774000	0.586000	192.000000	0.000000	0.000000	0.000000	0.000000	0.000000	0.000000	0.000000	0.000000	0.000000	1733433160.120802	0.000000
224.000000	88115.337564	19647.473949	187500.000000	187500.000000	86629.550055	102244.009345	111751.770884	133492.955088	-0.052000	0.774000	0.586000	192.000000	0.000000	0.000000	0.000000	0.000000	0.000000	0.000000	0.000000	0.000000	0.000000	1733433160.123752	0.000000
225.000000	88116.030468	19651.296097	187500.000000	187500.000000	86620.117619	102228.564290	111738.717465	133500.957012	-0.052000	0.774000	0.586000	192.000000	0.000000	0.000000	0.000000	0.000000	0.000000	0.000000	0.000000	0.000000	0.000000	1733433160.128571	0.000000
226.000000	88120.903149	19654.805321	187500.000000	187500.000000	86630.153552	102252.279491	111755.391867	133506.343783	-0.052000	0.774000	0.586000	192.000000	0.000000	0.000000	0.000000	0.000000	0.000000	0.000000	0.000000	0.000000	0.000000	1733433160.132604	0.000000
227.000000	88123.630062	19644.925850	187500.000000	187500.000000	86638.021366	102270.876142	111770.926329	133501.806379	-0.056000	0.774000	0.588000	192.000000	254.000000	64.000000	24.000000	48.000000	18.000000	96.000000	0.000000	0.000000	0.000000	1733433160.136585	0.000000
228.000000	88128.301576	19652.145463	187500.000000	187500.000000	86638.691919	102253.061802	111768.311175	133531.131867	-0.056000	0.774000	0.588000	192.000000	0.000000	0.000000	0.000000	0.000000	0.000000	0.000000	0.000000	0.000000	0.000000	1733433160.140853	0.000000
229.000000	88126.021698	19649.083274	187500.000000	187500.000000	86637.216704	102247.853845	111759.750457	133530.036632	-0.056000	0.774000	0.588000	192.000000	0.000000	0.000000	0.000000	0.000000	0.000000	0.000000	0.000000	0.000000	0.000000	1733433160.144580	0.000000
230.000000	88131.207303	19650.491434	187500.000000	187500.000000	86650.225419	102264.550598	111760.644527	133508.377791	-0.056000	0.774000	0.588000	192.000000	0.000000	0.000000	0.000000	0.000000	0.000000	0.000000	0.000000	0.000000	0.000000	1733433160.148695	0.000000
231.000000	88135.364727	19662.248452	187500.000000	187500.000000	86658.272047	102285.851811	111764.846655	133514.882149	-0.056000	0.774000	0.588000	192.000000	0.000000	0.000000	0.000000	0.000000	0.000000	0.000000	0.000000	0.000000	0.000000	1733433160.152788	0.000000
232.000000	88137.175219	19666.160007	187500.000000	187500.000000	86664.910515	102272.261950	111773.049745	133509.160103	-0.056000	0.774000	0.588000	192.000000	0.000000	0.000000	0.000000	0.000000	0.000000	0.000000	0.000000	0.000000	0.000000	1733433160.156870	0.000000
233.000000	88130.581454	19648.278612	187500.000000	187500.000000	86653.354663	102271.949026	111766.232463	133507.170797	-0.056000	0.774000	0.588000	192.000000	0.000000	0.000000	0.000000	0.000000	0.000000	0.000000	0.000000	0.000000	0.000000	1733433160.160796	0.000000
234.000000	88130.514399	19645.171719	187500.000000	187500.000000	86654.002864	102255.721659	111767.707678	133507.483722	-0.056000	0.774000	0.588000	192.000000	0.000000	0.000000	0.000000	0.000000	0.000000	0.000000	0.000000	0.000000	0.000000	1733433160.163700	0.000000
235.000000	88137.197570	19653.173644	187500.000000	187500.000000	86662.384768	102267.121049	111773.362669	133519.106629	-0.056000	0.774000	0.588000	192.000000	0.000000	0.000000	0.000000	0.000000	0.000000	0.000000	0.000000	0.000000	0.000000	1733433160.167679	0.000000
236.000000	88141.600864	19662.226100	187500.000000	187500.000000	86667.950352	102261.220188	111774.569663	133518.883111	-0.056000	0.774000	0.588000	192.000000	0.000000	0.000000	0.000000	0.000000	0.000000	0.000000	0.000000	0.000000	0.000000	1733433160.172681	0.000000
237.000000	88134.113030	19660.102685	187500.000000	187500.000000	86662.451823	102246.244520	111762.164445	133522.861722	-0.058000	0.776000	0.584000	192.000000	254.000000	48.000000	24.000000	64.000000	18.000000	64.000000	0.000000	0.000000	0.000000	1733433160.176669	0.000000
238.000000	88136.169390	19658.180434	187500.000000	187500.000000	86662.809451	102247.496217	111752.977878	133506.813169	-0.058000	0.776000	0.584000	192.000000	0.000000	0.000000	0.000000	0.000000	0.000000	0.000000	0.000000	0.000000	0.000000	1733433160.180694	0.000000
239.000000	88143.791335	19664.237757	187500.000000	187500.000000	86667.838593	102258.828552	111755.168349	133546.711033	-0.058000	0.776000	0.584000	192.000000	0.000000	0.000000	0.000000	0.000000	0.000000	0.000000	0.000000	0.000000	0.000000	1733433160.184950	0.000000
240.000000	88144.372480	19665.109475	187500.000000	187500.000000	86662.362416	102271.010252	111752.307326	133527.488533	-0.058000	0.776000	0.584000	192.000000	0.000000	0.000000	0.000000	0.000000	0.000000	0.000000	0.000000	0.000000	0.000000	1733433160.187778	0.000000
241.000000	88144.417184	19667.925795	187500.000000	187500.000000	86667.235096	102272.060784	111737.398712	133510.121228	-0.058000	0.776000	0.584000	192.000000	0.000000	0.000000	0.000000	0.000000	0.000000	0.000000	0.000000	0.000000	0.000000	1733433160.191730	0.000000
242.000000	88140.393870	19660.147388	187500.000000	187500.000000	86667.793890	102277.358148	111728.435663	133496.464312	-0.058000	0.776000	0.584000	192.000000	0.000000	0.000000	0.000000	0.000000	0.000000	0.000000	0.000000	0.000000	0.000000	1733433160.195953	0.000000
243.000000	88133.420126	19650.714952	187500.000000	187500.000000	86660.462518	102286.701177	111728.860346	133487.702428	-0.058000	0.776000	0.584000	192.000000	0.000000	0.000000	0.000000	0.000000	0.000000	0.000000	0.000000	0.000000	0.000000	1733433160.200720	0.000000
244.000000	88136.035280	19655.341763	187500.000000	187500.000000	86663.614114	102271.010252	111729.866174	133509.830655	-0.058000	0.776000	0.584000	192.000000	0.000000	0.000000	0.000000	0.000000	0.000000	0.000000	0.000000	0.000000	0.000000	1733433160.204713	0.000000
245.000000	88133.107201	19652.011353	187500.000000	187500.000000	86664.172907	102259.409697	111727.787462	133513.071658	-0.058000	0.776000	0.584000	192.000000	0.000000	0.000000	0.000000	0.000000	0.000000	0.000000	0.000000	0.000000	0.000000	1733433160.208961	0.000000
246.000000	88128.346280	19642.355399	187500.000000	187500.000000	86657.422681	102247.473865	111718.287971	133504.019201	-0.058000	0.776000	0.584000	192.000000	0.000000	0.000000	0.000000	0.000000	0.000000	0.000000	0.000000	0.000000	0.000000	1733433160.211709	0.000000
247.000000	88134.694175	19653.240699	187500.000000	187500.000000	86659.233172	102241.796522	111713.683511	133492.083370	-0.056000	0.772000	0.582000	192.000000	254.000000	64.000000	24.000000	32.000000	18.000000	48.000000	0.000000	0.000000	0.000000	1733433160.215720	0.000000
248.000000	88137.734012	19659.096856	187500.000000	187500.000000	86669.358512	102256.615729	111726.379302	133506.097914	-0.056000	0.772000	0.582000	192.000000	0.000000	0.000000	0.000000	0.000000	0.000000	0.000000	0.000000	0.000000	0.000000	1733433160.219749	0.000000
249.000000	88140.572684	19665.623565	187500.000000	187500.000000	86675.974628	102262.158962	111733.040122	133529.723707	-0.056000	0.772000	0.582000	192.000000	0.000000	0.000000	0.000000	0.000000	0.000000	0.000000	0.000000	0.000000	0.000000	1733433160.223886	0.000000
250.000000	88139.857428	19665.355344	187500.000000	187500.000000	86671.772500	102253.218264	111725.954619	133522.995832	-0.056000	0.772000	0.582000	192.000000	0.000000	0.000000	0.000000	0.000000	0.000000	0.000000	0.000000	0.000000	0.000000	1733433160.227992	0.000000
251.000000	88133.598940	19658.873339	187500.000000	187500.000000	86665.134032	102242.534130	111715.650465	133489.155291	-0.056000	0.772000	0.582000	192.000000	0.000000	0.000000	0.000000	0.000000	0.000000	0.000000	0.000000	0.000000	0.000000	1733433160.233085	0.000000
252.000000	88136.012928	19662.360211	187500.000000	187500.000000	86663.055320	102246.803313	111717.125680	133509.875358	-0.056000	0.772000	0.582000	192.000000	0.000000	0.000000	0.000000	0.000000	0.000000	0.000000	0.000000	0.000000	0.000000	1733433160.237048	0.000000
253.000000	88138.359861	19662.136693	187500.000000	187500.000000	86664.463480	102270.742031	111721.640732	133512.132885	-0.056000	0.772000	0.582000	192.000000	0.000000	0.000000	0.000000	0.000000	0.000000	0.000000	0.000000	0.000000	0.000000	1733433160.239791	0.000000
254.000000	88132.794277	19658.001621	187500.000000	187500.000000	86662.161250	102261.220188	111717.617418	133502.968669	-0.056000	0.772000	0.582000	192.000000	0.000000	0.000000	0.000000	0.000000	0.000000	0.000000	0.000000	0.000000	0.000000	1733433160.243764	0.000000
255.000000	88128.480390	19659.320373	187500.000000	187500.000000	86659.188468	102245.663374	111718.355026	133522.414687	-0.056000	0.772000	0.582000	192.000000	0.000000	0.000000	0.000000	0.000000	0.000000	0.000000	0.000000	0.000000	0.000000	1733433160.247755	0.000000
0.000000	88123.965338	19657.532234	187500.000000	187500.000000	86656.752128	102236.789732	111713.169421	133518.838408	-0.056000	0.772000	0.582000	192.000000	0.000000	0.000000	0.000000	0.000000	0.000000	0.000000	0.000000	0.000000	0.000000	1733433160.251796	0.000000
1.000000	88131.989614	19658.605118	187500.000000	187500.000000	86660.239000	102243.003517	111717.684474	133523.979309	-0.062000	0.772000	0.578000	192.000000	254.000000	16.000000	24.000000	32.000000	18.000000	16.000000	0.000000	0.000000	0.000000	1733433160.255831	0.000000
2.000000	88133.755402	19660.840292	187500.000000	187500.000000	86656.662721	102240.410714	111714.331712	133523.800495	-0.062000	0.772000	0.578000	192.000000	0.000000	0.000000	0.000000	0.000000	0.000000	0.000000	0.000000	0.000000	0.000000	1733433160.260949	0.000000
3.000000	88129.173294	19658.448655	187500.000000	187500.000000	86648.660797	102243.830531	111697.769069	133506.343783	-0.062000	0.772000	0.578000	192.000000	0.000000	0.000000	0.000000	0.000000	0.000000	0.000000	0.000000	0.000000	0.000000	1733433160.265020	0.000000
4.000000	88131.095544	19659.834464	187500.000000	187500.000000	86652.482945	102257.465095	111701.747680	133516.156199	-0.062000	0.772000	0.578000	192.000000	0.000000	0.000000	0.000000	0.000000	0.000000	0.000000	0.000000	0.000000	0.000000	1733433160.268156	0.000000
5.000000	88124.568835	19660.214443	187500.000000	187500.000000	86638.960140	102248.524397	111709.727253	133529.231969	-0.062000	0.772000	0.578000	192.000000	0.000000	0.000000	0.000000	0.000000	0.000000	0.000000	0.000000	0.000000	0.000000	1733433160.272012	0.000000
6.000000	88128.972129	19666.070600	187500.000000	187500.000000	86637.172000	102229.972450	111704.765165	133507.774294	-0.062000	0.772000	0.578000	192.000000	0.000000	0.000000	0.000000	0.000000	0.000000	0.000000	0.000000	0.000000	0.000000	1733433160.275999	0.000000
7.000000	88128.659204	19660.773237	187500.000000	187500.000000	86642.111736	102232.520548	111710.576619	133500.398219	-0.062000	0.772000	0.578000	192.000000	0.000000	0.000000	0.000000	0.000000	0.000000	0.000000	0.000000	0.000000	0.000000	1733433160.279880	0.000000
8.000000	88121.394887	19650.714952	187500.000000	187500.000000	86636.389689	102238.756685	111708.207334	133487.300096	-0.062000	0.772000	0.578000	192.000000	0.000000	0.000000	0.000000	0.000000	0.000000	0.000000	0.000000	0.000000	0.000000	1733433160.283806	0.000000
9.000000	88116.857483	19638.421492	187500.000000	187500.000000	86634.556846	102247.496217	111706.709767	133492.686867	-0.062000	0.772000	0.578000	192.000000	0.000000	0.000000	0.000000	0.000000	0.000000	0.000000	0.000000	0.000000	0.000000	1733433160.288844	0.000000
10.000000	88128.927425	19649.619716	187500.000000	187500.000000	86649.174887	102254.380554	111710.911895	133499.392390	-0.062000	0.772000	0.578000	192.000000	0.000000	0.000000	0.000000	0.000000	0.000000	0.000000	0.000000	0.000000	0.000000	1733433160.293132	0.000000
11.000000	88128.480390	19650.938469	187500.000000	187500.000000	86643.944579	102240.164845	111709.146107	133501.448751	-0.054000	0.764000	0.580000	192.000000	254.000000	80.000000	23.000000	224.000000	18.000000	32.000000	0.000000	0.000000	0.000000	1733433160.296061	0.000000
12.000000	88129.262701	19655.230004	187500.000000	187500.000000	86634.780363	102234.286336	111701.054776	133516.223254	-0.054000	0.764000	0.580000	192.000000	0.000000	0.000000	0.000000	0.000000	0.000000	0.000000	0.000000	0.000000	0.000000	1733433160.300042	0.000000
13.000000	88122.691288	19660.057981	187500.000000	187500.000000	86630.846456	102228.474883	111683.598063	133500.018239	-0.054000	0.764000	0.580000	192.000000	0.000000	0.000000	0.000000	0.000000	0.000000	0.000000	0.000000	0.000000	0.000000	1733433160.304112	0.000000
14.000000	88128.435687	19659.678001	187500.000000	187500.000000	86638.110773	102229.368952	111681.452296	133508.109571	-0.054000	0.764000	0.580000	192.000000	0.000000	0.000000	0.000000	0.000000	0.000000	0.000000	0.000000	0.000000	0.000000	1733433160.307938	0.000000
15.000000	88127.318099	19647.630411	187500.000000	187500.000000	86635.473267	102227.737275	111688.493095	133510.903539	-0.054000	0.764000	0.580000	192.000000	0.000000	0.000000	0.000000	0.000000	0.000000	0.000000	0.000000	0.000000	0.000000	1733433160.311872	0.000000
16.000000	88131.989614	19650.200862	187500.000000	187500.000000	86630.175904	102231.827644	111684.603892	133513.473989	-0.054000	0.764000	0.580000	192.000000	0.000000	0.000000	0.000000	0.000000	0.000000	0.000000	0.000000	0.000000	0.000000	1733433160.316882	0.000000
17.000000	88126.222864	19648.502129	187500.000000	187500.000000	86623.515084	102229.033676	111684.916816	133497.447788	-0.054000	0.764000	0.580000	192.000000	0.000000	0.000000	0.000000	0.000000	0.000000	0.000000	0.000000	0.000000	0.000000	1733433160.319927	0.000000
18.000000	88125.976995	19653.508920	187500.000000	187500.000000	86623.202160	102236.007421	111688.157819	133500.174701	-0.054000	0.764000	0.580000	192.000000	0.000000	0.000000	0.000000	0.000000	0.000000	0.000000	0.000000	0.000000	0.000000	1733433160.324182	0.000000
19.000000	88131.363765	19655.766446	187500.000000	187500.000000	86631.047622	102245.506912	111694.438659	133504.868568	-0.054000	0.764000	0.580000	192.000000	0.000000	0.000000	0.000000	0.000000	0.000000	0.000000	0.000000	0.000000	0.000000	1733433160.327947	0.000000
20.000000	88126.267567	19645.127016	187500.000000	187500.000000	86634.579198	102228.541938	111691.197657	133507.707239	-0.054000	0.764000	0.580000	192.000000	0.000000	0.000000	0.000000	0.000000	0.000000	0.000000	0.000000	0.000000	0.000000	1733433160.332237	0.000000
21.000000	88122.579530	19643.808263	187500.000000	187500.000000	86634.758012	102242.534130	111689.610683	133508.936585	-0.058000	0.768000	0.584000	192.000000	254.000000	48.000000	24.000000	0.000000	18.000000	64.000000	0.000000	0.000000	0.000000	1733433160.336196	0.000000
22.000000	88117.997422	19642.064827	187500.000000	187500.000000	86635.875599	102232.766418	111684.223912	133499.459445	-0.058000	0.768000	0.584000	192.000000	0.000000	0.000000	0.000000	0.000000	0.000000	0.000000	0.000000	0.000000	0.000000	1733433160.340141	0.000000
23.000000	88112.253024	19631.335989	187500.000000	187500.000000	86633.774535	102223.490444	111682.189904	133486.316620	-0.058000	0.768000	0.584000	192.000000	0.000000	0.000000	0.000000	0.000000	0.000000	0.000000	0.000000	0.000000	0.000000	1733433160.345137	0.000000
24.000000	88127.251044	19650.849062	187500.000000	187500.000000	86647.409099	102234.375743	111688.738965	133511.305870	-0.058000	0.768000	0.584000	192.000000	0.000000	0.000000	0.000000	0.000000	0.000000	0.000000	0.000000	0.000000	0.000000	1733433160.348022	0.000000
25.000000	88124.144152	19656.079371	187500.000000	187500.000000	86651.141840	102245.842188	111688.247226	133516.714992	-0.058000	0.768000	0.584000	192.000000	0.000000	0.000000	0.000000	0.000000	0.000000	0.000000	0.000000	0.000000	0.000000	1733433160.350955	0.000000
26.000000	88126.424030	19649.552661	187500.000000	187500.000000	86648.303169	102241.975336	111691.644691	133506.254376	-0.058000	0.768000	0.584000	192.000000	0.000000	0.000000	0.000000	0.000000	0.000000	0.000000	0.000000	0.000000	0.000000	1733433160.355967	0.000000
27.000000	88128.323928	19647.742170	187500.000000	187500.000000	86641.485887	102234.331040	111684.425078	133525.320414	-0.058000	0.768000	0.584000	192.000000	0.000000	0.000000	0.000000	0.000000	0.000000	0.000000	0.000000	0.000000	0.000000	1733433160.359934	0.000000
28.000000	88124.524131	19645.372885	187500.000000	187500.000000	86644.749241	102235.761551	111678.233645	133502.834559	-0.058000	0.768000	0.584000	192.000000	0.000000	0.000000	0.000000	0.000000	0.000000	0.000000	0.000000	0.000000	0.000000	1733433160.363935	0.000000
29.000000	88121.372535	19653.799493	187500.000000	187500.000000	86644.190448	102236.230938	111672.109267	133496.866643	-0.058000	0.768000	0.584000	192.000000	0.000000	0.000000	0.000000	0.000000	0.000000	0.000000	0.000000	0.000000	0.000000	1733433160.368206	0.000000
30.000000	88117.952718	19648.144501	187500.000000	187500.000000	86647.744375	102240.164845	111670.164665	133478.068826	-0.058000	0.768000	0.584000	192.000000	0.000000	0.000000	0.000000	0.000000	0.000000	0.000000	0.000000	0.000000	0.000000	1733433160.373131	0.000000
31.000000	88115.851655	19641.193109	187500.000000	187500.000000	86650.873619	102233.146397	111670.634052	133493.692695	-0.056000	0.772000	0.570000	192.000000	254.000000	64.000000	24.000000	32.000000	17.000000	208.000000	0.000000	0.000000	0.000000	1733433160.376314	0.000000
32.000000	88110.286070	19632.274763	187500.000000	187500.000000	86640.636520	102217.164900	111664.464970	133506.813169	-0.056000	0.772000	0.570000	192.000000	0.000000	0.000000	0.000000	0.000000	0.000000	0.000000	0.000000	0.000000	0.000000	1733433160.380181	0.000000
33.000000	88110.040201	19632.990018	187500.000000	187500.000000	86642.201143	102221.814063	111667.951842	133508.914233	-0.056000	0.772000	0.570000	192.000000	0.000000	0.000000	0.000000	0.000000	0.000000	0.000000	0.000000	0.000000	0.000000	1733433160.384012	0.000000
34.000000	88102.977050	19626.485661	187500.000000	187500.000000	86637.574331	102223.065761	111659.547586	133504.376829	-0.056000	0.772000	0.570000	192.000000	0.000000	0.000000	0.000000	0.000000	0.000000	0.000000	0.000000	0.000000	0.000000	1733433160.387992	0.000000
35.000000	88118.064477	19636.812167	187500.000000	187500.000000	86648.124355	102230.777112	111664.979060	133499.392390	-0.056000	0.772000	0.570000	192.000000	0.000000	0.000000	0.000000	0.000000	0.000000	0.000000	0.000000	0.000000	0.000000	1733433160.392016	0.000000
36.000000	88136.415259	19659.186263	187500.000000	187500.000000	86662.541230	102240.768342	111674.590310	133499.280631	-0.056000	0.772000	0.570000	192.000000	0.000000	0.000000	0.000000	0.000000	0.000000	0.000000	0.000000	0.000000	0.000000	1733433160.395996	0.000000
37.000000	88132.056669	19653.687734	187500.000000	187500.000000	86673.605344	102235.850958	111676.937244	133495.480835	-0.056000	0.772000	0.570000	192.000000	0.000000	0.000000	0.000000	0.000000	0.000000	0.000000	0.000000	0.000000	0.000000	1733433160.400004	0.000000
38.000000	88122.333660	19647.608059	187500.000000	187500.000000	86673.828861	102235.381572	111678.703031	133510.724725	-0.056000	0.772000	0.570000	192.000000	0.000000	0.000000	0.000000	0.000000	0.000000	0.000000	0.000000	0.000000	0.000000	1733433160.404131	0.000000
39.000000	88131.408469	19658.560414	187500.000000	187500.000000	86674.454710	102238.309650	111675.976119	133520.447733	-0.056000	0.772000	0.570000	192.000000	0.000000	0.000000	0.000000	0.000000	0.000000	0.000000	0.000000	0.000000	0.000000	1733433160.407308	0.000000
40.000000	88134.582416	19663.209577	187500.000000	187500.000000	86675.058207	102235.448627	111668.197711	133517.720821	-0.056000	0.772000	0.570000	192.000000	0.000000	0.000000	0.000000	0.000000	0.000000	0.000000	0.000000	0.000000	0.000000	1733433160.412199	0.000000
41.000000	88119.204416	19654.380638	187500.000000	187500.000000	86676.578126	102230.374781	111663.548549	133514.792742	-0.058000	0.770000	0.570000	192.000000	254.000000	48.000000	24.000000	16.000000	17.000000	208.000000	0.000000	0.000000	0.000000	1733433160.416064	0.000000
42.000000	88118.332698	19659.722705	187500.000000	187500.000000	86690.302097	102242.243557	111671.706935	133514.077486	-0.058000	0.770000	0.570000	192.000000	0.000000	0.000000	0.000000	0.000000	0.000000	0.000000	0.000000	0.000000	0.000000	1733433160.420033	0.000000
43.000000	88121.998384	19666.048249	187500.000000	187500.000000	86696.627640	102256.123991	111680.491171	133509.160103	-0.058000	0.770000	0.570000	192.000000	0.000000	0.000000	0.000000	0.000000	0.000000	0.000000	0.000000	0.000000	0.000000	1733433160.424319	0.000000
44.000000	88117.125704	19654.738266	187500.000000	187500.000000	86700.896824	102253.262967	111686.392031	133510.143579	-0.058000	0.770000	0.570000	192.000000	0.000000	0.000000	0.000000	0.000000	0.000000	0.000000	0.000000	0.000000	0.000000	1733433160.428104	0.000000
45.000000	88113.057686	19646.959859	187500.000000	187500.000000	86693.923079	102242.668240	111673.584482	133521.654728	-0.058000	0.770000	0.570000	192.000000	0.000000	0.000000	0.000000	0.000000	0.000000	0.000000	0.000000	0.000000	0.000000	1733433160.432069	0.000000
46.000000	88109.369649	19643.517690	187500.000000	187500.000000	86684.982381	102233.705191	111661.715706	133512.915196	-0.058000	0.770000	0.570000	192.000000	0.000000	0.000000	0.000000	0.000000	0.000000	0.000000	0.000000	0.000000	0.000000	1733433160.435169	0.000000
47.000000	88107.089771	19647.049266	187500.000000	187500.000000	86682.613097	102229.972450	111653.333801	133487.657724	-0.058000	0.770000	0.570000	192.000000	0.000000	0.000000	0.000000	0.000000	0.000000	0.000000	0.000000	0.000000	0.000000	1733433160.440203	0.000000
48.000000	88114.979936	19654.090065	187500.000000	187500.000000	86689.966820	102235.560386	111660.329897	133520.023050	-0.058000	0.770000	0.570000	192.000000	0.000000	0.000000	0.000000	0.000000	0.000000	0.000000	0.000000	0.000000	0.000000	1733433160.444255	0.000000
49.000000	88116.253986	19648.904461	187500.000000	187500.000000	86688.715123	102241.371839	111664.755543	133574.002513	-0.058000	0.770000	0.570000	192.000000	0.000000	0.000000	0.000000	0.000000	0.000000	0.000000	0.000000	0.000000	0.000000	1733433160.448233	0.000000
50.000000	88124.166503	19649.753827	187500.000000	187500.000000	86701.165044	102248.859674	111668.935319	133535.915141	-0.058000	0.770000	0.570000	192.000000	0.000000	0.000000	0.000000	0.000000	0.000000	0.000000	0.000000	0.000000	0.000000	1733433160.452048	0.000000
51.000000	88120.187893	19646.155196	187500.000000	187500.000000	86702.394390	102257.688613	111666.923662	133505.270899	-0.064000	0.772000	0.574000	192.000000	254.000000	0.000000	24.000000	32.000000	17.000000	240.000000	0.000000	0.000000	0.000000	1733433160.456045	0.000000
52.000000	88118.153884	19644.031780	187500.000000	187500.000000	86698.751056	102256.369860	111652.417380	133499.615908	-0.064000	0.772000	0.574000	192.000000	0.000000	0.000000	0.000000	0.000000	0.000000	0.000000	0.000000	0.000000	0.000000	1733433160.460057	0.000000
53.000000	88117.326870	19643.562394	187500.000000	187500.000000	86698.013448	102257.755668	111649.981040	133501.024068	-0.064000	0.772000	0.574000	192.000000	0.000000	0.000000	0.000000	0.000000	0.000000	0.000000	0.000000	0.000000	0.000000	1733433160.463122	0.000000
54.000000	88124.971166	19653.218347	187500.000000	187500.000000	86700.896824	102251.877159	111654.049057	133513.406934	-0.064000	0.772000	0.574000	192.000000	0.000000	0.000000	0.000000	0.000000	0.000000	0.000000	0.000000	0.000000	0.000000	1733433160.468127	0.000000
55.000000	88124.166503	19657.241661	187500.000000	187500.000000	86698.035800	102247.540921	111655.479569	133523.286405	-0.064000	0.772000	0.574000	192.000000	0.000000	0.000000	0.000000	0.000000	0.000000	0.000000	0.000000	0.000000	0.000000	1733433160.472406	0.000000
56.000000	88117.483332	19646.557527	187500.000000	187500.000000	86702.953184	102259.879084	111661.022802	133531.780068	-0.064000	0.772000	0.574000	192.000000	0.000000	0.000000	0.000000	0.000000	0.000000	0.000000	0.000000	0.000000	0.000000	1733433160.476296	0.000000
57.000000	88118.936195	19649.329144	187500.000000	187500.000000	86704.875434	102259.901435	111659.122903	133516.938510	-0.064000	0.772000	0.574000	192.000000	0.000000	0.000000	0.000000	0.000000	0.000000	0.000000	0.000000	0.000000	0.000000	1733433160.480432	0.000000
58.000000	88120.322003	19649.060923	187500.000000	187500.000000	86702.707315	102260.236712	111656.999488	133515.329184	-0.064000	0.772000	0.574000	192.000000	0.000000	0.000000	0.000000	0.000000	0.000000	0.000000	0.000000	0.000000	0.000000	1733433160.483318	0.000000
59.000000	88120.322003	19651.094931	187500.000000	187500.000000	86699.756885	102249.485522	111653.669078	133516.759696	-0.064000	0.772000	0.574000	192.000000	0.000000	0.000000	0.000000	0.000000	0.000000	0.000000	0.000000	0.000000	0.000000	1733433160.487134	0.000000
60.000000	88115.628137	19645.708161	187500.000000	187500.000000	86694.548928	102252.368897	111648.908156	133525.521579	-0.064000	0.772000	0.574000	192.000000	0.000000	0.000000	0.000000	0.000000	0.000000	0.000000	0.000000	0.000000	0.000000	1733433160.491325	0.000000
61.000000	88116.119875	19642.243641	187500.000000	187500.000000	86696.337068	102260.370822	111655.904252	133510.434152	-0.058000	0.772000	0.576000	192.000000	254.000000	48.000000	24.000000	32.000000	18.000000	0.000000	0.000000	0.000000	0.000000	1733433160.495147	0.000000
62.000000	88108.922614	19636.074559	187500.000000	187500.000000	86688.715123	102249.060839	111646.494168	133507.573129	-0.058000	0.772000	0.576000	192.000000	0.000000	0.000000	0.000000	0.000000	0.000000	0.000000	0.000000	0.000000	0.000000	1733433160.500130	0.000000
63.000000	88105.413390	19633.414702	187500.000000	187500.000000	86685.898803	102244.434028	111638.045208	133517.877283	-0.058000	0.772000	0.576000	192.000000	0.000000	0.000000	0.000000	0.000000	0.000000	0.000000	0.000000	0.000000	0.000000	1733433160.504831	0.000000
64.000000	88110.308422	19632.967667	187500.000000	187500.000000	86687.530480	102250.245482	111640.123920	133545.168763	-0.058000	0.772000	0.576000	192.000000	0.000000	0.000000	0.000000	0.000000	0.000000	0.000000	0.000000	0.000000	0.000000	1733433160.508393	0.000000
65.000000	88128.145114	19653.397161	187500.000000	187500.000000	86705.680097	102275.324139	111655.032534	133539.714937	-0.058000	0.772000	0.576000	192.000000	0.000000	0.000000	0.000000	0.000000	0.000000	0.000000	0.000000	0.000000	0.000000	1733433160.511509	0.000000
66.000000	88131.766097	19656.749923	187500.000000	187500.000000	86713.033821	102269.803258	111656.865377	133513.228120	-0.058000	0.772000	0.576000	192.000000	0.000000	0.000000	0.000000	0.000000	0.000000	0.000000	0.000000	0.000000	0.000000	1733433160.515433	0.000000
67.000000	88128.547445	19654.626507	187500.000000	187500.000000	86707.289422	102266.852828	111647.589403	133535.222237	-0.058000	0.772000	0.576000	192.000000	0.000000	0.000000	0.000000	0.000000	0.000000	0.000000	0.000000	0.000000	0.000000	1733433160.519387	0.000000
68.000000	88133.151905	19659.767408	187500.000000	187500.000000	86714.732553	102271.703156	111655.971307	133530.684832	-0.058000	0.772000	0.576000	192.000000	0.000000	0.000000	0.000000	0.000000	0.000000	0.000000	0.000000	0.000000	0.000000	1733433160.523172	0.000000
69.000000	88128.502742	19655.431170	187500.000000	187500.000000	86712.989117	102268.797430	111644.326048	133525.029841	-0.058000	0.772000	0.576000	192.000000	0.000000	0.000000	0.000000	0.000000	0.000000	0.000000	0.000000	0.000000	0.000000	1733433160.528189	0.000000
70.000000	88124.501780	19638.309734	187500.000000	187500.000000	86705.031896	102264.550598	111630.713836	133527.846161	-0.058000	0.772000	0.576000	192.000000	0.000000	0.000000	0.000000	0.000000	0.000000	0.000000	0.000000	0.000000	0.000000	1733433160.532161	0.000000
71.000000	88125.395849	19639.382617	187500.000000	187500.000000	86703.824902	102276.620540	111625.707045	133523.644033	-0.052000	0.764000	0.576000	192.000000	254.000000	96.000000	23.000000	224.000000	18.000000	0.000000	0.000000	0.000000	0.000000	1733433160.536203	0.000000
72.000000	88124.054745	19645.350533	187500.000000	187500.000000	86700.606251	102262.091906	111631.227926	133511.082353	-0.052000	0.764000	0.576000	192.000000	0.000000	0.000000	0.000000	0.000000	0.000000	0.000000	0.000000	0.000000	0.000000	1733433160.539252	0.000000
73.000000	88124.926463	19649.373847	187500.000000	187500.000000	86707.423533	102242.735296	111634.178356	133525.186303	-0.052000	0.764000	0.576000	192.000000	0.000000	0.000000	0.000000	0.000000	0.000000	0.000000	0.000000	0.000000	0.000000	1733433160.543268	0.000000
74.000000	88119.919672	19639.136748	187500.000000	187500.000000	86707.647050	102237.303822	111630.892650	133524.895731	-0.052000	0.764000	0.576000	192.000000	0.000000	0.000000	0.000000	0.000000	0.000000	0.000000	0.000000	0.000000	0.000000	1733433160.547321	0.000000
75.000000	88115.024640	19634.621696	187500.000000	187500.000000	86698.169911	102236.186234	111625.639990	133522.682908	-0.052000	0.764000	0.576000	192.000000	0.000000	0.000000	0.000000	0.000000	0.000000	0.000000	0.000000	0.000000	0.000000	1733433160.551540	0.000000
76.000000	88111.403657	19624.764577	187500.000000	187500.000000	86691.307925	102245.551615	111623.762444	133547.068661	-0.052000	0.764000	0.576000	192.000000	0.000000	0.000000	0.000000	0.000000	0.000000	0.000000	0.000000	0.000000	0.000000	1733433160.556387	0.000000
77.000000	88117.684498	19624.876335	187500.000000	187500.000000	86694.928908	102246.110409	111619.537964	133520.023050	-0.052000	0.764000	0.576000	192.000000	0.000000	0.000000	0.000000	0.000000	0.000000	0.000000	0.000000	0.000000	0.000000	1733433160.560391	0.000000
78.000000	88121.774867	19638.868527	187500.000000	187500.000000	86708.429361	102257.688613	111621.527269	133501.739323	-0.052000	0.764000	0.576000	192.000000	0.000000	0.000000	0.000000	0.000000	0.000000	0.000000	0.000000	0.000000	0.000000	1733433160.564255	0.000000
79.000000	88125.284091	19641.528385	187500.000000	187500.000000	86716.945376	102264.885874	111622.264877	133503.482759	-0.052000	0.764000	0.576000	192.000000	0.000000	0.000000	0.000000	0.000000	0.000000	0.000000	0.000000	0.000000	0.000000	1733433160.567254	0.000000
80.000000	88128.033355	19641.863661	187500.000000	187500.000000	86715.872492	102260.706098	111609.300865	133516.200902	-0.052000	0.764000	0.576000	192.000000	0.000000	0.000000	0.000000	0.000000	0.000000	0.000000	0.000000	0.000000	0.000000	1733433160.571291	0.000000
81.000000	88125.082925	19643.450635	187500.000000	187500.000000	86712.832655	102256.280453	111603.288246	133519.464257	-0.058000	0.762000	0.578000	192.000000	254.000000	48.000000	23.000000	208.000000	18.000000	16.000000	0.000000	0.000000	0.000000	1733433160.575274	0.000000
82.000000	88124.770001	19644.434112	187500.000000	187500.000000	86712.027992	102241.528301	111603.668225	133493.536233	-0.058000	0.762000	0.578000	192.000000	0.000000	0.000000	0.000000	0.000000	0.000000	0.000000	0.000000	0.000000	0.000000	1733433160.579392	0.000000
83.000000	88132.213131	19648.032743	187500.000000	187500.000000	86716.945376	102252.033621	111613.167717	133511.663498	-0.058000	0.762000	0.578000	192.000000	0.000000	0.000000	0.000000	0.000000	0.000000	0.000000	0.000000	0.000000	0.000000	1733433160.583372	0.000000
84.000000	88127.988652	19644.121187	187500.000000	187500.000000	86713.682021	102256.503970	111619.113281	133518.100800	-0.058000	0.762000	0.578000	192.000000	0.000000	0.000000	0.000000	0.000000	0.000000	0.000000	0.000000	0.000000	0.000000	1733433160.588871	0.000000
85.000000	88118.042125	19642.623620	187500.000000	187500.000000	86703.959013	102244.143456	111613.637103	133499.325335	-0.058000	0.762000	0.578000	192.000000	0.000000	0.000000	0.000000	0.000000	0.000000	0.000000	0.000000	0.000000	0.000000	1733433160.591442	0.000000
86.000000	88118.131532	19639.114396	187500.000000	187500.000000	86707.602347	102244.836360	111608.607961	133506.030858	-0.058000	0.762000	0.578000	192.000000	0.000000	0.000000	0.000000	0.000000	0.000000	0.000000	0.000000	0.000000	0.000000	1733433160.595461	0.000000
87.000000	88121.953681	19647.250431	187500.000000	187500.000000	86716.006603	102253.084153	111615.045263	133538.999681	-0.058000	0.762000	0.578000	192.000000	0.000000	0.000000	0.000000	0.000000	0.000000	0.000000	0.000000	0.000000	0.000000	1733433160.599321	0.000000
88.000000	88122.512474	19649.239737	187500.000000	187500.000000	86724.187341	102260.080249	111618.666246	133523.129943	-0.058000	0.762000	0.578000	192.000000	0.000000	0.000000	0.000000	0.000000	0.000000	0.000000	0.000000	0.000000	0.000000	1733433160.603322	0.000000
89.000000	88126.446381	19654.358286	187500.000000	187500.000000	86726.556626	102264.908226	111622.063711	133549.728519	-0.058000	0.762000	0.578000	192.000000	0.000000	0.000000	0.000000	0.000000	0.000000	0.000000	0.000000	0.000000	0.000000	1733433160.607517	0.000000
90.000000	88140.863257	19667.545815	187500.000000	187500.000000	86744.572132	102284.242485	111638.983981	133549.549705	-0.058000	0.762000	0.578000	192.000000	0.000000	0.000000	0.000000	0.000000	0.000000	0.000000	0.000000	0.000000	0.000000	1733433160.611329	0.000000
91.000000	88140.975015	19665.131827	187500.000000	187500.000000	86746.404975	102291.372692	111639.207499	133530.662481	-0.056000	0.770000	0.584000	192.000000	254.000000	64.000000	24.000000	16.000000	18.000000	64.000000	0.000000	0.000000	0.000000	1733433160.616318	0.000000
92.000000	88144.439536	19673.960766	187500.000000	187500.000000	86747.544914	102299.620485	111643.342572	133539.402013	-0.056000	0.770000	0.584000	192.000000	0.000000	0.000000	0.000000	0.000000	0.000000	0.000000	0.000000	0.000000	0.000000	1733433160.619483	0.000000
93.000000	88153.514344	19683.326147	187500.000000	187500.000000	86756.485612	102315.400817	111652.059752	133546.263998	-0.056000	0.770000	0.584000	192.000000	0.000000	0.000000	0.000000	0.000000	0.000000	0.000000	0.000000	0.000000	0.000000	1733433160.623376	0.000000
94.000000	88137.845771	19667.054077	187500.000000	187500.000000	86728.769449	102278.095755	111630.646781	133549.460298	-0.056000	0.770000	0.584000	192.000000	0.000000	0.000000	0.000000	0.000000	0.000000	0.000000	0.000000	0.000000	0.000000	1733433160.627722	0.000000
95.000000	88133.174256	19659.789760	187500.000000	187500.000000	86722.935644	102256.571025	111610.016121	133540.497248	-0.056000	0.770000	0.584000	192.000000	0.000000	0.000000	0.000000	0.000000	0.000000	0.000000	0.000000	0.000000	0.000000	1733433160.631569	0.000000
96.000000	88132.011966	19658.761580	187500.000000	187500.000000	86729.641167	102265.556427	111605.031682	133521.408858	-0.056000	0.770000	0.584000	192.000000	0.000000	0.000000	0.000000	0.000000	0.000000	0.000000	0.000000	0.000000	0.000000	1733433160.636667	0.000000
97.000000	88133.375422	19655.900557	187500.000000	187500.000000	86726.511923	102281.180296	111602.014196	133507.886053	-0.056000	0.770000	0.584000	192.000000	0.000000	0.000000	0.000000	0.000000	0.000000	0.000000	0.000000	0.000000	0.000000	1733433160.639335	0.000000
98.000000	88129.843847	19654.425341	187500.000000	187500.000000	86703.288460	102251.385421	111587.932597	133507.841350	-0.056000	0.770000	0.584000	192.000000	0.000000	0.000000	0.000000	0.000000	0.000000	0.000000	0.000000	0.000000	0.000000	1733433160.644337	0.000000
99.000000	88135.141210	19663.231929	187500.000000	187500.000000	86694.124245	102240.120142	111589.318405	133520.783010	-0.056000	0.770000	0.584000	192.000000	0.000000	0.000000	0.000000	0.000000	0.000000	0.000000	0.000000	0.000000	0.000000	1733433160.647371	0.000000
100.000000	88123.607710	19642.936545	187500.000000	187500.000000	86683.283649	102228.206662	111579.170713	133499.794722	-0.056000	0.770000	0.584000	192.000000	0.000000	0.000000	0.000000	0.000000	0.000000	0.000000	0.000000	0.000000	0.000000	1733433160.651445	0.000000
101.000000	88132.146076	19651.609022	187500.000000	187500.000000	86693.654858	102242.020040	111588.916074	133497.447788	-0.058000	0.768000	0.584000	192.000000	254.000000	48.000000	24.000000	0.000000	18.000000	64.000000	0.000000	0.000000	0.000000	1733433160.655444	0.000000
102.000000	88134.627120	19661.935528	187500.000000	187500.000000	86697.029972	102256.056935	111586.144458	133512.624623	-0.058000	0.768000	0.584000	192.000000	0.000000	0.000000	0.000000	0.000000	0.000000	0.000000	0.000000	0.000000	0.000000	1733433160.659602	0.000000
103.000000	88127.049878	19656.146426	187500.000000	187500.000000	86694.504225	102267.255159	111586.815010	133510.925890	-0.058000	0.768000	0.584000	192.000000	0.000000	0.000000	0.000000	0.000000	0.000000	0.000000	0.000000	0.000000	0.000000	1733433160.663676	0.000000
104.000000	88124.568835	19648.703295	187500.000000	187500.000000	86704.562510	102279.995654	111597.432089	133521.587672	-0.058000	0.768000	0.584000	192.000000	0.000000	0.000000	0.000000	0.000000	0.000000	0.000000	0.000000	0.000000	0.000000	1733433160.667683	0.000000
105.000000	88132.838980	19657.979269	187500.000000	187500.000000	86714.397277	102267.456325	111593.788754	133535.512809	-0.058000	0.768000	0.584000	192.000000	0.000000	0.000000	0.000000	0.000000	0.000000	0.000000	0.000000	0.000000	0.000000	1733433160.672441	0.000000
106.000000	88129.016832	19656.504054	187500.000000	187500.000000	86699.890995	102262.762459	111582.054088	133512.244643	-0.058000	0.768000	0.584000	192.000000	0.000000	0.000000	0.000000	0.000000	0.000000	0.000000	0.000000	0.000000	0.000000	1733433160.675703	0.000000
107.000000	88136.974053	19671.077391	187500.000000	187500.000000	86711.759771	102266.472848	111594.973397	133508.288384	-0.058000	0.768000	0.584000	192.000000	0.000000	0.000000	0.000000	0.000000	0.000000	0.000000	0.000000	0.000000	0.000000	1733433160.679422	0.000000
108.000000	88143.009024	19670.250376	187500.000000	187500.000000	86720.722821	102263.745935	111596.202743	133525.946263	-0.058000	0.768000	0.584000	192.000000	0.000000	0.000000	0.000000	0.000000	0.000000	0.000000	0.000000	0.000000	0.000000	1733433160.683477	0.000000
109.000000	88152.284998	19670.160970	187500.000000	187500.000000	86719.493475	102267.657491	111598.102641	133537.166838	-0.058000	0.768000	0.584000	192.000000	0.000000	0.000000	0.000000	0.000000	0.000000	0.000000	0.000000	0.000000	0.000000	1733433160.687444	0.000000
110.000000	88154.386062	19680.956862	187500.000000	187500.000000	86728.724745	102297.854697	111600.784850	133526.885036	-0.058000	0.768000	0.584000	192.000000	0.000000	0.000000	0.000000	0.000000	0.000000	0.000000	0.000000	0.000000	0.000000	1733433160.691724	0.000000
111.000000	88154.073138	19687.438868	187500.000000	187500.000000	86730.915216	102311.824538	111596.649777	133543.201809	-0.062000	0.768000	0.574000	192.000000	254.000000	16.000000	24.000000	0.000000	17.000000	240.000000	0.000000	0.000000	0.000000	1733433160.695640	0.000000
112.000000	88149.692196	19668.998679	187500.000000	187500.000000	86718.130018	102299.844003	111588.424336	133547.113365	-0.062000	0.768000	0.574000	192.000000	0.000000	0.000000	0.000000	0.000000	0.000000	0.000000	0.000000	0.000000	0.000000	1733433160.700654	0.000000
113.000000	88151.703853	19677.693507	187500.000000	187500.000000	86722.868588	102292.289113	111589.676033	133532.361213	-0.062000	0.768000	0.574000	192.000000	0.000000	0.000000	0.000000	0.000000	0.000000	0.000000	0.000000	0.000000	0.000000	1733433160.703673	0.000000
114.000000	88154.229600	19685.673080	187500.000000	187500.000000	86726.266053	102327.157834	111578.746030	133521.811190	-0.062000	0.768000	0.574000	192.000000	0.000000	0.000000	0.000000	0.000000	0.000000	0.000000	0.000000	0.000000	0.000000	1733433160.707457	0.000000
115.000000	88157.917638	19685.002528	187500.000000	187500.000000	86732.211617	102309.790529	111569.023021	133527.712050	-0.062000	0.768000	0.574000	192.000000	0.000000	0.000000	0.000000	0.000000	0.000000	0.000000	0.000000	0.000000	0.000000	1733433160.711433	0.000000
116.000000	88154.609579	19673.647842	187500.000000	187500.000000	86725.729612	102269.758555	111573.113391	133522.146466	-0.062000	0.768000	0.574000	192.000000	0.000000	0.000000	0.000000	0.000000	0.000000	0.000000	0.000000	0.000000	0.000000	1733433160.715507	0.000000
117.000000	88151.681501	19670.697411	187500.000000	187500.000000	86718.375888	102272.776040	111574.633309	133513.541044	-0.062000	0.768000	0.574000	192.000000	0.000000	0.000000	0.000000	0.000000	0.000000	0.000000	0.000000	0.000000	0.000000	1733433160.719540	0.000000
118.000000	88161.315103	19685.606025	187500.000000	187500.000000	86724.030879	102284.845982	111588.871370	133534.998719	-0.062000	0.768000	0.574000	192.000000	0.000000	0.000000	0.000000	0.000000	0.000000	0.000000	0.000000	0.000000	0.000000	1733433160.723468	0.000000
119.000000	88159.526963	19687.103592	187500.000000	187500.000000	86725.349632	102271.703156	111592.268836	133554.780013	-0.062000	0.768000	0.574000	192.000000	0.000000	0.000000	0.000000	0.000000	0.000000	0.000000	0.000000	0.000000	0.000000	1733433160.727530	0.000000
120.000000	88157.604713	19677.894673	187500.000000	187500.000000	86733.284501	102282.990787	111593.118202	133553.952998	-0.062000	0.768000	0.574000	192.000000	0.000000	0.000000	0.000000	0.000000	0.000000	0.000000	0.000000	0.000000	0.000000	1733433160.730585	0.000000
121.000000	88163.215001	19680.107496	187500.000000	187500.000000	86749.020129	102300.492203	111603.332949	133560.144432	-0.052000	0.768000	0.570000	192.000000	254.000000	96.000000	24.000000	0.000000	17.000000	208.000000	0.000000	0.000000	0.000000	1733433160.735714	0.000000
122.000000	88154.676635	19675.860664	187500.000000	187500.000000	86740.660577	102289.115165	111596.850943	133553.707129	-0.052000	0.768000	0.570000	192.000000	0.000000	0.000000	0.000000	0.000000	0.000000	0.000000	0.000000	0.000000	0.000000	1733433160.739550	0.000000
123.000000	88160.376329	19682.968519	187500.000000	187500.000000	86739.878266	102302.548564	111601.790679	133560.144432	-0.052000	0.768000	0.570000	192.000000	0.000000	0.000000	0.000000	0.000000	0.000000	0.000000	0.000000	0.000000	0.000000	1733433160.743586	0.000000
124.000000	88165.226658	19690.143429	187500.000000	187500.000000	86749.109536	102322.285154	111613.257124	133562.223144	-0.052000	0.768000	0.570000	192.000000	0.000000	0.000000	0.000000	0.000000	0.000000	0.000000	0.000000	0.000000	0.000000	1733433160.747545	0.000000
125.000000	88156.084795	19676.665327	187500.000000	187500.000000	86738.671272	102301.609791	111600.024891	133543.134754	-0.052000	0.768000	0.570000	192.000000	0.000000	0.000000	0.000000	0.000000	0.000000	0.000000	0.000000	0.000000	0.000000	1733433160.751544	0.000000
126.000000	88155.973036	19679.816923	187500.000000	187500.000000	86733.396260	102276.598188	111586.815010	133537.457411	-0.052000	0.768000	0.570000	192.000000	0.000000	0.000000	0.000000	0.000000	0.000000	0.000000	0.000000	0.000000	0.000000	1733433160.754554	0.000000
127.000000	88158.364672	19671.613833	187500.000000	187500.000000	86734.536199	102282.856677	111582.344661	133535.222237	-0.052000	0.768000	0.570000	192.000000	0.000000	0.000000	0.000000	0.000000	0.000000	0.000000	0.000000	0.000000	0.000000	1733433160.758778	0.000000
128.000000	88160.264571	19671.390315	187500.000000	187500.000000	86736.413745	102294.792508	111588.200818	133547.247475	-0.052000	0.768000	0.570000	192.000000	0.000000	0.000000	0.000000	0.000000	0.000000	0.000000	0.000000	0.000000	0.000000	1733433160.762816	0.000000
129.000000	88159.057577	19680.889807	187500.000000	187500.000000	86749.735385	102302.995599	111593.676995	133551.069623	-0.052000	0.768000	0.570000	192.000000	0.000000	0.000000	0.000000	0.000000	0.000000	0.000000	0.000000	0.000000	0.000000	1733433160.767856	0.000000
130.000000	88152.240294	19679.638109	187500.000000	187500.000000	86744.169801	102294.390177	111584.624539	133552.656597	-0.052000	0.768000	0.570000	192.000000	0.000000	0.000000	0.000000	0.000000	0.000000	0.000000	0.000000	0.000000	0.000000	1733433160.771806	0.000000
131.000000	88155.995388	19678.386411	187500.000000	187500.000000	86738.380699	102291.059767	111573.873350	133562.424310	-0.050000	0.770000	0.572000	192.000000	254.000000	112.000000	24.000000	16.000000	17.000000	224.000000	0.000000	0.000000	0.000000	1733433160.775651	0.000000
132.000000	88152.799088	19668.596347	187500.000000	187500.000000	86732.613949	102278.028700	111570.967623	133549.907333	-0.050000	0.770000	0.572000	192.000000	0.000000	0.000000	0.000000	0.000000	0.000000	0.000000	0.000000	0.000000	0.000000	1733433160.779533	0.000000
133.000000	88148.149925	19664.595385	187500.000000	187500.000000	86739.475934	102280.018005	111564.463265	133538.083260	-0.050000	0.770000	0.572000	192.000000	0.000000	0.000000	0.000000	0.000000	0.000000	0.000000	0.000000	0.000000	0.000000	1733433160.782560	0.000000
134.000000	88144.618350	19658.381600	187500.000000	187500.000000	86742.515772	102278.118107	111562.988050	133532.987062	-0.050000	0.770000	0.572000	192.000000	0.000000	0.000000	0.000000	0.000000	0.000000	0.000000	0.000000	0.000000	0.000000	1733433160.786609	0.000000
135.000000	88149.938065	19664.215405	187500.000000	187500.000000	86747.701376	102290.858601	111571.615824	133524.493399	-0.050000	0.770000	0.572000	192.000000	0.000000	0.000000	0.000000	0.000000	0.000000	0.000000	0.000000	0.000000	0.000000	1733433160.790895	0.000000
136.000000	88161.717434	19691.618644	187500.000000	187500.000000	86757.692606	102301.475680	111592.313539	133536.786859	-0.050000	0.770000	0.572000	192.000000	0.000000	0.000000	0.000000	0.000000	0.000000	0.000000	0.000000	0.000000	0.000000	1733433160.795706	0.000000
137.000000	88171.865126	19693.384432	187500.000000	187500.000000	86776.333961	102316.294887	111599.600208	133548.745042	-0.050000	0.770000	0.572000	192.000000	0.000000	0.000000	0.000000	0.000000	0.000000	0.000000	0.000000	0.000000	0.000000	1733433160.799729	0.000000
138.000000	88169.942876	19682.007394	187500.000000	187500.000000	86774.568173	102303.464985	111592.537057	133567.900487	-0.050000	0.770000	0.572000	192.000000	0.000000	0.000000	0.000000	0.000000	0.000000	0.000000	0.000000	0.000000	0.000000	1733433160.803744	0.000000
139.000000	88162.723263	19672.463199	187500.000000	187500.000000	86759.592504	102286.142383	111582.769344	133565.218278	-0.050000	0.770000	0.572000	192.000000	0.000000	0.000000	0.000000	0.000000	0.000000	0.000000	0.000000	0.000000	0.000000	1733433160.807887	0.000000
140.000000	88167.193612	19673.178455	187500.000000	187500.000000	86770.567211	102298.905229	111585.183333	133547.113365	-0.050000	0.770000	0.572000	192.000000	0.000000	0.000000	0.000000	0.000000	0.000000	0.000000	0.000000	0.000000	0.000000	1733433160.811608	0.000000
141.000000	88164.556106	19680.666289	187500.000000	187500.000000	86774.165842	102327.806035	111587.440859	133558.222182	-0.052000	0.766000	0.576000	192.000000	254.000000	96.000000	23.000000	240.000000	18.000000	0.000000	0.000000	0.000000	0.000000	1733433160.814603	0.000000
142.000000	88169.451138	19682.856760	187500.000000	187500.000000	86774.143490	102337.506692	111602.170658	133538.239722	-0.052000	0.766000	0.576000	192.000000	0.000000	0.000000	0.000000	0.000000	0.000000	0.000000	0.000000	0.000000	0.000000	1733433160.818646	0.000000
143.000000	88178.570649	19690.411650	187500.000000	187500.000000	86776.646885	102322.262802	111614.330007	133553.707129	-0.052000	0.766000	0.576000	192.000000	0.000000	0.000000	0.000000	0.000000	0.000000	0.000000	0.000000	0.000000	0.000000	1733433160.823901	0.000000
144.000000	88174.212059	19690.121077	187500.000000	187500.000000	86774.635228	102320.094683	111613.301827	133563.586600	-0.052000	0.766000	0.576000	192.000000	0.000000	0.000000	0.000000	0.000000	0.000000	0.000000	0.000000	0.000000	0.000000	1733433160.827664	0.000000
145.000000	88170.389911	19681.292138	187500.000000	187500.000000	86765.247496	102307.600058	111605.277551	133559.183307	-0.052000	0.766000	0.576000	192.000000	0.000000	0.000000	0.000000	0.000000	0.000000	0.000000	0.000000	0.000000	0.000000	1733433160.831964	0.000000
146.000000	88173.228583	19689.294063	187500.000000	187500.000000	86768.823775	102316.652515	111608.205629	133572.482595	-0.052000	0.766000	0.576000	192.000000	0.000000	0.000000	0.000000	0.000000	0.000000	0.000000	0.000000	0.000000	0.000000	1733433160.836064	0.000000
147.000000	88181.409321	19698.100650	187500.000000	187500.000000	86765.582772	102310.125805	111594.816934	133574.874231	-0.052000	0.766000	0.576000	192.000000	0.000000	0.000000	0.000000	0.000000	0.000000	0.000000	0.000000	0.000000	0.000000	1733433160.839012	0.000000
148.000000	88188.204251	19704.694415	187500.000000	187500.000000	86766.812118	102312.830366	111594.101679	133576.260039	-0.052000	0.766000	0.576000	192.000000	0.000000	0.000000	0.000000	0.000000	0.000000	0.000000	0.000000	0.000000	0.000000	1733433160.842665	0.000000
149.000000	88183.309219	19700.961673	187500.000000	187500.000000	86761.291237	102315.624334	111608.876182	133530.058984	-0.052000	0.766000	0.576000	192.000000	0.000000	0.000000	0.000000	0.000000	0.000000	0.000000	0.000000	0.000000	0.000000	1733433160.846655	0.000000
150.000000	88190.841757	19716.406729	187500.000000	187500.000000	86772.377702	102326.822558	111622.846022	133538.127963	-0.052000	0.766000	0.576000	192.000000	0.000000	0.000000	0.000000	0.000000	0.000000	0.000000	0.000000	0.000000	0.000000	1733433160.850632	0.000000
151.000000	88189.433597	19715.937342	187500.000000	187500.000000	86778.144452	102336.500864	111624.947086	133555.763490	-0.054000	0.766000	0.574000	192.000000	254.000000	80.000000	23.000000	240.000000	17.000000	240.000000	0.000000	0.000000	0.000000	1733433160.855652	0.000000
152.000000	88184.672676	19694.300854	187500.000000	187500.000000	86773.294124	102335.070352	111620.677903	133546.755737	-0.054000	0.766000	0.574000	192.000000	0.000000	0.000000	0.000000	0.000000	0.000000	0.000000	0.000000	0.000000	0.000000	1733433160.859666	0.000000
153.000000	88189.411246	19696.066641	187500.000000	187500.000000	86781.273697	102332.142273	111628.813938	133568.079301	-0.054000	0.766000	0.574000	192.000000	0.000000	0.000000	0.000000	0.000000	0.000000	0.000000	0.000000	0.000000	0.000000	1733433160.862829	0.000000
154.000000	88190.506481	19697.653615	187500.000000	187500.000000	86790.572022	102329.370657	111628.702179	133573.734292	-0.054000	0.766000	0.574000	192.000000	0.000000	0.000000	0.000000	0.000000	0.000000	0.000000	0.000000	0.000000	0.000000	1733433160.866937	0.000000
155.000000	88191.132330	19696.826601	187500.000000	187500.000000	86793.343639	102330.287079	111626.712874	133567.498156	-0.054000	0.766000	0.574000	192.000000	0.000000	0.000000	0.000000	0.000000	0.000000	0.000000	0.000000	0.000000	0.000000	1733433160.871019	0.000000
156.000000	88187.667809	19690.992795	187500.000000	187500.000000	86792.673086	102324.922660	111621.884897	133566.067644	-0.054000	0.766000	0.574000	192.000000	0.000000	0.000000	0.000000	0.000000	0.000000	0.000000	0.000000	0.000000	0.000000	1733433160.874737	0.000000
157.000000	88179.285905	19682.901464	187500.000000	187500.000000	86779.194984	102311.265744	111606.015158	133597.717714	-0.054000	0.766000	0.574000	192.000000	0.000000	0.000000	0.000000	0.000000	0.000000	0.000000	0.000000	0.000000	0.000000	1733433160.878712	0.000000
158.000000	88175.217888	19682.253263	187500.000000	187500.000000	86765.471013	102306.638933	111593.162905	133617.923691	-0.054000	0.766000	0.574000	192.000000	0.000000	0.000000	0.000000	0.000000	0.000000	0.000000	0.000000	0.000000	0.000000	1733433160.883711	0.000000
159.000000	88172.982713	19680.845103	187500.000000	187500.000000	86769.494327	102310.170509	111587.910245	133590.140473	-0.054000	0.766000	0.574000	192.000000	0.000000	0.000000	0.000000	0.000000	0.000000	0.000000	0.000000	0.000000	0.000000	1733433160.887761	0.000000
160.000000	88173.206231	19690.188133	187500.000000	187500.000000	86775.685760	102317.434826	111594.436955	133570.426234	-0.054000	0.766000	0.574000	192.000000	0.000000	0.000000	0.000000	0.000000	0.000000	0.000000	0.000000	0.000000	0.000000	1733433160.890998	0.000000
161.000000	88180.492899	19700.291121	187500.000000	187500.000000	86779.709074	102328.253070	111595.889818	133548.298007	-0.058000	0.768000	0.572000	192.000000	254.000000	48.000000	24.000000	0.000000	17.000000	224.000000	0.000000	0.000000	0.000000	1733433160.894718	0.000000
162.000000	88190.394722	19721.279409	187500.000000	187500.000000	86796.405828	102348.257881	111611.871315	133543.738251	-0.058000	0.768000	0.572000	192.000000	0.000000	0.000000	0.000000	0.000000	0.000000	0.000000	0.000000	0.000000	0.000000	1733433160.898919	0.000000
163.000000	88199.380124	19706.639016	187500.000000	187500.000000	86808.811046	102337.752561	111615.984036	133556.501097	-0.058000	0.768000	0.572000	192.000000	0.000000	0.000000	0.000000	0.000000	0.000000	0.000000	0.000000	0.000000	0.000000	1733433160.902853	0.000000
164.000000	88198.933089	19692.155086	187500.000000	187500.000000	86809.101618	102329.281250	111609.189106	133575.321266	-0.058000	0.768000	0.572000	192.000000	0.000000	0.000000	0.000000	0.000000	0.000000	0.000000	0.000000	0.000000	0.000000	1733433160.907038	0.000000
165.000000	88201.727057	19700.291121	187500.000000	187500.000000	86815.248348	102331.270555	111614.844097	133582.295010	-0.058000	0.768000	0.572000	192.000000	0.000000	0.000000	0.000000	0.000000	0.000000	0.000000	0.000000	0.000000	0.000000	1733433160.911770	0.000000
166.000000	88193.635725	19695.150220	187500.000000	187500.000000	86812.119104	102328.163663	111599.220228	133571.186193	-0.058000	0.768000	0.572000	192.000000	0.000000	0.000000	0.000000	0.000000	0.000000	0.000000	0.000000	0.000000	0.000000	1733433160.915786	0.000000
167.000000	88202.464664	19697.675967	187500.000000	187500.000000	86816.231825	102324.497977	111597.856772	133590.587508	-0.058000	0.768000	0.572000	192.000000	0.000000	0.000000	0.000000	0.000000	0.000000	0.000000	0.000000	0.000000	0.000000	1733433160.918772	0.000000
168.000000	88211.070086	19716.496136	187500.000000	187500.000000	86825.373688	102339.093666	111620.320275	133593.426179	-0.058000	0.768000	0.572000	192.000000	0.000000	0.000000	0.000000	0.000000	0.000000	0.000000	0.000000	0.000000	0.000000	1733433160.922756	0.000000
169.000000	88201.145911	19704.314435	187500.000000	187500.000000	86810.219206	102340.792399	111614.419414	133580.708037	-0.058000	0.768000	0.572000	192.000000	0.000000	0.000000	0.000000	0.000000	0.000000	0.000000	0.000000	0.000000	0.000000	1733433160.926768	0.000000
170.000000	88207.404400	19703.599179	187500.000000	187500.000000	86811.895586	102339.384239	111613.190068	133579.366932	-0.058000	0.768000	0.572000	192.000000	0.000000	0.000000	0.000000	0.000000	0.000000	0.000000	0.000000	0.000000	0.000000	1733433160.930806	0.000000
171.000000	88213.282909	19712.182249	187500.000000	187500.000000	86822.892645	102349.151951	111619.984999	133577.847013	-0.058000	0.768000	0.572000	192.000000	0.000000	0.000000	0.000000	0.000000	0.000000	0.000000	0.000000	0.000000	0.000000	1733433160.934832	0.000000
172.000000	88206.219757	19705.923761	187500.000000	187500.000000	86814.823665	102347.095590	111619.202688	133576.327095	-0.056000	0.776000	0.572000	192.000000	254.000000	64.000000	24.000000	64.000000	17.000000	224.000000	0.000000	0.000000	0.000000	1733433160.938922	0.000000
173.000000	88195.334458	19710.371758	187500.000000	187500.000000	86810.800351	102338.110189	111609.412624	133574.829528	-0.056000	0.776000	0.572000	192.000000	0.000000	0.000000	0.000000	0.000000	0.000000	0.000000	0.000000	0.000000	0.000000	1733433160.943965	0.000000
174.000000	88196.832025	19714.640941	187500.000000	187500.000000	86806.978203	102344.927471	111608.607961	133575.611839	-0.056000	0.776000	0.572000	192.000000	0.000000	0.000000	0.000000	0.000000	0.000000	0.000000	0.000000	0.000000	0.000000	1733433160.947018	0.000000
175.000000	88199.894214	19707.622493	187500.000000	187500.000000	86807.715810	102351.722402	111609.144403	133586.318324	-0.056000	0.776000	0.572000	192.000000	0.000000	0.000000	0.000000	0.000000	0.000000	0.000000	0.000000	0.000000	0.000000	1733433160.950818	0.000000
176.000000	88197.591984	19699.397051	187500.000000	187500.000000	86809.861578	102349.956614	111611.848964	133605.764342	-0.056000	0.776000	0.572000	192.000000	0.000000	0.000000	0.000000	0.000000	0.000000	0.000000	0.000000	0.000000	0.000000	1733433160.954844	0.000000
177.000000	88197.055542	19702.794516	187500.000000	187500.000000	86816.947081	102353.130561	111611.871315	133583.211432	-0.056000	0.776000	0.572000	192.000000	0.000000	0.000000	0.000000	0.000000	0.000000	0.000000	0.000000	0.000000	0.000000	1733433160.958840	0.000000
178.000000	88205.280984	19706.370796	187500.000000	187500.000000	86818.712869	102338.981907	111608.339740	133582.138548	-0.056000	0.776000	0.572000	192.000000	0.000000	0.000000	0.000000	0.000000	0.000000	0.000000	0.000000	0.000000	0.000000	1733433160.962825	0.000000
179.000000	88209.550167	19706.683720	187500.000000	187500.000000	86823.876122	102340.390067	111611.960722	133602.590394	-0.056000	0.776000	0.572000	192.000000	0.000000	0.000000	0.000000	0.000000	0.000000	0.000000	0.000000	0.000000	0.000000	1733433160.967842	0.000000
180.000000	88204.252804	19707.063700	187500.000000	187500.000000	86819.182255	102359.992547	111614.262952	133581.065664	-0.056000	0.776000	0.572000	192.000000	0.000000	0.000000	0.000000	0.000000	0.000000	0.000000	0.000000	0.000000	0.000000	1733433160.971841	0.000000
181.000000	88199.223661	19696.714842	187500.000000	187500.000000	86816.544749	102356.103343	111612.854792	133577.019999	-0.056000	0.776000	0.572000	192.000000	0.000000	0.000000	0.000000	0.000000	0.000000	0.000000	0.000000	0.000000	0.000000	1733433160.974836	0.000000
182.000000	88201.235318	19705.566133	187500.000000	187500.000000	86819.249310	102347.050887	111609.479679	133598.231804	-0.058000	0.772000	0.574000	192.000000	254.000000	48.000000	24.000000	32.000000	17.000000	240.000000	0.000000	0.000000	0.000000	1733433160.979020	0.000000
183.000000	88202.978754	19694.747888	187500.000000	187500.000000	86819.025793	102350.046021	111604.361129	133602.836264	-0.058000	0.772000	0.574000	192.000000	0.000000	0.000000	0.000000	0.000000	0.000000	0.000000	0.000000	0.000000	0.000000	1733433160.982956	0.000000
184.000000	88198.910737	19681.336842	187500.000000	187500.000000	86812.476732	102335.115055	111596.739184	133576.103577	-0.058000	0.772000	0.574000	192.000000	0.000000	0.000000	0.000000	0.000000	0.000000	0.000000	0.000000	0.000000	0.000000	1733433160.987088	0.000000
185.000000	88202.844644	19686.500095	187500.000000	187500.000000	86813.080229	102337.998430	111596.090984	133600.154054	-0.058000	0.772000	0.574000	192.000000	0.000000	0.000000	0.000000	0.000000	0.000000	0.000000	0.000000	0.000000	0.000000	1733433160.990890	0.000000
186.000000	88206.085647	19691.953920	187500.000000	187500.000000	86812.297918	102346.827370	111596.985054	133595.102560	-0.058000	0.772000	0.574000	192.000000	0.000000	0.000000	0.000000	0.000000	0.000000	0.000000	0.000000	0.000000	0.000000	1733433160.995932	0.000000
187.000000	88205.348039	19694.591426	187500.000000	187500.000000	86813.795485	102339.071314	111585.608016	133562.245496	-0.058000	0.772000	0.574000	192.000000	0.000000	0.000000	0.000000	0.000000	0.000000	0.000000	0.000000	0.000000	0.000000	1733433160.998876	0.000000
188.000000	88200.721228	19694.837295	187500.000000	187500.000000	86812.610842	102343.854588	111582.679937	133580.529223	-0.058000	0.772000	0.574000	192.000000	0.000000	0.000000	0.000000	0.000000	0.000000	0.000000	0.000000	0.000000	0.000000	1733433161.001899	0.000000
189.000000	88196.832025	19703.330958	187500.000000	187500.000000	86811.828531	102335.472683	111579.662452	133571.096786	-0.058000	0.772000	0.574000	192.000000	0.000000	0.000000	0.000000	0.000000	0.000000	0.000000	0.000000	0.000000	0.000000	1733433161.005866	0.000000
190.000000	88197.346115	19683.124981	187500.000000	187500.000000	86803.916014	102326.934317	111570.185312	133559.026844	-0.058000	0.772000	0.574000	192.000000	0.000000	0.000000	0.000000	0.000000	0.000000	0.000000	0.000000	0.000000	0.000000	1733433161.010914	0.000000
191.000000	88197.256708	19680.263958	187500.000000	187500.000000	86801.904357	102330.264727	111567.905434	133573.488423	-0.058000	0.772000	0.574000	192.000000	0.000000	0.000000	0.000000	0.000000	0.000000	0.000000	0.000000	0.000000	0.000000	1733433161.014882	0.000000
192.000000	88207.337345	19693.406784	187500.000000	187500.000000	86810.845054	102340.971213	111572.085210	133605.853749	-0.056000	0.772000	0.574000	192.000000	254.000000	64.000000	24.000000	32.000000	17.000000	240.000000	0.000000	0.000000	0.000000	1733433161.019123	0.000000
193.000000	88207.560862	19696.133697	187500.000000	187500.000000	86807.872272	102345.799189	111570.587643	133610.435857	-0.056000	0.772000	0.574000	192.000000	0.000000	0.000000	0.000000	0.000000	0.000000	0.000000	0.000000	0.000000	0.000000	1733433161.023013	0.000000
194.000000	88201.078856	19683.929644	187500.000000	187500.000000	86795.869386	102334.086875	111562.161036	133597.315383	-0.056000	0.772000	0.574000	192.000000	0.000000	0.000000	0.000000	0.000000	0.000000	0.000000	0.000000	0.000000	0.000000	1733433161.026140	0.000000
195.000000	88199.558937	19687.662385	187500.000000	187500.000000	86804.899490	102347.833198	111565.849074	133583.390246	-0.056000	0.772000	0.574000	192.000000	0.000000	0.000000	0.000000	0.000000	0.000000	0.000000	0.000000	0.000000	0.000000	1733433161.030159	0.000000
196.000000	88199.536586	19679.772220	187500.000000	187500.000000	86810.375668	102344.458085	111554.203815	133584.261964	-0.056000	0.772000	0.574000	192.000000	0.000000	0.000000	0.000000	0.000000	0.000000	0.000000	0.000000	0.000000	0.000000	1733433161.034173	0.000000
197.000000	88208.454932	19688.176476	187500.000000	187500.000000	86804.541863	102352.571768	111552.058047	133583.949039	-0.056000	0.772000	0.574000	192.000000	0.000000	0.000000	0.000000	0.000000	0.000000	0.000000	0.000000	0.000000	0.000000	1733433161.038912	0.000000
198.000000	88209.661926	19693.093859	187500.000000	187500.000000	86792.784845	102334.533910	111536.858861	133569.353350	-0.056000	0.772000	0.574000	192.000000	0.000000	0.000000	0.000000	0.000000	0.000000	0.000000	0.000000	0.000000	0.000000	1733433161.042943	0.000000
199.000000	88214.489903	19703.487420	187500.000000	187500.000000	86800.943232	102331.069390	111545.665448	133577.779958	-0.056000	0.772000	0.574000	192.000000	0.000000	0.000000	0.000000	0.000000	0.000000	0.000000	0.000000	0.000000	0.000000	1733433161.046933	0.000000
200.000000	88216.278042	19702.794516	187500.000000	187500.000000	86807.335831	102337.305526	111552.594489	133594.767284	-0.056000	0.772000	0.574000	192.000000	0.000000	0.000000	0.000000	0.000000	0.000000	0.000000	0.000000	0.000000	0.000000	1733433161.051015	0.000000
201.000000	88221.083667	19702.794516	187500.000000	187500.000000	86808.743991	102336.836140	111553.756780	133615.420296	-0.056000	0.772000	0.574000	192.000000	0.000000	0.000000	0.000000	0.000000	0.000000	0.000000	0.000000	0.000000	0.000000	1733433161.054968	0.000000
202.000000	88220.144894	19697.988891	187500.000000	187500.000000	86803.536034	102339.451294	111545.643097	133594.655525	-0.054000	0.778000	0.572000	192.000000	254.000000	80.000000	24.000000	80.000000	17.000000	224.000000	0.000000	0.000000	0.000000	1733433161.058181	0.000000
203.000000	88224.078801	19705.052043	187500.000000	187500.000000	86805.100656	102345.553320	111553.689725	133596.242499	-0.054000	0.778000	0.572000	192.000000	0.000000	0.000000	0.000000	0.000000	0.000000	0.000000	0.000000	0.000000	0.000000	1733433161.062134	0.000000
204.000000	88217.283871	19703.800345	187500.000000	187500.000000	86791.399037	102327.090779	111554.047353	133620.672956	-0.054000	0.778000	0.572000	192.000000	0.000000	0.000000	0.000000	0.000000	0.000000	0.000000	0.000000	0.000000	0.000000	1733433161.067306	0.000000
205.000000	88212.031211	19701.676929	187500.000000	187500.000000	86784.022961	102326.196709	111550.716943	133602.433932	-0.054000	0.778000	0.572000	192.000000	0.000000	0.000000	0.000000	0.000000	0.000000	0.000000	0.000000	0.000000	0.000000	1733433161.071090	0.000000
206.000000	88221.173074	19705.208505	187500.000000	187500.000000	86796.584642	102336.724381	111556.461341	133582.943211	-0.054000	0.778000	0.572000	192.000000	0.000000	0.000000	0.000000	0.000000	0.000000	0.000000	0.000000	0.000000	0.000000	1733433161.075198	0.000000
207.000000	88223.207083	19711.645807	187500.000000	187500.000000	86792.293107	102334.131579	111557.802446	133594.968449	-0.054000	0.778000	0.572000	192.000000	0.000000	0.000000	0.000000	0.000000	0.000000	0.000000	0.000000	0.000000	0.000000	1733433161.079030	0.000000
208.000000	88219.966080	19718.016054	187500.000000	187500.000000	86791.555499	102340.054791	111556.506044	133593.090903	-0.054000	0.778000	0.572000	192.000000	0.000000	0.000000	0.000000	0.000000	0.000000	0.000000	0.000000	0.000000	0.000000	1733433161.083026	0.000000
209.000000	88221.173074	19713.366892	187500.000000	187500.000000	86795.154130	102355.119867	111564.530321	133589.738141	-0.054000	0.778000	0.572000	192.000000	0.000000	0.000000	0.000000	0.000000	0.000000	0.000000	0.000000	0.000000	0.000000	1733433161.085992	0.000000
210.000000	88222.692993	19702.727461	187500.000000	187500.000000	86795.444703	102348.280233	111568.240710	133605.786694	-0.054000	0.778000	0.572000	192.000000	0.000000	0.000000	0.000000	0.000000	0.000000	0.000000	0.000000	0.000000	0.000000	1733433161.090043	0.000000
211.000000	88212.992336	19701.229894	187500.000000	187500.000000	86798.439836	102345.530968	111555.455512	133607.172502	-0.054000	0.778000	0.572000	192.000000	0.000000	0.000000	0.000000	0.000000	0.000000	0.000000	0.000000	0.000000	0.000000	1733433161.095183	0.000000
212.000000	88209.952499	19697.675967	187500.000000	187500.000000	86794.751798	102354.806942	111554.092056	133613.185121	-0.054000	0.774000	0.570000	192.000000	254.000000	80.000000	24.000000	48.000000	17.000000	208.000000	0.000000	0.000000	0.000000	1733433161.099163	0.000000
213.000000	88224.056449	19710.707034	187500.000000	187500.000000	86807.827569	102364.597006	111577.963719	133601.539862	-0.054000	0.774000	0.570000	192.000000	0.000000	0.000000	0.000000	0.000000	0.000000	0.000000	0.000000	0.000000	0.000000	1733433161.103254	0.000000
214.000000	88231.365470	19711.399938	187500.000000	187500.000000	86811.605014	102361.691280	111588.983129	133599.550557	-0.054000	0.774000	0.570000	192.000000	0.000000	0.000000	0.000000	0.000000	0.000000	0.000000	0.000000	0.000000	0.000000	1733433161.106103	0.000000
215.000000	88228.482095	19712.942208	187500.000000	187500.000000	86802.530206	102350.068372	111586.524437	133600.735200	-0.054000	0.774000	0.570000	192.000000	0.000000	0.000000	0.000000	0.000000	0.000000	0.000000	0.000000	0.000000	0.000000	1733433161.110257	0.000000
216.000000	88222.469476	19707.667197	187500.000000	187500.000000	86795.310592	102346.313279	111580.847094	133609.944118	-0.054000	0.774000	0.570000	192.000000	0.000000	0.000000	0.000000	0.000000	0.000000	0.000000	0.000000	0.000000	0.000000	1733433161.114069	0.000000
217.000000	88223.117676	19710.125889	187500.000000	187500.000000	86802.686668	102352.974099	111585.809181	133614.682688	-0.054000	0.774000	0.570000	192.000000	0.000000	0.000000	0.000000	0.000000	0.000000	0.000000	0.000000	0.000000	0.000000	1733433161.118100	0.000000
218.000000	88222.290662	19716.719653	187500.000000	187500.000000	86794.818854	102349.442524	111583.663414	133612.291051	-0.054000	0.774000	0.570000	192.000000	0.000000	0.000000	0.000000	0.000000	0.000000	0.000000	0.000000	0.000000	0.000000	1733433161.123032	0.000000
219.000000	88222.067144	19722.329941	187500.000000	187500.000000	86797.858691	102347.050887	111581.584702	133646.131593	-0.054000	0.774000	0.570000	192.000000	0.000000	0.000000	0.000000	0.000000	0.000000	0.000000	0.000000	0.000000	0.000000	1733433161.127053	0.000000
220.000000	88227.208045	19725.123909	187500.000000	187500.000000	86807.782865	102352.951748	111581.942330	133616.671993	-0.054000	0.774000	0.570000	192.000000	0.000000	0.000000	0.000000	0.000000	0.000000	0.000000	0.000000	0.000000	0.000000	1733433161.131202	0.000000
221.000000	88221.910682	19717.680778	187500.000000	187500.000000	86810.174502	102350.001317	111581.562350	133581.780920	-0.054000	0.774000	0.570000	192.000000	0.000000	0.000000	0.000000	0.000000	0.000000	0.000000	0.000000	0.000000	0.000000	1733433161.134157	0.000000
222.000000	88228.705612	19727.023807	187500.000000	187500.000000	86810.688592	102355.477495	111594.906341	133606.457246	-0.052000	0.774000	0.576000	192.000000	254.000000	96.000000	24.000000	48.000000	18.000000	0.000000	0.000000	0.000000	0.000000	1733433161.138302	0.000000
223.000000	88233.019499	19731.136528	187500.000000	187500.000000	86807.112313	102369.804963	111605.858696	133618.638947	-0.052000	0.774000	0.576000	192.000000	0.000000	0.000000	0.000000	0.000000	0.000000	0.000000	0.000000	0.000000	0.000000	1733433161.142232	0.000000
224.000000	88228.683261	19729.929534	187500.000000	187500.000000	86807.827569	102361.847742	111601.433051	133612.827493	-0.052000	0.774000	0.576000	192.000000	0.000000	0.000000	0.000000	0.000000	0.000000	0.000000	0.000000	0.000000	0.000000	1733433161.146104	0.000000
225.000000	88234.561769	19750.739008	187500.000000	187500.000000	86815.360107	102370.967254	111607.311560	133620.248272	-0.052000	0.774000	0.576000	192.000000	0.000000	0.000000	0.000000	0.000000	0.000000	0.000000	0.000000	0.000000	0.000000	1733433161.151145	0.000000
226.000000	88237.780421	19740.077226	187500.000000	187500.000000	86817.684688	102368.709727	111609.300865	133617.543711	-0.052000	0.774000	0.576000	192.000000	0.000000	0.000000	0.000000	0.000000	0.000000	0.000000	0.000000	0.000000	0.000000	1733433161.155122	0.000000
227.000000	88234.159438	19722.173479	187500.000000	187500.000000	86819.562235	102365.938111	111601.455403	133603.953851	-0.052000	0.774000	0.576000	192.000000	0.000000	0.000000	0.000000	0.000000	0.000000	0.000000	0.000000	0.000000	0.000000	1733433161.159119	0.000000
228.000000	88231.723098	19715.937342	187500.000000	187500.000000	86817.327060	102369.514390	111602.282417	133629.144267	-0.052000	0.774000	0.576000	192.000000	0.000000	0.000000	0.000000	0.000000	0.000000	0.000000	0.000000	0.000000	0.000000	1733433161.162132	0.000000
229.000000	88228.057412	19712.405767	187500.000000	187500.000000	86813.504912	102366.496905	111609.658493	133629.188970	-0.052000	0.774000	0.576000	192.000000	0.000000	0.000000	0.000000	0.000000	0.000000	0.000000	0.000000	0.000000	0.000000	1733433161.166169	0.000000
230.000000	88235.679357	19723.022845	187500.000000	187500.000000	86829.911093	102375.772879	111618.085100	133625.389174	-0.052000	0.774000	0.576000	192.000000	0.000000	0.000000	0.000000	0.000000	0.000000	0.000000	0.000000	0.000000	0.000000	1733433161.170328	0.000000
231.000000	88244.441240	19734.042255	187500.000000	187500.000000	86837.667148	102389.653312	111627.137557	133639.850752	-0.052000	0.774000	0.576000	192.000000	0.000000	0.000000	0.000000	0.000000	0.000000	0.000000	0.000000	0.000000	0.000000	1733433161.174431	0.000000
232.000000	88243.301301	19735.226898	187500.000000	187500.000000	86832.503895	102381.785498	111628.813938	133638.017909	-0.056000	0.770000	0.576000	192.000000	254.000000	64.000000	24.000000	16.000000	18.000000	0.000000	0.000000	0.000000	0.000000	1733433161.179609	0.000000
233.000000	88240.350871	19738.780825	187500.000000	187500.000000	86837.063651	102381.249056	111624.298885	133634.888665	-0.056000	0.770000	0.576000	192.000000	0.000000	0.000000	0.000000	0.000000	0.000000	0.000000	0.000000	0.000000	0.000000	1733433161.183154	0.000000
234.000000	88231.119601	19731.404749	187500.000000	187500.000000	86836.258988	102385.317074	111621.571973	133644.790488	-0.056000	0.770000	0.576000	192.000000	0.000000	0.000000	0.000000	0.000000	0.000000	0.000000	0.000000	0.000000	0.000000	1733433161.187185	0.000000
235.000000	88232.103077	19734.869270	187500.000000	187500.000000	86840.930503	102385.272370	111623.896554	133644.544619	-0.056000	0.770000	0.576000	192.000000	0.000000	0.000000	0.000000	0.000000	0.000000	0.000000	0.000000	0.000000	0.000000	1733433161.190423	0.000000
236.000000	88234.964101	19721.748796	187500.000000	187500.000000	86843.143325	102375.415251	111628.970400	133630.485371	-0.056000	0.770000	0.576000	192.000000	0.000000	0.000000	0.000000	0.000000	0.000000	0.000000	0.000000	0.000000	0.000000	1733433161.194126	0.000000
237.000000	88240.596740	19727.672008	187500.000000	187500.000000	86842.919808	102383.864210	111636.525290	133634.531037	-0.056000	0.770000	0.576000	192.000000	0.000000	0.000000	0.000000	0.000000	0.000000	0.000000	0.000000	0.000000	0.000000	1733433161.198197	0.000000
238.000000	88247.570485	19739.831357	187500.000000	187500.000000	86850.474697	102398.236382	111643.521386	133650.914866	-0.056000	0.770000	0.576000	192.000000	0.000000	0.000000	0.000000	0.000000	0.000000	0.000000	0.000000	0.000000	0.000000	1733433161.202164	0.000000
239.000000	88243.882447	19745.486348	187500.000000	187500.000000	86834.672014	102385.361777	111641.576784	133666.091700	-0.056000	0.770000	0.576000	192.000000	0.000000	0.000000	0.000000	0.000000	0.000000	0.000000	0.000000	0.000000	0.000000	1733433161.206365	0.000000
240.000000	88246.631711	19744.927555	187500.000000	187500.000000	86836.773078	102384.914742	111644.929546	133678.183994	-0.056000	0.770000	0.576000	192.000000	0.000000	0.000000	0.000000	0.000000	0.000000	0.000000	0.000000	0.000000	0.000000	1733433161.211150	0.000000
241.000000	88246.855229	19736.947982	187500.000000	187500.000000	86851.257008	102394.995379	111646.315354	133638.688462	-0.056000	0.770000	0.576000	192.000000	0.000000	0.000000	0.000000	0.000000	0.000000	0.000000	0.000000	0.000000	0.000000	1733433161.215436	0.000000
242.000000	88251.370281	19744.167595	187500.000000	187500.000000	86856.397910	102395.151841	111648.706990	133639.783697	-0.058000	0.772000	0.574000	192.000000	254.000000	48.000000	24.000000	32.000000	17.000000	240.000000	0.000000	0.000000	0.000000	1733433161.218565	0.000000
243.000000	88250.073880	19742.424159	187500.000000	187500.000000	86849.893552	102390.502678	111640.034513	133628.741935	-0.058000	0.772000	0.574000	192.000000	0.000000	0.000000	0.000000	0.000000	0.000000	0.000000	0.000000	0.000000	0.000000	1733433161.222199	0.000000
244.000000	88246.855229	19736.635058	187500.000000	187500.000000	86843.746822	102388.982760	111638.313429	133641.370671	-0.058000	0.772000	0.574000	192.000000	0.000000	0.000000	0.000000	0.000000	0.000000	0.000000	0.000000	0.000000	0.000000	1733433161.226230	0.000000
245.000000	88253.448993	19745.955735	187500.000000	187500.000000	86845.803183	102395.196545	111638.291077	133647.070366	-0.058000	0.772000	0.574000	192.000000	0.000000	0.000000	0.000000	0.000000	0.000000	0.000000	0.000000	0.000000	0.000000	1733433161.230216	0.000000
246.000000	88253.761918	19750.359029	187500.000000	187500.000000	86844.819706	102398.437547	111637.218194	133654.826421	-0.058000	0.772000	0.574000	192.000000	0.000000	0.000000	0.000000	0.000000	0.000000	0.000000	0.000000	0.000000	0.000000	1733433161.234261	0.000000
247.000000	88243.368357	19739.898412	187500.000000	187500.000000	86838.605921	102396.090614	111633.552508	133638.375537	-0.058000	0.772000	0.574000	192.000000	0.000000	0.000000	0.000000	0.000000	0.000000	0.000000	0.000000	0.000000	0.000000	1733433161.239236	0.000000
248.000000	88249.023348	19741.999476	187500.000000	187500.000000	86841.735165	102402.662027	111646.941203	133646.109241	-0.058000	0.772000	0.574000	192.000000	0.000000	0.000000	0.000000	0.000000	0.000000	0.000000	0.000000	0.000000	0.000000	1733433161.243259	0.000000
249.000000	88251.347929	19741.887717	187500.000000	187500.000000	86846.607846	102406.059492	111650.942165	133650.780755	-0.058000	0.772000	0.574000	192.000000	0.000000	0.000000	0.000000	0.000000	0.000000	0.000000	0.000000	0.000000	0.000000	1733433161.246539	0.000000
250.000000	88256.019444	19744.569927	187500.000000	187500.000000	86854.229790	102406.372417	111654.540796	133633.167581	-0.058000	0.772000	0.574000	192.000000	0.000000	0.000000	0.000000	0.000000	0.000000	0.000000	0.000000	0.000000	0.000000	1733433161.250504	0.000000
251.000000	88265.898915	19753.532976	187500.000000	187500.000000	86860.577686	102417.190661	111661.469836	133643.896418	-0.058000	0.772000	0.574000	192.000000	0.000000	0.000000	0.000000	0.000000	0.000000	0.000000	0.000000	0.000000	0.000000	1733433161.254384	0.000000
252.000000	88256.153554	19745.642811	187500.000000	187500.000000	86850.698215	102420.096388	111646.270650	133630.619482	-0.056000	0.768000	0.580000	192.000000	254.000000	64.000000	24.000000	0.000000	18.000000	32.000000	0.000000	0.000000	0.000000	1733433161.258262	0.000000
253.000000	88253.806621	19745.553404	187500.000000	187500.000000	86858.521325	102401.678550	111646.650630	133649.573761	-0.056000	0.768000	0.580000	192.000000	0.000000	0.000000	0.000000	0.000000	0.000000	0.000000	0.000000	0.000000	0.000000	1733433161.262244	0.000000
254.000000	88253.806621	19751.431912	187500.000000	187500.000000	86852.307540	102389.452146	111645.421284	133666.046997	-0.056000	0.768000	0.580000	192.000000	0.000000	0.000000	0.000000	0.000000	0.000000	0.000000	0.000000	0.000000	0.000000	1733433161.267240	0.000000
255.000000	88252.286703	19763.904186	187500.000000	187500.000000	86842.897456	102391.195582	111645.063656	133664.907058	-0.056000	0.768000	0.580000	192.000000	0.000000	0.000000	0.000000	0.000000	0.000000	0.000000	0.000000	0.000000	0.000000	1733433161.270282	0.000000
0.000000	88266.100081	19764.708849	187500.000000	187500.000000	86856.353206	102390.905010	111652.998525	133681.402645	-0.056000	0.768000	0.580000	192.000000	0.000000	0.000000	0.000000	0.000000	0.000000	0.000000	0.000000	0.000000	0.000000	1733433161.273492	0.000000
1.000000	88259.282799	19745.620459	187500.000000	187500.000000	86854.162735	102385.540591	111637.978153	133656.726319	-0.056000	0.768000	0.580000	192.000000	0.000000	0.000000	0.000000	0.000000	0.000000	0.000000	0.000000	0.000000	0.000000	1733433161.278585	0.000000
2.000000	88261.719139	19744.815796	187500.000000	187500.000000	86862.857564	102406.148899	111657.535929	133653.798241	-0.056000	0.768000	0.580000	192.000000	0.000000	0.000000	0.000000	0.000000	0.000000	0.000000	0.000000	0.000000	0.000000	1733433161.282528	0.000000
3.000000	88280.025218	19752.705962	187500.000000	187500.000000	86875.329837	102418.241193	111669.382354	133673.512479	-0.056000	0.768000	0.580000	192.000000	0.000000	0.000000	0.000000	0.000000	0.000000	0.000000	0.000000	0.000000	0.000000	1733433161.286556	0.000000
4.000000	88281.612191	19753.287107	187500.000000	187500.000000	86870.166584	102412.295629	111657.357115	133671.836099	-0.056000	0.768000	0.580000	192.000000	0.000000	0.000000	0.000000	0.000000	0.000000	0.000000	0.000000	0.000000	0.000000	1733433161.290451	0.000000
5.000000	88282.640372	19756.528110	187500.000000	187500.000000	86869.317218	102415.156652	111662.363906	133661.174317	-0.056000	0.768000	0.580000	192.000000	0.000000	0.000000	0.000000	0.000000	0.000000	0.000000	0.000000	0.000000	0.000000	1733433161.295347	0.000000
6.000000	88275.510165	19750.493139	187500.000000	187500.000000	86864.243372	102408.831109	111660.687525	133653.775889	-0.054000	0.762000	0.576000	192.000000	254.000000	80.000000	23.000000	208.000000	18.000000	0.000000	0.000000	0.000000	0.000000	1733433161.298320	0.000000
7.000000	88274.906668	19750.023752	187500.000000	187500.000000	86858.744843	102412.608553	111659.122903	133668.885668	-0.054000	0.762000	0.576000	192.000000	0.000000	0.000000	0.000000	0.000000	0.000000	0.000000	0.000000	0.000000	0.000000	1733433161.302334	0.000000
8.000000	88272.626790	19750.716657	187500.000000	187500.000000	86853.983921	102410.507490	111643.096702	133682.162605	-0.054000	0.762000	0.576000	192.000000	0.000000	0.000000	0.000000	0.000000	0.000000	0.000000	0.000000	0.000000	0.000000	1733433161.306522	0.000000
9.000000	88271.844479	19749.576718	187500.000000	187500.000000	86850.519401	102421.079865	111648.036438	133673.847756	-0.054000	0.762000	0.576000	192.000000	0.000000	0.000000	0.000000	0.000000	0.000000	0.000000	0.000000	0.000000	0.000000	1733433161.310354	0.000000
10.000000	88274.280819	19763.077171	187500.000000	187500.000000	86864.668055	102429.148844	111656.619508	133672.216078	-0.054000	0.762000	0.576000	192.000000	0.000000	0.000000	0.000000	0.000000	0.000000	0.000000	0.000000	0.000000	0.000000	1733433161.314396	0.000000
11.000000	88268.469366	19758.629174	187500.000000	187500.000000	86861.248238	102420.722237	111656.328935	133645.438688	-0.054000	0.762000	0.576000	192.000000	0.000000	0.000000	0.000000	0.000000	0.000000	0.000000	0.000000	0.000000	0.000000	1733433161.318509	0.000000
12.000000	88265.809508	19736.411540	187500.000000	187500.000000	86851.681692	102400.672722	111646.360057	133638.129668	-0.054000	0.762000	0.576000	192.000000	0.000000	0.000000	0.000000	0.000000	0.000000	0.000000	0.000000	0.000000	0.000000	1733433161.322496	0.000000
13.000000	88268.916401	19742.558270	187500.000000	187500.000000	86850.519401	102397.610533	111646.382409	133648.255008	-0.054000	0.762000	0.576000	192.000000	0.000000	0.000000	0.000000	0.000000	0.000000	0.000000	0.000000	0.000000	0.000000	1733433161.326558	0.000000
14.000000	88277.343008	19757.064552	187500.000000	187500.000000	86852.754575	102414.530804	111655.814845	133651.250142	-0.054000	0.762000	0.576000	192.000000	0.000000	0.000000	0.000000	0.000000	0.000000	0.000000	0.000000	0.000000	0.000000	1733433161.329656	0.000000
15.000000	88281.925116	19752.638907	187500.000000	187500.000000	86857.224924	102427.763036	111662.073334	133665.376445	-0.054000	0.762000	0.576000	192.000000	0.000000	0.000000	0.000000	0.000000	0.000000	0.000000	0.000000	0.000000	0.000000	1733433161.334401	0.000000
16.000000	88283.892069	19757.802160	187500.000000	187500.000000	86860.354168	102418.241193	111664.353211	133675.010046	-0.060000	0.766000	0.572000	192.000000	254.000000	32.000000	23.000000	240.000000	17.000000	224.000000	0.000000	0.000000	0.000000	1733433161.338416	0.000000
17.000000	88274.146709	19750.850767	187500.000000	187500.000000	86847.725433	102409.188737	111654.697258	133653.686482	-0.060000	0.766000	0.572000	192.000000	0.000000	0.000000	0.000000	0.000000	0.000000	0.000000	0.000000	0.000000	0.000000	1733433161.342474	0.000000
18.000000	88286.864851	19770.520302	187500.000000	187500.000000	86858.856602	102429.931155	111673.651537	133657.709796	-0.060000	0.766000	0.572000	192.000000	0.000000	0.000000	0.000000	0.000000	0.000000	0.000000	0.000000	0.000000	0.000000	1733433161.346443	0.000000
19.000000	88283.377979	19765.692325	187500.000000	187500.000000	86851.480526	102434.736780	111671.081087	133657.039244	-0.060000	0.766000	0.572000	192.000000	0.000000	0.000000	0.000000	0.000000	0.000000	0.000000	0.000000	0.000000	0.000000	1733433161.350443	0.000000
20.000000	88278.013561	19759.120912	187500.000000	187500.000000	86849.915904	102443.990403	111662.363906	133666.762253	-0.060000	0.766000	0.572000	192.000000	0.000000	0.000000	0.000000	0.000000	0.000000	0.000000	0.000000	0.000000	0.000000	1733433161.354695	0.000000
21.000000	88278.058264	19766.161712	187500.000000	187500.000000	86838.360052	102436.636679	111663.257976	133654.245276	-0.060000	0.766000	0.572000	192.000000	0.000000	0.000000	0.000000	0.000000	0.000000	0.000000	0.000000	0.000000	0.000000	1733433161.357641	0.000000
22.000000	88283.713255	19763.703020	187500.000000	187500.000000	86835.029642	102435.116760	111672.913930	133668.930372	-0.060000	0.766000	0.572000	192.000000	0.000000	0.000000	0.000000	0.000000	0.000000	0.000000	0.000000	0.000000	0.000000	1733433161.362537	0.000000
23.000000	88282.707427	19754.091770	187500.000000	187500.000000	86837.935369	102439.229481	111679.910026	133683.749578	-0.060000	0.766000	0.572000	192.000000	0.000000	0.000000	0.000000	0.000000	0.000000	0.000000	0.000000	0.000000	0.000000	1733433161.366556	0.000000
24.000000	88285.836671	19765.580567	187500.000000	187500.000000	86837.331872	102450.740630	111690.415345	133701.027477	-0.060000	0.766000	0.572000	192.000000	0.000000	0.000000	0.000000	0.000000	0.000000	0.000000	0.000000	0.000000	0.000000	1733433161.370783	0.000000
25.000000	88293.257450	19764.999421	187500.000000	187500.000000	86844.149154	102460.396583	111697.925532	133677.446387	-0.060000	0.766000	0.572000	192.000000	0.000000	0.000000	0.000000	0.000000	0.000000	0.000000	0.000000	0.000000	0.000000	1733433161.374766	0.000000
26.000000	88296.833729	19770.252081	187500.000000	187500.000000	86845.557314	102455.479199	111693.030500	133670.785567	-0.054000	0.764000	0.572000	192.000000	254.000000	80.000000	23.000000	224.000000	17.000000	224.000000	0.000000	0.000000	0.000000	1733433161.378475	0.000000
27.000000	88303.293384	19776.868198	187500.000000	187500.000000	86844.104450	102460.262473	111698.037290	133684.956573	-0.054000	0.764000	0.572000	192.000000	0.000000	0.000000	0.000000	0.000000	0.000000	0.000000	0.000000	0.000000	0.000000	1733433161.381430	0.000000
28.000000	88302.667535	19782.411430	187500.000000	187500.000000	86838.315348	102450.517112	111697.545552	133682.117901	-0.054000	0.764000	0.572000	192.000000	0.000000	0.000000	0.000000	0.000000	0.000000	0.000000	0.000000	0.000000	0.000000	1733433161.385470	0.000000
29.000000	88293.972706	19771.883759	187500.000000	187500.000000	86821.842113	102437.262528	111686.816715	133692.623221	-0.054000	0.764000	0.572000	192.000000	0.000000	0.000000	0.000000	0.000000	0.000000	0.000000	0.000000	0.000000	0.000000	1733433161.390487	0.000000
30.000000	88297.258413	19772.397849	187500.000000	187500.000000	86818.444648	102446.292632	111687.308453	133682.743750	-0.054000	0.764000	0.572000	192.000000	0.000000	0.000000	0.000000	0.000000	0.000000	0.000000	0.000000	0.000000	0.000000	1733433161.394572	0.000000
31.000000	88306.959070	19780.064497	187500.000000	187500.000000	86829.441706	102455.278034	111696.852648	133685.560070	-0.054000	0.764000	0.572000	192.000000	0.000000	0.000000	0.000000	0.000000	0.000000	0.000000	0.000000	0.000000	0.000000	1733433161.398587	0.000000
32.000000	88306.176759	19781.897340	187500.000000	187500.000000	86831.609825	102441.934042	111692.181133	133667.030474	-0.054000	0.764000	0.572000	192.000000	0.000000	0.000000	0.000000	0.000000	0.000000	0.000000	0.000000	0.000000	0.000000	1733433161.402625	0.000000
33.000000	88301.617003	19769.089790	187500.000000	187500.000000	86827.631215	102444.929176	111691.197657	133669.779738	-0.054000	0.764000	0.572000	192.000000	0.000000	0.000000	0.000000	0.000000	0.000000	0.000000	0.000000	0.000000	0.000000	1733433161.405495	0.000000
34.000000	88295.112645	19765.669974	187500.000000	187500.000000	86822.289148	102434.826187	111695.355081	133681.335590	-0.054000	0.764000	0.572000	192.000000	0.000000	0.000000	0.000000	0.000000	0.000000	0.000000	0.000000	0.000000	0.000000	1733433161.409691	0.000000
35.000000	88290.418779	19765.446456	187500.000000	187500.000000	86817.304709	102428.522996	111686.324976	133698.255861	-0.054000	0.764000	0.572000	192.000000	0.000000	0.000000	0.000000	0.000000	0.000000	0.000000	0.000000	0.000000	0.000000	1733433161.413485	0.000000
36.000000	88302.645183	19785.294805	187500.000000	187500.000000	86826.625386	102440.458827	111690.750622	133681.179128	-0.060000	0.774000	0.576000	192.000000	254.000000	32.000000	24.000000	48.000000	18.000000	0.000000	0.000000	0.000000	0.000000	1733433161.417499	0.000000
37.000000	88300.968802	19780.489180	187500.000000	187500.000000	86833.219151	102445.197397	111701.434755	133680.776796	-0.060000	0.774000	0.576000	192.000000	0.000000	0.000000	0.000000	0.000000	0.000000	0.000000	0.000000	0.000000	0.000000	1733433161.422516	0.000000
38.000000	88301.013506	19769.447418	187500.000000	187500.000000	86833.688537	102448.907786	111708.073224	133690.700971	-0.060000	0.774000	0.576000	192.000000	0.000000	0.000000	0.000000	0.000000	0.000000	0.000000	0.000000	0.000000	0.000000	1733433161.426520	0.000000
39.000000	88302.980459	19771.034392	187500.000000	187500.000000	86838.650625	102460.195417	111714.488174	133690.499805	-0.060000	0.774000	0.576000	192.000000	0.000000	0.000000	0.000000	0.000000	0.000000	0.000000	0.000000	0.000000	0.000000	1733433161.430576	0.000000
40.000000	88303.829825	19780.578587	187500.000000	187500.000000	86839.678805	102464.062269	111717.885639	133711.264576	-0.060000	0.774000	0.576000	192.000000	0.000000	0.000000	0.000000	0.000000	0.000000	0.000000	0.000000	0.000000	0.000000	1733433161.434748	0.000000
41.000000	88291.201090	19760.462017	187500.000000	187500.000000	86828.748802	102471.348938	111706.754471	133680.933259	-0.060000	0.774000	0.576000	192.000000	0.000000	0.000000	0.000000	0.000000	0.000000	0.000000	0.000000	0.000000	0.000000	1733433161.437772	0.000000
42.000000	88305.617965	19785.048936	187500.000000	187500.000000	86842.249255	102473.226484	111713.504698	133683.436654	-0.060000	0.774000	0.576000	192.000000	0.000000	0.000000	0.000000	0.000000	0.000000	0.000000	0.000000	0.000000	0.000000	1733433161.441725	0.000000
43.000000	88307.182587	19784.490142	187500.000000	187500.000000	86854.386253	102460.530694	111717.326846	133685.828291	-0.060000	0.774000	0.576000	192.000000	0.000000	0.000000	0.000000	0.000000	0.000000	0.000000	0.000000	0.000000	0.000000	1733433161.446508	0.000000
44.000000	88301.169968	19769.134494	187500.000000	187500.000000	86855.302674	102462.698813	111718.645599	133694.970154	-0.060000	0.774000	0.576000	192.000000	0.000000	0.000000	0.000000	0.000000	0.000000	0.000000	0.000000	0.000000	0.000000	1733433161.450566	0.000000
45.000000	88291.871642	19757.489235	187500.000000	187500.000000	86843.568008	102450.628871	111702.820564	133700.669849	-0.060000	0.774000	0.576000	192.000000	0.000000	0.000000	0.000000	0.000000	0.000000	0.000000	0.000000	0.000000	0.000000	1733433161.454566	0.000000
46.000000	88300.298250	19762.026639	187500.000000	187500.000000	86838.047127	102446.672612	111703.021729	133723.178056	-0.056000	0.776000	0.576000	192.000000	254.000000	64.000000	24.000000	64.000000	18.000000	0.000000	0.000000	0.000000	0.000000	1733433161.458788	0.000000
47.000000	88307.428456	19771.302613	187500.000000	187500.000000	86852.464003	102456.865008	111707.335616	133697.875881	-0.056000	0.776000	0.576000	192.000000	0.000000	0.000000	0.000000	0.000000	0.000000	0.000000	0.000000	0.000000	0.000000	1733433161.461570	0.000000
48.000000	88310.155369	19774.185988	187500.000000	187500.000000	86854.945046	102463.995214	111710.062529	133680.530927	-0.056000	0.776000	0.576000	192.000000	0.000000	0.000000	0.000000	0.000000	0.000000	0.000000	0.000000	0.000000	0.000000	1733433161.465685	0.000000
49.000000	88308.233119	19784.177218	187500.000000	187500.000000	86847.814840	102458.183760	111706.061567	133690.499805	-0.056000	0.776000	0.576000	192.000000	0.000000	0.000000	0.000000	0.000000	0.000000	0.000000	0.000000	0.000000	0.000000	1733433161.469867	0.000000
50.000000	88308.009602	19778.656337	187500.000000	187500.000000	86847.725433	102454.562778	111696.852648	133698.322916	-0.056000	0.776000	0.576000	192.000000	0.000000	0.000000	0.000000	0.000000	0.000000	0.000000	0.000000	0.000000	0.000000	1733433161.473868	0.000000
51.000000	88312.390544	19774.565968	187500.000000	187500.000000	86857.850773	102473.986444	111704.541648	133731.224684	-0.056000	0.776000	0.576000	192.000000	0.000000	0.000000	0.000000	0.000000	0.000000	0.000000	0.000000	0.000000	0.000000	1733433161.478669	0.000000
52.000000	88318.023183	19781.472657	187500.000000	187500.000000	86873.295828	102465.671595	111708.117927	133730.911759	-0.056000	0.776000	0.576000	192.000000	0.000000	0.000000	0.000000	0.000000	0.000000	0.000000	0.000000	0.000000	0.000000	1733433161.482629	0.000000
53.000000	88319.274881	19782.322023	187500.000000	187500.000000	86876.223907	102463.995214	111705.435718	133690.455102	-0.056000	0.776000	0.576000	192.000000	0.000000	0.000000	0.000000	0.000000	0.000000	0.000000	0.000000	0.000000	0.000000	1733433161.486634	0.000000
54.000000	88322.560587	19786.680613	187500.000000	187500.000000	86874.234602	102468.778487	111711.157764	133708.738829	-0.056000	0.776000	0.576000	192.000000	0.000000	0.000000	0.000000	0.000000	0.000000	0.000000	0.000000	0.000000	0.000000	1733433161.489592	0.000000
55.000000	88326.628605	19796.448326	187500.000000	187500.000000	86882.102416	102484.290598	111719.584372	133704.626108	-0.056000	0.776000	0.576000	192.000000	0.000000	0.000000	0.000000	0.000000	0.000000	0.000000	0.000000	0.000000	0.000000	1733433161.493591	0.000000
56.000000	88325.734535	19792.648529	187500.000000	187500.000000	86882.303582	102488.738595	111719.919648	133714.527931	-0.056000	0.768000	0.574000	192.000000	254.000000	64.000000	24.000000	0.000000	17.000000	240.000000	0.000000	0.000000	0.000000	1733433161.497629	0.000000
57.000000	88323.208788	19792.782640	187500.000000	187500.000000	86874.905154	102482.636569	111708.922590	133710.549320	-0.056000	0.768000	0.574000	192.000000	0.000000	0.000000	0.000000	0.000000	0.000000	0.000000	0.000000	0.000000	0.000000	1733433161.501784	0.000000
58.000000	88322.649994	19785.115991	187500.000000	187500.000000	86873.139366	102467.482086	111708.341445	133724.541512	-0.056000	0.768000	0.574000	192.000000	0.000000	0.000000	0.000000	0.000000	0.000000	0.000000	0.000000	0.000000	0.000000	1733433161.506866	0.000000
59.000000	88318.067887	19778.633985	187500.000000	187500.000000	86872.424110	102458.876665	111705.569828	133724.563864	-0.056000	0.768000	0.574000	192.000000	0.000000	0.000000	0.000000	0.000000	0.000000	0.000000	0.000000	0.000000	0.000000	1733433161.510720	0.000000
60.000000	88305.729724	19763.680668	187500.000000	187500.000000	86872.714683	102452.640528	111701.635921	133703.866148	-0.056000	0.768000	0.574000	192.000000	0.000000	0.000000	0.000000	0.000000	0.000000	0.000000	0.000000	0.000000	0.000000	1733433161.514002	0.000000
61.000000	88313.061096	19774.230692	187500.000000	187500.000000	86889.344381	102467.415031	111708.363796	133685.582421	-0.056000	0.768000	0.574000	192.000000	0.000000	0.000000	0.000000	0.000000	0.000000	0.000000	0.000000	0.000000	0.000000	1733433161.517713	0.000000
62.000000	88325.332204	19787.306462	187500.000000	187500.000000	86890.238451	102460.418935	111703.602875	133719.199445	-0.056000	0.768000	0.574000	192.000000	0.000000	0.000000	0.000000	0.000000	0.000000	0.000000	0.000000	0.000000	0.000000	1733433161.521635	0.000000
63.000000	88326.248625	19786.412392	187500.000000	187500.000000	86876.648590	102447.566682	111694.863343	133743.294626	-0.056000	0.768000	0.574000	192.000000	0.000000	0.000000	0.000000	0.000000	0.000000	0.000000	0.000000	0.000000	0.000000	1733433161.525702	0.000000
64.000000	88324.795762	19782.322023	187500.000000	187500.000000	86877.341494	102454.227502	111692.829334	133712.203349	-0.056000	0.768000	0.574000	192.000000	0.000000	0.000000	0.000000	0.000000	0.000000	0.000000	0.000000	0.000000	0.000000	1733433161.529684	0.000000
65.000000	88324.505189	19778.432820	187500.000000	187500.000000	86885.455177	102483.731804	111706.106270	133684.956573	-0.056000	0.768000	0.574000	192.000000	0.000000	0.000000	0.000000	0.000000	0.000000	0.000000	0.000000	0.000000	0.000000	1733433161.534672	0.000000
66.000000	88320.370116	19767.703982	187500.000000	187500.000000	86895.401704	102481.139002	111723.540631	133688.868128	-0.058000	0.758000	0.572000	192.000000	254.000000	48.000000	23.000000	176.000000	17.000000	224.000000	0.000000	0.000000	0.000000	1733433161.539070	0.000000
67.000000	88331.389526	19782.791410	187500.000000	187500.000000	86900.587308	102468.912598	111720.925477	133706.861282	-0.058000	0.758000	0.572000	192.000000	0.000000	0.000000	0.000000	0.000000	0.000000	0.000000	0.000000	0.000000	0.000000	1733433161.541876	0.000000
68.000000	88335.077564	19798.929369	187500.000000	187500.000000	86905.907024	102466.364499	111715.091671	133714.147951	-0.058000	0.758000	0.572000	192.000000	0.000000	0.000000	0.000000	0.000000	0.000000	0.000000	0.000000	0.000000	0.000000	1733433161.545885	0.000000
69.000000	88333.624701	19807.288922	187500.000000	187500.000000	86896.452236	102470.633682	111718.131509	133703.977907	-0.058000	0.758000	0.572000	192.000000	0.000000	0.000000	0.000000	0.000000	0.000000	0.000000	0.000000	0.000000	0.000000	1733433161.549971	0.000000
70.000000	88332.037727	19804.830230	187500.000000	187500.000000	86893.255936	102458.809609	111723.697093	133723.245111	-0.058000	0.758000	0.572000	192.000000	0.000000	0.000000	0.000000	0.000000	0.000000	0.000000	0.000000	0.000000	0.000000	1733433161.553941	0.000000
71.000000	88330.920140	19782.478485	187500.000000	187500.000000	86896.161663	102456.596787	111717.773881	133702.994430	-0.058000	0.758000	0.572000	192.000000	0.000000	0.000000	0.000000	0.000000	0.000000	0.000000	0.000000	0.000000	0.000000	1733433161.557834	0.000000
72.000000	88330.808381	19782.836113	187500.000000	187500.000000	86896.228718	102462.944682	111714.376416	133704.469646	-0.058000	0.758000	0.572000	192.000000	0.000000	0.000000	0.000000	0.000000	0.000000	0.000000	0.000000	0.000000	0.000000	1733433161.562733	0.000000
73.000000	88324.594596	19773.761305	187500.000000	187500.000000	86896.340477	102459.681327	111715.985741	133705.810750	-0.058000	0.758000	0.572000	192.000000	0.000000	0.000000	0.000000	0.000000	0.000000	0.000000	0.000000	0.000000	0.000000	1733433161.566763	0.000000
74.000000	88319.610157	19766.675802	187500.000000	187500.000000	86894.440579	102450.494760	111711.358930	133687.929355	-0.058000	0.758000	0.572000	192.000000	0.000000	0.000000	0.000000	0.000000	0.000000	0.000000	0.000000	0.000000	0.000000	1733433161.569758	0.000000
75.000000	88316.235044	19764.887663	187500.000000	187500.000000	86887.131558	102454.965109	111707.827354	133700.021648	-0.058000	0.758000	0.572000	192.000000	0.000000	0.000000	0.000000	0.000000	0.000000	0.000000	0.000000	0.000000	0.000000	1733433161.573735	0.000000
76.000000	88310.043610	19769.246253	187500.000000	187500.000000	86881.029532	102454.160446	111703.625226	133718.215968	-0.060000	0.762000	0.574000	192.000000	254.000000	32.000000	23.000000	208.000000	17.000000	240.000000	0.000000	0.000000	0.000000	1733433161.577900	0.000000
77.000000	88303.874529	19769.246253	187500.000000	187500.000000	86882.482395	102452.998156	111702.798212	133701.966250	-0.060000	0.762000	0.574000	192.000000	0.000000	0.000000	0.000000	0.000000	0.000000	0.000000	0.000000	0.000000	0.000000	1733433161.581960	0.000000
78.000000	88309.082485	19768.910977	187500.000000	187500.000000	86890.931355	102453.959281	111704.966331	133688.264631	-0.060000	0.762000	0.574000	192.000000	0.000000	0.000000	0.000000	0.000000	0.000000	0.000000	0.000000	0.000000	0.000000	1733433161.586129	0.000000
79.000000	88302.689886	19756.684572	187500.000000	187500.000000	86878.637895	102447.410220	111700.026596	133689.762198	-0.060000	0.762000	0.574000	192.000000	0.000000	0.000000	0.000000	0.000000	0.000000	0.000000	0.000000	0.000000	0.000000	1733433161.589759	0.000000
80.000000	88303.516901	19756.148130	187500.000000	187500.000000	86877.676770	102444.996231	111699.668968	133706.593061	-0.060000	0.762000	0.574000	192.000000	0.000000	0.000000	0.000000	0.000000	0.000000	0.000000	0.000000	0.000000	0.000000	1733433161.594714	0.000000
81.000000	88306.199110	19768.419238	187500.000000	187500.000000	86882.080064	102444.035106	111710.531915	133722.619262	-0.060000	0.762000	0.574000	192.000000	0.000000	0.000000	0.000000	0.000000	0.000000	0.000000	0.000000	0.000000	0.000000	1733433161.597765	0.000000
82.000000	88309.127189	19765.647622	187500.000000	187500.000000	86886.461006	102448.572510	111712.856497	133695.819520	-0.060000	0.762000	0.574000	192.000000	0.000000	0.000000	0.000000	0.000000	0.000000	0.000000	0.000000	0.000000	0.000000	1733433161.601751	0.000000
83.000000	88308.523692	19758.226843	187500.000000	187500.000000	86890.730189	102449.176007	111714.309360	133691.863262	-0.060000	0.762000	0.574000	192.000000	0.000000	0.000000	0.000000	0.000000	0.000000	0.000000	0.000000	0.000000	0.000000	1733433161.605727	0.000000
84.000000	88301.102913	19754.471750	187500.000000	187500.000000	86887.042151	102445.040935	111710.151936	133692.243241	-0.060000	0.762000	0.574000	192.000000	0.000000	0.000000	0.000000	0.000000	0.000000	0.000000	0.000000	0.000000	0.000000	1733433161.610044	0.000000
85.000000	88301.102913	19754.315287	187500.000000	187500.000000	86877.721474	102429.908804	111705.100442	133695.975983	-0.060000	0.762000	0.574000	192.000000	0.000000	0.000000	0.000000	0.000000	0.000000	0.000000	0.000000	0.000000	0.000000	1733433161.613963	0.000000
86.000000	88305.550910	19754.427046	187500.000000	187500.000000	86887.355076	102435.317926	111710.107232	133704.246128	-0.062000	0.772000	0.576000	192.000000	254.000000	16.000000	24.000000	32.000000	18.000000	0.000000	0.000000	0.000000	0.000000	1733433161.618010	0.000000
87.000000	88304.612136	19758.293898	187500.000000	187500.000000	86891.087817	102445.867949	111710.978950	133691.438579	-0.062000	0.772000	0.576000	192.000000	0.000000	0.000000	0.000000	0.000000	0.000000	0.000000	0.000000	0.000000	0.000000	1733433161.622936	0.000000
88.000000	88306.690849	19760.216148	187500.000000	187500.000000	86890.931355	102436.346106	111712.387110	133688.599907	-0.062000	0.772000	0.576000	192.000000	0.000000	0.000000	0.000000	0.000000	0.000000	0.000000	0.000000	0.000000	0.000000	1733433161.625981	0.000000
89.000000	88313.441075	19765.737029	187500.000000	187500.000000	86900.542605	102441.419952	111724.099424	133700.155759	-0.062000	0.772000	0.576000	192.000000	0.000000	0.000000	0.000000	0.000000	0.000000	0.000000	0.000000	0.000000	0.000000	1733433161.629752	0.000000
90.000000	88307.696677	19763.255985	187500.000000	187500.000000	86894.597041	102435.675554	111719.494965	133696.087741	-0.062000	0.772000	0.576000	192.000000	0.000000	0.000000	0.000000	0.000000	0.000000	0.000000	0.000000	0.000000	0.000000	1733433161.633836	0.000000
91.000000	88314.826884	19767.301651	187500.000000	187500.000000	86898.173320	102444.370382	111727.005151	133699.172282	-0.062000	0.772000	0.576000	192.000000	0.000000	0.000000	0.000000	0.000000	0.000000	0.000000	0.000000	0.000000	0.000000	1733433161.637828	0.000000
92.000000	88316.637375	19770.922634	187500.000000	187500.000000	86892.048942	102452.148789	111725.529936	133701.228643	-0.062000	0.772000	0.576000	192.000000	0.000000	0.000000	0.000000	0.000000	0.000000	0.000000	0.000000	0.000000	0.000000	1733433161.641879	0.000000
93.000000	88317.911424	19778.701041	187500.000000	187500.000000	86890.953707	102443.453961	111722.333637	133721.233454	-0.062000	0.772000	0.576000	192.000000	0.000000	0.000000	0.000000	0.000000	0.000000	0.000000	0.000000	0.000000	0.000000	1733433161.646016	0.000000
94.000000	88320.481875	19785.160695	187500.000000	187500.000000	86898.039210	102444.213920	111726.960448	133707.107151	-0.062000	0.772000	0.576000	192.000000	0.000000	0.000000	0.000000	0.000000	0.000000	0.000000	0.000000	0.000000	0.000000	1733433161.650058	0.000000
95.000000	88321.510055	19778.589282	187500.000000	187500.000000	86912.344326	102451.634699	111720.545497	133694.791340	-0.062000	0.772000	0.576000	192.000000	0.000000	0.000000	0.000000	0.000000	0.000000	0.000000	0.000000	0.000000	0.000000	1733433161.653077	0.000000
96.000000	88317.419686	19760.752590	187500.000000	187500.000000	86904.789436	102445.107990	111723.183003	133698.457026	-0.054000	0.766000	0.574000	192.000000	254.000000	80.000000	23.000000	240.000000	17.000000	240.000000	0.000000	0.000000	0.000000	1733433161.657936	0.000000
97.000000	88318.179645	19760.573776	187500.000000	187500.000000	86893.747675	102444.482141	111746.317058	133705.028439	-0.054000	0.766000	0.574000	192.000000	0.000000	0.000000	0.000000	0.000000	0.000000	0.000000	0.000000	0.000000	0.000000	1733433161.661844	0.000000
98.000000	88325.734535	19774.655375	187500.000000	187500.000000	86891.646611	102449.466580	111742.941945	133714.483227	-0.054000	0.766000	0.574000	192.000000	0.000000	0.000000	0.000000	0.000000	0.000000	0.000000	0.000000	0.000000	0.000000	1733433161.665841	0.000000
99.000000	88322.270015	19769.849750	187500.000000	187500.000000	86886.349247	102435.876719	111731.095520	133730.710594	-0.054000	0.766000	0.574000	192.000000	0.000000	0.000000	0.000000	0.000000	0.000000	0.000000	0.000000	0.000000	0.000000	1733433161.669869	0.000000
100.000000	88319.632509	19762.160750	187500.000000	187500.000000	86879.353151	102426.824263	111740.684419	133732.342271	-0.054000	0.766000	0.574000	192.000000	0.000000	0.000000	0.000000	0.000000	0.000000	0.000000	0.000000	0.000000	0.000000	1733433161.674110	0.000000
101.000000	88318.917253	19764.708849	187500.000000	187500.000000	86887.757407	102432.970993	111734.962372	133699.909890	-0.054000	0.766000	0.574000	192.000000	0.000000	0.000000	0.000000	0.000000	0.000000	0.000000	0.000000	0.000000	0.000000	1733433161.677881	0.000000
102.000000	88324.616948	19762.451322	187500.000000	187500.000000	86892.697143	102429.908804	111736.951677	133724.608567	-0.054000	0.766000	0.574000	192.000000	0.000000	0.000000	0.000000	0.000000	0.000000	0.000000	0.000000	0.000000	0.000000	1733433161.680904	0.000000
103.000000	88327.701488	19766.787561	187500.000000	187500.000000	86893.591212	102419.068208	111735.878794	133700.222814	-0.054000	0.766000	0.574000	192.000000	0.000000	0.000000	0.000000	0.000000	0.000000	0.000000	0.000000	0.000000	0.000000	1733433161.685046	0.000000
104.000000	88331.747154	19775.214168	187500.000000	187500.000000	86897.122788	102429.797045	111743.053704	133681.715570	-0.054000	0.766000	0.574000	192.000000	0.000000	0.000000	0.000000	0.000000	0.000000	0.000000	0.000000	0.000000	0.000000	1733433161.690071	0.000000
105.000000	88337.849180	19786.747669	187500.000000	187500.000000	86899.156797	102437.329583	111758.811684	133697.875881	-0.054000	0.766000	0.574000	192.000000	0.000000	0.000000	0.000000	0.000000	0.000000	0.000000	0.000000	0.000000	0.000000	1733433161.694016	0.000000
106.000000	88325.220445	19772.487256	187500.000000	187500.000000	86891.288983	102440.235310	111755.034239	133701.832140	-0.052000	0.768000	0.572000	192.000000	254.000000	96.000000	24.000000	0.000000	17.000000	224.000000	0.000000	0.000000	0.000000	1733433161.697972	0.000000
107.000000	88326.338032	19770.073267	187500.000000	187500.000000	86898.843872	102445.644432	111756.464750	133720.160570	-0.052000	0.768000	0.572000	192.000000	0.000000	0.000000	0.000000	0.000000	0.000000	0.000000	0.000000	0.000000	0.000000	1733433161.701855	0.000000
108.000000	88328.059116	19774.834189	187500.000000	187500.000000	86889.344381	102427.897147	111751.882643	133761.444242	-0.052000	0.768000	0.572000	192.000000	0.000000	0.000000	0.000000	0.000000	0.000000	0.000000	0.000000	0.000000	0.000000	1733433161.705891	0.000000
109.000000	88327.857951	19772.107276	187500.000000	187500.000000	86892.987715	102428.500644	111748.418122	133762.427719	-0.052000	0.768000	0.572000	192.000000	0.000000	0.000000	0.000000	0.000000	0.000000	0.000000	0.000000	0.000000	0.000000	1733433161.708930	0.000000
110.000000	88324.616948	19764.798256	187500.000000	187500.000000	86885.432826	102426.064304	111744.148939	133731.269387	-0.052000	0.768000	0.572000	192.000000	0.000000	0.000000	0.000000	0.000000	0.000000	0.000000	0.000000	0.000000	0.000000	1733433161.712924	0.000000
111.000000	88314.893939	19755.455226	187500.000000	187500.000000	86882.750616	102428.902975	111739.566832	133696.132445	-0.052000	0.768000	0.572000	192.000000	0.000000	0.000000	0.000000	0.000000	0.000000	0.000000	0.000000	0.000000	0.000000	1733433161.717996	0.000000
112.000000	88321.040669	19769.402715	187500.000000	187500.000000	86894.462930	102448.348993	111752.754361	133696.490073	-0.052000	0.768000	0.572000	192.000000	0.000000	0.000000	0.000000	0.000000	0.000000	0.000000	0.000000	0.000000	0.000000	1733433161.722241	0.000000
113.000000	88331.434230	19787.351166	187500.000000	187500.000000	86898.866224	102446.292632	111755.615384	133712.069239	-0.052000	0.768000	0.572000	192.000000	0.000000	0.000000	0.000000	0.000000	0.000000	0.000000	0.000000	0.000000	0.000000	1733433161.726300	0.000000
114.000000	88331.836561	19771.593186	187500.000000	187500.000000	86903.671849	102441.576414	111747.501701	133723.200407	-0.052000	0.768000	0.572000	192.000000	0.000000	0.000000	0.000000	0.000000	0.000000	0.000000	0.000000	0.000000	0.000000	1733433161.729970	0.000000
115.000000	88328.752020	19767.391058	187500.000000	187500.000000	86898.933279	102434.692077	111749.491006	133740.232437	-0.052000	0.768000	0.572000	192.000000	0.000000	0.000000	0.000000	0.000000	0.000000	0.000000	0.000000	0.000000	0.000000	1733433161.732942	0.000000
116.000000	88319.990137	19772.643718	187500.000000	187500.000000	86886.840986	102423.136225	111750.094503	133739.539533	-0.050000	0.774000	0.568000	192.000000	254.000000	112.000000	24.000000	48.000000	17.000000	192.000000	0.000000	0.000000	0.000000	1733433161.736934	0.000000
117.000000	88321.711221	19784.288977	187500.000000	187500.000000	86896.452236	102432.322792	111753.760189	133729.548303	-0.050000	0.774000	0.568000	192.000000	0.000000	0.000000	0.000000	0.000000	0.000000	0.000000	0.000000	0.000000	0.000000	1733433161.741235	0.000000
118.000000	88323.879340	19780.623291	187500.000000	187500.000000	86897.078085	102439.832978	111753.961355	133713.902082	-0.050000	0.774000	0.568000	192.000000	0.000000	0.000000	0.000000	0.000000	0.000000	0.000000	0.000000	0.000000	0.000000	1733433161.745952	0.000000
119.000000	88318.246701	19773.090753	187500.000000	187500.000000	86900.095570	102439.274185	111758.565814	133718.059506	-0.050000	0.774000	0.568000	192.000000	0.000000	0.000000	0.000000	0.000000	0.000000	0.000000	0.000000	0.000000	0.000000	1733433161.749971	0.000000
120.000000	88318.246701	19768.285128	187500.000000	187500.000000	86891.825425	102431.428722	111749.848634	133710.951651	-0.050000	0.774000	0.568000	192.000000	0.000000	0.000000	0.000000	0.000000	0.000000	0.000000	0.000000	0.000000	0.000000	1733433161.753978	0.000000
121.000000	88320.392468	19768.955680	187500.000000	187500.000000	86891.065465	102435.832016	111752.463788	133707.218910	-0.050000	0.774000	0.568000	192.000000	0.000000	0.000000	0.000000	0.000000	0.000000	0.000000	0.000000	0.000000	0.000000	1733433161.758052	0.000000
122.000000	88320.124247	19767.636927	187500.000000	187500.000000	86887.600945	102428.947679	111748.507529	133725.323823	-0.050000	0.774000	0.568000	192.000000	0.000000	0.000000	0.000000	0.000000	0.000000	0.000000	0.000000	0.000000	0.000000	1733433161.761999	0.000000
123.000000	88318.514921	19766.452285	187500.000000	187500.000000	86881.655381	102425.304344	111745.601803	133738.176076	-0.050000	0.774000	0.568000	192.000000	0.000000	0.000000	0.000000	0.000000	0.000000	0.000000	0.000000	0.000000	0.000000	1733433161.765115	0.000000
124.000000	88319.230177	19777.829323	187500.000000	187500.000000	86884.896384	102413.904955	111731.363741	133720.272329	-0.050000	0.774000	0.568000	192.000000	0.000000	0.000000	0.000000	0.000000	0.000000	0.000000	0.000000	0.000000	0.000000	1733433161.769250	0.000000
125.000000	88322.337070	19778.522227	187500.000000	187500.000000	86884.382294	102403.913725	111732.883660	133699.149930	-0.050000	0.774000	0.568000	192.000000	0.000000	0.000000	0.000000	0.000000	0.000000	0.000000	0.000000	0.000000	0.000000	1733433161.772997	0.000000
126.000000	88320.705392	19770.296785	187500.000000	187500.000000	86893.367695	102423.695019	111744.283050	133691.975020	-0.054000	0.774000	0.572000	192.000000	254.000000	80.000000	24.000000	48.000000	17.000000	224.000000	0.000000	0.000000	0.000000	1733433161.777982	0.000000
127.000000	88322.962919	19771.280261	187500.000000	187500.000000	86895.222890	102428.947679	111744.774788	133697.361791	-0.054000	0.774000	0.572000	192.000000	0.000000	0.000000	0.000000	0.000000	0.000000	0.000000	0.000000	0.000000	0.000000	1733433161.782058	0.000000
128.000000	88319.096067	19768.843921	187500.000000	187500.000000	86901.101399	102426.600746	111755.168349	133702.726209	-0.054000	0.774000	0.572000	192.000000	0.000000	0.000000	0.000000	0.000000	0.000000	0.000000	0.000000	0.000000	0.000000	1733433161.785065	0.000000
129.000000	88315.519788	19768.016907	187500.000000	187500.000000	86896.005201	102409.546364	111744.886547	133715.243186	-0.054000	0.774000	0.572000	192.000000	0.000000	0.000000	0.000000	0.000000	0.000000	0.000000	0.000000	0.000000	0.000000	1733433161.789104	0.000000
130.000000	88316.615023	19768.128665	187500.000000	187500.000000	86891.199576	102402.572620	111732.190756	133738.891332	-0.054000	0.774000	0.572000	192.000000	0.000000	0.000000	0.000000	0.000000	0.000000	0.000000	0.000000	0.000000	0.000000	1733433161.793012	0.000000
131.000000	88322.761753	19771.213206	187500.000000	187500.000000	86903.470684	102417.928269	111739.633887	133725.212064	-0.054000	0.774000	0.572000	192.000000	0.000000	0.000000	0.000000	0.000000	0.000000	0.000000	0.000000	0.000000	0.000000	1733433161.797119	0.000000
132.000000	88317.017355	19763.837131	187500.000000	187500.000000	86900.341439	102422.733894	111742.316096	133734.979777	-0.054000	0.774000	0.572000	192.000000	0.000000	0.000000	0.000000	0.000000	0.000000	0.000000	0.000000	0.000000	0.000000	1733433161.802614	0.000000
133.000000	88321.644166	19781.092677	187500.000000	187500.000000	86906.666983	102440.145903	111755.458922	133716.137256	-0.054000	0.774000	0.572000	192.000000	0.000000	0.000000	0.000000	0.000000	0.000000	0.000000	0.000000	0.000000	0.000000	1733433161.806114	0.000000
134.000000	88324.885169	19781.517360	187500.000000	187500.000000	86906.063486	102440.212958	111760.219843	133705.587233	-0.054000	0.774000	0.572000	192.000000	0.000000	0.000000	0.000000	0.000000	0.000000	0.000000	0.000000	0.000000	0.000000	1733433161.810128	0.000000
135.000000	88330.249587	19778.611634	187500.000000	187500.000000	86910.243262	102427.561871	111765.248986	133731.381146	-0.054000	0.774000	0.572000	192.000000	0.000000	0.000000	0.000000	0.000000	0.000000	0.000000	0.000000	0.000000	0.000000	1733433161.813037	0.000000
136.000000	88326.583901	19763.770075	187500.000000	187500.000000	86909.572710	102433.350972	111759.683402	133737.550227	-0.056000	0.772000	0.570000	192.000000	254.000000	64.000000	24.000000	32.000000	17.000000	208.000000	0.000000	0.000000	0.000000	1733433161.817079	0.000000
137.000000	88329.132000	19768.598052	187500.000000	187500.000000	86911.696125	102448.304289	111765.830131	133742.579370	-0.056000	0.772000	0.570000	192.000000	0.000000	0.000000	0.000000	0.000000	0.000000	0.000000	0.000000	0.000000	0.000000	1733433161.821048	0.000000
138.000000	88331.769506	19773.761305	187500.000000	187500.000000	86914.177169	102431.339315	111773.429724	133754.269332	-0.056000	0.772000	0.570000	192.000000	0.000000	0.000000	0.000000	0.000000	0.000000	0.000000	0.000000	0.000000	0.000000	1733433161.825115	0.000000
139.000000	88330.540160	19767.346354	187500.000000	187500.000000	86915.294756	102430.512301	111763.840826	133719.266500	-0.056000	0.772000	0.570000	192.000000	0.000000	0.000000	0.000000	0.000000	0.000000	0.000000	0.000000	0.000000	0.000000	1733433161.829106	0.000000
140.000000	88331.054250	19769.000383	187500.000000	187500.000000	86909.125675	102437.016658	111758.185835	133704.201425	-0.056000	0.772000	0.570000	192.000000	0.000000	0.000000	0.000000	0.000000	0.000000	0.000000	0.000000	0.000000	0.000000	1733433161.834301	0.000000
141.000000	88323.566416	19772.934291	187500.000000	187500.000000	86915.764143	102428.187719	111755.637736	133704.849625	-0.056000	0.772000	0.570000	192.000000	0.000000	0.000000	0.000000	0.000000	0.000000	0.000000	0.000000	0.000000	0.000000	1733433161.838286	0.000000
142.000000	88330.383698	19778.119895	187500.000000	187500.000000	86926.470629	102434.088580	111764.623137	133722.619262	-0.056000	0.772000	0.570000	192.000000	0.000000	0.000000	0.000000	0.000000	0.000000	0.000000	0.000000	0.000000	0.000000	1733433161.841356	0.000000
143.000000	88326.092163	19762.473674	187500.000000	187500.000000	86928.705803	102456.306214	111780.984614	133741.528838	-0.056000	0.772000	0.570000	192.000000	0.000000	0.000000	0.000000	0.000000	0.000000	0.000000	0.000000	0.000000	0.000000	1733433161.845413	0.000000
144.000000	88327.120343	19761.221976	187500.000000	187500.000000	86927.655271	102446.784371	111777.341280	133730.911759	-0.056000	0.772000	0.570000	192.000000	0.000000	0.000000	0.000000	0.000000	0.000000	0.000000	0.000000	0.000000	0.000000	1733433161.849135	0.000000
145.000000	88328.595558	19778.969262	187500.000000	187500.000000	86925.308338	102439.855330	111775.597844	133720.473495	-0.056000	0.772000	0.570000	192.000000	0.000000	0.000000	0.000000	0.000000	0.000000	0.000000	0.000000	0.000000	0.000000	1733433161.853126	0.000000
146.000000	88327.075640	19789.429878	187500.000000	187500.000000	86917.351117	102452.327603	111787.019585	133721.524027	-0.056000	0.772000	0.570000	192.000000	0.000000	0.000000	0.000000	0.000000	0.000000	0.000000	0.000000	0.000000	0.000000	1733433161.857377	0.000000
147.000000	88321.219483	19763.054819	187500.000000	187500.000000	86906.778742	102424.656144	111782.526884	133716.941919	-0.058000	0.770000	0.578000	192.000000	254.000000	48.000000	24.000000	16.000000	18.000000	16.000000	0.000000	0.000000	0.000000	1733433161.862120	0.000000
148.000000	88326.092163	19769.492122	187500.000000	187500.000000	86913.730134	102427.874795	111783.778582	133745.149820	-0.058000	0.770000	0.578000	192.000000	0.000000	0.000000	0.000000	0.000000	0.000000	0.000000	0.000000	0.000000	0.000000	1733433161.866252	0.000000
149.000000	88332.484762	19768.195721	187500.000000	187500.000000	86923.207274	102437.284879	111791.199361	133740.478306	-0.058000	0.770000	0.578000	192.000000	0.000000	0.000000	0.000000	0.000000	0.000000	0.000000	0.000000	0.000000	0.000000	1733433161.869317	0.000000
150.000000	88317.352631	19755.321116	187500.000000	187500.000000	86911.494960	102431.473426	111774.614367	133711.398686	-0.058000	0.770000	0.578000	192.000000	0.000000	0.000000	0.000000	0.000000	0.000000	0.000000	0.000000	0.000000	0.000000	1733433161.873418	0.000000
151.000000	88314.692773	19757.846863	187500.000000	187500.000000	86911.182035	102432.479254	111771.149846	133717.724230	-0.058000	0.770000	0.578000	192.000000	0.000000	0.000000	0.000000	0.000000	0.000000	0.000000	0.000000	0.000000	0.000000	1733433161.877301	0.000000
152.000000	88310.468293	19752.773017	187500.000000	187500.000000	86905.459989	102427.830091	111766.903015	133710.146989	-0.058000	0.770000	0.578000	192.000000	0.000000	0.000000	0.000000	0.000000	0.000000	0.000000	0.000000	0.000000	0.000000	1733433161.881166	0.000000
153.000000	88311.921157	19756.215186	187500.000000	187500.000000	86910.355021	102435.384981	111762.186797	133718.595948	-0.058000	0.770000	0.578000	192.000000	0.000000	0.000000	0.000000	0.000000	0.000000	0.000000	0.000000	0.000000	0.000000	1733433161.885126	0.000000
154.000000	88322.001794	19769.223901	187500.000000	187500.000000	86909.885634	102440.414124	111761.695059	133718.774762	-0.058000	0.770000	0.578000	192.000000	0.000000	0.000000	0.000000	0.000000	0.000000	0.000000	0.000000	0.000000	0.000000	1733433161.890426	0.000000
155.000000	88329.534332	19777.896378	187500.000000	187500.000000	86915.384163	102450.762981	111779.285881	133739.763050	-0.058000	0.770000	0.578000	192.000000	0.000000	0.000000	0.000000	0.000000	0.000000	0.000000	0.000000	0.000000	0.000000	1733433161.893149	0.000000
156.000000	88324.259320	19769.983860	187500.000000	187500.000000	86916.725268	102446.650260	111784.091506	133741.148858	-0.058000	0.770000	0.578000	192.000000	0.000000	0.000000	0.000000	0.000000	0.000000	0.000000	0.000000	0.000000	0.000000	1733433161.896173	0.000000
157.000000	88331.367175	19772.420200	187500.000000	187500.000000	86922.871998	102454.428667	111783.979748	133732.163457	-0.056000	0.772000	0.580000	192.000000	254.000000	64.000000	24.000000	32.000000	18.000000	32.000000	0.000000	0.000000	0.000000	1733433161.901298	0.000000
158.000000	88329.981366	19773.649546	187500.000000	187500.000000	86918.021669	102449.086600	111773.429724	133717.970099	-0.056000	0.772000	0.580000	192.000000	0.000000	0.000000	0.000000	0.000000	0.000000	0.000000	0.000000	0.000000	0.000000	1733433161.905560	0.000000
159.000000	88325.578073	19774.163636	187500.000000	187500.000000	86913.953652	102437.418990	111764.556082	133699.395800	-0.056000	0.772000	0.580000	192.000000	0.000000	0.000000	0.000000	0.000000	0.000000	0.000000	0.000000	0.000000	0.000000	1733433161.909432	0.000000
160.000000	88324.549892	19764.932366	187500.000000	187500.000000	86913.327803	102450.114781	111779.241178	133723.178056	-0.056000	0.772000	0.580000	192.000000	0.000000	0.000000	0.000000	0.000000	0.000000	0.000000	0.000000	0.000000	0.000000	1733433161.913402	0.000000
161.000000	88327.343861	19763.255985	187500.000000	187500.000000	86921.106210	102459.256644	111800.140059	133742.735832	-0.056000	0.772000	0.580000	192.000000	0.000000	0.000000	0.000000	0.000000	0.000000	0.000000	0.000000	0.000000	0.000000	1733433161.918182	0.000000
162.000000	88328.684965	19764.217110	187500.000000	187500.000000	86922.000280	102456.507380	111795.468544	133707.867111	-0.056000	0.772000	0.580000	192.000000	0.000000	0.000000	0.000000	0.000000	0.000000	0.000000	0.000000	0.000000	0.000000	1733433161.921174	0.000000
163.000000	88321.822980	19758.763285	187500.000000	187500.000000	86906.778742	102436.390810	111781.074021	133703.396762	-0.056000	0.772000	0.580000	192.000000	0.000000	0.000000	0.000000	0.000000	0.000000	0.000000	0.000000	0.000000	0.000000	1733433161.925248	0.000000
164.000000	88329.511980	19769.402715	187500.000000	187500.000000	86908.209253	102444.482141	111783.443306	133714.974965	-0.056000	0.772000	0.580000	192.000000	0.000000	0.000000	0.000000	0.000000	0.000000	0.000000	0.000000	0.000000	0.000000	1733433161.929253	0.000000
165.000000	88328.394393	19758.964450	187500.000000	187500.000000	86909.773875	102451.321775	111784.449134	133736.656158	-0.056000	0.772000	0.580000	192.000000	0.000000	0.000000	0.000000	0.000000	0.000000	0.000000	0.000000	0.000000	0.000000	1733433161.933217	0.000000
166.000000	88329.310814	19778.097543	187500.000000	187500.000000	86917.172303	102456.015641	111794.775640	133759.812565	-0.056000	0.772000	0.580000	192.000000	0.000000	0.000000	0.000000	0.000000	0.000000	0.000000	0.000000	0.000000	0.000000	1733433161.937442	0.000000
167.000000	88320.571282	19753.890604	187500.000000	187500.000000	86911.159684	102452.417010	111781.498704	133723.401573	-0.048000	0.772000	0.578000	192.000000	254.000000	128.000000	24.000000	32.000000	18.000000	16.000000	0.000000	0.000000	0.000000	1733433161.941395	0.000000
168.000000	88327.142695	19746.715694	187500.000000	187500.000000	86908.052791	102459.368403	111794.574475	133720.227625	-0.048000	0.772000	0.578000	192.000000	0.000000	0.000000	0.000000	0.000000	0.000000	0.000000	0.000000	0.000000	0.000000	1733433161.946532	0.000000
169.000000	88334.339957	19754.382343	187500.000000	187500.000000	86924.235454	102486.972807	111818.468489	133728.430716	-0.048000	0.772000	0.578000	192.000000	0.000000	0.000000	0.000000	0.000000	0.000000	0.000000	0.000000	0.000000	0.000000	1733433161.949483	0.000000
170.000000	88345.560532	19776.242349	187500.000000	187500.000000	86926.113001	102495.488822	111836.148719	133733.102230	-0.048000	0.772000	0.578000	192.000000	0.000000	0.000000	0.000000	0.000000	0.000000	0.000000	0.000000	0.000000	0.000000	1733433161.952240	0.000000
171.000000	88350.679082	19782.523189	187500.000000	187500.000000	86925.755373	102489.140926	111825.442234	133720.048811	-0.048000	0.772000	0.578000	192.000000	0.000000	0.000000	0.000000	0.000000	0.000000	0.000000	0.000000	0.000000	0.000000	1733433161.957457	0.000000
172.000000	88349.539143	19776.421163	187500.000000	187500.000000	86925.285986	102486.212848	111829.599658	133737.282006	-0.048000	0.772000	0.578000	192.000000	0.000000	0.000000	0.000000	0.000000	0.000000	0.000000	0.000000	0.000000	0.000000	1733433161.961302	0.000000
173.000000	88342.096012	19768.754514	187500.000000	187500.000000	86907.672811	102474.500534	111819.429614	133759.969027	-0.048000	0.772000	0.578000	192.000000	0.000000	0.000000	0.000000	0.000000	0.000000	0.000000	0.000000	0.000000	0.000000	1733433161.965287	0.000000
174.000000	88325.801590	19753.622383	187500.000000	187500.000000	86886.058675	102464.621063	111803.381062	133734.242169	-0.048000	0.772000	0.578000	192.000000	0.000000	0.000000	0.000000	0.000000	0.000000	0.000000	0.000000	0.000000	0.000000	1733433161.969270	0.000000
175.000000	88338.877361	19772.643718	187500.000000	187500.000000	86891.803073	102468.845543	111814.042844	133732.632844	-0.048000	0.772000	0.578000	192.000000	0.000000	0.000000	0.000000	0.000000	0.000000	0.000000	0.000000	0.000000	0.000000	1733433161.974608	0.000000
176.000000	88345.716994	19785.227750	187500.000000	187500.000000	86897.838044	102468.532618	111804.610408	133719.378259	-0.048000	0.772000	0.578000	192.000000	0.000000	0.000000	0.000000	0.000000	0.000000	0.000000	0.000000	0.000000	0.000000	1733433161.978141	0.000000
177.000000	88348.376852	19792.313253	187500.000000	187500.000000	86901.816654	102465.649243	111808.589018	133714.192654	-0.058000	0.766000	0.580000	192.000000	254.000000	48.000000	23.000000	240.000000	18.000000	32.000000	0.000000	0.000000	0.000000	1733433161.980388	0.000000
178.000000	88338.877361	19770.877930	187500.000000	187500.000000	86900.609660	102466.789182	111822.961190	133727.715460	-0.058000	0.766000	0.580000	192.000000	0.000000	0.000000	0.000000	0.000000	0.000000	0.000000	0.000000	0.000000	0.000000	1733433161.985524	0.000000
179.000000	88336.373965	19763.546558	187500.000000	187500.000000	86903.336573	102470.767793	111828.660885	133732.074050	-0.058000	0.766000	0.580000	192.000000	0.000000	0.000000	0.000000	0.000000	0.000000	0.000000	0.000000	0.000000	0.000000	1733433161.989339	0.000000
180.000000	88341.626625	19773.515436	187500.000000	187500.000000	86897.525119	102466.900941	111818.893173	133735.426812	-0.058000	0.766000	0.580000	192.000000	0.000000	0.000000	0.000000	0.000000	0.000000	0.000000	0.000000	0.000000	0.000000	1733433161.993383	0.000000
181.000000	88344.107669	19775.392982	187500.000000	187500.000000	86901.034343	102467.817362	111823.899963	133743.585198	-0.058000	0.766000	0.580000	192.000000	0.000000	0.000000	0.000000	0.000000	0.000000	0.000000	0.000000	0.000000	0.000000	1733433161.997304	0.000000
182.000000	88338.162105	19777.739916	187500.000000	187500.000000	86911.785532	102475.193438	111825.308123	133727.827219	-0.058000	0.766000	0.580000	192.000000	0.000000	0.000000	0.000000	0.000000	0.000000	0.000000	0.000000	0.000000	0.000000	1733433162.001314	0.000000
183.000000	88335.479896	19781.852637	187500.000000	187500.000000	86905.147064	102469.806668	111819.228449	133753.889353	-0.058000	0.766000	0.580000	192.000000	0.000000	0.000000	0.000000	0.000000	0.000000	0.000000	0.000000	0.000000	0.000000	1733433162.005316	0.000000
184.000000	88337.290387	19765.245290	187500.000000	187500.000000	86901.414323	102466.453906	111813.349940	133735.985605	-0.058000	0.766000	0.580000	192.000000	0.000000	0.000000	0.000000	0.000000	0.000000	0.000000	0.000000	0.000000	0.000000	1733433162.008388	0.000000
185.000000	88328.148523	19753.220052	187500.000000	187500.000000	86900.207329	102455.099220	111815.763928	133707.084800	-0.058000	0.766000	0.580000	192.000000	0.000000	0.000000	0.000000	0.000000	0.000000	0.000000	0.000000	0.000000	0.000000	1733433162.013379	0.000000
186.000000	88341.492515	19764.328869	187500.000000	187500.000000	86910.913814	102476.802764	111823.877612	133724.385050	-0.058000	0.766000	0.580000	192.000000	0.000000	0.000000	0.000000	0.000000	0.000000	0.000000	0.000000	0.000000	0.000000	1733433162.017805	0.000000
187.000000	88350.142640	19777.561102	187500.000000	187500.000000	86911.718477	102475.171086	111827.163318	133733.370451	-0.064000	0.766000	0.578000	192.000000	254.000000	0.000000	23.000000	240.000000	18.000000	16.000000	0.000000	0.000000	0.000000	1733433162.021695	0.000000
188.000000	88350.701434	19780.422125	187500.000000	187500.000000	86910.377373	102477.674482	111827.588001	133735.940902	-0.064000	0.766000	0.578000	192.000000	0.000000	0.000000	0.000000	0.000000	0.000000	0.000000	0.000000	0.000000	0.000000	1733433162.025598	0.000000
189.000000	88353.651864	19781.986747	187500.000000	187500.000000	86916.032364	102489.543258	111821.396568	133730.397669	-0.064000	0.766000	0.578000	192.000000	0.000000	0.000000	0.000000	0.000000	0.000000	0.000000	0.000000	0.000000	0.000000	1733433162.029677	0.000000
190.000000	88350.232047	19779.528055	187500.000000	187500.000000	86920.256844	102490.437328	111830.538431	133734.376280	-0.064000	0.766000	0.578000	192.000000	0.000000	0.000000	0.000000	0.000000	0.000000	0.000000	0.000000	0.000000	0.000000	1733433162.033608	0.000000
191.000000	88350.030881	19779.997442	187500.000000	187500.000000	86913.260748	102491.778432	111833.220641	133764.282914	-0.064000	0.766000	0.578000	192.000000	0.000000	0.000000	0.000000	0.000000	0.000000	0.000000	0.000000	0.000000	0.000000	1733433162.036437	0.000000
192.000000	88353.115422	19783.886645	187500.000000	187500.000000	86905.325878	102495.399415	111827.923277	133749.128431	-0.064000	0.766000	0.578000	192.000000	0.000000	0.000000	0.000000	0.000000	0.000000	0.000000	0.000000	0.000000	0.000000	1733433162.041555	0.000000
193.000000	88346.633416	19780.310366	187500.000000	187500.000000	86904.856492	102502.663732	111821.888306	133746.222704	-0.064000	0.766000	0.578000	192.000000	0.000000	0.000000	0.000000	0.000000	0.000000	0.000000	0.000000	0.000000	0.000000	1733433162.045432	0.000000
194.000000	88341.023128	19777.449343	187500.000000	187500.000000	86900.028515	102487.196325	111822.625914	133761.958332	-0.064000	0.766000	0.578000	192.000000	0.000000	0.000000	0.000000	0.000000	0.000000	0.000000	0.000000	0.000000	0.000000	1733433162.049442	0.000000
195.000000	88335.949282	19770.922634	187500.000000	187500.000000	86893.837082	102477.115688	111811.606504	133756.146879	-0.064000	0.766000	0.578000	192.000000	0.000000	0.000000	0.000000	0.000000	0.000000	0.000000	0.000000	0.000000	0.000000	1733433162.053447	0.000000
196.000000	88345.560532	19780.556235	187500.000000	187500.000000	86899.313259	102477.428612	111808.700777	133748.547286	-0.064000	0.766000	0.578000	192.000000	0.000000	0.000000	0.000000	0.000000	0.000000	0.000000	0.000000	0.000000	0.000000	1733433162.057896	0.000000
197.000000	88355.685873	19797.275340	187500.000000	187500.000000	86907.471646	102484.022377	111807.292617	133727.760163	-0.060000	0.768000	0.578000	192.000000	254.000000	32.000000	24.000000	0.000000	18.000000	16.000000	0.000000	0.000000	0.000000	1733433162.060559	0.000000
198.000000	88346.096974	19775.728259	187500.000000	187500.000000	86899.112093	102470.007833	111801.481164	133741.618245	-0.060000	0.768000	0.578000	192.000000	0.000000	0.000000	0.000000	0.000000	0.000000	0.000000	0.000000	0.000000	0.000000	1733433162.064517	0.000000
199.000000	88344.510000	19764.418276	187500.000000	187500.000000	86899.626183	102479.037938	111812.031187	133747.228533	-0.060000	0.768000	0.578000	192.000000	0.000000	0.000000	0.000000	0.000000	0.000000	0.000000	0.000000	0.000000	0.000000	1733433162.068655	0.000000
200.000000	88349.270922	19769.246253	187500.000000	187500.000000	86903.828311	102479.619083	111811.248876	133726.419059	-0.060000	0.768000	0.578000	192.000000	0.000000	0.000000	0.000000	0.000000	0.000000	0.000000	0.000000	0.000000	0.000000	1733433162.073489	0.000000
201.000000	88354.970617	19776.018831	187500.000000	187500.000000	86901.011992	102483.441232	111816.814460	133747.429698	-0.060000	0.768000	0.578000	192.000000	0.000000	0.000000	0.000000	0.000000	0.000000	0.000000	0.000000	0.000000	0.000000	1733433162.077426	0.000000
202.000000	88347.795707	19782.970224	187500.000000	187500.000000	86894.529986	102485.721110	111819.451966	133755.901010	-0.060000	0.768000	0.578000	192.000000	0.000000	0.000000	0.000000	0.000000	0.000000	0.000000	0.000000	0.000000	0.000000	1733433162.081474	0.000000
203.000000	88353.785974	19784.311328	187500.000000	187500.000000	86902.017820	102492.985427	111826.604524	133736.276178	-0.060000	0.768000	0.578000	192.000000	0.000000	0.000000	0.000000	0.000000	0.000000	0.000000	0.000000	0.000000	0.000000	1733433162.084462	0.000000
204.000000	88350.299102	19769.223901	187500.000000	187500.000000	86892.495977	102483.597694	111819.250801	133717.567768	-0.060000	0.768000	0.578000	192.000000	0.000000	0.000000	0.000000	0.000000	0.000000	0.000000	0.000000	0.000000	0.000000	1733433162.088539	0.000000
205.000000	88347.192210	19761.020811	187500.000000	187500.000000	86881.677733	102480.982540	111829.845527	133733.012823	-0.060000	0.768000	0.578000	192.000000	0.000000	0.000000	0.000000	0.000000	0.000000	0.000000	0.000000	0.000000	0.000000	1733433162.092445	0.000000
206.000000	88339.637320	19757.511587	187500.000000	187500.000000	86873.161718	102475.841639	111828.124443	133759.343178	-0.060000	0.768000	0.578000	192.000000	0.000000	0.000000	0.000000	0.000000	0.000000	0.000000	0.000000	0.000000	0.000000	1733433162.096434	0.000000
207.000000	88346.320492	19772.822532	187500.000000	187500.000000	86877.743826	102481.384871	111826.939801	133761.511297	-0.060000	0.770000	0.576000	192.000000	254.000000	32.000000	24.000000	16.000000	18.000000	0.000000	0.000000	0.000000	0.000000	1733433162.101596	0.000000
208.000000	88357.742233	19792.335605	187500.000000	187500.000000	86886.304544	102482.256589	111827.990333	133731.939939	-0.060000	0.770000	0.576000	192.000000	0.000000	0.000000	0.000000	0.000000	0.000000	0.000000	0.000000	0.000000	0.000000	1733433162.105653	0.000000
209.000000	88363.196059	19784.490142	187500.000000	187500.000000	86893.613564	102487.330435	111834.449987	133747.384995	-0.060000	0.770000	0.576000	192.000000	0.000000	0.000000	0.000000	0.000000	0.000000	0.000000	0.000000	0.000000	0.000000	1733433162.109617	0.000000
210.000000	88362.123175	19777.449343	187500.000000	187500.000000	86897.882747	102489.431499	111818.312027	133755.655140	-0.060000	0.770000	0.576000	192.000000	0.000000	0.000000	0.000000	0.000000	0.000000	0.000000	0.000000	0.000000	0.000000	1733433162.112783	0.000000
211.000000	88362.346692	19779.259834	187500.000000	187500.000000	86894.462930	102479.775546	111823.855260	133776.218745	-0.060000	0.770000	0.576000	192.000000	0.000000	0.000000	0.000000	0.000000	0.000000	0.000000	0.000000	0.000000	0.000000	1733433162.116456	0.000000
212.000000	88360.223277	19780.533884	187500.000000	187500.000000	86896.161663	102496.852278	111830.381969	133760.371358	-0.060000	0.770000	0.576000	192.000000	0.000000	0.000000	0.000000	0.000000	0.000000	0.000000	0.000000	0.000000	0.000000	1733433162.120458	0.000000
213.000000	88359.329207	19775.392982	187500.000000	187500.000000	86895.804035	102493.991255	111827.766815	133749.016672	-0.060000	0.770000	0.576000	192.000000	0.000000	0.000000	0.000000	0.000000	0.000000	0.000000	0.000000	0.000000	0.000000	1733433162.124612	0.000000
214.000000	88359.485669	19773.224863	187500.000000	187500.000000	86899.201500	102478.143868	111823.676446	133729.548303	-0.060000	0.770000	0.576000	192.000000	0.000000	0.000000	0.000000	0.000000	0.000000	0.000000	0.000000	0.000000	0.000000	1733433162.128535	0.000000
215.000000	88360.044463	19774.945948	187500.000000	187500.000000	86892.853605	102482.658921	111826.716283	133757.443280	-0.060000	0.770000	0.576000	192.000000	0.000000	0.000000	0.000000	0.000000	0.000000	0.000000	0.000000	0.000000	0.000000	1733433162.133679	0.000000
216.000000	88360.916181	19777.650509	187500.000000	187500.000000	86887.623297	102486.212848	111826.045731	133750.715405	-0.060000	0.770000	0.576000	192.000000	0.000000	0.000000	0.000000	0.000000	0.000000	0.000000	0.000000	0.000000	0.000000	1733433162.137586	0.000000
217.000000	88365.744158	19785.115991	187500.000000	187500.000000	86883.756445	102497.969866	111829.219679	133750.357777	-0.064000	0.772000	0.574000	192.000000	254.000000	0.000000	24.000000	32.000000	17.000000	240.000000	0.000000	0.000000	0.000000	1733433162.140805	0.000000
218.000000	88374.595448	19797.565913	187500.000000	187500.000000	86882.057712	102499.601543	111819.161394	133777.515146	-0.064000	0.772000	0.574000	192.000000	0.000000	0.000000	0.000000	0.000000	0.000000	0.000000	0.000000	0.000000	0.000000	1733433162.144636	0.000000
219.000000	88370.952114	19791.732108	187500.000000	187500.000000	86877.788529	102493.611275	111816.367425	133782.320771	-0.064000	0.772000	0.574000	192.000000	0.000000	0.000000	0.000000	0.000000	0.000000	0.000000	0.000000	0.000000	0.000000	1733433162.148530	0.000000
220.000000	88366.258248	19797.677672	187500.000000	187500.000000	86880.873070	102500.920296	111828.213850	133744.836896	-0.064000	0.772000	0.574000	192.000000	0.000000	0.000000	0.000000	0.000000	0.000000	0.000000	0.000000	0.000000	0.000000	1733433162.152543	0.000000
221.000000	88366.325303	19789.608692	187500.000000	187500.000000	86876.022741	102509.302200	111826.313952	133742.512315	-0.064000	0.772000	0.574000	192.000000	0.000000	0.000000	0.000000	0.000000	0.000000	0.000000	0.000000	0.000000	0.000000	1733433162.156981	0.000000
222.000000	88365.520640	19778.231654	187500.000000	187500.000000	86879.733131	102517.862918	111822.089472	133745.216876	-0.064000	0.772000	0.574000	192.000000	0.000000	0.000000	0.000000	0.000000	0.000000	0.000000	0.000000	0.000000	0.000000	1733433162.161565	0.000000
223.000000	88369.543954	19783.707831	187500.000000	187500.000000	86884.404645	102514.107825	111823.385873	133770.608457	-0.064000	0.772000	0.574000	192.000000	0.000000	0.000000	0.000000	0.000000	0.000000	0.000000	0.000000	0.000000	0.000000	1733433162.164586	0.000000
224.000000	88369.096919	19782.947872	187500.000000	187500.000000	86884.985791	102510.531546	111820.100167	133759.633751	-0.064000	0.772000	0.574000	192.000000	0.000000	0.000000	0.000000	0.000000	0.000000	0.000000	0.000000	0.000000	0.000000	1733433162.168544	0.000000
225.000000	88374.997780	19796.224808	187500.000000	187500.000000	86884.605811	102509.235145	111819.362559	133746.960312	-0.064000	0.772000	0.574000	192.000000	0.000000	0.000000	0.000000	0.000000	0.000000	0.000000	0.000000	0.000000	0.000000	1733433162.172635	0.000000
226.000000	88374.796614	19792.201494	187500.000000	187500.000000	86890.707837	102517.035904	111827.923277	133757.242114	-0.064000	0.772000	0.574000	192.000000	0.000000	0.000000	0.000000	0.000000	0.000000	0.000000	0.000000	0.000000	0.000000	1733433162.176875	0.000000
227.000000	88381.949172	19799.979901	187500.000000	187500.000000	86900.520253	102520.522776	111836.998086	133777.291629	-0.056000	0.768000	0.578000	192.000000	254.000000	64.000000	24.000000	0.000000	18.000000	16.000000	0.000000	0.000000	0.000000	1733433162.180929	0.000000
228.000000	88389.168786	19812.385119	187500.000000	187500.000000	86913.618375	102522.556784	111843.949478	133776.777539	-0.056000	0.768000	0.578000	192.000000	0.000000	0.000000	0.000000	0.000000	0.000000	0.000000	0.000000	0.000000	0.000000	1733433162.184761	0.000000
229.000000	88382.463262	19799.018776	187500.000000	187500.000000	86898.285079	102511.403264	111823.028245	133773.491832	-0.056000	0.768000	0.578000	192.000000	0.000000	0.000000	0.000000	0.000000	0.000000	0.000000	0.000000	0.000000	0.000000	1733433162.189628	0.000000
230.000000	88377.903507	19787.127648	187500.000000	187500.000000	86899.246204	102507.826985	111818.714359	133766.026350	-0.056000	0.768000	0.578000	192.000000	0.000000	0.000000	0.000000	0.000000	0.000000	0.000000	0.000000	0.000000	0.000000	1733433162.192590	0.000000
231.000000	88377.098844	19781.495009	187500.000000	187500.000000	86904.476512	102511.023284	111823.028245	133761.041911	-0.056000	0.768000	0.578000	192.000000	0.000000	0.000000	0.000000	0.000000	0.000000	0.000000	0.000000	0.000000	0.000000	1733433162.195590	0.000000
232.000000	88369.052216	19777.605805	187500.000000	187500.000000	86902.934242	102519.584002	111819.809594	133774.497661	-0.056000	0.768000	0.578000	192.000000	0.000000	0.000000	0.000000	0.000000	0.000000	0.000000	0.000000	0.000000	0.000000	1733433162.200651	0.000000
233.000000	88356.021149	19768.016907	187500.000000	187500.000000	86889.992582	102503.915430	111815.473356	133784.466539	-0.056000	0.768000	0.578000	192.000000	0.000000	0.000000	0.000000	0.000000	0.000000	0.000000	0.000000	0.000000	0.000000	1733433162.204633	0.000000
234.000000	88357.339902	19776.890549	187500.000000	187500.000000	86886.438654	102493.611275	111816.076853	133754.492850	-0.056000	0.768000	0.578000	192.000000	0.000000	0.000000	0.000000	0.000000	0.000000	0.000000	0.000000	0.000000	0.000000	1733433162.208759	0.000000
235.000000	88354.098899	19777.806971	187500.000000	187500.000000	86881.007180	102495.734691	111811.338283	133752.503544	-0.056000	0.768000	0.578000	192.000000	0.000000	0.000000	0.000000	0.000000	0.000000	0.000000	0.000000	0.000000	0.000000	1733433162.212661	0.000000
236.000000	88354.434175	19776.197645	187500.000000	187500.000000	86878.883765	102501.948476	111811.315931	133752.972931	-0.056000	0.768000	0.578000	192.000000	0.000000	0.000000	0.000000	0.000000	0.000000	0.000000	0.000000	0.000000	0.000000	1733433162.216923	0.000000
237.000000	88355.752928	19779.393945	187500.000000	187500.000000	86879.219041	102506.262363	111815.808632	133757.286818	-0.058000	0.770000	0.576000	192.000000	254.000000	48.000000	24.000000	16.000000	18.000000	0.000000	0.000000	0.000000	0.000000	1733433162.220757	0.000000
238.000000	88365.587695	19778.522227	187500.000000	187500.000000	86882.482395	102517.259421	111827.252725	133744.971007	-0.058000	0.770000	0.576000	192.000000	0.000000	0.000000	0.000000	0.000000	0.000000	0.000000	0.000000	0.000000	0.000000	1733433162.224941	0.000000
239.000000	88371.019169	19785.317157	187500.000000	187500.000000	86883.979962	102513.303162	111829.152623	133746.557980	-0.058000	0.770000	0.576000	192.000000	0.000000	0.000000	0.000000	0.000000	0.000000	0.000000	0.000000	0.000000	0.000000	1733433162.228634	0.000000
240.000000	88364.470108	19788.871084	187500.000000	187500.000000	86879.084930	102507.871688	111822.424748	133754.112870	-0.058000	0.770000	0.576000	192.000000	0.000000	0.000000	0.000000	0.000000	0.000000	0.000000	0.000000	0.000000	0.000000	1733433162.232678	0.000000
241.000000	88367.577001	19786.412392	187500.000000	187500.000000	86881.253050	102517.862918	111825.732806	133764.819356	-0.058000	0.770000	0.576000	192.000000	0.000000	0.000000	0.000000	0.000000	0.000000	0.000000	0.000000	0.000000	0.000000	1733433162.236660	0.000000
242.000000	88374.573097	19789.094602	187500.000000	187500.000000	86890.327858	102531.564537	111834.561745	133777.381036	-0.058000	0.770000	0.576000	192.000000	0.000000	0.000000	0.000000	0.000000	0.000000	0.000000	0.000000	0.000000	0.000000	1733433162.240990	0.000000
243.000000	88381.099806	19787.462924	187500.000000	187500.000000	86890.283154	102539.611165	111847.190481	133797.385847	-0.058000	0.770000	0.576000	192.000000	0.000000	0.000000	0.000000	0.000000	0.000000	0.000000	0.000000	0.000000	0.000000	1733433162.244688	0.000000
244.000000	88371.957942	19774.923596	187500.000000	187500.000000	86880.761311	102522.288564	111835.813443	133769.759091	-0.058000	0.770000	0.576000	192.000000	0.000000	0.000000	0.000000	0.000000	0.000000	0.000000	0.000000	0.000000	0.000000	1733433162.248844	0.000000
245.000000	88361.162050	19772.196683	187500.000000	187500.000000	86868.043169	102523.048523	111820.748367	133740.344195	-0.058000	0.770000	0.576000	192.000000	0.000000	0.000000	0.000000	0.000000	0.000000	0.000000	0.000000	0.000000	0.000000	1733433162.252740	0.000000
246.000000	88365.364178	19779.975090	187500.000000	187500.000000	86863.170488	102521.126273	111816.143908	133738.287835	-0.058000	0.770000	0.576000	192.000000	0.000000	0.000000	0.000000	0.000000	0.000000	0.000000	0.000000	0.000000	0.000000	1733433162.258096	0.000000
247.000000	88366.235896	19777.605805	187500.000000	187500.000000	86856.286151	102514.174880	111817.708530	133745.887428	-0.052000	0.766000	0.578000	192.000000	254.000000	96.000000	23.000000	240.000000	18.000000	16.000000	0.000000	0.000000	0.000000	1733433162.260948	0.000000
248.000000	88365.699454	19770.229729	187500.000000	187500.000000	86860.220058	102514.890136	111825.755158	133762.427719	-0.052000	0.766000	0.578000	192.000000	0.000000	0.000000	0.000000	0.000000	0.000000	0.000000	0.000000	0.000000	0.000000	1733433162.263924	0.000000
249.000000	88366.012378	19769.983860	187500.000000	187500.000000	86871.530041	102515.650095	111830.046693	133779.504452	-0.052000	0.766000	0.578000	192.000000	0.000000	0.000000	0.000000	0.000000	0.000000	0.000000	0.000000	0.000000	0.000000	1733433162.268694	0.000000
250.000000	88365.006550	19768.396886	187500.000000	187500.000000	86873.541698	102525.015476	111834.070007	133762.517126	-0.052000	0.766000	0.578000	192.000000	0.000000	0.000000	0.000000	0.000000	0.000000	0.000000	0.000000	0.000000	0.000000	1733433162.272704	0.000000
251.000000	88363.173707	19770.810875	187500.000000	187500.000000	86879.576669	102529.418770	111830.426673	133754.291684	-0.052000	0.766000	0.578000	192.000000	0.000000	0.000000	0.000000	0.000000	0.000000	0.000000	0.000000	0.000000	0.000000	1733433162.276720	0.000000
252.000000	88354.791803	19771.906110	187500.000000	187500.000000	86873.318180	102513.571383	111818.267324	133792.870795	-0.052000	0.766000	0.578000	192.000000	0.000000	0.000000	0.000000	0.000000	0.000000	0.000000	0.000000	0.000000	0.000000	1733433162.280775	0.000000
253.000000	88361.609085	19768.530997	187500.000000	187500.000000	86876.894459	102516.857090	111825.799862	133797.184682	-0.052000	0.766000	0.578000	192.000000	0.000000	0.000000	0.000000	0.000000	0.000000	0.000000	0.000000	0.000000	0.000000	1733433162.284811	0.000000
254.000000	88371.153280	19776.577625	187500.000000	187500.000000	86887.712704	102523.294392	111839.590888	133744.747489	-0.052000	0.766000	0.578000	192.000000	0.000000	0.000000	0.000000	0.000000	0.000000	0.000000	0.000000	0.000000	0.000000	1733433162.289007	0.000000
255.000000	88376.093015	19782.389078	187500.000000	187500.000000	86890.707837	102539.365296	111848.844510	133754.738719	-0.052000	0.766000	0.578000	192.000000	0.000000	0.000000	0.000000	0.000000	0.000000	0.000000	0.000000	0.000000	0.000000	1733433162.292013	0.000000
0.000000	88372.606143	19776.577625	187500.000000	187500.000000	86894.015896	102543.723886	111847.883385	133772.977742	-0.052000	0.766000	0.578000	192.000000	0.000000	0.000000	0.000000	0.000000	0.000000	0.000000	0.000000	0.000000	0.000000	1733433162.296746	0.000000
1.000000	88373.567268	19793.207323	187500.000000	187500.000000	86896.228718	102550.340003	111844.284754	133763.657065	-0.056000	0.768000	0.582000	192.000000	254.000000	64.000000	24.000000	0.000000	18.000000	48.000000	0.000000	0.000000	0.000000	1733433162.300768	0.000000
2.000000	88379.624591	19808.562971	187500.000000	187500.000000	86896.586346	102548.931843	111834.807615	133746.110945	-0.056000	0.768000	0.582000	192.000000	0.000000	0.000000	0.000000	0.000000	0.000000	0.000000	0.000000	0.000000	0.000000	1733433162.304740	0.000000
3.000000	88379.825757	19790.703927	187500.000000	187500.000000	86889.187919	102542.002802	111830.985466	133769.043835	-0.056000	0.768000	0.582000	192.000000	0.000000	0.000000	0.000000	0.000000	0.000000	0.000000	0.000000	0.000000	0.000000	1733433162.308928	0.000000
4.000000	88374.282524	19774.990651	187500.000000	187500.000000	86897.502768	102559.347756	111836.975734	133782.030199	-0.056000	0.768000	0.582000	192.000000	0.000000	0.000000	0.000000	0.000000	0.000000	0.000000	0.000000	0.000000	0.000000	1733433162.312775	0.000000
5.000000	88364.403053	19764.127703	187500.000000	187500.000000	86894.887614	102537.398343	111813.238181	133760.058434	-0.056000	0.768000	0.582000	192.000000	0.000000	0.000000	0.000000	0.000000	0.000000	0.000000	0.000000	0.000000	0.000000	1733433162.316767	0.000000
6.000000	88362.614913	19762.026639	187500.000000	187500.000000	86893.702971	102540.907567	111819.541373	133757.175059	-0.056000	0.768000	0.582000	192.000000	0.000000	0.000000	0.000000	0.000000	0.000000	0.000000	0.000000	0.000000	0.000000	1733433162.319794	0.000000
7.000000	88362.726672	19771.526131	187500.000000	187500.000000	86893.188881	102541.376953	111825.710455	133766.562792	-0.056000	0.768000	0.582000	192.000000	0.000000	0.000000	0.000000	0.000000	0.000000	0.000000	0.000000	0.000000	0.000000	1733433162.324085	0.000000
8.000000	88365.408881	19768.866273	187500.000000	187500.000000	86900.229681	102566.746183	111824.972847	133753.755242	-0.056000	0.768000	0.582000	192.000000	0.000000	0.000000	0.000000	0.000000	0.000000	0.000000	0.000000	0.000000	0.000000	1733433162.329124	0.000000
9.000000	88376.584754	19778.969262	187500.000000	187500.000000	86911.584367	102581.118355	111844.530623	133753.576428	-0.056000	0.768000	0.582000	192.000000	0.000000	0.000000	0.000000	0.000000	0.000000	0.000000	0.000000	0.000000	0.000000	1733433162.333120	0.000000
10.000000	88374.796614	19782.679651	187500.000000	187500.000000	86911.584367	102543.723886	111838.026266	133755.006940	-0.056000	0.768000	0.582000	192.000000	0.000000	0.000000	0.000000	0.000000	0.000000	0.000000	0.000000	0.000000	0.000000	1733433162.336840	0.000000
11.000000	88371.689722	19767.882796	187500.000000	187500.000000	86903.113056	102528.614107	111829.286734	133764.506431	-0.056000	0.766000	0.572000	192.000000	254.000000	64.000000	23.000000	240.000000	17.000000	224.000000	0.000000	0.000000	0.000000	1733433162.341050	0.000000
12.000000	88381.815062	19783.394907	187500.000000	187500.000000	86903.381277	102538.359468	111836.640458	133811.713315	-0.056000	0.766000	0.572000	192.000000	0.000000	0.000000	0.000000	0.000000	0.000000	0.000000	0.000000	0.000000	0.000000	1733433162.344831	0.000000
13.000000	88381.613896	19791.843866	187500.000000	187500.000000	86910.355021	102550.585872	111833.220641	133769.557925	-0.056000	0.766000	0.572000	192.000000	0.000000	0.000000	0.000000	0.000000	0.000000	0.000000	0.000000	0.000000	0.000000	1733433162.347822	0.000000
14.000000	88377.836451	19781.316195	187500.000000	187500.000000	86910.511483	102553.402192	111828.415016	133744.859248	-0.056000	0.766000	0.572000	192.000000	0.000000	0.000000	0.000000	0.000000	0.000000	0.000000	0.000000	0.000000	0.000000	1733433162.351830	0.000000
15.000000	88377.031788	19781.740878	187500.000000	187500.000000	86904.945899	102550.697631	111828.303257	133774.631771	-0.056000	0.766000	0.572000	192.000000	0.000000	0.000000	0.000000	0.000000	0.000000	0.000000	0.000000	0.000000	0.000000	1733433162.357036	0.000000
16.000000	88376.964733	19781.673823	187500.000000	187500.000000	86905.705858	102542.002802	111824.369350	133760.505469	-0.056000	0.766000	0.572000	192.000000	0.000000	0.000000	0.000000	0.000000	0.000000	0.000000	0.000000	0.000000	0.000000	1733433162.361070	0.000000
17.000000	88363.285466	19763.390096	187500.000000	187500.000000	86905.057657	102541.488712	111819.720187	133737.036137	-0.056000	0.766000	0.572000	192.000000	0.000000	0.000000	0.000000	0.000000	0.000000	0.000000	0.000000	0.000000	0.000000	1733433162.365136	0.000000
18.000000	88360.647960	19755.768151	187500.000000	187500.000000	86906.577576	102551.971680	111815.942742	133758.203239	-0.056000	0.766000	0.572000	192.000000	0.000000	0.000000	0.000000	0.000000	0.000000	0.000000	0.000000	0.000000	0.000000	1733433162.367952	0.000000
19.000000	88366.191192	19767.167540	187500.000000	187500.000000	86902.666021	102553.692764	111811.159469	133766.093405	-0.056000	0.766000	0.572000	192.000000	0.000000	0.000000	0.000000	0.000000	0.000000	0.000000	0.000000	0.000000	0.000000	1733433162.371858	0.000000
20.000000	88370.885059	19780.802105	187500.000000	187500.000000	86908.745695	102539.097075	111819.876649	133762.561829	-0.056000	0.766000	0.572000	192.000000	0.000000	0.000000	0.000000	0.000000	0.000000	0.000000	0.000000	0.000000	0.000000	1733433162.376097	0.000000
21.000000	88370.281562	19765.960546	187500.000000	187500.000000	86915.942957	102524.456683	111826.090434	133732.141105	-0.060000	0.774000	0.566000	192.000000	254.000000	32.000000	24.000000	48.000000	17.000000	176.000000	0.000000	0.000000	0.000000	1733433162.379872	0.000000
22.000000	88370.929762	19764.127703	187500.000000	187500.000000	86918.491056	102522.266212	111831.544260	133746.692091	-0.060000	0.774000	0.566000	192.000000	0.000000	0.000000	0.000000	0.000000	0.000000	0.000000	0.000000	0.000000	0.000000	1733433162.384900	0.000000
23.000000	88367.800518	19772.420200	187500.000000	187500.000000	86911.092628	102522.445026	111832.125405	133763.791175	-0.060000	0.774000	0.566000	192.000000	0.000000	0.000000	0.000000	0.000000	0.000000	0.000000	0.000000	0.000000	0.000000	1733433162.388950	0.000000
24.000000	88366.571172	19770.632061	187500.000000	187500.000000	86904.387105	102526.356581	111829.867879	133765.936943	-0.060000	0.774000	0.566000	192.000000	0.000000	0.000000	0.000000	0.000000	0.000000	0.000000	0.000000	0.000000	0.000000	1733433162.393017	0.000000
25.000000	88371.712073	19768.240424	187500.000000	187500.000000	86906.890500	102527.965907	111816.568591	133747.563809	-0.060000	0.774000	0.566000	192.000000	0.000000	0.000000	0.000000	0.000000	0.000000	0.000000	0.000000	0.000000	0.000000	1733433162.396104	0.000000
26.000000	88369.611009	19770.296785	187500.000000	187500.000000	86910.891463	102517.214718	111811.897077	133734.756259	-0.060000	0.774000	0.566000	192.000000	0.000000	0.000000	0.000000	0.000000	0.000000	0.000000	0.000000	0.000000	0.000000	1733433162.400193	0.000000
27.000000	88362.190230	19753.443569	187500.000000	187500.000000	86907.404591	102510.710360	111817.909696	133749.731928	-0.060000	0.774000	0.566000	192.000000	0.000000	0.000000	0.000000	0.000000	0.000000	0.000000	0.000000	0.000000	0.000000	1733433162.404092	0.000000
28.000000	88371.108576	19763.814779	187500.000000	187500.000000	86918.356945	102525.887194	111834.002952	133768.507393	-0.060000	0.774000	0.566000	192.000000	0.000000	0.000000	0.000000	0.000000	0.000000	0.000000	0.000000	0.000000	0.000000	1733433162.408226	0.000000
29.000000	88371.443852	19763.658317	187500.000000	187500.000000	86919.407477	102527.608279	111831.566612	133760.013731	-0.060000	0.774000	0.566000	192.000000	0.000000	0.000000	0.000000	0.000000	0.000000	0.000000	0.000000	0.000000	0.000000	1733433162.412935	0.000000
30.000000	88372.963771	19772.442552	187500.000000	187500.000000	86917.395820	102532.056276	111832.058350	133755.565733	-0.060000	0.774000	0.566000	192.000000	0.000000	0.000000	0.000000	0.000000	0.000000	0.000000	0.000000	0.000000	0.000000	1733433162.416963	0.000000
31.000000	88386.732446	19777.091715	187500.000000	187500.000000	86918.938091	102540.885215	111841.781359	133791.149711	-0.058000	0.772000	0.574000	192.000000	254.000000	48.000000	24.000000	32.000000	17.000000	240.000000	0.000000	0.000000	0.000000	1733433162.420981	0.000000
32.000000	88389.437007	19776.622328	187500.000000	187500.000000	86916.457047	102537.733619	111841.714304	133802.414990	-0.058000	0.772000	0.574000	192.000000	0.000000	0.000000	0.000000	0.000000	0.000000	0.000000	0.000000	0.000000	0.000000	1733433162.424339	0.000000
33.000000	88378.842280	19774.878892	187500.000000	187500.000000	86923.319033	102525.082532	111828.929106	133728.833047	-0.058000	0.772000	0.574000	192.000000	0.000000	0.000000	0.000000	0.000000	0.000000	0.000000	0.000000	0.000000	0.000000	1733433162.428062	0.000000
34.000000	88377.635286	19767.279299	187500.000000	187500.000000	86927.521161	102511.425616	111817.909696	133725.793210	-0.058000	0.772000	0.574000	192.000000	0.000000	0.000000	0.000000	0.000000	0.000000	0.000000	0.000000	0.000000	0.000000	1733433162.432142	0.000000
35.000000	88369.990989	19752.325982	187500.000000	187500.000000	86915.384163	102518.108787	111823.497632	133751.296550	-0.058000	0.772000	0.574000	192.000000	0.000000	0.000000	0.000000	0.000000	0.000000	0.000000	0.000000	0.000000	0.000000	1733433162.436252	0.000000
36.000000	88371.779129	19764.395924	187500.000000	187500.000000	86911.830236	102512.476148	111823.631742	133764.662893	-0.058000	0.772000	0.574000	192.000000	0.000000	0.000000	0.000000	0.000000	0.000000	0.000000	0.000000	0.000000	0.000000	1733433162.440103	0.000000
37.000000	88377.501175	19776.957605	187500.000000	187500.000000	86909.371544	102519.494595	111815.003969	133777.895126	-0.058000	0.772000	0.574000	192.000000	0.000000	0.000000	0.000000	0.000000	0.000000	0.000000	0.000000	0.000000	0.000000	1733433162.444971	0.000000
38.000000	88376.651809	19755.231709	187500.000000	187500.000000	86918.982794	102508.184613	111812.210001	133759.611399	-0.058000	0.772000	0.574000	192.000000	0.000000	0.000000	0.000000	0.000000	0.000000	0.000000	0.000000	0.000000	0.000000	1733433162.449051	0.000000
39.000000	88375.601277	19756.192834	187500.000000	187500.000000	86920.726230	102523.830834	111824.950495	133735.695033	-0.058000	0.772000	0.574000	192.000000	0.000000	0.000000	0.000000	0.000000	0.000000	0.000000	0.000000	0.000000	0.000000	1733433162.451990	0.000000
40.000000	88375.847146	19759.746761	187500.000000	187500.000000	86916.926434	102522.445026	111829.912583	133762.405367	-0.058000	0.772000	0.574000	192.000000	0.000000	0.000000	0.000000	0.000000	0.000000	0.000000	0.000000	0.000000	0.000000	1733433162.456006	0.000000
41.000000	88385.681914	19769.961509	187500.000000	187500.000000	86920.368602	102527.585927	111837.512176	133757.108004	-0.056000	0.772000	0.578000	192.000000	254.000000	64.000000	24.000000	32.000000	18.000000	16.000000	0.000000	0.000000	0.000000	1733433162.460024	0.000000
42.000000	88385.234879	19787.217055	187500.000000	187500.000000	86921.285024	102539.655869	111841.289621	133748.927265	-0.056000	0.772000	0.578000	192.000000	0.000000	0.000000	0.000000	0.000000	0.000000	0.000000	0.000000	0.000000	0.000000	1733433162.464302	0.000000
43.000000	88381.502137	19768.910977	187500.000000	187500.000000	86924.369565	102534.917299	111829.510251	133750.536591	-0.056000	0.772000	0.578000	192.000000	0.000000	0.000000	0.000000	0.000000	0.000000	0.000000	0.000000	0.000000	0.000000	1733433162.468206	0.000000
44.000000	88375.176594	19752.527148	187500.000000	187500.000000	86917.865207	102521.707418	111829.331437	133748.837858	-0.056000	0.772000	0.578000	192.000000	0.000000	0.000000	0.000000	0.000000	0.000000	0.000000	0.000000	0.000000	0.000000	1733433162.473323	0.000000
45.000000	88367.353483	19750.314325	187500.000000	187500.000000	86907.739867	102518.801691	111827.610353	133759.633751	-0.056000	0.772000	0.578000	192.000000	0.000000	0.000000	0.000000	0.000000	0.000000	0.000000	0.000000	0.000000	0.000000	1733433162.477104	0.000000
46.000000	88362.994893	19747.430950	187500.000000	187500.000000	86911.584367	102525.976601	111834.047655	133770.072016	-0.056000	0.772000	0.578000	192.000000	0.000000	0.000000	0.000000	0.000000	0.000000	0.000000	0.000000	0.000000	0.000000	1733433162.480052	0.000000
47.000000	88364.291294	19750.202566	187500.000000	187500.000000	86919.161608	102520.031037	111832.035998	133750.737757	-0.056000	0.772000	0.578000	192.000000	0.000000	0.000000	0.000000	0.000000	0.000000	0.000000	0.000000	0.000000	0.000000	1733433162.484005	0.000000
48.000000	88363.576038	19758.450360	187500.000000	187500.000000	86912.143160	102510.017456	111827.520946	133758.449108	-0.056000	0.772000	0.578000	192.000000	0.000000	0.000000	0.000000	0.000000	0.000000	0.000000	0.000000	0.000000	0.000000	1733433162.488066	0.000000
49.000000	88359.731538	19756.684572	187500.000000	187500.000000	86906.666983	102512.565555	111825.621048	133745.328634	-0.056000	0.772000	0.578000	192.000000	0.000000	0.000000	0.000000	0.000000	0.000000	0.000000	0.000000	0.000000	0.000000	1733433162.492120	0.000000
50.000000	88347.996872	19742.088883	187500.000000	187500.000000	86898.866224	102491.778432	111802.107013	133754.358739	-0.056000	0.772000	0.578000	192.000000	0.000000	0.000000	0.000000	0.000000	0.000000	0.000000	0.000000	0.000000	0.000000	1733433162.496092	0.000000
51.000000	88360.290332	19758.249194	187500.000000	187500.000000	86911.114980	102507.826985	111804.230428	133751.028329	-0.062000	0.770000	0.580000	192.000000	254.000000	16.000000	24.000000	16.000000	18.000000	32.000000	0.000000	0.000000	0.000000	1733433162.501306	0.000000
52.000000	88372.248515	19761.400790	187500.000000	187500.000000	86926.582387	102522.087398	111823.609391	133738.153724	-0.062000	0.770000	0.580000	192.000000	0.000000	0.000000	0.000000	0.000000	0.000000	0.000000	0.000000	0.000000	0.000000	1733433162.504246	0.000000
53.000000	88371.555611	19761.713715	187500.000000	187500.000000	86927.454105	102523.741427	111825.129309	133748.949617	-0.062000	0.770000	0.580000	192.000000	0.000000	0.000000	0.000000	0.000000	0.000000	0.000000	0.000000	0.000000	0.000000	1733433162.508494	0.000000
54.000000	88371.913239	19769.402715	187500.000000	187500.000000	86921.597948	102518.309953	111821.374216	133765.199335	-0.062000	0.770000	0.580000	192.000000	0.000000	0.000000	0.000000	0.000000	0.000000	0.000000	0.000000	0.000000	0.000000	1733433162.512278	0.000000
55.000000	88363.553687	19758.025677	187500.000000	187500.000000	86917.284062	102521.774473	111812.657036	133740.724175	-0.062000	0.770000	0.580000	192.000000	0.000000	0.000000	0.000000	0.000000	0.000000	0.000000	0.000000	0.000000	0.000000	1733433162.516087	0.000000
56.000000	88358.256323	19755.701096	187500.000000	187500.000000	86917.306413	102514.085473	111828.638533	133744.792193	-0.062000	0.770000	0.580000	192.000000	0.000000	0.000000	0.000000	0.000000	0.000000	0.000000	0.000000	0.000000	0.000000	1733433162.520100	0.000000
57.000000	88360.312684	19754.874081	187500.000000	187500.000000	86909.528006	102508.274020	111825.755158	133749.463707	-0.062000	0.770000	0.580000	192.000000	0.000000	0.000000	0.000000	0.000000	0.000000	0.000000	0.000000	0.000000	0.000000	1733433162.524346	0.000000
58.000000	88358.144564	19748.347372	187500.000000	187500.000000	86910.086800	102518.645229	111821.530678	133735.985605	-0.062000	0.770000	0.580000	192.000000	0.000000	0.000000	0.000000	0.000000	0.000000	0.000000	0.000000	0.000000	0.000000	1733433162.529107	0.000000
59.000000	88348.622721	19743.318229	187500.000000	187500.000000	86910.936166	102514.197232	111823.430577	133729.883579	-0.062000	0.770000	0.580000	192.000000	0.000000	0.000000	0.000000	0.000000	0.000000	0.000000	0.000000	0.000000	0.000000	1733433162.532221	0.000000
60.000000	88340.263169	19738.959639	187500.000000	187500.000000	86905.281175	102497.880459	111814.758100	133737.326710	-0.062000	0.770000	0.580000	192.000000	0.000000	0.000000	0.000000	0.000000	0.000000	0.000000	0.000000	0.000000	0.000000	1733433162.536361	0.000000
61.000000	88341.716032	19738.400845	187500.000000	187500.000000	86903.738904	102498.416900	111806.555010	133715.600814	-0.058000	0.772000	0.586000	192.000000	254.000000	48.000000	24.000000	32.000000	18.000000	80.000000	0.000000	0.000000	0.000000	1733433162.540388	0.000000
62.000000	88343.392413	19747.520357	187500.000000	187500.000000	86906.912852	102503.289581	111816.121556	133734.868018	-0.058000	0.772000	0.586000	192.000000	0.000000	0.000000	0.000000	0.000000	0.000000	0.000000	0.000000	0.000000	0.000000	1733433162.544244	0.000000
63.000000	88347.549838	19745.151072	187500.000000	187500.000000	86910.891463	102502.395511	111817.462661	133758.784385	-0.058000	0.772000	0.586000	192.000000	0.000000	0.000000	0.000000	0.000000	0.000000	0.000000	0.000000	0.000000	0.000000	1733433162.548179	0.000000
64.000000	88348.846239	19737.551479	187500.000000	187500.000000	86915.384163	102510.375084	111816.903867	133726.799038	-0.058000	0.772000	0.586000	192.000000	0.000000	0.000000	0.000000	0.000000	0.000000	0.000000	0.000000	0.000000	0.000000	1733433162.552146	0.000000
65.000000	88356.155259	19748.034447	187500.000000	187500.000000	86918.446352	102502.820194	111815.115728	133720.965233	-0.058000	0.772000	0.586000	192.000000	0.000000	0.000000	0.000000	0.000000	0.000000	0.000000	0.000000	0.000000	0.000000	1733433162.557435	0.000000
66.000000	88356.334073	19749.017924	187500.000000	187500.000000	86918.178131	102496.204078	111811.517097	133740.187733	-0.058000	0.772000	0.586000	192.000000	0.000000	0.000000	0.000000	0.000000	0.000000	0.000000	0.000000	0.000000	0.000000	1733433162.560169	0.000000
67.000000	88352.400166	19745.933383	187500.000000	187500.000000	86925.062469	102505.033017	111810.555972	133734.353928	-0.058000	0.772000	0.586000	192.000000	0.000000	0.000000	0.000000	0.000000	0.000000	0.000000	0.000000	0.000000	0.000000	1733433162.563445	0.000000
68.000000	88352.511925	19740.591316	187500.000000	187500.000000	86924.257806	102516.700627	111815.115728	133719.825294	-0.058000	0.772000	0.586000	192.000000	0.000000	0.000000	0.000000	0.000000	0.000000	0.000000	0.000000	0.000000	0.000000	1733433162.568329	0.000000
69.000000	88357.585771	19746.089845	187500.000000	187500.000000	86925.777724	102527.183596	111818.803766	133735.829143	-0.058000	0.772000	0.586000	192.000000	0.000000	0.000000	0.000000	0.000000	0.000000	0.000000	0.000000	0.000000	0.000000	1733433162.572363	0.000000
70.000000	88350.410861	19743.139415	187500.000000	187500.000000	86928.079954	102510.218622	111809.080757	133734.711556	-0.058000	0.772000	0.586000	192.000000	0.000000	0.000000	0.000000	0.000000	0.000000	0.000000	0.000000	0.000000	0.000000	1733433162.576430	0.000000
71.000000	88354.255361	19751.141340	187500.000000	187500.000000	86924.883655	102494.974732	111800.832963	133733.728079	-0.054000	0.768000	0.584000	192.000000	254.000000	80.000000	24.000000	0.000000	18.000000	64.000000	0.000000	0.000000	0.000000	1733433162.580216	0.000000
72.000000	88349.136811	19750.515491	187500.000000	187500.000000	86920.972099	102497.075796	111804.878629	133720.339384	-0.054000	0.768000	0.584000	192.000000	0.000000	0.000000	0.000000	0.000000	0.000000	0.000000	0.000000	0.000000	0.000000	1733433162.584198	0.000000
73.000000	88347.996872	19737.193851	187500.000000	187500.000000	86919.228663	102505.055369	111805.348015	133717.254843	-0.054000	0.768000	0.584000	192.000000	0.000000	0.000000	0.000000	0.000000	0.000000	0.000000	0.000000	0.000000	0.000000	1733433162.588214	0.000000
74.000000	88355.641169	19742.871194	187500.000000	187500.000000	86916.412344	102500.115633	111807.203210	133761.064263	-0.054000	0.768000	0.584000	192.000000	0.000000	0.000000	0.000000	0.000000	0.000000	0.000000	0.000000	0.000000	0.000000	1733433162.591221	0.000000
75.000000	88348.354500	19741.284220	187500.000000	187500.000000	86909.684468	102484.804688	111805.683292	133735.158591	-0.054000	0.768000	0.584000	192.000000	0.000000	0.000000	0.000000	0.000000	0.000000	0.000000	0.000000	0.000000	0.000000	1733433162.596215	0.000000
76.000000	88343.280654	19737.260906	187500.000000	187500.000000	86909.215082	102483.597694	111807.180859	133724.943843	-0.054000	0.768000	0.584000	192.000000	0.000000	0.000000	0.000000	0.000000	0.000000	0.000000	0.000000	0.000000	0.000000	1733433162.600355	0.000000
77.000000	88348.935646	19738.780825	187500.000000	187500.000000	86917.731096	102494.237124	111803.693986	133720.697012	-0.054000	0.768000	0.584000	192.000000	0.000000	0.000000	0.000000	0.000000	0.000000	0.000000	0.000000	0.000000	0.000000	1733433162.604550	0.000000
78.000000	88347.795707	19735.629229	187500.000000	187500.000000	86919.586291	102491.554915	111807.583190	133733.079878	-0.054000	0.768000	0.584000	192.000000	0.000000	0.000000	0.000000	0.000000	0.000000	0.000000	0.000000	0.000000	0.000000	1733433162.608742	0.000000
79.000000	88351.059061	19739.049046	187500.000000	187500.000000	86923.006108	102502.484918	111814.042844	133745.663911	-0.054000	0.768000	0.584000	192.000000	0.000000	0.000000	0.000000	0.000000	0.000000	0.000000	0.000000	0.000000	0.000000	1733433162.611405	0.000000
80.000000	88355.909390	19747.386247	187500.000000	187500.000000	86932.058565	102502.753139	111812.031187	133754.358739	-0.054000	0.768000	0.584000	192.000000	0.000000	0.000000	0.000000	0.000000	0.000000	0.000000	0.000000	0.000000	0.000000	1733433162.616864	0.000000
81.000000	88362.771376	19750.291973	187500.000000	187500.000000	86941.781574	102506.619991	111807.292617	133746.692091	-0.058000	0.766000	0.580000	192.000000	254.000000	48.000000	23.000000	240.000000	18.000000	32.000000	0.000000	0.000000	0.000000	1733433162.619226	0.000000
82.000000	88354.121250	19741.753607	187500.000000	187500.000000	86934.114925	102507.670523	111804.610408	133740.724175	-0.058000	0.766000	0.580000	192.000000	0.000000	0.000000	0.000000	0.000000	0.000000	0.000000	0.000000	0.000000	0.000000	1733433162.624418	0.000000
83.000000	88346.923989	19741.261869	187500.000000	187500.000000	86924.950710	102517.326476	111806.175030	133737.326710	-0.058000	0.766000	0.580000	192.000000	0.000000	0.000000	0.000000	0.000000	0.000000	0.000000	0.000000	0.000000	0.000000	1733433162.628279	0.000000
84.000000	88352.333111	19739.451377	187500.000000	187500.000000	86923.855474	102511.291505	111807.918466	133719.110038	-0.058000	0.766000	0.580000	192.000000	0.000000	0.000000	0.000000	0.000000	0.000000	0.000000	0.000000	0.000000	0.000000	1733433162.632270	0.000000
85.000000	88348.242742	19729.795424	187500.000000	187500.000000	86916.658213	102497.098148	111800.207114	133699.932241	-0.058000	0.766000	0.580000	192.000000	0.000000	0.000000	0.000000	0.000000	0.000000	0.000000	0.000000	0.000000	0.000000	1733433162.636413	0.000000
86.000000	88354.054195	19741.865366	187500.000000	187500.000000	86920.703878	102507.536412	111799.916542	133702.726209	-0.058000	0.766000	0.580000	192.000000	0.000000	0.000000	0.000000	0.000000	0.000000	0.000000	0.000000	0.000000	0.000000	1733433162.639429	0.000000
87.000000	88349.449736	19731.628267	187500.000000	187500.000000	86910.533835	102494.952380	111792.987501	133717.478361	-0.058000	0.766000	0.580000	192.000000	0.000000	0.000000	0.000000	0.000000	0.000000	0.000000	0.000000	0.000000	0.000000	1733433162.643329	0.000000
88.000000	88342.096012	19720.586505	187500.000000	187500.000000	86902.531910	102480.356691	111786.550198	133740.053623	-0.058000	0.766000	0.580000	192.000000	0.000000	0.000000	0.000000	0.000000	0.000000	0.000000	0.000000	0.000000	0.000000	1733433162.647556	0.000000
89.000000	88335.748116	19717.993703	187500.000000	187500.000000	86898.776817	102484.938799	111782.593940	133742.646425	-0.058000	0.766000	0.580000	192.000000	0.000000	0.000000	0.000000	0.000000	0.000000	0.000000	0.000000	0.000000	0.000000	1733433162.652420	0.000000
90.000000	88336.083393	19724.609819	187500.000000	187500.000000	86905.348230	102487.241028	111786.617254	133726.553169	-0.058000	0.766000	0.580000	192.000000	0.000000	0.000000	0.000000	0.000000	0.000000	0.000000	0.000000	0.000000	0.000000	1733433162.656505	0.000000
91.000000	88333.222369	19725.280371	187500.000000	187500.000000	86890.707837	102478.836772	111775.776658	133705.944861	-0.058000	0.772000	0.578000	192.000000	254.000000	48.000000	24.000000	32.000000	18.000000	16.000000	0.000000	0.000000	0.000000	1733433162.660355	0.000000
92.000000	88326.963881	19714.417424	187500.000000	187500.000000	86893.255936	102478.121516	111772.736820	133686.320029	-0.058000	0.772000	0.578000	192.000000	0.000000	0.000000	0.000000	0.000000	0.000000	0.000000	0.000000	0.000000	0.000000	1733433162.664345	0.000000
93.000000	88330.204884	19725.347427	187500.000000	187500.000000	86899.067390	102461.983557	111784.471486	133694.500768	-0.058000	0.772000	0.578000	192.000000	0.000000	0.000000	0.000000	0.000000	0.000000	0.000000	0.000000	0.000000	0.000000	1733433162.667372	0.000000
94.000000	88326.449791	19722.911086	187500.000000	187500.000000	86887.288021	102451.880568	111777.251873	133697.026515	-0.058000	0.772000	0.578000	192.000000	0.000000	0.000000	0.000000	0.000000	0.000000	0.000000	0.000000	0.000000	0.000000	1733433162.671445	0.000000
95.000000	88316.413858	19714.864458	187500.000000	187500.000000	86883.421169	102450.070077	111775.240216	133700.781608	-0.058000	0.772000	0.578000	192.000000	0.000000	0.000000	0.000000	0.000000	0.000000	0.000000	0.000000	0.000000	0.000000	1733433162.675512	0.000000
96.000000	88318.961956	19716.540839	187500.000000	187500.000000	86890.037285	102457.468505	111772.312137	133698.099398	-0.058000	0.772000	0.578000	192.000000	0.000000	0.000000	0.000000	0.000000	0.000000	0.000000	0.000000	0.000000	0.000000	1733433162.679483	0.000000
97.000000	88332.216541	19722.419348	187500.000000	187500.000000	86895.804035	102451.210016	111771.216902	133711.555149	-0.058000	0.772000	0.578000	192.000000	0.000000	0.000000	0.000000	0.000000	0.000000	0.000000	0.000000	0.000000	0.000000	1733433162.684692	0.000000
98.000000	88334.742288	19725.101557	187500.000000	187500.000000	86897.279250	102455.546255	111769.428762	133703.173244	-0.058000	0.772000	0.578000	192.000000	0.000000	0.000000	0.000000	0.000000	0.000000	0.000000	0.000000	0.000000	0.000000	1733433162.688771	0.000000
99.000000	88333.311776	19730.868307	187500.000000	187500.000000	86895.222890	102470.208999	111779.352937	133721.702841	-0.058000	0.772000	0.578000	192.000000	0.000000	0.000000	0.000000	0.000000	0.000000	0.000000	0.000000	0.000000	0.000000	1733433162.692417	0.000000
100.000000	88328.059116	19725.682703	187500.000000	187500.000000	86898.799169	102465.224560	111783.286844	133720.451143	-0.058000	0.772000	0.578000	192.000000	0.000000	0.000000	0.000000	0.000000	0.000000	0.000000	0.000000	0.000000	0.000000	1733433162.695479	0.000000
101.000000	88321.375945	19711.422290	187500.000000	187500.000000	86900.989640	102464.822229	111781.811629	133678.809843	-0.058000	0.772000	0.578000	192.000000	0.000000	0.000000	0.000000	0.000000	0.000000	0.000000	0.000000	0.000000	0.000000	1733433162.699419	0.000000
102.000000	88320.325413	19713.076319	187500.000000	187500.000000	86898.933279	102461.201246	111777.944777	133673.467776	-0.060000	0.772000	0.576000	192.000000	254.000000	32.000000	24.000000	32.000000	18.000000	0.000000	0.000000	0.000000	0.000000	1733433162.703465	0.000000
103.000000	88327.477971	19719.155993	187500.000000	187500.000000	86898.240375	102459.591920	111780.805800	133689.851605	-0.060000	0.772000	0.576000	192.000000	0.000000	0.000000	0.000000	0.000000	0.000000	0.000000	0.000000	0.000000	0.000000	1733433162.707437	0.000000
104.000000	88322.784105	19707.622493	187500.000000	187500.000000	86892.540680	102458.876665	111776.737783	133702.435637	-0.060000	0.772000	0.576000	192.000000	0.000000	0.000000	0.000000	0.000000	0.000000	0.000000	0.000000	0.000000	0.000000	1733433162.712566	0.000000
105.000000	88331.613044	19722.352293	187500.000000	187500.000000	86897.145140	102465.738650	111788.226579	133713.969137	-0.060000	0.772000	0.576000	192.000000	0.000000	0.000000	0.000000	0.000000	0.000000	0.000000	0.000000	0.000000	0.000000	1733433162.716603	0.000000
106.000000	88325.555721	19717.837240	187500.000000	187500.000000	86896.184015	102462.609406	111780.090544	133706.436599	-0.060000	0.772000	0.576000	192.000000	0.000000	0.000000	0.000000	0.000000	0.000000	0.000000	0.000000	0.000000	0.000000	1733433162.720663	0.000000
107.000000	88328.237930	19726.777938	187500.000000	187500.000000	86891.266631	102459.234292	111767.819437	133713.969137	-0.060000	0.772000	0.576000	192.000000	0.000000	0.000000	0.000000	0.000000	0.000000	0.000000	0.000000	0.000000	0.000000	1733433162.723481	0.000000
108.000000	88316.995003	19715.155031	187500.000000	187500.000000	86874.771044	102460.754211	111753.290803	133700.021648	-0.060000	0.772000	0.576000	192.000000	0.000000	0.000000	0.000000	0.000000	0.000000	0.000000	0.000000	0.000000	0.000000	1733433162.727420	0.000000
109.000000	88307.249642	19700.000548	187500.000000	187500.000000	86874.882802	102468.197342	111765.561910	133692.466759	-0.060000	0.772000	0.576000	192.000000	0.000000	0.000000	0.000000	0.000000	0.000000	0.000000	0.000000	0.000000	0.000000	1733433162.731417	0.000000
110.000000	88312.435247	19706.840182	187500.000000	187500.000000	86883.465872	102449.958318	111767.215939	133688.734017	-0.060000	0.772000	0.576000	192.000000	0.000000	0.000000	0.000000	0.000000	0.000000	0.000000	0.000000	0.000000	0.000000	1733433162.735448	0.000000
111.000000	88317.710259	19707.890714	187500.000000	187500.000000	86883.175300	102447.633737	111761.940928	133684.509538	-0.060000	0.772000	0.576000	192.000000	0.000000	0.000000	0.000000	0.000000	0.000000	0.000000	0.000000	0.000000	0.000000	1733433162.739653	0.000000
112.000000	88327.612081	19706.661368	187500.000000	187500.000000	86891.467797	102450.628871	111771.038088	133704.246128	-0.066000	0.770000	0.570000	192.000000	253.000000	240.000000	24.000000	16.000000	17.000000	208.000000	0.000000	0.000000	0.000000	1733433162.744686	0.000000
113.000000	88321.286538	19703.308607	187500.000000	187500.000000	86890.260803	102458.831961	111783.264492	133709.923471	-0.066000	0.770000	0.570000	192.000000	0.000000	0.000000	0.000000	0.000000	0.000000	0.000000	0.000000	0.000000	0.000000	1733433162.747646	0.000000
114.000000	88317.330279	19699.888790	187500.000000	187500.000000	86886.617468	102468.376156	111783.040975	133702.323878	-0.066000	0.770000	0.570000	192.000000	0.000000	0.000000	0.000000	0.000000	0.000000	0.000000	0.000000	0.000000	0.000000	1733433162.751627	0.000000
115.000000	88312.435247	19686.343633	187500.000000	187500.000000	86876.983866	102463.436420	111777.654204	133710.683431	-0.066000	0.770000	0.570000	192.000000	0.000000	0.000000	0.000000	0.000000	0.000000	0.000000	0.000000	0.000000	0.000000	1733433162.755666	0.000000
116.000000	88309.171892	19683.460257	187500.000000	187500.000000	86879.576669	102453.109914	111769.764038	133674.428901	-0.066000	0.770000	0.570000	192.000000	0.000000	0.000000	0.000000	0.000000	0.000000	0.000000	0.000000	0.000000	0.000000	1733433162.759773	0.000000
117.000000	88319.252529	19697.184229	187500.000000	187500.000000	86878.257916	102447.119647	111769.182893	133692.734980	-0.066000	0.770000	0.570000	192.000000	0.000000	0.000000	0.000000	0.000000	0.000000	0.000000	0.000000	0.000000	0.000000	1733433162.763433	0.000000
118.000000	88317.531445	19694.792592	187500.000000	187500.000000	86881.364808	102456.373269	111765.718373	133695.596003	-0.066000	0.770000	0.570000	192.000000	0.000000	0.000000	0.000000	0.000000	0.000000	0.000000	0.000000	0.000000	0.000000	1733433162.767462	0.000000
119.000000	88313.396372	19700.224066	187500.000000	187500.000000	86873.407587	102453.154618	111757.917614	133670.673808	-0.066000	0.770000	0.570000	192.000000	0.000000	0.000000	0.000000	0.000000	0.000000	0.000000	0.000000	0.000000	0.000000	1733433162.772502	0.000000
120.000000	88301.706410	19687.595330	187500.000000	187500.000000	86862.477584	102440.615289	111750.608593	133683.883689	-0.066000	0.770000	0.570000	192.000000	0.000000	0.000000	0.000000	0.000000	0.000000	0.000000	0.000000	0.000000	0.000000	1733433162.775467	0.000000
121.000000	88297.906613	19677.872321	187500.000000	187500.000000	86866.389139	102455.009813	111753.648431	133656.256933	-0.066000	0.770000	0.570000	192.000000	0.000000	0.000000	0.000000	0.000000	0.000000	0.000000	0.000000	0.000000	0.000000	1733433162.779510	0.000000
122.000000	88297.347819	19677.402935	187500.000000	187500.000000	86876.670942	102467.057403	111753.402561	133649.685520	-0.058000	0.774000	0.570000	192.000000	254.000000	48.000000	24.000000	48.000000	17.000000	208.000000	0.000000	0.000000	0.000000	1733433162.783643	0.000000
123.000000	88298.755979	19690.568112	187500.000000	187500.000000	86878.257916	102454.629833	111751.323849	133675.613543	-0.058000	0.774000	0.570000	192.000000	0.000000	0.000000	0.000000	0.000000	0.000000	0.000000	0.000000	0.000000	0.000000	1733433162.787725	0.000000
124.000000	88302.131093	19689.718746	187500.000000	187500.000000	86882.594154	102456.641490	111761.158617	133686.074160	-0.058000	0.774000	0.570000	192.000000	0.000000	0.000000	0.000000	0.000000	0.000000	0.000000	0.000000	0.000000	0.000000	1733433162.791966	0.000000
125.000000	88308.769561	19690.970444	187500.000000	187500.000000	86887.355076	102466.006871	111759.571643	133718.238320	-0.058000	0.774000	0.570000	192.000000	0.000000	0.000000	0.000000	0.000000	0.000000	0.000000	0.000000	0.000000	0.000000	1733433162.795910	0.000000
126.000000	88304.232157	19688.131772	187500.000000	187500.000000	86878.615544	102455.233330	111751.323849	133713.142122	-0.058000	0.774000	0.570000	192.000000	0.000000	0.000000	0.000000	0.000000	0.000000	0.000000	0.000000	0.000000	0.000000	1733433162.800485	0.000000
127.000000	88302.578128	19690.255188	187500.000000	187500.000000	86878.503785	102468.778487	111752.329678	133683.056674	-0.058000	0.774000	0.570000	192.000000	0.000000	0.000000	0.000000	0.000000	0.000000	0.000000	0.000000	0.000000	0.000000	1733433162.803519	0.000000
128.000000	88303.651011	19685.762487	187500.000000	187500.000000	86891.758369	102471.594807	111773.787352	133689.091645	-0.058000	0.774000	0.570000	192.000000	0.000000	0.000000	0.000000	0.000000	0.000000	0.000000	0.000000	0.000000	0.000000	1733433162.807613	0.000000
129.000000	88309.082485	19696.223104	187500.000000	187500.000000	86901.570785	102465.716298	111784.158562	133703.977907	-0.058000	0.774000	0.570000	192.000000	0.000000	0.000000	0.000000	0.000000	0.000000	0.000000	0.000000	0.000000	0.000000	1733433162.811549	0.000000
130.000000	88302.444017	19695.396089	187500.000000	187500.000000	86892.652439	102459.971900	111766.634794	133692.109131	-0.058000	0.774000	0.570000	192.000000	0.000000	0.000000	0.000000	0.000000	0.000000	0.000000	0.000000	0.000000	0.000000	1733433162.815581	0.000000
131.000000	88289.211785	19674.854836	187500.000000	187500.000000	86877.944991	102445.912653	111746.048837	133682.453177	-0.058000	0.774000	0.570000	192.000000	0.000000	0.000000	0.000000	0.000000	0.000000	0.000000	0.000000	0.000000	0.000000	1733433162.819704	0.000000
132.000000	88290.172910	19674.608967	187500.000000	187500.000000	86871.753558	102442.269318	111741.489082	133705.408419	-0.060000	0.770000	0.584000	192.000000	254.000000	32.000000	24.000000	16.000000	18.000000	64.000000	0.000000	0.000000	0.000000	1733433162.823699	0.000000
133.000000	88298.063075	19675.033650	187500.000000	187500.000000	86874.905154	102448.259586	111743.880718	133681.514404	-0.060000	0.770000	0.584000	192.000000	0.000000	0.000000	0.000000	0.000000	0.000000	0.000000	0.000000	0.000000	0.000000	1733433162.828573	0.000000
134.000000	88300.924099	19677.984080	187500.000000	187500.000000	86881.163643	102448.773676	111746.071189	133656.368691	-0.060000	0.770000	0.584000	192.000000	0.000000	0.000000	0.000000	0.000000	0.000000	0.000000	0.000000	0.000000	0.000000	1733433162.831754	0.000000
135.000000	88290.709351	19668.350478	187500.000000	187500.000000	86874.189898	102440.637641	111737.622230	133652.390081	-0.060000	0.770000	0.584000	192.000000	0.000000	0.000000	0.000000	0.000000	0.000000	0.000000	0.000000	0.000000	0.000000	1733433162.835561	0.000000
136.000000	88287.736569	19665.847083	187500.000000	187500.000000	86867.909058	102437.441342	111730.961410	133683.391951	-0.060000	0.770000	0.584000	192.000000	0.000000	0.000000	0.000000	0.000000	0.000000	0.000000	0.000000	0.000000	0.000000	1733433162.839562	0.000000
137.000000	88294.173872	19673.200807	187500.000000	187500.000000	86861.471756	102446.940833	111733.978895	133675.300619	-0.060000	0.770000	0.584000	192.000000	0.000000	0.000000	0.000000	0.000000	0.000000	0.000000	0.000000	0.000000	0.000000	1733433162.843552	0.000000
138.000000	88297.303116	19678.565225	187500.000000	187500.000000	86866.411491	102451.768810	111730.022637	133653.910000	-0.060000	0.770000	0.584000	192.000000	0.000000	0.000000	0.000000	0.000000	0.000000	0.000000	0.000000	0.000000	0.000000	1733433162.847606	0.000000
139.000000	88294.710314	19678.207598	187500.000000	187500.000000	86876.112148	102459.234292	111732.771901	133651.339549	-0.060000	0.770000	0.584000	192.000000	0.000000	0.000000	0.000000	0.000000	0.000000	0.000000	0.000000	0.000000	0.000000	1733433162.851601	0.000000
140.000000	88288.451825	19687.170647	187500.000000	187500.000000	86868.847831	102455.903882	111731.363741	133673.400721	-0.060000	0.770000	0.584000	192.000000	0.000000	0.000000	0.000000	0.000000	0.000000	0.000000	0.000000	0.000000	0.000000	1733433162.856699	0.000000
141.000000	88279.198203	19672.574958	187500.000000	187500.000000	86856.129689	102445.376211	111726.044026	133678.295753	-0.060000	0.770000	0.584000	192.000000	0.000000	0.000000	0.000000	0.000000	0.000000	0.000000	0.000000	0.000000	0.000000	1733433162.859910	0.000000
142.000000	88282.148633	19659.588594	187500.000000	187500.000000	86869.853660	102435.563795	111735.923497	133661.755462	-0.060000	0.768000	0.574000	192.000000	254.000000	32.000000	24.000000	0.000000	17.000000	240.000000	0.000000	0.000000	0.000000	1733433162.863767	0.000000
143.000000	88282.439206	19660.907347	187500.000000	187500.000000	86871.887669	102436.055533	111733.956544	133666.762253	-0.060000	0.768000	0.574000	192.000000	0.000000	0.000000	0.000000	0.000000	0.000000	0.000000	0.000000	0.000000	0.000000	1733433162.867819	0.000000
144.000000	88277.521822	19657.085199	187500.000000	187500.000000	86866.098567	102436.301403	111721.283105	133666.985770	-0.060000	0.768000	0.574000	192.000000	0.000000	0.000000	0.000000	0.000000	0.000000	0.000000	0.000000	0.000000	0.000000	1733433162.871660	0.000000
145.000000	88273.945543	19656.526405	187500.000000	187500.000000	86853.112203	102429.171196	111719.114985	133704.201425	-0.060000	0.768000	0.574000	192.000000	0.000000	0.000000	0.000000	0.000000	0.000000	0.000000	0.000000	0.000000	0.000000	1733433162.875626	0.000000
146.000000	88283.109758	19659.052153	187500.000000	187500.000000	86859.974189	102442.001097	111723.250058	133679.480395	-0.060000	0.768000	0.574000	192.000000	0.000000	0.000000	0.000000	0.000000	0.000000	0.000000	0.000000	0.000000	0.000000	1733433162.879616	0.000000
147.000000	88280.628715	19657.420475	187500.000000	187500.000000	86863.192840	102432.926289	111716.790404	133652.680654	-0.060000	0.768000	0.574000	192.000000	0.000000	0.000000	0.000000	0.000000	0.000000	0.000000	0.000000	0.000000	0.000000	1733433162.883641	0.000000
148.000000	88269.475194	19641.573088	187500.000000	187500.000000	86867.506727	102442.425781	111721.081939	133630.127743	-0.060000	0.768000	0.574000	192.000000	0.000000	0.000000	0.000000	0.000000	0.000000	0.000000	0.000000	0.000000	0.000000	1733433162.886644	0.000000
149.000000	88265.317770	19640.097873	187500.000000	187500.000000	86862.477584	102439.587109	111714.778747	133636.118011	-0.060000	0.768000	0.574000	192.000000	0.000000	0.000000	0.000000	0.000000	0.000000	0.000000	0.000000	0.000000	0.000000	1733433162.891881	0.000000
150.000000	88279.712293	19657.599289	187500.000000	187500.000000	86863.818689	102438.514225	111710.017825	133659.833212	-0.060000	0.768000	0.574000	192.000000	0.000000	0.000000	0.000000	0.000000	0.000000	0.000000	0.000000	0.000000	0.000000	1733433162.895940	0.000000
151.000000	88284.875546	19663.343687	187500.000000	187500.000000	86861.807032	102436.010830	111707.961465	133676.686427	-0.060000	0.768000	0.574000	192.000000	0.000000	0.000000	0.000000	0.000000	0.000000	0.000000	0.000000	0.000000	0.000000	1733433162.899995	0.000000
152.000000	88279.801700	19654.626507	187500.000000	187500.000000	86862.142308	102437.575452	111718.287971	133668.662151	-0.060000	0.770000	0.574000	192.000000	254.000000	32.000000	24.000000	16.000000	17.000000	240.000000	0.000000	0.000000	0.000000	1733433162.903929	0.000000
153.000000	88283.310924	19659.342725	187500.000000	187500.000000	86874.256954	102443.163388	111731.833128	133648.366767	-0.060000	0.770000	0.574000	192.000000	0.000000	0.000000	0.000000	0.000000	0.000000	0.000000	0.000000	0.000000	0.000000	1733433162.907681	0.000000
154.000000	88286.730741	19662.963708	187500.000000	187500.000000	86875.665113	102444.415086	111728.726235	133639.806049	-0.060000	0.770000	0.574000	192.000000	0.000000	0.000000	0.000000	0.000000	0.000000	0.000000	0.000000	0.000000	0.000000	1733433162.910662	0.000000
155.000000	88283.109758	19655.252356	187500.000000	187500.000000	86879.464910	102451.299423	111715.561058	133651.428956	-0.060000	0.770000	0.574000	192.000000	0.000000	0.000000	0.000000	0.000000	0.000000	0.000000	0.000000	0.000000	0.000000	1733433162.914652	0.000000
156.000000	88275.197241	19642.534213	187500.000000	187500.000000	86866.724416	102432.926289	111705.033386	133661.263724	-0.060000	0.770000	0.574000	192.000000	0.000000	0.000000	0.000000	0.000000	0.000000	0.000000	0.000000	0.000000	0.000000	1733433162.918705	0.000000
157.000000	88272.045645	19637.259202	187500.000000	187500.000000	86859.951837	102427.852443	111705.011035	133653.328854	-0.060000	0.770000	0.574000	192.000000	0.000000	0.000000	0.000000	0.000000	0.000000	0.000000	0.000000	0.000000	0.000000	1733433162.924005	0.000000
158.000000	88260.623903	19633.369998	187500.000000	187500.000000	86864.109262	102433.060400	111703.021729	133621.879950	-0.060000	0.770000	0.574000	192.000000	0.000000	0.000000	0.000000	0.000000	0.000000	0.000000	0.000000	0.000000	0.000000	1733433162.927680	0.000000
159.000000	88270.793947	19644.523519	187500.000000	187500.000000	86873.854622	102430.445246	111702.127660	133640.543656	-0.060000	0.770000	0.574000	192.000000	0.000000	0.000000	0.000000	0.000000	0.000000	0.000000	0.000000	0.000000	0.000000	1733433162.931946	0.000000
160.000000	88278.751168	19649.396199	187500.000000	187500.000000	86877.833233	102436.547272	111709.749604	133669.757386	-0.060000	0.770000	0.574000	192.000000	0.000000	0.000000	0.000000	0.000000	0.000000	0.000000	0.000000	0.000000	0.000000	1733433162.935906	0.000000
161.000000	88285.434340	19647.250431	187500.000000	187500.000000	86887.288021	102444.392734	111715.002264	133667.209288	-0.060000	0.770000	0.574000	192.000000	0.000000	0.000000	0.000000	0.000000	0.000000	0.000000	0.000000	0.000000	0.000000	1733433162.938756	0.000000
162.000000	88285.099064	19653.598327	187500.000000	187500.000000	86889.232622	102439.922385	111709.459032	133645.773965	-0.060000	0.770000	0.570000	192.000000	254.000000	32.000000	24.000000	16.000000	17.000000	208.000000	0.000000	0.000000	0.000000	1733433162.943022	0.000000
163.000000	88286.730741	19647.697466	187500.000000	187500.000000	86891.311335	102442.738705	111715.091671	133634.240464	-0.060000	0.770000	0.570000	192.000000	0.000000	0.000000	0.000000	0.000000	0.000000	0.000000	0.000000	0.000000	0.000000	1733433162.946896	0.000000
164.000000	88278.505299	19633.526460	187500.000000	187500.000000	86893.747675	102445.018583	111721.618381	133628.540770	-0.060000	0.770000	0.570000	192.000000	0.000000	0.000000	0.000000	0.000000	0.000000	0.000000	0.000000	0.000000	0.000000	1733433162.951700	0.000000
165.000000	88280.092273	19633.369998	187500.000000	187500.000000	86892.898308	102441.911690	111725.351122	133634.978072	-0.060000	0.770000	0.570000	192.000000	0.000000	0.000000	0.000000	0.000000	0.000000	0.000000	0.000000	0.000000	0.000000	1733433162.955746	0.000000
166.000000	88283.445034	19640.388446	187500.000000	187500.000000	86890.484320	102436.681382	111729.352084	133659.050901	-0.060000	0.770000	0.570000	192.000000	0.000000	0.000000	0.000000	0.000000	0.000000	0.000000	0.000000	0.000000	0.000000	1733433162.959814	0.000000
167.000000	88281.947468	19639.874356	187500.000000	187500.000000	86888.472663	102442.671650	111725.619343	133685.135387	-0.060000	0.770000	0.570000	192.000000	0.000000	0.000000	0.000000	0.000000	0.000000	0.000000	0.000000	0.000000	0.000000	1733433162.963776	0.000000
168.000000	88276.091311	19629.123167	187500.000000	187500.000000	86885.343419	102456.395621	111721.350160	133677.915773	-0.060000	0.770000	0.570000	192.000000	0.000000	0.000000	0.000000	0.000000	0.000000	0.000000	0.000000	0.000000	0.000000	1733433162.966761	0.000000
169.000000	88280.382845	19633.526460	187500.000000	187500.000000	86894.150006	102469.851371	111731.475500	133654.714662	-0.060000	0.770000	0.570000	192.000000	0.000000	0.000000	0.000000	0.000000	0.000000	0.000000	0.000000	0.000000	0.000000	1733433162.970773	0.000000
170.000000	88281.411026	19639.315562	187500.000000	187500.000000	86897.994506	102450.718278	111733.397750	133637.995558	-0.060000	0.770000	0.570000	192.000000	0.000000	0.000000	0.000000	0.000000	0.000000	0.000000	0.000000	0.000000	0.000000	1733433162.974861	0.000000
171.000000	88284.182642	19650.692600	187500.000000	187500.000000	86902.353096	102449.980670	111726.558116	133645.237523	-0.060000	0.770000	0.570000	192.000000	0.000000	0.000000	0.000000	0.000000	0.000000	0.000000	0.000000	0.000000	0.000000	1733433162.980064	0.000000
172.000000	88281.746302	19651.609022	187500.000000	187500.000000	86889.746712	102447.410220	111720.679607	133656.279285	-0.058000	0.772000	0.566000	192.000000	254.000000	48.000000	24.000000	32.000000	17.000000	176.000000	0.000000	0.000000	0.000000	1733433162.984012	0.000000
173.000000	88271.352741	19629.749016	187500.000000	187500.000000	86875.173375	102439.788275	111712.744738	133633.793430	-0.058000	0.772000	0.566000	192.000000	0.000000	0.000000	0.000000	0.000000	0.000000	0.000000	0.000000	0.000000	0.000000	1733433162.988169	0.000000
174.000000	88274.258467	19630.419568	187500.000000	187500.000000	86871.820613	102436.100237	111708.274389	133637.950854	-0.058000	0.772000	0.566000	192.000000	0.000000	0.000000	0.000000	0.000000	0.000000	0.000000	0.000000	0.000000	0.000000	1733433162.990876	0.000000
175.000000	88271.933886	19620.316579	187500.000000	187500.000000	86862.209363	102427.964202	111712.923552	133638.196723	-0.058000	0.772000	0.566000	192.000000	0.000000	0.000000	0.000000	0.000000	0.000000	0.000000	0.000000	0.000000	0.000000	1733433162.994821	0.000000
176.000000	88267.351778	19617.589667	187500.000000	187500.000000	86855.995578	102435.653202	111715.203430	133642.130630	-0.058000	0.772000	0.566000	192.000000	0.000000	0.000000	0.000000	0.000000	0.000000	0.000000	0.000000	0.000000	0.000000	1733433162.998790	0.000000
177.000000	88276.828918	19631.537155	187500.000000	187500.000000	86868.534907	102438.849501	111721.305456	133639.694290	-0.058000	0.772000	0.566000	192.000000	0.000000	0.000000	0.000000	0.000000	0.000000	0.000000	0.000000	0.000000	0.000000	1733433163.002833	0.000000
178.000000	88281.299267	19646.199899	187500.000000	187500.000000	86868.959590	102440.525882	111725.082901	133642.287092	-0.058000	0.772000	0.566000	192.000000	0.000000	0.000000	0.000000	0.000000	0.000000	0.000000	0.000000	0.000000	0.000000	1733433163.007095	0.000000
179.000000	88278.818223	19638.220327	187500.000000	187500.000000	86860.287113	102445.331507	111730.693189	133627.736107	-0.058000	0.772000	0.566000	192.000000	0.000000	0.000000	0.000000	0.000000	0.000000	0.000000	0.000000	0.000000	0.000000	1733433163.011816	0.000000
180.000000	88278.259430	19637.102739	187500.000000	187500.000000	86866.344436	102455.948586	111737.622230	133648.322063	-0.058000	0.772000	0.566000	192.000000	0.000000	0.000000	0.000000	0.000000	0.000000	0.000000	0.000000	0.000000	0.000000	1733433163.015824	0.000000
181.000000	88276.337180	19639.114396	187500.000000	187500.000000	86871.239468	102471.371290	111741.869061	133646.019834	-0.058000	0.772000	0.566000	192.000000	0.000000	0.000000	0.000000	0.000000	0.000000	0.000000	0.000000	0.000000	0.000000	1733433163.018858	0.000000
182.000000	88265.764805	19626.508013	187500.000000	187500.000000	86868.557259	102461.648281	111734.872965	133654.938180	-0.070000	0.770000	0.568000	192.000000	253.000000	208.000000	24.000000	16.000000	17.000000	192.000000	0.000000	0.000000	0.000000	1733433163.023522	0.000000
183.000000	88268.379959	19633.928792	187500.000000	187500.000000	86857.649607	102434.401504	111728.413311	133663.163622	-0.070000	0.770000	0.568000	192.000000	0.000000	0.000000	0.000000	0.000000	0.000000	0.000000	0.000000	0.000000	0.000000	1733433163.027351	0.000000
184.000000	88270.101043	19641.573088	187500.000000	187500.000000	86858.968360	102438.469522	111733.777730	133663.387139	-0.070000	0.770000	0.568000	192.000000	0.000000	0.000000	0.000000	0.000000	0.000000	0.000000	0.000000	0.000000	0.000000	1733433163.030975	0.000000
185.000000	88271.039816	19638.555603	187500.000000	187500.000000	86857.537849	102449.488932	111730.894355	133623.176351	-0.070000	0.770000	0.568000	192.000000	0.000000	0.000000	0.000000	0.000000	0.000000	0.000000	0.000000	0.000000	0.000000	1733433163.035079	0.000000
186.000000	88267.999979	19629.078463	187500.000000	187500.000000	86850.877029	102433.753304	111717.013921	133602.344525	-0.070000	0.770000	0.568000	192.000000	0.000000	0.000000	0.000000	0.000000	0.000000	0.000000	0.000000	0.000000	0.000000	1733433163.040193	0.000000
187.000000	88261.897953	19624.697521	187500.000000	187500.000000	86841.690462	102414.106120	111707.939113	133615.509703	-0.070000	0.770000	0.568000	192.000000	0.000000	0.000000	0.000000	0.000000	0.000000	0.000000	0.000000	0.000000	0.000000	1733433163.043902	0.000000
188.000000	88263.037892	19632.587687	187500.000000	187500.000000	86841.958683	102418.509414	111711.425985	133618.750706	-0.070000	0.770000	0.568000	192.000000	0.000000	0.000000	0.000000	0.000000	0.000000	0.000000	0.000000	0.000000	0.000000	1733433163.046889	0.000000
189.000000	88274.370226	19626.485661	187500.000000	187500.000000	86847.188991	102443.476313	111722.847727	133639.202552	-0.070000	0.770000	0.568000	192.000000	0.000000	0.000000	0.000000	0.000000	0.000000	0.000000	0.000000	0.000000	0.000000	1733433163.050884	0.000000
190.000000	88269.408139	19621.858850	187500.000000	187500.000000	86839.611750	102432.523958	111717.125680	133641.929465	-0.070000	0.770000	0.568000	192.000000	0.000000	0.000000	0.000000	0.000000	0.000000	0.000000	0.000000	0.000000	0.000000	1733433163.054928	0.000000
191.000000	88261.115642	19616.315617	187500.000000	187500.000000	86833.532075	102424.544385	111709.928418	133615.308537	-0.070000	0.770000	0.568000	192.000000	0.000000	0.000000	0.000000	0.000000	0.000000	0.000000	0.000000	0.000000	0.000000	1733433163.058959	0.000000
192.000000	88269.184621	19625.680998	187500.000000	187500.000000	86842.875104	102414.620210	111721.976009	133636.587398	-0.066000	0.776000	0.570000	192.000000	253.000000	240.000000	24.000000	64.000000	17.000000	208.000000	0.000000	0.000000	0.000000	1733433163.062984	0.000000
193.000000	88270.570430	19635.292248	187500.000000	187500.000000	86839.187066	102419.984629	111709.146107	133621.567025	-0.066000	0.776000	0.570000	192.000000	0.000000	0.000000	0.000000	0.000000	0.000000	0.000000	0.000000	0.000000	0.000000	1733433163.068071	0.000000
194.000000	88265.384825	19633.481757	187500.000000	187500.000000	86837.421279	102432.859234	111715.873982	133632.809953	-0.066000	0.776000	0.570000	192.000000	0.000000	0.000000	0.000000	0.000000	0.000000	0.000000	0.000000	0.000000	0.000000	1733433163.072115	0.000000
195.000000	88267.508241	19625.301018	187500.000000	187500.000000	86841.288130	102437.910728	111736.437587	133635.402755	-0.066000	0.776000	0.570000	192.000000	0.000000	0.000000	0.000000	0.000000	0.000000	0.000000	0.000000	0.000000	0.000000	1733433163.075143	0.000000
196.000000	88270.972761	19625.345722	187500.000000	187500.000000	86848.664206	102445.197397	111745.154768	133610.771133	-0.066000	0.776000	0.570000	192.000000	0.000000	0.000000	0.000000	0.000000	0.000000	0.000000	0.000000	0.000000	0.000000	1733433163.078978	0.000000
197.000000	88266.368302	19612.940504	187500.000000	187500.000000	86848.083061	102453.467542	111744.148939	133618.795409	-0.066000	0.776000	0.570000	192.000000	0.000000	0.000000	0.000000	0.000000	0.000000	0.000000	0.000000	0.000000	0.000000	1733433163.082952	0.000000
198.000000	88263.060243	19609.140707	187500.000000	187500.000000	86852.933389	102457.401449	111746.250003	133627.870217	-0.066000	0.776000	0.570000	192.000000	0.000000	0.000000	0.000000	0.000000	0.000000	0.000000	0.000000	0.000000	0.000000	1733433163.086912	0.000000
199.000000	88265.161307	19622.954085	187500.000000	187500.000000	86855.973227	102456.999118	111742.584317	133636.006252	-0.066000	0.776000	0.570000	192.000000	0.000000	0.000000	0.000000	0.000000	0.000000	0.000000	0.000000	0.000000	0.000000	1733433163.091044	0.000000
200.000000	88267.441185	19626.016274	187500.000000	187500.000000	86851.681692	102432.211033	111727.742759	133625.836209	-0.066000	0.776000	0.570000	192.000000	0.000000	0.000000	0.000000	0.000000	0.000000	0.000000	0.000000	0.000000	0.000000	1733433163.094937	0.000000
201.000000	88261.450918	19624.116376	187500.000000	187500.000000	86846.496087	102427.874795	111730.089692	133624.182179	-0.066000	0.776000	0.570000	192.000000	0.000000	0.000000	0.000000	0.000000	0.000000	0.000000	0.000000	0.000000	0.000000	1733433163.099974	0.000000
202.000000	88269.475194	19631.201879	187500.000000	187500.000000	86849.580628	102435.072057	111739.633887	133627.847866	-0.066000	0.774000	0.576000	192.000000	253.000000	240.000000	24.000000	48.000000	18.000000	0.000000	0.000000	0.000000	0.000000	1733433163.103257	0.000000
203.000000	88265.027197	19628.832594	187500.000000	187500.000000	86843.299787	102422.912708	111727.318076	133620.874121	-0.066000	0.774000	0.576000	192.000000	0.000000	0.000000	0.000000	0.000000	0.000000	0.000000	0.000000	0.000000	0.000000	1733433163.107117	0.000000
204.000000	88267.843517	19633.593516	187500.000000	187500.000000	86839.947026	102419.895222	111722.646561	133612.223996	-0.066000	0.774000	0.576000	192.000000	0.000000	0.000000	0.000000	0.000000	0.000000	0.000000	0.000000	0.000000	0.000000	1733433163.110975	0.000000
205.000000	88268.894049	19628.765539	187500.000000	187500.000000	86851.502878	102433.842711	111729.396788	133638.576703	-0.066000	0.774000	0.576000	192.000000	0.000000	0.000000	0.000000	0.000000	0.000000	0.000000	0.000000	0.000000	0.000000	1733433163.115236	0.000000
206.000000	88259.372206	19615.086271	187500.000000	187500.000000	86856.777889	102428.500644	111726.401654	133640.253084	-0.066000	0.774000	0.576000	192.000000	0.000000	0.000000	0.000000	0.000000	0.000000	0.000000	0.000000	0.000000	0.000000	1733433163.119168	0.000000
207.000000	88252.532572	19609.565390	187500.000000	187500.000000	86856.442613	102431.205205	111727.563945	133614.660336	-0.066000	0.774000	0.576000	192.000000	0.000000	0.000000	0.000000	0.000000	0.000000	0.000000	0.000000	0.000000	0.000000	1733433163.124190	0.000000
208.000000	88260.534496	19623.803452	187500.000000	187500.000000	86859.616561	102435.876719	111733.062474	133650.959569	-0.066000	0.774000	0.576000	192.000000	0.000000	0.000000	0.000000	0.000000	0.000000	0.000000	0.000000	0.000000	0.000000	1733433163.127032	0.000000
209.000000	88249.179810	19617.232039	187500.000000	187500.000000	86844.819706	102406.372417	111714.041139	133625.277415	-0.066000	0.774000	0.576000	192.000000	0.000000	0.000000	0.000000	0.000000	0.000000	0.000000	0.000000	0.000000	0.000000	1733433163.130980	0.000000
210.000000	88244.530647	19611.152364	187500.000000	187500.000000	86853.156907	102408.518184	111722.355988	133596.622479	-0.066000	0.774000	0.576000	192.000000	0.000000	0.000000	0.000000	0.000000	0.000000	0.000000	0.000000	0.000000	0.000000	1733433163.134976	0.000000
211.000000	88254.030139	19618.707254	187500.000000	187500.000000	86861.427052	102412.072112	111720.634904	133590.542804	-0.066000	0.774000	0.576000	192.000000	0.000000	0.000000	0.000000	0.000000	0.000000	0.000000	0.000000	0.000000	0.000000	1733433163.139239	0.000000
212.000000	88258.701653	19632.297114	187500.000000	187500.000000	86859.638913	102400.583315	111710.777785	133591.705095	-0.070000	0.776000	0.576000	192.000000	253.000000	208.000000	24.000000	64.000000	18.000000	0.000000	0.000000	0.000000	0.000000	1733433163.143129	0.000000
213.000000	88245.424717	19604.469193	187500.000000	187500.000000	86860.689445	102412.630905	111708.274389	133589.648734	-0.070000	0.776000	0.576000	192.000000	0.000000	0.000000	0.000000	0.000000	0.000000	0.000000	0.000000	0.000000	0.000000	1733433163.147075	0.000000
214.000000	88239.166229	19598.434222	187500.000000	187500.000000	86869.339570	102409.680475	111717.997398	133593.940269	-0.070000	0.776000	0.576000	192.000000	0.000000	0.000000	0.000000	0.000000	0.000000	0.000000	0.000000	0.000000	0.000000	1733433163.152261	0.000000
215.000000	88237.892179	19600.334120	187500.000000	187500.000000	86866.992637	102401.052702	111726.267544	133604.512644	-0.070000	0.776000	0.576000	192.000000	0.000000	0.000000	0.000000	0.000000	0.000000	0.000000	0.000000	0.000000	0.000000	1733433163.155189	0.000000
216.000000	88244.262426	19605.430318	187500.000000	187500.000000	86871.753558	102407.221783	111733.554212	133612.894549	-0.070000	0.776000	0.576000	192.000000	0.000000	0.000000	0.000000	0.000000	0.000000	0.000000	0.000000	0.000000	0.000000	1733433163.160032	0.000000
217.000000	88242.206066	19598.925960	187500.000000	187500.000000	86869.361921	102403.287876	111732.838956	133614.302708	-0.070000	0.776000	0.576000	192.000000	0.000000	0.000000	0.000000	0.000000	0.000000	0.000000	0.000000	0.000000	0.000000	1733433163.163061	0.000000
218.000000	88240.842610	19593.069803	187500.000000	187500.000000	86862.142308	102387.105213	111725.015846	133645.282226	-0.070000	0.776000	0.576000	192.000000	0.000000	0.000000	0.000000	0.000000	0.000000	0.000000	0.000000	0.000000	0.000000	1733433163.167033	0.000000
219.000000	88237.847476	19599.820030	187500.000000	187500.000000	86861.382349	102392.536687	111732.704846	133651.831287	-0.070000	0.776000	0.576000	192.000000	0.000000	0.000000	0.000000	0.000000	0.000000	0.000000	0.000000	0.000000	0.000000	1733433163.171044	0.000000
220.000000	88227.677432	19591.549884	187500.000000	187500.000000	86855.906171	102402.773786	111727.943924	133638.979034	-0.070000	0.776000	0.576000	192.000000	0.000000	0.000000	0.000000	0.000000	0.000000	0.000000	0.000000	0.000000	0.000000	1733433163.175122	0.000000
221.000000	88244.575351	19615.309789	187500.000000	187500.000000	86865.048035	102409.792234	111730.693189	133614.123894	-0.070000	0.776000	0.576000	192.000000	0.000000	0.000000	0.000000	0.000000	0.000000	0.000000	0.000000	0.000000	0.000000	1733433163.179132	0.000000
222.000000	88248.576313	19603.530419	187500.000000	187500.000000	86866.679712	102421.526900	111731.743721	133602.277470	-0.070000	0.774000	0.574000	192.000000	253.000000	208.000000	24.000000	48.000000	17.000000	240.000000	0.000000	0.000000	0.000000	1733433163.183194	0.000000
223.000000	88250.587970	19600.602341	187500.000000	187500.000000	86868.780776	102432.859234	111742.919593	133617.722525	-0.070000	0.774000	0.574000	192.000000	0.000000	0.000000	0.000000	0.000000	0.000000	0.000000	0.000000	0.000000	0.000000	1733433163.186312	0.000000
224.000000	88251.012653	19607.687844	187500.000000	187500.000000	86865.159794	102404.696036	111738.896279	133622.394040	-0.070000	0.774000	0.574000	192.000000	0.000000	0.000000	0.000000	0.000000	0.000000	0.000000	0.000000	0.000000	0.000000	1733433163.191230	0.000000
225.000000	88247.101098	19603.128088	187500.000000	187500.000000	86866.255029	102410.395731	111738.181023	133645.773965	-0.070000	0.774000	0.574000	192.000000	0.000000	0.000000	0.000000	0.000000	0.000000	0.000000	0.000000	0.000000	0.000000	1733433163.195085	0.000000
226.000000	88245.044737	19599.596512	187500.000000	187500.000000	86861.784680	102413.033237	111730.559079	133661.621351	-0.070000	0.774000	0.574000	192.000000	0.000000	0.000000	0.000000	0.000000	0.000000	0.000000	0.000000	0.000000	0.000000	1733433163.199152	0.000000
227.000000	88245.067089	19605.050338	187500.000000	187500.000000	86864.645703	102408.965219	111714.175250	133598.254156	-0.070000	0.774000	0.574000	192.000000	0.000000	0.000000	0.000000	0.000000	0.000000	0.000000	0.000000	0.000000	0.000000	1733433163.203140	0.000000
228.000000	88252.286703	19627.133861	187500.000000	187500.000000	86871.373578	102406.841803	111721.573677	133596.980106	-0.070000	0.774000	0.574000	192.000000	0.000000	0.000000	0.000000	0.000000	0.000000	0.000000	0.000000	0.000000	0.000000	1733433163.207406	0.000000
229.000000	88250.140935	19628.027931	187500.000000	187500.000000	86872.088834	102406.215955	111731.006113	133594.454359	-0.070000	0.774000	0.574000	192.000000	0.000000	0.000000	0.000000	0.000000	0.000000	0.000000	0.000000	0.000000	0.000000	1733433163.211145	0.000000
230.000000	88250.029176	19621.992960	187500.000000	187500.000000	86870.680674	102406.171251	111732.794253	133605.317307	-0.070000	0.774000	0.574000	192.000000	0.000000	0.000000	0.000000	0.000000	0.000000	0.000000	0.000000	0.000000	0.000000	1733433163.214128	0.000000
231.000000	88243.524819	19610.705329	187500.000000	187500.000000	86868.199631	102409.881641	111734.761206	133634.955720	-0.070000	0.774000	0.574000	192.000000	0.000000	0.000000	0.000000	0.000000	0.000000	0.000000	0.000000	0.000000	0.000000	1733433163.219404	0.000000
232.000000	88231.343118	19592.890989	187500.000000	187500.000000	86850.899381	102386.747585	111720.813718	133632.474677	-0.064000	0.774000	0.576000	192.000000	254.000000	0.000000	24.000000	48.000000	18.000000	0.000000	0.000000	0.000000	0.000000	1733433163.223663	0.000000
233.000000	88240.507333	19606.883181	187500.000000	187500.000000	86849.826497	102389.496850	111718.332674	133600.802255	-0.064000	0.774000	0.576000	192.000000	0.000000	0.000000	0.000000	0.000000	0.000000	0.000000	0.000000	0.000000	0.000000	1733433163.227474	0.000000
234.000000	88241.960197	19610.906495	187500.000000	187500.000000	86856.375558	102402.706731	111715.784575	133608.200682	-0.064000	0.774000	0.576000	192.000000	0.000000	0.000000	0.000000	0.000000	0.000000	0.000000	0.000000	0.000000	0.000000	1733433163.231214	0.000000
235.000000	88244.709461	19614.236905	187500.000000	187500.000000	86854.252142	102401.253867	111719.562020	133617.029621	-0.064000	0.774000	0.576000	192.000000	0.000000	0.000000	0.000000	0.000000	0.000000	0.000000	0.000000	0.000000	0.000000	1733433163.235160	0.000000
236.000000	88244.932979	19616.181507	187500.000000	187500.000000	86859.236581	102393.922495	111714.488174	133596.801293	-0.064000	0.774000	0.576000	192.000000	0.000000	0.000000	0.000000	0.000000	0.000000	0.000000	0.000000	0.000000	0.000000	1733433163.239171	0.000000
237.000000	88241.803735	19609.028948	187500.000000	187500.000000	86863.192840	102394.995379	111711.269523	133594.275545	-0.064000	0.774000	0.576000	192.000000	0.000000	0.000000	0.000000	0.000000	0.000000	0.000000	0.000000	0.000000	0.000000	1733433163.242199	0.000000
238.000000	88244.262426	19613.946332	187500.000000	187500.000000	86872.804090	102414.530804	111728.390959	133607.507778	-0.064000	0.774000	0.576000	192.000000	0.000000	0.000000	0.000000	0.000000	0.000000	0.000000	0.000000	0.000000	0.000000	1733433163.247199	0.000000
239.000000	88249.559790	19613.409890	187500.000000	187500.000000	86885.611640	102412.675609	111742.025523	133634.933369	-0.064000	0.774000	0.576000	192.000000	0.000000	0.000000	0.000000	0.000000	0.000000	0.000000	0.000000	0.000000	0.000000	1733433163.251223	0.000000
240.000000	88243.033080	19616.114451	187500.000000	187500.000000	86879.867241	102406.439472	111734.515337	133609.072400	-0.064000	0.774000	0.576000	192.000000	0.000000	0.000000	0.000000	0.000000	0.000000	0.000000	0.000000	0.000000	0.000000	1733433163.255394	0.000000
241.000000	88250.006825	19618.707254	187500.000000	187500.000000	86882.996486	102411.647428	111729.620305	133614.839150	-0.064000	0.774000	0.576000	192.000000	0.000000	0.000000	0.000000	0.000000	0.000000	0.000000	0.000000	0.000000	0.000000	1733433163.259366	0.000000
242.000000	88264.490755	19626.217440	187500.000000	187500.000000	86899.425018	102447.097295	111745.087712	133647.651511	-0.062000	0.772000	0.570000	192.000000	254.000000	16.000000	24.000000	32.000000	17.000000	208.000000	0.000000	0.000000	0.000000	1733433163.263456	0.000000
243.000000	88280.963991	19639.874356	187500.000000	187500.000000	86914.512445	102446.985536	111765.293689	133663.051863	-0.062000	0.772000	0.570000	192.000000	0.000000	0.000000	0.000000	0.000000	0.000000	0.000000	0.000000	0.000000	0.000000	1733433163.266566	0.000000
244.000000	88282.349799	19633.817033	187500.000000	187500.000000	86916.725268	102440.682345	111764.109047	133660.369654	-0.062000	0.772000	0.570000	192.000000	0.000000	0.000000	0.000000	0.000000	0.000000	0.000000	0.000000	0.000000	0.000000	1733433163.270224	0.000000
245.000000	88271.799776	19625.345722	187500.000000	187500.000000	86894.105303	102434.110932	111752.754361	133682.184956	-0.062000	0.772000	0.570000	192.000000	0.000000	0.000000	0.000000	0.000000	0.000000	0.000000	0.000000	0.000000	0.000000	1733433163.274334	0.000000
246.000000	88248.732775	19605.564428	187500.000000	187500.000000	86868.646666	102401.678550	111717.840936	133620.695307	-0.062000	0.772000	0.570000	192.000000	0.000000	0.000000	0.000000	0.000000	0.000000	0.000000	0.000000	0.000000	0.000000	1733433163.279250	0.000000
247.000000	88241.021423	19596.802544	187500.000000	187500.000000	86864.913924	102406.260658	111722.981837	133608.625365	-0.062000	0.772000	0.570000	192.000000	0.000000	0.000000	0.000000	0.000000	0.000000	0.000000	0.000000	0.000000	0.000000	1733433163.283231	0.000000
248.000000	88236.707537	19590.812277	187500.000000	187500.000000	86864.936276	102402.684379	111716.186907	133620.874121	-0.062000	0.772000	0.570000	192.000000	0.000000	0.000000	0.000000	0.000000	0.000000	0.000000	0.000000	0.000000	0.000000	1733433163.287234	0.000000
249.000000	88250.610322	19610.213591	187500.000000	187500.000000	86870.524212	102416.385998	111720.746663	133617.901339	-0.062000	0.772000	0.570000	192.000000	0.000000	0.000000	0.000000	0.000000	0.000000	0.000000	0.000000	0.000000	0.000000	1733433163.290488	0.000000
250.000000	88251.638502	19611.487640	187500.000000	187500.000000	86873.385235	102418.464711	111725.306419	133600.332868	-0.062000	0.772000	0.570000	192.000000	0.000000	0.000000	0.000000	0.000000	0.000000	0.000000	0.000000	0.000000	0.000000	1733433163.294497	0.000000
251.000000	88247.257560	19608.626617	187500.000000	187500.000000	86872.982904	102410.306324	111722.780671	133608.357144	-0.062000	0.772000	0.570000	192.000000	0.000000	0.000000	0.000000	0.000000	0.000000	0.000000	0.000000	0.000000	0.000000	1733433163.298486	0.000000
252.000000	88249.582142	19604.312730	187500.000000	187500.000000	86876.670942	102411.580373	111724.233535	133604.959679	-0.066000	0.760000	0.574000	192.000000	253.000000	240.000000	23.000000	192.000000	17.000000	240.000000	0.000000	0.000000	0.000000	1733433163.302473	0.000000
253.000000	88244.932979	19592.667471	187500.000000	187500.000000	86867.283209	102403.019655	111715.561058	133614.459171	-0.066000	0.760000	0.574000	192.000000	0.000000	0.000000	0.000000	0.000000	0.000000	0.000000	0.000000	0.000000	0.000000	1733433163.307617	0.000000
254.000000	88241.691976	19596.802544	187500.000000	187500.000000	86861.427052	102401.119757	111710.777785	133639.716642	-0.066000	0.760000	0.574000	192.000000	0.000000	0.000000	0.000000	0.000000	0.000000	0.000000	0.000000	0.000000	0.000000	1733433163.311258	0.000000
255.000000	88243.144839	19607.531382	187500.000000	187500.000000	86857.046110	102392.603742	111706.083918	133615.464999	-0.066000	0.760000	0.574000	192.000000	0.000000	0.000000	0.000000	0.000000	0.000000	0.000000	0.000000	0.000000	0.000000	1733433163.315310	0.000000
0.000000	88239.143877	19603.843344	187500.000000	187500.000000	86852.441651	102398.214030	111711.314227	133598.835301	-0.066000	0.760000	0.574000	192.000000	0.000000	0.000000	0.000000	0.000000	0.000000	0.000000	0.000000	0.000000	0.000000	1733433163.318327	0.000000
1.000000	88240.797906	19610.370053	187500.000000	187500.000000	86850.809974	102402.706731	111705.480421	133603.439761	-0.066000	0.760000	0.574000	192.000000	0.000000	0.000000	0.000000	0.000000	0.000000	0.000000	0.000000	0.000000	0.000000	1733433163.322305	0.000000
2.000000	88243.457764	19610.705329	187500.000000	187500.000000	86848.686558	102385.875867	111686.704956	133599.371743	-0.066000	0.760000	0.574000	192.000000	0.000000	0.000000	0.000000	0.000000	0.000000	0.000000	0.000000	0.000000	0.000000	1733433163.326303	0.000000
3.000000	88240.954368	19602.502239	187500.000000	187500.000000	86848.395985	102382.009015	111681.698165	133593.314420	-0.066000	0.760000	0.574000	192.000000	0.000000	0.000000	0.000000	0.000000	0.000000	0.000000	0.000000	0.000000	0.000000	1733433163.330575	0.000000
4.000000	88248.062223	19603.977454	187500.000000	187500.000000	86849.893552	102387.798117	111706.039215	133606.345487	-0.066000	0.760000	0.574000	192.000000	0.000000	0.000000	0.000000	0.000000	0.000000	0.000000	0.000000	0.000000	0.000000	1733433163.335494	0.000000
5.000000	88249.895066	19616.159155	187500.000000	187500.000000	86850.809974	102394.011902	111718.444433	133627.624348	-0.066000	0.760000	0.574000	192.000000	0.000000	0.000000	0.000000	0.000000	0.000000	0.000000	0.000000	0.000000	0.000000	1733433163.339567	0.000000
6.000000	88246.430546	19609.319521	187500.000000	187500.000000	86843.947988	102398.728120	111716.455128	133621.365860	-0.062000	0.766000	0.580000	192.000000	254.000000	16.000000	23.000000	240.000000	18.000000	32.000000	0.000000	0.000000	0.000000	1733433163.343361	0.000000
7.000000	88250.923246	19608.559562	187500.000000	187500.000000	86853.022796	102406.595934	111720.746663	133627.400831	-0.062000	0.766000	0.580000	192.000000	0.000000	0.000000	0.000000	0.000000	0.000000	0.000000	0.000000	0.000000	0.000000	1733433163.346356	0.000000
8.000000	88252.487868	19609.140707	187500.000000	187500.000000	86863.550468	102407.177080	111725.060549	133621.432915	-0.062000	0.766000	0.580000	192.000000	0.000000	0.000000	0.000000	0.000000	0.000000	0.000000	0.000000	0.000000	0.000000	1733433163.350485	0.000000
9.000000	88251.593799	19610.146536	187500.000000	187500.000000	86868.780776	102414.664914	111719.964352	133606.881929	-0.062000	0.766000	0.580000	192.000000	0.000000	0.000000	0.000000	0.000000	0.000000	0.000000	0.000000	0.000000	0.000000	1733433163.354439	0.000000
10.000000	88247.905761	19607.799602	187500.000000	187500.000000	86866.679712	102408.004094	111714.175250	133586.273621	-0.062000	0.766000	0.580000	192.000000	0.000000	0.000000	0.000000	0.000000	0.000000	0.000000	0.000000	0.000000	0.000000	1733433163.358456	0.000000
11.000000	88241.244941	19593.516838	187500.000000	187500.000000	86861.203535	102408.629943	111713.772918	133586.228917	-0.062000	0.766000	0.580000	192.000000	0.000000	0.000000	0.000000	0.000000	0.000000	0.000000	0.000000	0.000000	0.000000	1733433163.362446	0.000000
12.000000	88242.787211	19596.131992	187500.000000	187500.000000	86870.948895	102416.922440	111724.658218	133628.719584	-0.062000	0.766000	0.580000	192.000000	0.000000	0.000000	0.000000	0.000000	0.000000	0.000000	0.000000	0.000000	0.000000	1733433163.367689	0.000000
13.000000	88236.931054	19596.288454	187500.000000	187500.000000	86855.816764	102413.659085	111723.942962	133641.571837	-0.062000	0.766000	0.580000	192.000000	0.000000	0.000000	0.000000	0.000000	0.000000	0.000000	0.000000	0.000000	0.000000	1733433163.371657	0.000000
14.000000	88240.440278	19612.582876	187500.000000	187500.000000	86851.279360	102410.060455	111727.742759	133607.641889	-0.062000	0.766000	0.580000	192.000000	0.000000	0.000000	0.000000	0.000000	0.000000	0.000000	0.000000	0.000000	0.000000	1733433163.374592	0.000000
15.000000	88249.135107	19629.167870	187500.000000	187500.000000	86858.118994	102403.645504	111719.472613	133620.494142	-0.062000	0.766000	0.580000	192.000000	0.000000	0.000000	0.000000	0.000000	0.000000	0.000000	0.000000	0.000000	0.000000	1733433163.378613	0.000000
16.000000	88247.749299	19620.607152	187500.000000	187500.000000	86855.637950	102408.227612	111722.467747	133626.573816	-0.066000	0.774000	0.574000	192.000000	253.000000	240.000000	24.000000	48.000000	17.000000	240.000000	0.000000	0.000000	0.000000	1733433163.382605	0.000000
17.000000	88237.623958	19586.230169	187500.000000	187500.000000	86851.704043	102415.223708	111720.321980	133623.668089	-0.066000	0.774000	0.574000	192.000000	0.000000	0.000000	0.000000	0.000000	0.000000	0.000000	0.000000	0.000000	0.000000	1733433163.386474	0.000000
18.000000	88233.041851	19578.250596	187500.000000	187500.000000	86841.645758	102398.996341	111707.000340	133630.328909	-0.066000	0.774000	0.574000	192.000000	0.000000	0.000000	0.000000	0.000000	0.000000	0.000000	0.000000	0.000000	0.000000	1733433163.390795	0.000000
19.000000	88234.584121	19588.711213	187500.000000	187500.000000	86844.372671	102393.654274	111699.445450	133600.265813	-0.066000	0.774000	0.574000	192.000000	0.000000	0.000000	0.000000	0.000000	0.000000	0.000000	0.000000	0.000000	0.000000	1733433163.395429	0.000000
20.000000	88237.489848	19590.834628	187500.000000	187500.000000	86842.919808	102393.989550	111715.002264	133588.128816	-0.066000	0.774000	0.574000	192.000000	0.000000	0.000000	0.000000	0.000000	0.000000	0.000000	0.000000	0.000000	0.000000	1733433163.398416	0.000000
21.000000	88235.925226	19588.487695	187500.000000	187500.000000	86840.528171	102384.221838	111712.655331	133584.329019	-0.066000	0.774000	0.574000	192.000000	0.000000	0.000000	0.000000	0.000000	0.000000	0.000000	0.000000	0.000000	0.000000	1733433163.402444	0.000000
22.000000	88242.921322	19592.086326	187500.000000	187500.000000	86837.220113	102384.199486	111700.786555	133595.460188	-0.066000	0.774000	0.574000	192.000000	0.000000	0.000000	0.000000	0.000000	0.000000	0.000000	0.000000	0.000000	0.000000	1733433163.406425	0.000000
23.000000	88246.251732	19594.075631	187500.000000	187500.000000	86839.969378	102396.761167	111697.277331	133603.395057	-0.066000	0.774000	0.574000	192.000000	0.000000	0.000000	0.000000	0.000000	0.000000	0.000000	0.000000	0.000000	0.000000	1733433163.410416	0.000000
24.000000	88243.301301	19597.227227	187500.000000	187500.000000	86850.117069	102398.772824	111702.328825	133607.507778	-0.066000	0.774000	0.574000	192.000000	0.000000	0.000000	0.000000	0.000000	0.000000	0.000000	0.000000	0.000000	0.000000	1733433163.414787	0.000000
25.000000	88241.177886	19596.310806	187500.000000	187500.000000	86848.552447	102400.784481	111717.125680	133603.730333	-0.066000	0.774000	0.574000	192.000000	0.000000	0.000000	0.000000	0.000000	0.000000	0.000000	0.000000	0.000000	0.000000	1733433163.418688	0.000000
26.000000	88243.547171	19597.294283	187500.000000	187500.000000	86855.503840	102425.036123	111724.054721	133614.839150	-0.060000	0.778000	0.586000	192.000000	254.000000	32.000000	24.000000	80.000000	18.000000	80.000000	0.000000	0.000000	0.000000	1733433163.423856	0.000000
27.000000	88245.089441	19602.457536	187500.000000	187500.000000	86858.230753	102426.980725	111724.032369	133619.533017	-0.060000	0.778000	0.586000	192.000000	0.000000	0.000000	0.000000	0.000000	0.000000	0.000000	0.000000	0.000000	0.000000	1733433163.426707	0.000000
28.000000	88242.496639	19596.914303	187500.000000	187500.000000	86855.101509	102424.231461	111724.702921	133622.170522	-0.060000	0.778000	0.586000	192.000000	0.000000	0.000000	0.000000	0.000000	0.000000	0.000000	0.000000	0.000000	0.000000	1733433163.430769	0.000000
29.000000	88241.870790	19588.688861	187500.000000	187500.000000	86847.613674	102418.352952	111731.207279	133649.998444	-0.060000	0.778000	0.586000	192.000000	0.000000	0.000000	0.000000	0.000000	0.000000	0.000000	0.000000	0.000000	0.000000	1733433163.434460	0.000000
30.000000	88242.004900	19594.656777	187500.000000	187500.000000	86832.928578	102426.958373	111730.670837	133651.250142	-0.060000	0.778000	0.586000	192.000000	0.000000	0.000000	0.000000	0.000000	0.000000	0.000000	0.000000	0.000000	0.000000	1733433163.438449	0.000000
31.000000	88241.535514	19595.394384	187500.000000	187500.000000	86826.647738	102419.448187	111718.735006	133630.999462	-0.060000	0.778000	0.586000	192.000000	0.000000	0.000000	0.000000	0.000000	0.000000	0.000000	0.000000	0.000000	0.000000	1733433163.442471	0.000000
32.000000	88241.580217	19588.063012	187500.000000	187500.000000	86822.266796	102397.051739	111704.139317	133593.873214	-0.060000	0.778000	0.586000	192.000000	0.000000	0.000000	0.000000	0.000000	0.000000	0.000000	0.000000	0.000000	0.000000	1733433163.446473	0.000000
33.000000	88244.888275	19596.981358	187500.000000	187500.000000	86823.630252	102416.564812	111710.174288	133592.241537	-0.060000	0.778000	0.586000	192.000000	0.000000	0.000000	0.000000	0.000000	0.000000	0.000000	0.000000	0.000000	0.000000	1733433163.450518	0.000000
34.000000	88251.794964	19602.502239	187500.000000	187500.000000	86826.178351	102415.089597	111718.891468	133600.288165	-0.060000	0.778000	0.586000	192.000000	0.000000	0.000000	0.000000	0.000000	0.000000	0.000000	0.000000	0.000000	0.000000	1733433163.454572	0.000000
35.000000	88256.265313	19607.754899	187500.000000	187500.000000	86827.117124	102411.401559	111719.919648	133620.248272	-0.060000	0.778000	0.586000	192.000000	0.000000	0.000000	0.000000	0.000000	0.000000	0.000000	0.000000	0.000000	0.000000	1733433163.457581	0.000000
36.000000	88249.850363	19596.847248	187500.000000	187500.000000	86813.683726	102400.762129	111712.208296	133623.958662	-0.060000	0.774000	0.578000	192.000000	254.000000	32.000000	24.000000	48.000000	18.000000	16.000000	0.000000	0.000000	0.000000	1733433163.462725	0.000000
37.000000	88248.241037	19594.299149	187500.000000	187500.000000	86817.394116	102395.710635	111703.602875	133593.023848	-0.060000	0.774000	0.578000	192.000000	0.000000	0.000000	0.000000	0.000000	0.000000	0.000000	0.000000	0.000000	0.000000	1733433163.466753	0.000000
38.000000	88249.068051	19590.365242	187500.000000	187500.000000	86819.070496	102391.083824	111698.909008	133595.929574	-0.060000	0.774000	0.578000	192.000000	0.000000	0.000000	0.000000	0.000000	0.000000	0.000000	0.000000	0.000000	0.000000	1733433163.470519	0.000000
39.000000	88245.312958	19584.173809	187500.000000	187500.000000	86819.629290	102391.195582	111694.773936	133590.453397	-0.060000	0.774000	0.578000	192.000000	0.000000	0.000000	0.000000	0.000000	0.000000	0.000000	0.000000	0.000000	0.000000	1733433163.474542	0.000000
40.000000	88241.624921	19576.954195	187500.000000	187500.000000	86804.743028	102385.115908	111681.184075	133606.077266	-0.060000	0.774000	0.578000	192.000000	0.000000	0.000000	0.000000	0.000000	0.000000	0.000000	0.000000	0.000000	0.000000	1733433163.479574	0.000000
41.000000	88239.747374	19571.813294	187500.000000	187500.000000	86801.971412	102390.681492	111692.471706	133618.191912	-0.060000	0.774000	0.578000	192.000000	0.000000	0.000000	0.000000	0.000000	0.000000	0.000000	0.000000	0.000000	0.000000	1733433163.482573	0.000000
42.000000	88245.692938	19586.520742	187500.000000	187500.000000	86812.454380	102407.288838	111718.064453	133663.901229	-0.060000	0.774000	0.578000	192.000000	0.000000	0.000000	0.000000	0.000000	0.000000	0.000000	0.000000	0.000000	0.000000	1733433163.485576	0.000000
43.000000	88232.684223	19578.831742	187500.000000	187500.000000	86811.090924	102392.693149	111703.558171	133592.867385	-0.060000	0.774000	0.578000	192.000000	0.000000	0.000000	0.000000	0.000000	0.000000	0.000000	0.000000	0.000000	0.000000	1733433163.490654	0.000000
44.000000	88236.998109	19592.108678	187500.000000	187500.000000	86818.914034	102388.200449	111707.872058	133587.078284	-0.060000	0.774000	0.578000	192.000000	0.000000	0.000000	0.000000	0.000000	0.000000	0.000000	0.000000	0.000000	0.000000	1733433163.494564	0.000000
45.000000	88237.668662	19579.144666	187500.000000	187500.000000	86821.752706	102382.321940	111707.268561	133599.550557	-0.060000	0.774000	0.578000	192.000000	0.000000	0.000000	0.000000	0.000000	0.000000	0.000000	0.000000	0.000000	0.000000	1733433163.498797	0.000000
46.000000	88238.763897	19576.082477	187500.000000	187500.000000	86825.440744	102392.357873	111710.621322	133608.468903	-0.060000	0.768000	0.582000	192.000000	254.000000	32.000000	24.000000	0.000000	18.000000	48.000000	0.000000	0.000000	0.000000	1733433163.502793	0.000000
47.000000	88242.407232	19579.435239	187500.000000	187500.000000	86821.573892	102384.914742	111709.906067	133629.636005	-0.060000	0.768000	0.582000	192.000000	0.000000	0.000000	0.000000	0.000000	0.000000	0.000000	0.000000	0.000000	0.000000	1733433163.506609	0.000000
48.000000	88240.306168	19574.406096	187500.000000	187500.000000	86823.965528	102379.907951	111699.758375	133613.676860	-0.060000	0.768000	0.582000	192.000000	0.000000	0.000000	0.000000	0.000000	0.000000	0.000000	0.000000	0.000000	0.000000	1733433163.509606	0.000000
49.000000	88248.755127	19585.604320	187500.000000	187500.000000	86834.180276	102396.939981	111716.276314	133607.396019	-0.060000	0.768000	0.582000	192.000000	0.000000	0.000000	0.000000	0.000000	0.000000	0.000000	0.000000	0.000000	0.000000	1733433163.513646	0.000000
50.000000	88248.822182	19593.785059	187500.000000	187500.000000	86836.974244	102395.732986	111718.958523	133609.653546	-0.060000	0.768000	0.582000	192.000000	0.000000	0.000000	0.000000	0.000000	0.000000	0.000000	0.000000	0.000000	0.000000	1733433163.518650	0.000000
51.000000	88236.238150	19589.582931	187500.000000	187500.000000	86831.498066	102383.864210	111697.500848	133600.422275	-0.060000	0.768000	0.582000	192.000000	0.000000	0.000000	0.000000	0.000000	0.000000	0.000000	0.000000	0.000000	0.000000	1733433163.522616	0.000000
52.000000	88237.422793	19590.745221	187500.000000	187500.000000	86827.944139	102383.216010	111696.249151	133613.788618	-0.060000	0.768000	0.582000	192.000000	0.000000	0.000000	0.000000	0.000000	0.000000	0.000000	0.000000	0.000000	0.000000	1733433163.526626	0.000000
53.000000	88235.701708	19586.587797	187500.000000	187500.000000	86832.369784	102384.333597	111700.674796	133611.709906	-0.060000	0.768000	0.582000	192.000000	0.000000	0.000000	0.000000	0.000000	0.000000	0.000000	0.000000	0.000000	0.000000	1733433163.530692	0.000000
54.000000	88225.799885	19563.990183	187500.000000	187500.000000	86829.687575	102384.154783	111697.143221	133612.156941	-0.060000	0.768000	0.582000	192.000000	0.000000	0.000000	0.000000	0.000000	0.000000	0.000000	0.000000	0.000000	0.000000	1733433163.533710	0.000000
55.000000	88222.290662	19553.440160	187500.000000	187500.000000	86821.976223	102372.509524	111688.247226	133625.188008	-0.060000	0.768000	0.582000	192.000000	0.000000	0.000000	0.000000	0.000000	0.000000	0.000000	0.000000	0.000000	0.000000	1733433163.537895	0.000000
56.000000	88231.231359	19567.566462	187500.000000	187500.000000	86821.350374	102373.850629	111680.379412	133623.288110	-0.062000	0.770000	0.576000	192.000000	254.000000	16.000000	24.000000	16.000000	18.000000	0.000000	0.000000	0.000000	0.000000	1733433163.541905	0.000000
57.000000	88243.658929	19586.319576	187500.000000	187500.000000	86826.781848	102396.783518	111691.957616	133603.931499	-0.062000	0.770000	0.576000	192.000000	0.000000	0.000000	0.000000	0.000000	0.000000	0.000000	0.000000	0.000000	0.000000	1733433163.545647	0.000000
58.000000	88250.967950	19593.293320	187500.000000	187500.000000	86837.488334	102402.662027	111706.441546	133600.377572	-0.062000	0.770000	0.576000	192.000000	0.000000	0.000000	0.000000	0.000000	0.000000	0.000000	0.000000	0.000000	0.000000	1733433163.550621	0.000000
59.000000	88239.993243	19583.793829	187500.000000	187500.000000	86827.966491	102385.227667	111701.188886	133611.732258	-0.062000	0.770000	0.576000	192.000000	0.000000	0.000000	0.000000	0.000000	0.000000	0.000000	0.000000	0.000000	0.000000	1733433163.554647	0.000000
60.000000	88241.535514	19585.358451	187500.000000	187500.000000	86828.659395	102379.326806	111703.781689	133624.629214	-0.062000	0.770000	0.576000	192.000000	0.000000	0.000000	0.000000	0.000000	0.000000	0.000000	0.000000	0.000000	0.000000	1733433163.558662	0.000000
61.000000	88249.068051	19599.551809	187500.000000	187500.000000	86827.988842	102390.793251	111703.647578	133613.252176	-0.062000	0.770000	0.576000	192.000000	0.000000	0.000000	0.000000	0.000000	0.000000	0.000000	0.000000	0.000000	0.000000	1733433163.561668	0.000000
62.000000	88241.781383	19590.700518	187500.000000	187500.000000	86829.173485	102397.789347	111700.540686	133597.851825	-0.062000	0.770000	0.576000	192.000000	0.000000	0.000000	0.000000	0.000000	0.000000	0.000000	0.000000	0.000000	0.000000	1733433163.565838	0.000000
63.000000	88233.064202	19578.071782	187500.000000	187500.000000	86821.618595	102370.743736	111689.521276	133620.784714	-0.062000	0.770000	0.576000	192.000000	0.000000	0.000000	0.000000	0.000000	0.000000	0.000000	0.000000	0.000000	0.000000	1733433163.569809	0.000000
64.000000	88224.324670	19565.733619	187500.000000	187500.000000	86806.195892	102348.637861	111675.707898	133621.276453	-0.062000	0.770000	0.576000	192.000000	0.000000	0.000000	0.000000	0.000000	0.000000	0.000000	0.000000	0.000000	0.000000	1733433163.573915	0.000000
65.000000	88224.659947	19566.672393	187500.000000	187500.000000	86815.382459	102357.355041	111677.093706	133605.786694	-0.062000	0.770000	0.576000	192.000000	0.000000	0.000000	0.000000	0.000000	0.000000	0.000000	0.000000	0.000000	0.000000	1733433163.578920	0.000000
66.000000	88234.606473	19573.579082	187500.000000	187500.000000	86829.397002	102382.187829	111699.981892	133611.978127	-0.062000	0.772000	0.576000	192.000000	254.000000	16.000000	24.000000	32.000000	18.000000	0.000000	0.000000	0.000000	0.000000	1733433163.582679	0.000000
67.000000	88233.690051	19578.071782	187500.000000	187500.000000	86835.655491	102407.400597	111708.944942	133604.870272	-0.062000	0.772000	0.576000	192.000000	0.000000	0.000000	0.000000	0.000000	0.000000	0.000000	0.000000	0.000000	0.000000	1733433163.586735	0.000000
68.000000	88231.521932	19583.994995	187500.000000	187500.000000	86835.007290	102389.116870	111710.911895	133632.988767	-0.062000	0.772000	0.576000	192.000000	0.000000	0.000000	0.000000	0.000000	0.000000	0.000000	0.000000	0.000000	0.000000	1733433163.589927	0.000000
69.000000	88235.187618	19579.703460	187500.000000	187500.000000	86829.776982	102377.940998	111706.374491	133628.227845	-0.062000	0.772000	0.576000	192.000000	0.000000	0.000000	0.000000	0.000000	0.000000	0.000000	0.000000	0.000000	0.000000	1733433163.593743	0.000000
70.000000	88227.833894	19567.521759	187500.000000	187500.000000	86835.856657	102370.184943	111693.879866	133593.359124	-0.062000	0.772000	0.576000	192.000000	0.000000	0.000000	0.000000	0.000000	0.000000	0.000000	0.000000	0.000000	0.000000	1733433163.598027	0.000000
71.000000	88228.571502	19572.483846	187500.000000	187500.000000	86838.114183	102368.195637	111694.818639	133599.148226	-0.062000	0.772000	0.576000	192.000000	0.000000	0.000000	0.000000	0.000000	0.000000	0.000000	0.000000	0.000000	0.000000	1733433163.601882	0.000000
72.000000	88234.047679	19570.427486	187500.000000	187500.000000	86834.426145	102371.369585	111701.725328	133620.538845	-0.062000	0.772000	0.576000	192.000000	0.000000	0.000000	0.000000	0.000000	0.000000	0.000000	0.000000	0.000000	0.000000	1733433163.607018	0.000000
73.000000	88235.031156	19576.998899	187500.000000	187500.000000	86836.303691	102389.474498	111698.663139	133620.829418	-0.062000	0.772000	0.576000	192.000000	0.000000	0.000000	0.000000	0.000000	0.000000	0.000000	0.000000	0.000000	0.000000	1733433163.610905	0.000000
74.000000	88240.194409	19600.825858	187500.000000	187500.000000	86842.271607	102398.392844	111704.318131	133615.464999	-0.062000	0.772000	0.576000	192.000000	0.000000	0.000000	0.000000	0.000000	0.000000	0.000000	0.000000	0.000000	0.000000	1733433163.614733	0.000000
75.000000	88237.333386	19582.989166	187500.000000	187500.000000	86841.288130	102380.265579	111709.861363	133616.783752	-0.062000	0.772000	0.576000	192.000000	0.000000	0.000000	0.000000	0.000000	0.000000	0.000000	0.000000	0.000000	0.000000	1733433163.617762	0.000000
76.000000	88237.802772	19576.909492	187500.000000	187500.000000	86843.947988	102375.549361	111712.454166	133620.628252	-0.062000	0.772000	0.576000	192.000000	0.000000	0.000000	0.000000	0.000000	0.000000	0.000000	0.000000	0.000000	0.000000	1733433163.621803	0.000000
77.000000	88241.043775	19575.724849	187500.000000	187500.000000	86846.563142	102389.675664	111718.533840	133625.299767	-0.066000	0.762000	0.582000	192.000000	253.000000	240.000000	23.000000	208.000000	18.000000	48.000000	0.000000	0.000000	0.000000	1733433163.625824	0.000000
78.000000	88248.576313	19580.306957	187500.000000	187500.000000	86862.075253	102400.784481	111729.307381	133609.541787	-0.066000	0.762000	0.582000	192.000000	0.000000	0.000000	0.000000	0.000000	0.000000	0.000000	0.000000	0.000000	0.000000	1733433163.629813	0.000000
79.000000	88252.085537	19584.062050	187500.000000	187500.000000	86862.477584	102398.012864	111737.577526	133633.771078	-0.066000	0.762000	0.582000	192.000000	0.000000	0.000000	0.000000	0.000000	0.000000	0.000000	0.000000	0.000000	0.000000	1733433163.634977	0.000000
80.000000	88237.266330	19573.467323	187500.000000	187500.000000	86853.983921	102400.113928	111724.412349	133618.191912	-0.066000	0.762000	0.582000	192.000000	0.000000	0.000000	0.000000	0.000000	0.000000	0.000000	0.000000	0.000000	0.000000	1733433163.639092	0.000000
81.000000	88237.579255	19580.441067	187500.000000	187500.000000	86850.809974	102383.014844	111716.008093	133616.470828	-0.066000	0.762000	0.582000	192.000000	0.000000	0.000000	0.000000	0.000000	0.000000	0.000000	0.000000	0.000000	0.000000	1733433163.642034	0.000000
82.000000	88237.221627	19575.344870	187500.000000	187500.000000	86840.684633	102371.123716	111710.777785	133624.606863	-0.066000	0.762000	0.582000	192.000000	0.000000	0.000000	0.000000	0.000000	0.000000	0.000000	0.000000	0.000000	0.000000	1733433163.646066	0.000000
83.000000	88238.652139	19575.926015	187500.000000	187500.000000	86842.405718	102371.749565	111717.103328	133623.355165	-0.066000	0.762000	0.582000	192.000000	0.000000	0.000000	0.000000	0.000000	0.000000	0.000000	0.000000	0.000000	0.000000	1733433163.649784	0.000000
84.000000	88240.730851	19583.056221	187500.000000	187500.000000	86846.093755	102370.095536	111713.683511	133614.079191	-0.066000	0.762000	0.582000	192.000000	0.000000	0.000000	0.000000	0.000000	0.000000	0.000000	0.000000	0.000000	0.000000	1733433163.653790	0.000000
85.000000	88243.502467	19583.972643	187500.000000	187500.000000	86845.892590	102377.672777	111709.660197	133621.432915	-0.066000	0.762000	0.582000	192.000000	0.000000	0.000000	0.000000	0.000000	0.000000	0.000000	0.000000	0.000000	0.000000	1733433163.657849	0.000000
86.000000	88242.742508	19578.138838	187500.000000	187500.000000	86852.486354	102393.520164	111716.097500	133598.857653	-0.066000	0.762000	0.582000	192.000000	0.000000	0.000000	0.000000	0.000000	0.000000	0.000000	0.000000	0.000000	0.000000	1733433163.661846	0.000000
87.000000	88237.400441	19575.702497	187500.000000	187500.000000	86845.467907	102411.468615	111724.054721	133599.863482	-0.070000	0.764000	0.584000	192.000000	253.000000	208.000000	23.000000	224.000000	18.000000	64.000000	0.000000	0.000000	0.000000	1733433163.666892	0.000000
88.000000	88244.731813	19581.670413	187500.000000	187500.000000	86851.122898	102423.627963	111734.269468	133603.260947	-0.070000	0.764000	0.584000	192.000000	0.000000	0.000000	0.000000	0.000000	0.000000	0.000000	0.000000	0.000000	0.000000	1733433163.670034	0.000000
89.000000	88248.062223	19586.408983	187500.000000	187500.000000	86848.798317	102409.121681	111737.733988	133607.731296	-0.070000	0.764000	0.584000	192.000000	0.000000	0.000000	0.000000	0.000000	0.000000	0.000000	0.000000	0.000000	0.000000	1733433163.674065	0.000000
90.000000	88248.352796	19581.379841	187500.000000	187500.000000	86848.775965	102398.169327	111734.560041	133616.247310	-0.070000	0.764000	0.584000	192.000000	0.000000	0.000000	0.000000	0.000000	0.000000	0.000000	0.000000	0.000000	0.000000	1733433163.678066	0.000000
91.000000	88248.933941	19577.401230	187500.000000	187500.000000	86849.066538	102402.639675	111735.387055	133631.178275	-0.070000	0.764000	0.584000	192.000000	0.000000	0.000000	0.000000	0.000000	0.000000	0.000000	0.000000	0.000000	0.000000	1733433163.681963	0.000000
92.000000	88242.586046	19579.815218	187500.000000	187500.000000	86846.429032	102410.574545	111736.325829	133627.870217	-0.070000	0.764000	0.584000	192.000000	0.000000	0.000000	0.000000	0.000000	0.000000	0.000000	0.000000	0.000000	0.000000	1733433163.685865	0.000000
93.000000	88237.623958	19577.468285	187500.000000	187500.000000	86840.349357	102406.573582	111729.217974	133623.869255	-0.070000	0.764000	0.584000	192.000000	0.000000	0.000000	0.000000	0.000000	0.000000	0.000000	0.000000	0.000000	0.000000	1733433163.690106	0.000000
94.000000	88233.131258	19571.478018	187500.000000	187500.000000	86823.742011	102385.920571	111704.541648	133632.720546	-0.070000	0.764000	0.584000	192.000000	0.000000	0.000000	0.000000	0.000000	0.000000	0.000000	0.000000	0.000000	0.000000	1733433163.694895	0.000000
95.000000	88237.445144	19571.500369	187500.000000	187500.000000	86833.040337	102401.700902	111719.003227	133625.456229	-0.070000	0.764000	0.584000	192.000000	0.000000	0.000000	0.000000	0.000000	0.000000	0.000000	0.000000	0.000000	0.000000	1733433163.697910	0.000000
96.000000	88233.645348	19568.371125	187500.000000	187500.000000	86839.209418	102398.437547	111730.268506	133616.537883	-0.070000	0.764000	0.584000	192.000000	0.000000	0.000000	0.000000	0.000000	0.000000	0.000000	0.000000	0.000000	0.000000	1733433163.702119	0.000000
97.000000	88234.919397	19579.077611	187500.000000	187500.000000	86834.582607	102391.173231	111734.090654	133653.217096	-0.074000	0.766000	0.584000	192.000000	253.000000	176.000000	23.000000	240.000000	18.000000	64.000000	0.000000	0.000000	0.000000	1733433163.706109	0.000000
98.000000	88240.239112	19582.631538	187500.000000	187500.000000	86840.863447	102406.685341	111737.242250	133609.251214	-0.074000	0.766000	0.584000	192.000000	0.000000	0.000000	0.000000	0.000000	0.000000	0.000000	0.000000	0.000000	0.000000	1733433163.710244	0.000000
99.000000	88233.600644	19566.247710	187500.000000	187500.000000	86842.539828	102400.069225	111727.452186	133585.156034	-0.074000	0.766000	0.584000	192.000000	0.000000	0.000000	0.000000	0.000000	0.000000	0.000000	0.000000	0.000000	0.000000	1733433163.714086	0.000000
100.000000	88235.835819	19576.507160	187500.000000	187500.000000	86849.245351	102395.330655	111727.876869	133616.783752	-0.074000	0.766000	0.584000	192.000000	0.000000	0.000000	0.000000	0.000000	0.000000	0.000000	0.000000	0.000000	0.000000	1733433163.718018	0.000000
101.000000	88239.389746	19589.292358	187500.000000	187500.000000	86846.943122	102401.678550	111729.866174	133639.560180	-0.074000	0.766000	0.584000	192.000000	0.000000	0.000000	0.000000	0.000000	0.000000	0.000000	0.000000	0.000000	0.000000	1733433163.723408	0.000000
102.000000	88250.789136	19593.114506	187500.000000	187500.000000	86850.452346	102404.874850	111742.226689	133618.080153	-0.074000	0.766000	0.584000	192.000000	0.000000	0.000000	0.000000	0.000000	0.000000	0.000000	0.000000	0.000000	0.000000	1733433163.725943	0.000000
103.000000	88252.733738	19588.130067	187500.000000	187500.000000	86859.616561	102402.818489	111744.484215	133623.735145	-0.074000	0.766000	0.584000	192.000000	0.000000	0.000000	0.000000	0.000000	0.000000	0.000000	0.000000	0.000000	0.000000	1733433163.729914	0.000000
104.000000	88247.235208	19583.235035	187500.000000	187500.000000	86858.856602	102396.805870	111747.859329	133625.567988	-0.074000	0.766000	0.584000	192.000000	0.000000	0.000000	0.000000	0.000000	0.000000	0.000000	0.000000	0.000000	0.000000	1733433163.733931	0.000000
105.000000	88246.989339	19591.259312	187500.000000	187500.000000	86852.821631	102395.978856	111750.027448	133610.189987	-0.074000	0.766000	0.584000	192.000000	0.000000	0.000000	0.000000	0.000000	0.000000	0.000000	0.000000	0.000000	0.000000	1733433163.737952	0.000000
106.000000	88249.537438	19592.578065	187500.000000	187500.000000	86859.080119	102401.231516	111754.050762	133616.761400	-0.074000	0.766000	0.584000	192.000000	0.000000	0.000000	0.000000	0.000000	0.000000	0.000000	0.000000	0.000000	0.000000	1733433163.742179	0.000000
107.000000	88249.872714	19582.206855	187500.000000	187500.000000	86853.291017	102394.235420	111754.006058	133639.135497	-0.070000	0.764000	0.572000	192.000000	253.000000	208.000000	23.000000	224.000000	17.000000	224.000000	0.000000	0.000000	0.000000	1733433163.746039	0.000000
108.000000	88245.938807	19572.707364	187500.000000	187500.000000	86849.915904	102392.179059	111744.171291	133647.204476	-0.070000	0.764000	0.572000	192.000000	0.000000	0.000000	0.000000	0.000000	0.000000	0.000000	0.000000	0.000000	0.000000	1733433163.751298	0.000000
109.000000	88254.879505	19585.358451	187500.000000	187500.000000	86856.107337	102393.184888	111751.592070	133627.736107	-0.070000	0.764000	0.572000	192.000000	0.000000	0.000000	0.000000	0.000000	0.000000	0.000000	0.000000	0.000000	0.000000	1733433163.754138	0.000000
110.000000	88262.389691	19595.506143	187500.000000	187500.000000	86859.884782	102403.354931	111759.549291	133630.574778	-0.070000	0.764000	0.572000	192.000000	0.000000	0.000000	0.000000	0.000000	0.000000	0.000000	0.000000	0.000000	0.000000	1733433163.757294	0.000000
111.000000	88260.512145	19597.093117	187500.000000	187500.000000	86869.831308	102408.585239	111757.850559	133634.486334	-0.070000	0.764000	0.572000	192.000000	0.000000	0.000000	0.000000	0.000000	0.000000	0.000000	0.000000	0.000000	0.000000	1733433163.761996	0.000000
112.000000	88248.129278	19583.547960	187500.000000	187500.000000	86867.573782	102407.534707	111752.799064	133620.896473	-0.070000	0.764000	0.572000	192.000000	0.000000	0.000000	0.000000	0.000000	0.000000	0.000000	0.000000	0.000000	0.000000	1733433163.765991	0.000000
113.000000	88247.615188	19584.196160	187500.000000	187500.000000	86864.466889	102404.316056	111744.260698	133626.842037	-0.070000	0.764000	0.572000	192.000000	0.000000	0.000000	0.000000	0.000000	0.000000	0.000000	0.000000	0.000000	0.000000	1733433163.769998	0.000000
114.000000	88260.266275	19620.361283	187500.000000	187500.000000	86871.373578	102421.683362	111760.421009	133649.484354	-0.070000	0.764000	0.572000	192.000000	0.000000	0.000000	0.000000	0.000000	0.000000	0.000000	0.000000	0.000000	0.000000	1733433163.774191	0.000000
115.000000	88262.724967	19605.318559	187500.000000	187500.000000	86872.088834	102404.584277	111773.206207	133647.651511	-0.070000	0.764000	0.572000	192.000000	0.000000	0.000000	0.000000	0.000000	0.000000	0.000000	0.000000	0.000000	0.000000	1733433163.778154	0.000000
116.000000	88260.758014	19584.173809	187500.000000	187500.000000	86859.683616	102386.144088	111763.818474	133654.334683	-0.070000	0.764000	0.572000	192.000000	0.000000	0.000000	0.000000	0.000000	0.000000	0.000000	0.000000	0.000000	0.000000	1733433163.781188	0.000000
117.000000	88258.388729	19578.921149	187500.000000	187500.000000	86865.651532	102393.631922	111762.343259	133611.039354	-0.070000	0.764000	0.578000	192.000000	253.000000	208.000000	23.000000	224.000000	18.000000	16.000000	0.000000	0.000000	0.000000	1733433163.785257	0.000000
118.000000	88256.846459	19588.979434	187500.000000	187500.000000	86870.121881	102402.416158	111769.205245	133624.182179	-0.070000	0.764000	0.578000	192.000000	0.000000	0.000000	0.000000	0.000000	0.000000	0.000000	0.000000	0.000000	0.000000	1733433163.790028	0.000000
119.000000	88258.366377	19593.315672	187500.000000	187500.000000	86887.980925	102423.024466	111775.173160	133633.771078	-0.070000	0.764000	0.578000	192.000000	0.000000	0.000000	0.000000	0.000000	0.000000	0.000000	0.000000	0.000000	0.000000	1733433163.793986	0.000000
120.000000	88256.287665	19591.281663	187500.000000	187500.000000	86887.980925	102424.834958	111774.569663	133640.431898	-0.070000	0.764000	0.578000	192.000000	0.000000	0.000000	0.000000	0.000000	0.000000	0.000000	0.000000	0.000000	0.000000	1733433163.798007	0.000000
121.000000	88261.473270	19593.449783	187500.000000	187500.000000	86882.862375	102406.841803	111780.202303	133666.114052	-0.070000	0.764000	0.578000	192.000000	0.000000	0.000000	0.000000	0.000000	0.000000	0.000000	0.000000	0.000000	0.000000	1733433163.802054	0.000000
122.000000	88264.893087	19596.400213	187500.000000	187500.000000	86883.644686	102400.046873	111778.034184	133649.551409	-0.070000	0.764000	0.578000	192.000000	0.000000	0.000000	0.000000	0.000000	0.000000	0.000000	0.000000	0.000000	0.000000	1733433163.806199	0.000000
123.000000	88261.652084	19585.783134	187500.000000	187500.000000	86881.431863	102400.024521	111771.865102	133618.750706	-0.070000	0.764000	0.578000	192.000000	0.000000	0.000000	0.000000	0.000000	0.000000	0.000000	0.000000	0.000000	0.000000	1733433163.809048	0.000000
124.000000	88260.400386	19586.453687	187500.000000	187500.000000	86868.624314	102397.543478	111766.053649	133625.903264	-0.070000	0.764000	0.578000	192.000000	0.000000	0.000000	0.000000	0.000000	0.000000	0.000000	0.000000	0.000000	0.000000	1733433163.813145	0.000000
125.000000	88258.411081	19594.857942	187500.000000	187500.000000	86862.455232	102389.005111	111759.929271	133648.433822	-0.070000	0.764000	0.578000	192.000000	0.000000	0.000000	0.000000	0.000000	0.000000	0.000000	0.000000	0.000000	0.000000	1733433163.818177	0.000000
126.000000	88259.506316	19585.827838	187500.000000	187500.000000	86868.177279	102400.583315	111766.165407	133661.330779	-0.070000	0.764000	0.578000	192.000000	0.000000	0.000000	0.000000	0.000000	0.000000	0.000000	0.000000	0.000000	0.000000	1733433163.822316	0.000000
127.000000	88259.215743	19585.693727	187500.000000	187500.000000	86867.260857	102383.305417	111763.282032	133645.393985	-0.064000	0.764000	0.586000	192.000000	254.000000	0.000000	23.000000	224.000000	18.000000	80.000000	0.000000	0.000000	0.000000	1733433163.826541	0.000000
128.000000	88258.075804	19593.650948	187500.000000	187500.000000	86872.267648	102379.952655	111763.214977	133609.318269	-0.064000	0.764000	0.586000	192.000000	0.000000	0.000000	0.000000	0.000000	0.000000	0.000000	0.000000	0.000000	0.000000	1733433163.830037	0.000000
129.000000	88263.551982	19585.738431	187500.000000	187500.000000	86874.480471	102386.389957	111761.560948	133595.393133	-0.064000	0.764000	0.586000	192.000000	0.000000	0.000000	0.000000	0.000000	0.000000	0.000000	0.000000	0.000000	0.000000	1733433163.834072	0.000000
130.000000	88265.653046	19576.730678	187500.000000	187500.000000	86876.358017	102399.711597	111774.904940	133609.653546	-0.064000	0.764000	0.586000	192.000000	0.000000	0.000000	0.000000	0.000000	0.000000	0.000000	0.000000	0.000000	0.000000	1733433163.837103	0.000000
131.000000	88265.138956	19584.218512	187500.000000	187500.000000	86875.866279	102400.560963	111780.492876	133618.303671	-0.064000	0.764000	0.586000	192.000000	0.000000	0.000000	0.000000	0.000000	0.000000	0.000000	0.000000	0.000000	0.000000	1733433163.841211	0.000000
132.000000	88268.447014	19594.097983	187500.000000	187500.000000	86871.798262	102400.963295	111777.341280	133628.563121	-0.064000	0.764000	0.586000	192.000000	0.000000	0.000000	0.000000	0.000000	0.000000	0.000000	0.000000	0.000000	0.000000	1733433163.846390	0.000000
133.000000	88254.387767	19574.182579	187500.000000	187500.000000	86865.606828	102404.137242	111769.361707	133645.081061	-0.064000	0.764000	0.586000	192.000000	0.000000	0.000000	0.000000	0.000000	0.000000	0.000000	0.000000	0.000000	0.000000	1733433163.850438	0.000000
134.000000	88246.609360	19563.543148	187500.000000	187500.000000	86868.020817	102393.698978	111766.120704	133660.101433	-0.064000	0.764000	0.586000	192.000000	0.000000	0.000000	0.000000	0.000000	0.000000	0.000000	0.000000	0.000000	0.000000	1733433163.854270	0.000000
135.000000	88249.157458	19569.153436	187500.000000	187500.000000	86876.559183	102395.665931	111772.826227	133612.760438	-0.064000	0.764000	0.586000	192.000000	0.000000	0.000000	0.000000	0.000000	0.000000	0.000000	0.000000	0.000000	0.000000	1733433163.858405	0.000000
136.000000	88250.453860	19583.257387	187500.000000	187500.000000	86875.508651	102402.594972	111777.676556	133624.025717	-0.064000	0.764000	0.586000	192.000000	0.000000	0.000000	0.000000	0.000000	0.000000	0.000000	0.000000	0.000000	0.000000	1733433163.862113	0.000000
137.000000	88249.179810	19591.281663	187500.000000	187500.000000	86877.587363	102394.973027	111779.956434	133634.486334	-0.060000	0.766000	0.580000	192.000000	254.000000	32.000000	23.000000	240.000000	18.000000	32.000000	0.000000	0.000000	0.000000	1733433163.865086	0.000000
138.000000	88260.445089	19595.260274	187500.000000	187500.000000	86881.476567	102422.353914	111791.020547	133611.888720	-0.060000	0.766000	0.580000	192.000000	0.000000	0.000000	0.000000	0.000000	0.000000	0.000000	0.000000	0.000000	0.000000	1733433163.869083	0.000000
139.000000	88267.731758	19583.994995	187500.000000	187500.000000	86885.946916	102407.065321	111794.865047	133630.552427	-0.060000	0.766000	0.580000	192.000000	0.000000	0.000000	0.000000	0.000000	0.000000	0.000000	0.000000	0.000000	0.000000	1733433163.873363	0.000000
140.000000	88262.009712	19575.791904	187500.000000	187500.000000	86877.699122	102388.513373	111786.326681	133632.049994	-0.060000	0.766000	0.580000	192.000000	0.000000	0.000000	0.000000	0.000000	0.000000	0.000000	0.000000	0.000000	0.000000	1733433163.878145	0.000000
141.000000	88251.549095	19571.925053	187500.000000	187500.000000	86874.100491	102395.285952	111786.796068	133628.987805	-0.060000	0.766000	0.580000	192.000000	0.000000	0.000000	0.000000	0.000000	0.000000	0.000000	0.000000	0.000000	0.000000	1733433163.882264	0.000000
142.000000	88252.264351	19572.014460	187500.000000	187500.000000	86876.246259	102404.025484	111790.282940	133642.421203	-0.060000	0.766000	0.580000	192.000000	0.000000	0.000000	0.000000	0.000000	0.000000	0.000000	0.000000	0.000000	0.000000	1733433163.885415	0.000000
143.000000	88250.364453	19571.388611	187500.000000	187500.000000	86876.715645	102414.642562	111783.286844	133672.171375	-0.060000	0.766000	0.580000	192.000000	0.000000	0.000000	0.000000	0.000000	0.000000	0.000000	0.000000	0.000000	0.000000	1733433163.889354	0.000000
144.000000	88251.303226	19569.175788	187500.000000	187500.000000	86885.611640	102422.733894	111791.042899	133664.460023	-0.060000	0.766000	0.580000	192.000000	0.000000	0.000000	0.000000	0.000000	0.000000	0.000000	0.000000	0.000000	0.000000	1733433163.893378	0.000000
145.000000	88258.299322	19571.276852	187500.000000	187500.000000	86886.505709	102409.859289	111797.413146	133633.927540	-0.060000	0.766000	0.580000	192.000000	0.000000	0.000000	0.000000	0.000000	0.000000	0.000000	0.000000	0.000000	0.000000	1733433163.897150	0.000000
146.000000	88263.306113	19574.696669	187500.000000	187500.000000	86891.825425	102418.799987	111804.073966	133620.136514	-0.060000	0.766000	0.580000	192.000000	0.000000	0.000000	0.000000	0.000000	0.000000	0.000000	0.000000	0.000000	0.000000	1733433163.902163	0.000000
147.000000	88275.197241	19590.007614	187500.000000	187500.000000	86900.296736	102411.625077	111807.158507	133638.911979	-0.068000	0.770000	0.582000	192.000000	253.000000	224.000000	24.000000	16.000000	18.000000	48.000000	0.000000	0.000000	0.000000	1733433163.906391	0.000000
148.000000	88273.722026	19599.931788	187500.000000	187500.000000	86903.113056	102424.767902	111819.362559	133639.828401	-0.068000	0.770000	0.582000	192.000000	0.000000	0.000000	0.000000	0.000000	0.000000	0.000000	0.000000	0.000000	0.000000	1733433163.910171	0.000000
149.000000	88260.400386	19599.574161	187500.000000	187500.000000	86891.400742	102435.049705	111815.853335	133646.042186	-0.068000	0.770000	0.582000	192.000000	0.000000	0.000000	0.000000	0.000000	0.000000	0.000000	0.000000	0.000000	0.000000	1733433163.913163	0.000000
150.000000	88258.902819	19572.305032	187500.000000	187500.000000	86885.119901	102420.610478	111805.348015	133638.867276	-0.068000	0.770000	0.582000	192.000000	0.000000	0.000000	0.000000	0.000000	0.000000	0.000000	0.000000	0.000000	0.000000	1733433163.917404	0.000000
151.000000	88269.564601	19574.361393	187500.000000	187500.000000	86898.642707	102418.442359	111815.898039	133641.325967	-0.068000	0.770000	0.582000	192.000000	0.000000	0.000000	0.000000	0.000000	0.000000	0.000000	0.000000	0.000000	0.000000	1733433163.921694	0.000000
152.000000	88276.717159	19581.603358	187500.000000	187500.000000	86907.851625	102440.391772	111826.582173	133659.274418	-0.068000	0.770000	0.582000	192.000000	0.000000	0.000000	0.000000	0.000000	0.000000	0.000000	0.000000	0.000000	0.000000	1733433163.925408	0.000000
153.000000	88276.068959	19576.976547	187500.000000	187500.000000	86908.589233	102439.788275	111835.455815	133689.292811	-0.068000	0.770000	0.582000	192.000000	0.000000	0.000000	0.000000	0.000000	0.000000	0.000000	0.000000	0.000000	0.000000	1733433163.929268	0.000000
154.000000	88273.319694	19577.870617	187500.000000	187500.000000	86905.862320	102425.237289	111830.069045	133668.438633	-0.068000	0.770000	0.582000	192.000000	0.000000	0.000000	0.000000	0.000000	0.000000	0.000000	0.000000	0.000000	0.000000	1733433163.934474	0.000000
155.000000	88270.615133	19575.724849	187500.000000	187500.000000	86903.940070	102412.317981	111822.536507	133650.512534	-0.068000	0.770000	0.582000	192.000000	0.000000	0.000000	0.000000	0.000000	0.000000	0.000000	0.000000	0.000000	0.000000	1733433163.938199	0.000000
156.000000	88280.293438	19583.659718	187500.000000	187500.000000	86905.661154	102433.306269	111833.220641	133665.778776	-0.068000	0.770000	0.582000	192.000000	0.000000	0.000000	0.000000	0.000000	0.000000	0.000000	0.000000	0.000000	0.000000	1733433163.941517	0.000000
157.000000	88273.185584	19582.318614	187500.000000	187500.000000	86897.569823	102411.535670	111816.859164	133654.848773	-0.064000	0.768000	0.580000	192.000000	254.000000	0.000000	24.000000	0.000000	18.000000	32.000000	0.000000	0.000000	0.000000	1733433163.945211	0.000000
158.000000	88264.803680	19570.941576	187500.000000	187500.000000	86879.174337	102390.681492	111806.532658	133653.753537	-0.064000	0.768000	0.580000	192.000000	0.000000	0.000000	0.000000	0.000000	0.000000	0.000000	0.000000	0.000000	0.000000	1733433163.949206	0.000000
159.000000	88271.620962	19577.468285	187500.000000	187500.000000	86889.232622	102406.662989	111822.961190	133637.414412	-0.064000	0.768000	0.580000	192.000000	0.000000	0.000000	0.000000	0.000000	0.000000	0.000000	0.000000	0.000000	0.000000	1733433163.953220	0.000000
160.000000	88275.443110	19581.133971	187500.000000	187500.000000	86891.937183	102413.100292	111836.126368	133626.305595	-0.064000	0.768000	0.580000	192.000000	0.000000	0.000000	0.000000	0.000000	0.000000	0.000000	0.000000	0.000000	0.000000	1733433163.958401	0.000000
161.000000	88272.045645	19585.492562	187500.000000	187500.000000	86888.919698	102408.942867	111830.829004	133630.083040	-0.064000	0.768000	0.580000	192.000000	0.000000	0.000000	0.000000	0.000000	0.000000	0.000000	0.000000	0.000000	0.000000	1733433163.962416	0.000000
162.000000	88273.789081	19585.581968	187500.000000	187500.000000	86887.064503	102406.506527	111820.815423	133643.762308	-0.064000	0.768000	0.580000	192.000000	0.000000	0.000000	0.000000	0.000000	0.000000	0.000000	0.000000	0.000000	0.000000	1733433163.966294	0.000000
163.000000	88277.074787	19586.341928	187500.000000	187500.000000	86892.585384	102405.835975	111825.308123	133660.771985	-0.064000	0.768000	0.580000	192.000000	0.000000	0.000000	0.000000	0.000000	0.000000	0.000000	0.000000	0.000000	0.000000	1733433163.969499	0.000000
164.000000	88280.248735	19590.253483	187500.000000	187500.000000	86895.535814	102402.080882	111835.947554	133652.613598	-0.064000	0.768000	0.580000	192.000000	0.000000	0.000000	0.000000	0.000000	0.000000	0.000000	0.000000	0.000000	0.000000	1733433163.973341	0.000000
165.000000	88276.515994	19578.429410	187500.000000	187500.000000	86890.640782	102410.082806	111839.434426	133634.374575	-0.064000	0.768000	0.580000	192.000000	0.000000	0.000000	0.000000	0.000000	0.000000	0.000000	0.000000	0.000000	0.000000	1733433163.977263	0.000000
166.000000	88273.073825	19570.919224	187500.000000	187500.000000	86891.803073	102409.635771	111840.730827	133627.758459	-0.064000	0.768000	0.580000	192.000000	0.000000	0.000000	0.000000	0.000000	0.000000	0.000000	0.000000	0.000000	0.000000	1733433163.981278	0.000000
167.000000	88273.610267	19581.536303	187500.000000	187500.000000	86886.773930	102394.816565	111835.813443	133632.497028	-0.068000	0.766000	0.584000	192.000000	253.000000	224.000000	23.000000	240.000000	18.000000	64.000000	0.000000	0.000000	0.000000	1733433163.985261	0.000000
168.000000	88271.911534	19576.216588	187500.000000	187500.000000	86874.905154	102380.019710	111828.750292	133639.984863	-0.068000	0.766000	0.584000	192.000000	0.000000	0.000000	0.000000	0.000000	0.000000	0.000000	0.000000	0.000000	0.000000	1733433163.990523	0.000000
169.000000	88270.458671	19572.886178	187500.000000	187500.000000	86860.957666	102372.084841	111831.007818	133676.485261	-0.068000	0.766000	0.584000	192.000000	0.000000	0.000000	0.000000	0.000000	0.000000	0.000000	0.000000	0.000000	0.000000	1733433163.994331	0.000000
170.000000	88268.178793	19570.829817	187500.000000	187500.000000	86861.404700	102384.199486	111825.553992	133673.735997	-0.068000	0.766000	0.584000	192.000000	0.000000	0.000000	0.000000	0.000000	0.000000	0.000000	0.000000	0.000000	0.000000	1733433163.997291	0.000000
171.000000	88274.280819	19573.444971	187500.000000	187500.000000	86875.151023	102387.664007	111824.503460	133643.561142	-0.068000	0.766000	0.584000	192.000000	0.000000	0.000000	0.000000	0.000000	0.000000	0.000000	0.000000	0.000000	0.000000	1733433164.001529	0.000000
172.000000	88279.645238	19578.809390	187500.000000	187500.000000	86880.068407	102395.196545	111830.136100	133610.994650	-0.068000	0.766000	0.584000	192.000000	0.000000	0.000000	0.000000	0.000000	0.000000	0.000000	0.000000	0.000000	0.000000	1733433164.005677	0.000000
173.000000	88284.495566	19586.587797	187500.000000	187500.000000	86886.461006	102412.027408	111838.808577	133629.501895	-0.068000	0.766000	0.584000	192.000000	0.000000	0.000000	0.000000	0.000000	0.000000	0.000000	0.000000	0.000000	0.000000	1733433164.009702	0.000000
174.000000	88279.466424	19582.497428	187500.000000	187500.000000	86886.930393	102407.691170	111842.809539	133645.684558	-0.068000	0.766000	0.584000	192.000000	0.000000	0.000000	0.000000	0.000000	0.000000	0.000000	0.000000	0.000000	0.000000	1733433164.013609	0.000000
175.000000	88270.145746	19578.764686	187500.000000	187500.000000	86886.930393	102412.630905	111839.166205	133649.886686	-0.068000	0.766000	0.584000	192.000000	0.000000	0.000000	0.000000	0.000000	0.000000	0.000000	0.000000	0.000000	0.000000	1733433164.018548	0.000000
176.000000	88262.546153	19570.762762	187500.000000	187500.000000	86879.755483	102410.820414	111819.541373	133647.897380	-0.068000	0.766000	0.584000	192.000000	0.000000	0.000000	0.000000	0.000000	0.000000	0.000000	0.000000	0.000000	0.000000	1733433164.021482	0.000000
177.000000	88267.463537	19573.221454	187500.000000	187500.000000	86882.549451	102409.121681	111825.643399	133674.473604	-0.070000	0.768000	0.578000	192.000000	253.000000	208.000000	24.000000	0.000000	18.000000	16.000000	0.000000	0.000000	0.000000	1733433164.025323	0.000000
178.000000	88267.240020	19581.759820	187500.000000	187500.000000	86888.271497	102416.050722	111845.357638	133657.508630	-0.070000	0.768000	0.578000	192.000000	0.000000	0.000000	0.000000	0.000000	0.000000	0.000000	0.000000	0.000000	0.000000	1733433164.029363	0.000000
179.000000	88256.064147	19567.655869	187500.000000	187500.000000	86884.158776	102412.809719	111845.692914	133652.211267	-0.070000	0.768000	0.578000	192.000000	0.000000	0.000000	0.000000	0.000000	0.000000	0.000000	0.000000	0.000000	0.000000	1733433164.033365	0.000000
180.000000	88261.137993	19569.555768	187500.000000	187500.000000	86878.056750	102384.154783	111844.284754	133634.732203	-0.070000	0.768000	0.578000	192.000000	0.000000	0.000000	0.000000	0.000000	0.000000	0.000000	0.000000	0.000000	0.000000	1733433164.037408	0.000000
181.000000	88260.512145	19570.852169	187500.000000	187500.000000	86868.713721	102373.962387	111840.686123	133645.639854	-0.070000	0.768000	0.578000	192.000000	0.000000	0.000000	0.000000	0.000000	0.000000	0.000000	0.000000	0.000000	0.000000	1733433164.041373	0.000000
182.000000	88257.449956	19553.551919	187500.000000	187500.000000	86871.597096	102369.179114	111838.339190	133654.245276	-0.070000	0.768000	0.578000	192.000000	0.000000	0.000000	0.000000	0.000000	0.000000	0.000000	0.000000	0.000000	0.000000	1733433164.045461	0.000000
183.000000	88267.374130	19566.985317	187500.000000	187500.000000	86886.461006	102383.350120	111843.100112	133614.794447	-0.070000	0.768000	0.578000	192.000000	0.000000	0.000000	0.000000	0.000000	0.000000	0.000000	0.000000	0.000000	0.000000	1733433164.049562	0.000000
184.000000	88276.828918	19581.938634	187500.000000	187500.000000	86892.674791	102389.720367	111838.830929	133620.650604	-0.070000	0.768000	0.578000	192.000000	0.000000	0.000000	0.000000	0.000000	0.000000	0.000000	0.000000	0.000000	0.000000	1733433164.052531	0.000000
185.000000	88277.052436	19576.730678	187500.000000	187500.000000	86881.767140	102388.558076	111837.869804	133643.091755	-0.070000	0.768000	0.578000	192.000000	0.000000	0.000000	0.000000	0.000000	0.000000	0.000000	0.000000	0.000000	0.000000	1733433164.058835	0.000000
186.000000	88274.213764	19581.201027	187500.000000	187500.000000	86870.680674	102377.181039	111841.624897	133663.320084	-0.070000	0.768000	0.578000	192.000000	0.000000	0.000000	0.000000	0.000000	0.000000	0.000000	0.000000	0.000000	0.000000	1733433164.061672	0.000000
187.000000	88268.648180	19583.883236	187500.000000	187500.000000	86871.284171	102383.685396	111835.813443	133666.203459	-0.072000	0.764000	0.574000	192.000000	253.000000	192.000000	23.000000	224.000000	17.000000	240.000000	0.000000	0.000000	0.000000	1733433164.065439	0.000000
188.000000	88268.178793	19567.410000	187500.000000	187500.000000	86874.413416	102398.012864	111842.898946	133645.371633	-0.072000	0.764000	0.574000	192.000000	0.000000	0.000000	0.000000	0.000000	0.000000	0.000000	0.000000	0.000000	0.000000	1733433164.069402	0.000000
189.000000	88254.655988	19552.367276	187500.000000	187500.000000	86863.639875	102386.680530	111832.795958	133604.222072	-0.072000	0.764000	0.574000	192.000000	0.000000	0.000000	0.000000	0.000000	0.000000	0.000000	0.000000	0.000000	0.000000	1733433164.073648	0.000000
190.000000	88258.500488	19565.577157	187500.000000	187500.000000	86869.227811	102379.662082	111837.154548	133615.666165	-0.072000	0.764000	0.574000	192.000000	0.000000	0.000000	0.000000	0.000000	0.000000	0.000000	0.000000	0.000000	0.000000	1733433164.077434	0.000000
191.000000	88254.723043	19552.255518	187500.000000	187500.000000	86864.332779	102368.665024	111832.952420	133619.577720	-0.072000	0.764000	0.574000	192.000000	0.000000	0.000000	0.000000	0.000000	0.000000	0.000000	0.000000	0.000000	0.000000	1733433164.080442	0.000000
192.000000	88261.875601	19556.167073	187500.000000	187500.000000	86865.204497	102383.774803	111848.531586	133649.663168	-0.072000	0.764000	0.574000	192.000000	0.000000	0.000000	0.000000	0.000000	0.000000	0.000000	0.000000	0.000000	0.000000	1733433164.085472	0.000000
193.000000	88257.159383	19553.462512	187500.000000	187500.000000	86857.739014	102378.879771	111846.385818	133663.320084	-0.072000	0.764000	0.574000	192.000000	0.000000	0.000000	0.000000	0.000000	0.000000	0.000000	0.000000	0.000000	0.000000	1733433164.089678	0.000000
194.000000	88266.435357	19575.277814	187500.000000	187500.000000	86863.081081	102387.708710	111846.765798	133624.562159	-0.072000	0.764000	0.574000	192.000000	0.000000	0.000000	0.000000	0.000000	0.000000	0.000000	0.000000	0.000000	0.000000	1733433164.093684	0.000000
195.000000	88268.424662	19585.425506	187500.000000	187500.000000	86866.791471	102392.961370	111858.455760	133655.318159	-0.072000	0.764000	0.574000	192.000000	0.000000	0.000000	0.000000	0.000000	0.000000	0.000000	0.000000	0.000000	0.000000	1733433164.097586	0.000000
196.000000	88273.386749	19579.099963	187500.000000	187500.000000	86876.782701	102397.923457	111866.100057	133649.752575	-0.072000	0.764000	0.574000	192.000000	0.000000	0.000000	0.000000	0.000000	0.000000	0.000000	0.000000	0.000000	0.000000	1733433164.101644	0.000000
197.000000	88274.549040	19574.897835	187500.000000	187500.000000	86878.414378	102402.013827	111867.619976	133642.622369	-0.066000	0.762000	0.572000	192.000000	253.000000	240.000000	23.000000	208.000000	17.000000	224.000000	0.000000	0.000000	0.000000	1733433164.105487	0.000000
198.000000	88264.155479	19566.247710	187500.000000	187500.000000	86858.275456	102372.576579	111847.525757	133635.469810	-0.066000	0.762000	0.572000	192.000000	0.000000	0.000000	0.000000	0.000000	0.000000	0.000000	0.000000	0.000000	0.000000	1733433164.108570	0.000000
199.000000	88265.206011	19576.976547	187500.000000	187500.000000	86856.934352	102367.860361	111839.613240	133610.905243	-0.066000	0.762000	0.572000	192.000000	0.000000	0.000000	0.000000	0.000000	0.000000	0.000000	0.000000	0.000000	0.000000	1733433164.113492	0.000000
200.000000	88262.903781	19572.282681	187500.000000	187500.000000	86853.425128	102368.128582	111836.349885	133620.672956	-0.066000	0.762000	0.572000	192.000000	0.000000	0.000000	0.000000	0.000000	0.000000	0.000000	0.000000	0.000000	0.000000	1733433164.117513	0.000000
201.000000	88252.309054	19549.193329	187500.000000	187500.000000	86853.358072	102362.250073	111842.161339	133627.222017	-0.066000	0.762000	0.572000	192.000000	0.000000	0.000000	0.000000	0.000000	0.000000	0.000000	0.000000	0.000000	0.000000	1733433164.121490	0.000000
202.000000	88245.380014	19549.483901	187500.000000	187500.000000	86845.266741	102360.484285	111842.004876	133625.277415	-0.066000	0.762000	0.572000	192.000000	0.000000	0.000000	0.000000	0.000000	0.000000	0.000000	0.000000	0.000000	0.000000	1733433164.125487	0.000000
203.000000	88247.570485	19556.502349	187500.000000	187500.000000	86844.976168	102360.461934	111843.413036	133611.218168	-0.066000	0.762000	0.572000	192.000000	0.000000	0.000000	0.000000	0.000000	0.000000	0.000000	0.000000	0.000000	0.000000	1733433164.129646	0.000000
204.000000	88247.682243	19545.281773	187500.000000	187500.000000	86848.395985	102361.713631	111841.826062	133613.341583	-0.066000	0.762000	0.572000	192.000000	0.000000	0.000000	0.000000	0.000000	0.000000	0.000000	0.000000	0.000000	0.000000	1733433164.132724	0.000000
205.000000	88254.946560	19553.976602	187500.000000	187500.000000	86859.370692	102390.279161	111842.854243	133632.005290	-0.066000	0.762000	0.572000	192.000000	0.000000	0.000000	0.000000	0.000000	0.000000	0.000000	0.000000	0.000000	0.000000	1733433164.136798	0.000000
206.000000	88258.411081	19568.304070	187500.000000	187500.000000	86862.768157	102393.408405	111842.675429	133641.750651	-0.066000	0.762000	0.572000	192.000000	0.000000	0.000000	0.000000	0.000000	0.000000	0.000000	0.000000	0.000000	0.000000	1733433164.140766	0.000000
207.000000	88259.774537	19570.762762	187500.000000	187500.000000	86866.053863	102377.203390	111853.180749	133636.922674	-0.070000	0.762000	0.574000	192.000000	253.000000	208.000000	23.000000	208.000000	17.000000	240.000000	0.000000	0.000000	0.000000	1733433164.145541	0.000000
208.000000	88262.568505	19572.707364	187500.000000	187500.000000	86870.479509	102373.515352	111857.986374	133628.429011	-0.070000	0.762000	0.574000	192.000000	0.000000	0.000000	0.000000	0.000000	0.000000	0.000000	0.000000	0.000000	0.000000	1733433164.149556	0.000000
209.000000	88265.563639	19582.296262	187500.000000	187500.000000	86876.872108	102389.005111	111872.559711	133645.304578	-0.070000	0.762000	0.574000	192.000000	0.000000	0.000000	0.000000	0.000000	0.000000	0.000000	0.000000	0.000000	0.000000	1733433164.153581	0.000000
210.000000	88263.462575	19577.133009	187500.000000	187500.000000	86876.737997	102389.273332	111873.587891	133680.553279	-0.070000	0.762000	0.574000	192.000000	0.000000	0.000000	0.000000	0.000000	0.000000	0.000000	0.000000	0.000000	0.000000	1733433164.156820	0.000000
211.000000	88260.512145	19558.089323	187500.000000	187500.000000	86872.222945	102380.332634	111866.636499	133682.564936	-0.070000	0.762000	0.574000	192.000000	0.000000	0.000000	0.000000	0.000000	0.000000	0.000000	0.000000	0.000000	0.000000	1733433164.160577	0.000000
212.000000	88257.561714	19549.886233	187500.000000	187500.000000	86875.016913	102377.873943	111863.462551	133656.659264	-0.070000	0.762000	0.574000	192.000000	0.000000	0.000000	0.000000	0.000000	0.000000	0.000000	0.000000	0.000000	0.000000	1733433164.164600	0.000000
213.000000	88257.740528	19561.620898	187500.000000	187500.000000	86877.408549	102387.462841	111860.266252	133625.053898	-0.070000	0.762000	0.574000	192.000000	0.000000	0.000000	0.000000	0.000000	0.000000	0.000000	0.000000	0.000000	0.000000	1733433164.168801	0.000000
214.000000	88255.259485	19562.447913	187500.000000	187500.000000	86875.508651	102374.677643	111849.805635	133630.977110	-0.070000	0.762000	0.574000	192.000000	0.000000	0.000000	0.000000	0.000000	0.000000	0.000000	0.000000	0.000000	0.000000	1733433164.173793	0.000000
215.000000	88255.192429	19554.758913	187500.000000	187500.000000	86880.157814	102363.926454	111850.789112	133634.665148	-0.070000	0.762000	0.574000	192.000000	0.000000	0.000000	0.000000	0.000000	0.000000	0.000000	0.000000	0.000000	0.000000	1733433164.177962	0.000000
216.000000	88251.862020	19558.514006	187500.000000	187500.000000	86886.259840	102367.726251	111855.594737	133613.453342	-0.070000	0.762000	0.574000	192.000000	0.000000	0.000000	0.000000	0.000000	0.000000	0.000000	0.000000	0.000000	0.000000	1733433164.181622	0.000000
217.000000	88256.868810	19560.972698	187500.000000	187500.000000	86891.601907	102375.348195	111862.277909	133622.550502	-0.068000	0.764000	0.572000	192.000000	253.000000	224.000000	23.000000	224.000000	17.000000	224.000000	0.000000	0.000000	0.000000	1733433164.184606	0.000000
218.000000	88266.077729	19570.718058	187500.000000	187500.000000	86897.413361	102381.383166	111876.404211	133648.366767	-0.068000	0.764000	0.572000	192.000000	0.000000	0.000000	0.000000	0.000000	0.000000	0.000000	0.000000	0.000000	0.000000	1733433164.188657	0.000000
219.000000	88264.423700	19568.572291	187500.000000	187500.000000	86896.251070	102375.035271	111874.146685	133638.017909	-0.068000	0.764000	0.572000	192.000000	0.000000	0.000000	0.000000	0.000000	0.000000	0.000000	0.000000	0.000000	0.000000	1733433164.192621	0.000000
220.000000	88253.940732	19553.104884	187500.000000	187500.000000	86897.838044	102391.530858	111860.355659	133633.279339	-0.068000	0.764000	0.572000	192.000000	0.000000	0.000000	0.000000	0.000000	0.000000	0.000000	0.000000	0.000000	0.000000	1733433164.196658	0.000000
221.000000	88257.449956	19563.006707	187500.000000	187500.000000	86897.681582	102379.997358	111860.400362	133644.209343	-0.068000	0.764000	0.572000	192.000000	0.000000	0.000000	0.000000	0.000000	0.000000	0.000000	0.000000	0.000000	0.000000	1733433164.202011	0.000000
222.000000	88260.132165	19567.745276	187500.000000	187500.000000	86891.244279	102363.680585	111861.562653	133637.414412	-0.068000	0.764000	0.572000	192.000000	0.000000	0.000000	0.000000	0.000000	0.000000	0.000000	0.000000	0.000000	0.000000	1733433164.205836	0.000000
223.000000	88259.863944	19567.521759	187500.000000	187500.000000	86890.529023	102355.991585	111856.555862	133640.476601	-0.068000	0.764000	0.572000	192.000000	0.000000	0.000000	0.000000	0.000000	0.000000	0.000000	0.000000	0.000000	0.000000	1733433164.209748	0.000000
224.000000	88264.155479	19576.440105	187500.000000	187500.000000	86887.109207	102358.785553	111854.365391	133637.995558	-0.068000	0.764000	0.572000	192.000000	0.000000	0.000000	0.000000	0.000000	0.000000	0.000000	0.000000	0.000000	0.000000	1733433164.212651	0.000000
225.000000	88265.071900	19572.819122	187500.000000	187500.000000	86889.612602	102371.526047	111857.360525	133636.520342	-0.068000	0.764000	0.572000	192.000000	0.000000	0.000000	0.000000	0.000000	0.000000	0.000000	0.000000	0.000000	0.000000	1733433164.217044	0.000000
226.000000	88258.455784	19559.966869	187500.000000	187500.000000	86880.358980	102371.973082	111854.007763	133662.113090	-0.068000	0.764000	0.572000	192.000000	0.000000	0.000000	0.000000	0.000000	0.000000	0.000000	0.000000	0.000000	0.000000	1733433164.220666	0.000000
227.000000	88252.420813	19542.308991	187500.000000	187500.000000	86886.684523	102384.110079	111852.666658	133638.755517	-0.060000	0.770000	0.568000	192.000000	254.000000	32.000000	24.000000	16.000000	17.000000	192.000000	0.000000	0.000000	0.000000	1733433164.224745	0.000000
228.000000	88253.516049	19543.761855	187500.000000	187500.000000	86897.927451	102381.852553	111865.742429	133640.655415	-0.060000	0.770000	0.568000	192.000000	0.000000	0.000000	0.000000	0.000000	0.000000	0.000000	0.000000	0.000000	0.000000	1733433164.229662	0.000000
229.000000	88248.106926	19544.365352	187500.000000	187500.000000	86882.951782	102367.659195	111853.560728	133649.998444	-0.060000	0.770000	0.568000	192.000000	0.000000	0.000000	0.000000	0.000000	0.000000	0.000000	0.000000	0.000000	0.000000	1733433164.233694	0.000000
230.000000	88257.449956	19558.201082	187500.000000	187500.000000	86887.444483	102367.927416	111857.718153	133643.918770	-0.060000	0.770000	0.568000	192.000000	0.000000	0.000000	0.000000	0.000000	0.000000	0.000000	0.000000	0.000000	0.000000	1733433164.237699	0.000000
231.000000	88261.763842	19562.760837	187500.000000	187500.000000	86889.992582	102368.173286	111863.060220	133625.188008	-0.060000	0.770000	0.568000	192.000000	0.000000	0.000000	0.000000	0.000000	0.000000	0.000000	0.000000	0.000000	0.000000	1733433164.240676	0.000000
232.000000	88256.265313	19558.871634	187500.000000	187500.000000	86879.956648	102358.115001	111862.791999	133625.299767	-0.060000	0.770000	0.568000	192.000000	0.000000	0.000000	0.000000	0.000000	0.000000	0.000000	0.000000	0.000000	0.000000	1733433164.244928	0.000000
233.000000	88253.448993	19558.983393	187500.000000	187500.000000	86873.027608	102356.304509	111860.355659	133645.416337	-0.060000	0.770000	0.568000	192.000000	0.000000	0.000000	0.000000	0.000000	0.000000	0.000000	0.000000	0.000000	0.000000	1733433164.248942	0.000000
234.000000	88246.788174	19551.272041	187500.000000	187500.000000	86867.730244	102358.271463	111847.302240	133618.191912	-0.060000	0.770000	0.568000	192.000000	0.000000	0.000000	0.000000	0.000000	0.000000	0.000000	0.000000	0.000000	0.000000	1733433164.253026	0.000000
235.000000	88252.867848	19563.409038	187500.000000	187500.000000	86865.450366	102358.115001	111844.396513	133622.863427	-0.060000	0.770000	0.568000	192.000000	0.000000	0.000000	0.000000	0.000000	0.000000	0.000000	0.000000	0.000000	0.000000	1733433164.258018	0.000000
236.000000	88262.233229	19567.074724	187500.000000	187500.000000	86876.246259	102367.100402	111857.785208	133656.547505	-0.060000	0.770000	0.568000	192.000000	0.000000	0.000000	0.000000	0.000000	0.000000	0.000000	0.000000	0.000000	0.000000	1733433164.261675	0.000000
237.000000	88263.194354	19565.353640	187500.000000	187500.000000	86881.700084	102354.941053	111866.882368	133651.227790	-0.066000	0.772000	0.576000	192.000000	253.000000	240.000000	24.000000	32.000000	18.000000	0.000000	0.000000	0.000000	0.000000	1733433164.265702	0.000000
238.000000	88259.752185	19565.644212	187500.000000	187500.000000	86881.543622	102363.904102	111868.446990	133632.117049	-0.066000	0.772000	0.576000	192.000000	0.000000	0.000000	0.000000	0.000000	0.000000	0.000000	0.000000	0.000000	0.000000	1733433164.268682	0.000000
239.000000	88254.097194	19545.795863	187500.000000	187500.000000	86874.681637	102359.456105	111860.489769	133635.402755	-0.066000	0.772000	0.576000	192.000000	0.000000	0.000000	0.000000	0.000000	0.000000	0.000000	0.000000	0.000000	0.000000	1733433164.273075	0.000000
240.000000	88253.404290	19541.057294	187500.000000	187500.000000	86874.145195	102341.328840	111854.007763	133627.154961	-0.066000	0.772000	0.576000	192.000000	0.000000	0.000000	0.000000	0.000000	0.000000	0.000000	0.000000	0.000000	0.000000	1733433164.276984	0.000000
241.000000	88253.806621	19548.813349	187500.000000	187500.000000	86874.592230	102348.101419	111858.813388	133625.970319	-0.066000	0.772000	0.576000	192.000000	0.000000	0.000000	0.000000	0.000000	0.000000	0.000000	0.000000	0.000000	0.000000	1733433164.281013	0.000000
242.000000	88249.850363	19540.274982	187500.000000	187500.000000	86878.280268	102361.467762	111862.523778	133646.198648	-0.066000	0.772000	0.576000	192.000000	0.000000	0.000000	0.000000	0.000000	0.000000	0.000000	0.000000	0.000000	0.000000	1733433164.284952	0.000000
243.000000	88249.135107	19549.685067	187500.000000	187500.000000	86870.568916	102362.339480	111855.661792	133660.883744	-0.066000	0.772000	0.576000	192.000000	0.000000	0.000000	0.000000	0.000000	0.000000	0.000000	0.000000	0.000000	0.000000	1733433164.289973	0.000000
244.000000	88250.878543	19557.530529	187500.000000	187500.000000	86865.048035	102356.751544	111847.883385	133622.416392	-0.066000	0.772000	0.576000	192.000000	0.000000	0.000000	0.000000	0.000000	0.000000	0.000000	0.000000	0.000000	0.000000	1733433164.293029	0.000000
245.000000	88262.032063	19548.925108	187500.000000	187500.000000	86873.698160	102367.592140	111861.160321	133627.803162	-0.066000	0.772000	0.576000	192.000000	0.000000	0.000000	0.000000	0.000000	0.000000	0.000000	0.000000	0.000000	0.000000	1733433164.296738	0.000000
246.000000	88261.696787	19544.119483	187500.000000	187500.000000	86875.128672	102368.106230	111866.882368	133656.525154	-0.066000	0.772000	0.576000	192.000000	0.000000	0.000000	0.000000	0.000000	0.000000	0.000000	0.000000	0.000000	0.000000	1733433164.300728	0.000000
247.000000	88262.166174	19548.522776	187500.000000	187500.000000	86870.926544	102370.140239	111858.880443	133638.800220	-0.058000	0.768000	0.578000	192.000000	254.000000	48.000000	24.000000	0.000000	18.000000	16.000000	0.000000	0.000000	0.000000	1733433164.304752	0.000000
248.000000	88257.315845	19545.818215	187500.000000	187500.000000	86862.321122	102367.279216	111855.460627	133629.233674	-0.058000	0.768000	0.578000	192.000000	0.000000	0.000000	0.000000	0.000000	0.000000	0.000000	0.000000	0.000000	0.000000	1733433164.308806	0.000000
249.000000	88250.990301	19535.402302	187500.000000	187500.000000	86856.509668	102361.803038	111850.207967	133625.970319	-0.058000	0.768000	0.578000	192.000000	0.000000	0.000000	0.000000	0.000000	0.000000	0.000000	0.000000	0.000000	0.000000	1733433164.312812	0.000000
250.000000	88256.242961	19537.168090	187500.000000	187500.000000	86861.091776	102360.774858	111860.378010	133614.258005	-0.058000	0.768000	0.578000	192.000000	0.000000	0.000000	0.000000	0.000000	0.000000	0.000000	0.000000	0.000000	0.000000	1733433164.317918	0.000000
251.000000	88264.155479	19547.628706	187500.000000	187500.000000	86861.717625	102367.435678	111862.881406	133628.719584	-0.058000	0.768000	0.578000	192.000000	0.000000	0.000000	0.000000	0.000000	0.000000	0.000000	0.000000	0.000000	0.000000	1733433164.320866	0.000000
252.000000	88260.378034	19549.148625	187500.000000	187500.000000	86860.242410	102373.917684	111870.369240	133630.842999	-0.058000	0.768000	0.578000	192.000000	0.000000	0.000000	0.000000	0.000000	0.000000	0.000000	0.000000	0.000000	0.000000	1733433164.325122	0.000000
253.000000	88249.112755	19536.966924	187500.000000	187500.000000	86859.124823	102362.406535	111861.026211	133622.662261	-0.058000	0.768000	0.578000	192.000000	0.000000	0.000000	0.000000	0.000000	0.000000	0.000000	0.000000	0.000000	0.000000	1733433164.328974	0.000000
254.000000	88252.465517	19534.463529	187500.000000	187500.000000	86866.143270	102363.032384	111855.214757	133618.795409	-0.058000	0.768000	0.578000	192.000000	0.000000	0.000000	0.000000	0.000000	0.000000	0.000000	0.000000	0.000000	0.000000	1733433164.332818	0.000000
255.000000	88253.605456	19538.442139	187500.000000	187500.000000	86864.198669	102376.890466	111857.964022	133632.429973	-0.058000	0.768000	0.578000	192.000000	0.000000	0.000000	0.000000	0.000000	0.000000	0.000000	0.000000	0.000000	0.000000	1733433164.336821	0.000000
0.000000	88256.980569	19543.515985	187500.000000	187500.000000	86856.599075	102376.108155	111845.737618	133651.786584	-0.058000	0.768000	0.578000	192.000000	0.000000	0.000000	0.000000	0.000000	0.000000	0.000000	0.000000	0.000000	0.000000	1733433164.340940	0.000000
1.000000	88258.880467	19544.387703	187500.000000	187500.000000	86857.761366	102362.920626	111847.034019	133672.104320	-0.068000	0.774000	0.580000	192.000000	253.000000	224.000000	24.000000	48.000000	18.000000	32.000000	0.000000	0.000000	0.000000	1733433164.345868	0.000000
2.000000	88259.126336	19545.907622	187500.000000	187500.000000	86858.677788	102359.478457	111863.596662	133660.280247	-0.068000	0.774000	0.580000	192.000000	0.000000	0.000000	0.000000	0.000000	0.000000	0.000000	0.000000	0.000000	0.000000	1733433164.349066	0.000000
3.000000	88253.136069	19545.460587	187500.000000	187500.000000	86852.709872	102364.999338	111862.054391	133641.214209	-0.068000	0.774000	0.580000	192.000000	0.000000	0.000000	0.000000	0.000000	0.000000	0.000000	0.000000	0.000000	0.000000	1733433164.353058	0.000000
4.000000	88253.516049	19542.599564	187500.000000	187500.000000	86849.714738	102370.006129	111857.449932	133644.634026	-0.068000	0.774000	0.580000	192.000000	0.000000	0.000000	0.000000	0.000000	0.000000	0.000000	0.000000	0.000000	0.000000	1733433164.357253	0.000000
5.000000	88254.432470	19544.164186	187500.000000	187500.000000	86864.869221	102373.828277	111861.607356	133636.743860	-0.068000	0.774000	0.580000	192.000000	0.000000	0.000000	0.000000	0.000000	0.000000	0.000000	0.000000	0.000000	0.000000	1733433164.360852	0.000000
6.000000	88245.603531	19540.833776	187500.000000	187500.000000	86861.069424	102365.692242	111861.674411	133649.752575	-0.068000	0.774000	0.580000	192.000000	0.000000	0.000000	0.000000	0.000000	0.000000	0.000000	0.000000	0.000000	0.000000	1733433164.364900	0.000000
7.000000	88239.702671	19543.784206	187500.000000	187500.000000	86858.767195	102376.912818	111864.803656	133634.821610	-0.068000	0.774000	0.580000	192.000000	0.000000	0.000000	0.000000	0.000000	0.000000	0.000000	0.000000	0.000000	0.000000	1733433164.368873	0.000000
8.000000	88250.453860	19551.696724	187500.000000	187500.000000	86863.192840	102371.526047	111862.389667	133636.006252	-0.068000	0.774000	0.580000	192.000000	0.000000	0.000000	0.000000	0.000000	0.000000	0.000000	0.000000	0.000000	0.000000	1733433164.373999	0.000000
9.000000	88255.147726	19564.057239	187500.000000	187500.000000	86863.930448	102372.151896	111862.836702	133646.578627	-0.068000	0.774000	0.580000	192.000000	0.000000	0.000000	0.000000	0.000000	0.000000	0.000000	0.000000	0.000000	0.000000	1733433164.376865	0.000000
10.000000	88256.108851	19575.501332	187500.000000	187500.000000	86863.975151	102379.639730	111870.928034	133667.097529	-0.068000	0.774000	0.580000	192.000000	0.000000	0.000000	0.000000	0.000000	0.000000	0.000000	0.000000	0.000000	0.000000	1733433164.380886	0.000000
11.000000	88253.985435	19551.808483	187500.000000	187500.000000	86865.092738	102381.852553	111869.721040	133665.510555	-0.066000	0.772000	0.580000	192.000000	253.000000	240.000000	24.000000	32.000000	18.000000	32.000000	0.000000	0.000000	0.000000	1733433164.385011	0.000000
12.000000	88251.504392	19549.103922	187500.000000	187500.000000	86859.348340	102372.286006	111860.333307	133612.939252	-0.066000	0.772000	0.580000	192.000000	0.000000	0.000000	0.000000	0.000000	0.000000	0.000000	0.000000	0.000000	0.000000	1733433164.388960	0.000000
13.000000	88255.281836	19561.509140	187500.000000	187500.000000	86859.348340	102371.123716	111854.052467	133619.868293	-0.066000	0.772000	0.580000	192.000000	0.000000	0.000000	0.000000	0.000000	0.000000	0.000000	0.000000	0.000000	0.000000	1733433164.393121	0.000000
14.000000	88257.047624	19557.619936	187500.000000	187500.000000	86865.807994	102372.934207	111856.757028	133627.803162	-0.066000	0.772000	0.580000	192.000000	0.000000	0.000000	0.000000	0.000000	0.000000	0.000000	0.000000	0.000000	0.000000	1733433164.397194	0.000000
15.000000	88257.069976	19555.630631	187500.000000	187500.000000	86859.683616	102367.055698	111857.673449	133645.259874	-0.066000	0.772000	0.580000	192.000000	0.000000	0.000000	0.000000	0.000000	0.000000	0.000000	0.000000	0.000000	0.000000	1733433164.401925	0.000000
16.000000	88250.990301	19553.440160	187500.000000	187500.000000	86850.966436	102349.956614	111845.022362	133684.710703	-0.066000	0.772000	0.580000	192.000000	0.000000	0.000000	0.000000	0.000000	0.000000	0.000000	0.000000	0.000000	0.000000	1733433164.404920	0.000000
17.000000	88254.141897	19562.000878	187500.000000	187500.000000	86857.850773	102360.171361	111845.670562	133659.810860	-0.066000	0.772000	0.580000	192.000000	0.000000	0.000000	0.000000	0.000000	0.000000	0.000000	0.000000	0.000000	0.000000	1733433164.407918	0.000000
18.000000	88262.590857	19566.806503	187500.000000	187500.000000	86869.697198	102369.380280	111862.300260	133644.790488	-0.066000	0.772000	0.580000	192.000000	0.000000	0.000000	0.000000	0.000000	0.000000	0.000000	0.000000	0.000000	0.000000	1733433164.412960	0.000000
19.000000	88259.171040	19561.978526	187500.000000	187500.000000	86871.150061	102374.699995	111862.210853	133623.332813	-0.066000	0.772000	0.580000	192.000000	0.000000	0.000000	0.000000	0.000000	0.000000	0.000000	0.000000	0.000000	0.000000	1733433164.416916	0.000000
20.000000	88261.875601	19555.652983	187500.000000	187500.000000	86869.116052	102362.562998	111851.794940	133610.257043	-0.066000	0.772000	0.580000	192.000000	0.000000	0.000000	0.000000	0.000000	0.000000	0.000000	0.000000	0.000000	0.000000	1733433164.421038	0.000000
21.000000	88264.781328	19567.991146	187500.000000	187500.000000	86870.010122	102366.251035	111853.471321	133628.764287	-0.064000	0.774000	0.576000	192.000000	254.000000	0.000000	24.000000	48.000000	18.000000	0.000000	0.000000	0.000000	0.000000	1733433164.425126	0.000000
22.000000	88268.402310	19566.448875	187500.000000	187500.000000	86868.132576	102370.743736	111859.863920	133659.430880	-0.064000	0.774000	0.576000	192.000000	0.000000	0.000000	0.000000	0.000000	0.000000	0.000000	0.000000	0.000000	0.000000	1733433164.429157	0.000000
23.000000	88262.993188	19550.579137	187500.000000	187500.000000	86861.985846	102372.598931	111868.424638	133678.139291	-0.064000	0.774000	0.576000	192.000000	0.000000	0.000000	0.000000	0.000000	0.000000	0.000000	0.000000	0.000000	0.000000	1733433164.432251	0.000000
24.000000	88250.967950	19532.161299	187500.000000	187500.000000	86848.105412	102358.226759	111858.388705	133649.149078	-0.064000	0.774000	0.576000	192.000000	0.000000	0.000000	0.000000	0.000000	0.000000	0.000000	0.000000	0.000000	0.000000	1733433164.436001	0.000000
25.000000	88259.573371	19538.866823	187500.000000	187500.000000	86849.714738	102364.954634	111871.956214	133669.846793	-0.064000	0.774000	0.576000	192.000000	0.000000	0.000000	0.000000	0.000000	0.000000	0.000000	0.000000	0.000000	0.000000	1733433164.441008	0.000000
26.000000	88273.878488	19556.010611	187500.000000	187500.000000	86856.643779	102381.517277	111883.623825	133661.867221	-0.064000	0.774000	0.576000	192.000000	0.000000	0.000000	0.000000	0.000000	0.000000	0.000000	0.000000	0.000000	0.000000	1733433164.444965	0.000000
27.000000	88273.274991	19574.562558	187500.000000	187500.000000	86862.298770	102385.384129	111880.427525	133653.910000	-0.064000	0.774000	0.576000	192.000000	0.000000	0.000000	0.000000	0.000000	0.000000	0.000000	0.000000	0.000000	0.000000	1733433164.449004	0.000000
28.000000	88269.966933	19570.136913	187500.000000	187500.000000	86862.030549	102395.442414	111883.936749	133680.888555	-0.064000	0.774000	0.576000	192.000000	0.000000	0.000000	0.000000	0.000000	0.000000	0.000000	0.000000	0.000000	0.000000	1733433164.453013	0.000000
29.000000	88270.704540	19544.834738	187500.000000	187500.000000	86860.242410	102406.819452	111881.902740	133671.165546	-0.064000	0.774000	0.576000	192.000000	0.000000	0.000000	0.000000	0.000000	0.000000	0.000000	0.000000	0.000000	0.000000	1733433164.456198	0.000000
30.000000	88267.150613	19540.297334	187500.000000	187500.000000	86856.107337	102369.045004	111872.380897	133661.151965	-0.064000	0.774000	0.576000	192.000000	0.000000	0.000000	0.000000	0.000000	0.000000	0.000000	0.000000	0.000000	0.000000	1733433164.460142	0.000000
31.000000	88268.424662	19556.278832	187500.000000	187500.000000	86854.252142	102374.923512	111873.476133	133656.905133	-0.070000	0.774000	0.576000	192.000000	253.000000	208.000000	24.000000	48.000000	18.000000	0.000000	0.000000	0.000000	0.000000	1733433164.464054	0.000000
32.000000	88268.469366	19561.129160	187500.000000	187500.000000	86852.911038	102398.839879	111881.522761	133648.478526	-0.070000	0.774000	0.576000	192.000000	0.000000	0.000000	0.000000	0.000000	0.000000	0.000000	0.000000	0.000000	0.000000	1733433164.469217	0.000000
33.000000	88264.982494	19549.215680	187500.000000	187500.000000	86853.223962	102386.255847	111879.175827	133638.464944	-0.070000	0.774000	0.576000	192.000000	0.000000	0.000000	0.000000	0.000000	0.000000	0.000000	0.000000	0.000000	0.000000	1733433164.473085	0.000000
34.000000	88260.825069	19544.879442	187500.000000	187500.000000	86846.160811	102373.403594	111876.203045	133638.911979	-0.070000	0.774000	0.576000	192.000000	0.000000	0.000000	0.000000	0.000000	0.000000	0.000000	0.000000	0.000000	0.000000	1733433164.477030	0.000000
35.000000	88262.210877	19552.501387	187500.000000	187500.000000	86844.886761	102376.197562	111877.924130	133647.696215	-0.070000	0.774000	0.576000	192.000000	0.000000	0.000000	0.000000	0.000000	0.000000	0.000000	0.000000	0.000000	0.000000	1733433164.480059	0.000000
36.000000	88259.081633	19547.584003	187500.000000	187500.000000	86845.937293	102385.138260	111877.901778	133663.856526	-0.070000	0.774000	0.576000	192.000000	0.000000	0.000000	0.000000	0.000000	0.000000	0.000000	0.000000	0.000000	0.000000	1733433164.485061	0.000000
37.000000	88258.209915	19542.688971	187500.000000	187500.000000	86841.623407	102384.020672	111872.738525	133640.118973	-0.070000	0.774000	0.576000	192.000000	0.000000	0.000000	0.000000	0.000000	0.000000	0.000000	0.000000	0.000000	0.000000	1733433164.489305	0.000000
38.000000	88256.846459	19548.031038	187500.000000	187500.000000	86835.409622	102378.276274	111869.721040	133648.478526	-0.070000	0.774000	0.576000	192.000000	0.000000	0.000000	0.000000	0.000000	0.000000	0.000000	0.000000	0.000000	0.000000	1733433164.493051	0.000000
39.000000	88258.724005	19553.820140	187500.000000	187500.000000	86838.225941	102385.272370	111882.059202	133661.844869	-0.070000	0.774000	0.576000	192.000000	0.000000	0.000000	0.000000	0.000000	0.000000	0.000000	0.000000	0.000000	0.000000	1733433164.496085	0.000000
40.000000	88265.451880	19555.608279	187500.000000	187500.000000	86839.902322	102391.284989	111885.255502	133669.332703	-0.070000	0.774000	0.576000	192.000000	0.000000	0.000000	0.000000	0.000000	0.000000	0.000000	0.000000	0.000000	0.000000	1733433164.500218	0.000000
41.000000	88267.865869	19554.289526	187500.000000	187500.000000	86846.607846	102403.086710	111894.799697	133661.531944	-0.066000	0.770000	0.582000	192.000000	253.000000	240.000000	24.000000	16.000000	18.000000	48.000000	0.000000	0.000000	0.000000	1733433164.504318	0.000000
42.000000	88268.424662	19556.256480	187500.000000	187500.000000	86846.987825	102397.744643	111887.222455	133653.552372	-0.066000	0.770000	0.582000	192.000000	0.000000	0.000000	0.000000	0.000000	0.000000	0.000000	0.000000	0.000000	0.000000	1733433164.508474	0.000000
43.000000	88271.576258	19557.977564	187500.000000	187500.000000	86854.922695	102408.920516	111897.772479	133662.850697	-0.066000	0.770000	0.582000	192.000000	0.000000	0.000000	0.000000	0.000000	0.000000	0.000000	0.000000	0.000000	0.000000	1733433164.513304	0.000000
44.000000	88268.447014	19566.113599	187500.000000	187500.000000	86851.078195	102415.447225	111893.995034	133665.488203	-0.066000	0.770000	0.582000	192.000000	0.000000	0.000000	0.000000	0.000000	0.000000	0.000000	0.000000	0.000000	0.000000	1733433164.517056	0.000000
45.000000	88277.298305	19573.310861	187500.000000	187500.000000	86847.658378	102410.060455	111896.006691	133687.683485	-0.066000	0.770000	0.582000	192.000000	0.000000	0.000000	0.000000	0.000000	0.000000	0.000000	0.000000	0.000000	0.000000	1733433164.521091	0.000000
46.000000	88273.431453	19564.370163	187500.000000	187500.000000	86838.449459	102394.883620	111890.798735	133688.421093	-0.066000	0.770000	0.582000	192.000000	0.000000	0.000000	0.000000	0.000000	0.000000	0.000000	0.000000	0.000000	0.000000	1733433164.524221	0.000000
47.000000	88272.291514	19554.647154	187500.000000	187500.000000	86841.913979	102400.851536	111890.597569	133663.320084	-0.066000	0.770000	0.582000	192.000000	0.000000	0.000000	0.000000	0.000000	0.000000	0.000000	0.000000	0.000000	0.000000	1733433164.528119	0.000000
48.000000	88273.274991	19553.216643	187500.000000	187500.000000	86852.039320	102407.780577	111891.916322	133662.984808	-0.066000	0.770000	0.582000	192.000000	0.000000	0.000000	0.000000	0.000000	0.000000	0.000000	0.000000	0.000000	0.000000	1733433164.532092	0.000000
49.000000	88268.379959	19546.153491	187500.000000	187500.000000	86848.507744	102387.619303	111894.754993	133664.862354	-0.066000	0.770000	0.582000	192.000000	0.000000	0.000000	0.000000	0.000000	0.000000	0.000000	0.000000	0.000000	0.000000	1733433164.536333	0.000000
50.000000	88265.049549	19549.863881	187500.000000	187500.000000	86844.976168	102406.908859	111905.528534	133659.699101	-0.066000	0.770000	0.582000	192.000000	0.000000	0.000000	0.000000	0.000000	0.000000	0.000000	0.000000	0.000000	0.000000	1733433164.541282	0.000000
51.000000	88260.243924	19551.473206	187500.000000	187500.000000	86841.131668	102392.179059	111900.521743	133667.075177	-0.066000	0.770000	0.582000	192.000000	0.000000	0.000000	0.000000	0.000000	0.000000	0.000000	0.000000	0.000000	0.000000	1733433164.545310	0.000000
52.000000	88269.296380	19553.395456	187500.000000	187500.000000	86849.625331	102375.057623	111903.427470	133678.608677	-0.072000	0.766000	0.578000	192.000000	253.000000	192.000000	23.000000	240.000000	18.000000	16.000000	0.000000	0.000000	0.000000	1733433164.549370	0.000000
53.000000	88280.293438	19574.316689	187500.000000	187500.000000	86862.052901	102387.820469	111920.057168	133695.707762	-0.072000	0.766000	0.578000	192.000000	0.000000	0.000000	0.000000	0.000000	0.000000	0.000000	0.000000	0.000000	0.000000	1733433164.552306	0.000000
54.000000	88277.857098	19571.053335	187500.000000	187500.000000	86856.621427	102396.336484	111919.967761	133702.301526	-0.072000	0.766000	0.578000	192.000000	0.000000	0.000000	0.000000	0.000000	0.000000	0.000000	0.000000	0.000000	0.000000	1733433164.556398	0.000000
55.000000	88274.481985	19556.234128	187500.000000	187500.000000	86849.602979	102391.352045	111909.127165	133692.019724	-0.072000	0.766000	0.578000	192.000000	0.000000	0.000000	0.000000	0.000000	0.000000	0.000000	0.000000	0.000000	0.000000	1733433164.560218	0.000000
56.000000	88271.173927	19551.562613	187500.000000	187500.000000	86849.468869	102390.212106	111903.494525	133664.348264	-0.072000	0.766000	0.578000	192.000000	0.000000	0.000000	0.000000	0.000000	0.000000	0.000000	0.000000	0.000000	0.000000	1733433164.564170	0.000000
57.000000	88273.587915	19551.495558	187500.000000	187500.000000	86855.280322	102398.549306	111907.562543	133655.027587	-0.072000	0.766000	0.578000	192.000000	0.000000	0.000000	0.000000	0.000000	0.000000	0.000000	0.000000	0.000000	0.000000	1733433164.569168	0.000000
58.000000	88270.190450	19553.507215	187500.000000	187500.000000	86852.285189	102396.627056	111910.110642	133665.197631	-0.072000	0.766000	0.578000	192.000000	0.000000	0.000000	0.000000	0.000000	0.000000	0.000000	0.000000	0.000000	0.000000	1733433164.573197	0.000000
59.000000	88263.976665	19545.572346	187500.000000	187500.000000	86844.596189	102392.916667	111912.301113	133667.298695	-0.072000	0.766000	0.578000	192.000000	0.000000	0.000000	0.000000	0.000000	0.000000	0.000000	0.000000	0.000000	0.000000	1733433164.577317	0.000000
60.000000	88262.970837	19544.320648	187500.000000	187500.000000	86842.875104	102389.832126	111914.312770	133684.643648	-0.072000	0.766000	0.578000	192.000000	0.000000	0.000000	0.000000	0.000000	0.000000	0.000000	0.000000	0.000000	0.000000	1733433164.580300	0.000000
61.000000	88266.211839	19550.936765	187500.000000	187500.000000	86847.725433	102389.519201	111914.290418	133672.752520	-0.072000	0.766000	0.578000	192.000000	0.000000	0.000000	0.000000	0.000000	0.000000	0.000000	0.000000	0.000000	0.000000	1733433164.584450	0.000000
62.000000	88278.035912	19568.080553	187500.000000	187500.000000	86855.593247	102406.171251	111923.834613	133676.574668	-0.082000	0.766000	0.586000	192.000000	253.000000	112.000000	23.000000	240.000000	18.000000	80.000000	0.000000	0.000000	0.000000	1733433164.588470	0.000000
63.000000	88287.133072	19571.276852	187500.000000	187500.000000	86858.566029	102408.115853	111929.288438	133726.039079	-0.082000	0.766000	0.586000	192.000000	0.000000	0.000000	0.000000	0.000000	0.000000	0.000000	0.000000	0.000000	0.000000	1733433164.592232	0.000000
64.000000	88279.801700	19562.246747	187500.000000	187500.000000	86851.927561	102428.791216	111923.745206	133686.968230	-0.082000	0.766000	0.586000	192.000000	0.000000	0.000000	0.000000	0.000000	0.000000	0.000000	0.000000	0.000000	0.000000	1733433164.596268	0.000000
65.000000	88266.480060	19552.769608	187500.000000	187500.000000	86836.840133	102390.726196	111893.570351	133634.486334	-0.082000	0.766000	0.586000	192.000000	0.000000	0.000000	0.000000	0.000000	0.000000	0.000000	0.000000	0.000000	0.000000	1733433164.601225	0.000000
66.000000	88273.252639	19564.079590	187500.000000	187500.000000	86838.740032	102376.935169	111906.489659	133661.554296	-0.082000	0.766000	0.586000	192.000000	0.000000	0.000000	0.000000	0.000000	0.000000	0.000000	0.000000	0.000000	0.000000	1733433164.604187	0.000000
67.000000	88277.320656	19570.606300	187500.000000	187500.000000	86848.150116	102380.779669	111918.939581	133666.471680	-0.082000	0.766000	0.586000	192.000000	0.000000	0.000000	0.000000	0.000000	0.000000	0.000000	0.000000	0.000000	0.000000	1733433164.608221	0.000000
68.000000	88281.232212	19573.377916	187500.000000	187500.000000	86848.351282	102392.760204	111923.409930	133679.323933	-0.082000	0.766000	0.586000	192.000000	0.000000	0.000000	0.000000	0.000000	0.000000	0.000000	0.000000	0.000000	0.000000	1733433164.612250	0.000000
69.000000	88289.323543	19576.127181	187500.000000	187500.000000	86849.960607	102394.950675	111933.848194	133705.989564	-0.082000	0.766000	0.586000	192.000000	0.000000	0.000000	0.000000	0.000000	0.000000	0.000000	0.000000	0.000000	0.000000	1733433164.616343	0.000000
70.000000	88296.856081	19588.554751	187500.000000	187500.000000	86858.498974	102401.924420	111950.187320	133693.025552	-0.082000	0.766000	0.586000	192.000000	0.000000	0.000000	0.000000	0.000000	0.000000	0.000000	0.000000	0.000000	0.000000	1733433164.620421	0.000000
71.000000	88295.291459	19600.423527	187500.000000	187500.000000	86859.191878	102394.794213	111942.654782	133695.305430	-0.082000	0.766000	0.586000	192.000000	0.000000	0.000000	0.000000	0.000000	0.000000	0.000000	0.000000	0.000000	0.000000	1733433164.624521	0.000000
72.000000	88285.814319	19574.808428	187500.000000	187500.000000	86849.915904	102389.832126	111927.835575	133687.594078	-0.084000	0.762000	0.572000	192.000000	253.000000	96.000000	23.000000	208.000000	17.000000	224.000000	0.000000	0.000000	0.000000	1733433164.629506	0.000000
73.000000	88283.981476	19566.962965	187500.000000	187500.000000	86853.156907	102386.591123	111931.769482	133697.250032	-0.084000	0.762000	0.572000	192.000000	0.000000	0.000000	0.000000	0.000000	0.000000	0.000000	0.000000	0.000000	0.000000	1733433164.632237	0.000000
74.000000	88293.548023	19578.988204	187500.000000	187500.000000	86860.667093	102394.101309	111937.357418	133706.034268	-0.084000	0.762000	0.572000	192.000000	0.000000	0.000000	0.000000	0.000000	0.000000	0.000000	0.000000	0.000000	0.000000	1733433164.636226	0.000000
75.000000	88297.169006	19581.290434	187500.000000	187500.000000	86870.233640	102398.526954	111936.217479	133726.195541	-0.084000	0.762000	0.572000	192.000000	0.000000	0.000000	0.000000	0.000000	0.000000	0.000000	0.000000	0.000000	0.000000	1733433164.640433	0.000000
76.000000	88286.328409	19573.780247	187500.000000	187500.000000	86869.048997	102405.210126	111936.150424	133695.752465	-0.084000	0.762000	0.572000	192.000000	0.000000	0.000000	0.000000	0.000000	0.000000	0.000000	0.000000	0.000000	0.000000	1733433164.644280	0.000000
77.000000	88285.255526	19574.920186	187500.000000	187500.000000	86871.418282	102401.119757	111950.634354	133673.445424	-0.084000	0.762000	0.572000	192.000000	0.000000	0.000000	0.000000	0.000000	0.000000	0.000000	0.000000	0.000000	0.000000	1733433164.648322	0.000000
78.000000	88297.459578	19592.063974	187500.000000	187500.000000	86870.479509	102401.320923	111954.724724	133690.991544	-0.084000	0.762000	0.572000	192.000000	0.000000	0.000000	0.000000	0.000000	0.000000	0.000000	0.000000	0.000000	0.000000	1733433164.652505	0.000000
79.000000	88282.595668	19563.051410	187500.000000	187500.000000	86849.915904	102409.792234	111951.975459	133704.112018	-0.084000	0.762000	0.572000	192.000000	0.000000	0.000000	0.000000	0.000000	0.000000	0.000000	0.000000	0.000000	0.000000	1733433164.657576	0.000000
80.000000	88285.613154	19564.839550	187500.000000	187500.000000	86853.156907	102411.803891	111961.385544	133715.980794	-0.084000	0.762000	0.572000	192.000000	0.000000	0.000000	0.000000	0.000000	0.000000	0.000000	0.000000	0.000000	0.000000	1733433164.660633	0.000000
81.000000	88291.893994	19573.288509	187500.000000	187500.000000	86858.856602	102403.869021	111964.313622	133702.189768	-0.084000	0.762000	0.572000	192.000000	0.000000	0.000000	0.000000	0.000000	0.000000	0.000000	0.000000	0.000000	0.000000	1733433164.664558	0.000000
82.000000	88293.749189	19576.440105	187500.000000	187500.000000	86850.117069	102391.821431	111958.837445	133700.401628	-0.090000	0.768000	0.576000	192.000000	253.000000	48.000000	24.000000	0.000000	18.000000	0.000000	0.000000	0.000000	0.000000	1733433164.668288	0.000000
83.000000	88295.269107	19572.841474	187500.000000	187500.000000	86848.395985	102377.315149	111948.399180	133715.913739	-0.090000	0.768000	0.576000	192.000000	0.000000	0.000000	0.000000	0.000000	0.000000	0.000000	0.000000	0.000000	0.000000	1733433164.672328	0.000000
84.000000	88281.880412	19560.749180	187500.000000	187500.000000	86846.585494	102369.693204	111942.006581	133688.108169	-0.090000	0.768000	0.576000	192.000000	0.000000	0.000000	0.000000	0.000000	0.000000	0.000000	0.000000	0.000000	0.000000	1733433164.676330	0.000000
85.000000	88281.321619	19558.938689	187500.000000	187500.000000	86855.079157	102386.345254	111948.265070	133672.886631	-0.090000	0.768000	0.576000	192.000000	0.000000	0.000000	0.000000	0.000000	0.000000	0.000000	0.000000	0.000000	0.000000	1733433164.680317	0.000000
86.000000	88280.584011	19561.442084	187500.000000	187500.000000	86850.877029	102390.301513	111947.102779	133676.149985	-0.090000	0.768000	0.576000	192.000000	0.000000	0.000000	0.000000	0.000000	0.000000	0.000000	0.000000	0.000000	0.000000	1733433164.685545	0.000000
87.000000	88288.898860	19580.396364	187500.000000	187500.000000	86849.111241	102382.791326	111952.489549	133681.626163	-0.090000	0.768000	0.576000	192.000000	0.000000	0.000000	0.000000	0.000000	0.000000	0.000000	0.000000	0.000000	0.000000	1733433164.688471	0.000000
88.000000	88294.330334	19583.145628	187500.000000	187500.000000	86848.060709	102378.320977	111956.557567	133693.763160	-0.090000	0.768000	0.576000	192.000000	0.000000	0.000000	0.000000	0.000000	0.000000	0.000000	0.000000	0.000000	0.000000	1733433164.692507	0.000000
89.000000	88289.524709	19571.500369	187500.000000	187500.000000	86837.443630	102369.156762	111959.619756	133713.320936	-0.090000	0.768000	0.576000	192.000000	0.000000	0.000000	0.000000	0.000000	0.000000	0.000000	0.000000	0.000000	0.000000	1733433164.696553	0.000000
90.000000	88290.038799	19570.494541	187500.000000	187500.000000	86833.956758	102384.423004	111955.395276	133702.837968	-0.090000	0.768000	0.576000	192.000000	0.000000	0.000000	0.000000	0.000000	0.000000	0.000000	0.000000	0.000000	0.000000	1733433164.700452	0.000000
91.000000	88288.809453	19575.858960	187500.000000	187500.000000	86838.784735	102398.012864	111955.842311	133680.352113	-0.090000	0.768000	0.576000	192.000000	0.000000	0.000000	0.000000	0.000000	0.000000	0.000000	0.000000	0.000000	0.000000	1733433164.704407	0.000000
92.000000	88292.810415	19574.070820	187500.000000	187500.000000	86840.706985	102378.276274	111968.538102	133706.503654	-0.076000	0.762000	0.572000	192.000000	253.000000	160.000000	23.000000	208.000000	17.000000	224.000000	0.000000	0.000000	0.000000	1733433164.708549	0.000000
93.000000	88282.170985	19565.308936	187500.000000	187500.000000	86824.636081	102365.245207	111950.813168	133698.613489	-0.076000	0.762000	0.572000	192.000000	0.000000	0.000000	0.000000	0.000000	0.000000	0.000000	0.000000	0.000000	0.000000	1733433164.712442	0.000000
94.000000	88270.369264	19552.076704	187500.000000	187500.000000	86811.962642	102361.221893	111934.161119	133686.320029	-0.076000	0.762000	0.572000	192.000000	0.000000	0.000000	0.000000	0.000000	0.000000	0.000000	0.000000	0.000000	0.000000	1733433164.716436	0.000000
95.000000	88272.827956	19554.602451	187500.000000	187500.000000	86818.846979	102372.241303	111939.234965	133691.215061	-0.076000	0.762000	0.572000	192.000000	0.000000	0.000000	0.000000	0.000000	0.000000	0.000000	0.000000	0.000000	0.000000	1733433164.719452	0.000000
96.000000	88275.308999	19560.525663	187500.000000	187500.000000	86821.238616	102383.707748	111954.367096	133674.898288	-0.076000	0.762000	0.572000	192.000000	0.000000	0.000000	0.000000	0.000000	0.000000	0.000000	0.000000	0.000000	0.000000	1733433164.724420	0.000000
97.000000	88273.699674	19570.047506	187500.000000	187500.000000	86824.591377	102376.711652	111961.474950	133677.491090	-0.076000	0.762000	0.572000	192.000000	0.000000	0.000000	0.000000	0.000000	0.000000	0.000000	0.000000	0.000000	0.000000	1733433164.728582	0.000000
98.000000	88278.527651	19580.441067	187500.000000	187500.000000	86826.111296	102371.749565	111960.625584	133676.865241	-0.076000	0.762000	0.572000	192.000000	0.000000	0.000000	0.000000	0.000000	0.000000	0.000000	0.000000	0.000000	0.000000	1733433164.732512	0.000000
99.000000	88279.578183	19572.260329	187500.000000	187500.000000	86825.194874	102364.306434	111958.189244	133666.918715	-0.076000	0.762000	0.572000	192.000000	0.000000	0.000000	0.000000	0.000000	0.000000	0.000000	0.000000	0.000000	0.000000	1733433164.736504	0.000000
100.000000	88278.348837	19558.201082	187500.000000	187500.000000	86822.535017	102353.845817	111950.075561	133667.812785	-0.076000	0.762000	0.572000	192.000000	0.000000	0.000000	0.000000	0.000000	0.000000	0.000000	0.000000	0.000000	0.000000	1733433164.740547	0.000000
101.000000	88279.756997	19559.542186	187500.000000	187500.000000	86819.338717	102362.808867	111946.007543	133674.898288	-0.076000	0.762000	0.572000	192.000000	0.000000	0.000000	0.000000	0.000000	0.000000	0.000000	0.000000	0.000000	0.000000	1733433164.743398	0.000000
102.000000	88275.800738	19557.977564	187500.000000	187500.000000	86817.170598	102362.697108	111950.075561	133709.409381	-0.060000	0.770000	0.570000	192.000000	254.000000	32.000000	24.000000	16.000000	17.000000	208.000000	0.000000	0.000000	0.000000	1733433164.747404	0.000000
103.000000	88273.699674	19556.792922	187500.000000	187500.000000	86811.806180	102356.192750	111945.001715	133699.775779	-0.060000	0.770000	0.570000	192.000000	0.000000	0.000000	0.000000	0.000000	0.000000	0.000000	0.000000	0.000000	0.000000	1733433164.752445	0.000000
104.000000	88273.409101	19558.178730	187500.000000	187500.000000	86809.682764	102341.820579	111941.246622	133649.484354	-0.060000	0.770000	0.570000	192.000000	0.000000	0.000000	0.000000	0.000000	0.000000	0.000000	0.000000	0.000000	0.000000	1733433164.756616	0.000000
105.000000	88270.525726	19557.374067	187500.000000	187500.000000	86809.280432	102332.768122	111944.375866	133658.134479	-0.060000	0.770000	0.570000	192.000000	0.000000	0.000000	0.000000	0.000000	0.000000	0.000000	0.000000	0.000000	0.000000	1733433164.760588	0.000000
106.000000	88270.413967	19560.212739	187500.000000	187500.000000	86811.113275	102339.428942	111937.402122	133642.287092	-0.060000	0.770000	0.570000	192.000000	0.000000	0.000000	0.000000	0.000000	0.000000	0.000000	0.000000	0.000000	0.000000	1733433164.764635	0.000000
107.000000	88274.772558	19560.704477	187500.000000	187500.000000	86816.276528	102332.499901	111941.827767	133652.680654	-0.060000	0.770000	0.570000	192.000000	0.000000	0.000000	0.000000	0.000000	0.000000	0.000000	0.000000	0.000000	0.000000	1733433164.767714	0.000000
108.000000	88273.811433	19552.747256	187500.000000	187500.000000	86814.086057	102332.052866	111941.693657	133653.664130	-0.060000	0.770000	0.570000	192.000000	0.000000	0.000000	0.000000	0.000000	0.000000	0.000000	0.000000	0.000000	0.000000	1733433164.771591	0.000000
109.000000	88277.343008	19554.289526	187500.000000	187500.000000	86817.975261	102338.177244	111947.929793	133671.210250	-0.060000	0.770000	0.570000	192.000000	0.000000	0.000000	0.000000	0.000000	0.000000	0.000000	0.000000	0.000000	0.000000	1733433164.775438	0.000000
110.000000	88281.746302	19549.685067	187500.000000	187500.000000	86822.177389	102353.599948	111958.055134	133708.783532	-0.060000	0.770000	0.570000	192.000000	0.000000	0.000000	0.000000	0.000000	0.000000	0.000000	0.000000	0.000000	0.000000	1733433164.780451	0.000000
111.000000	88280.740473	19546.019381	187500.000000	187500.000000	86818.936386	102358.159704	111954.478854	133678.318105	-0.060000	0.770000	0.570000	192.000000	0.000000	0.000000	0.000000	0.000000	0.000000	0.000000	0.000000	0.000000	0.000000	1733433164.784464	0.000000
112.000000	88281.478081	19546.309953	187500.000000	187500.000000	86822.691479	102368.106230	111956.870491	133666.114052	-0.076000	0.778000	0.580000	192.000000	253.000000	160.000000	24.000000	80.000000	18.000000	32.000000	0.000000	0.000000	0.000000	1733433164.788474	0.000000
113.000000	88286.775444	19555.965907	187500.000000	187500.000000	86826.647738	102357.399745	111968.672212	133702.659154	-0.076000	0.778000	0.580000	192.000000	0.000000	0.000000	0.000000	0.000000	0.000000	0.000000	0.000000	0.000000	0.000000	1733433164.792486	0.000000
114.000000	88288.764750	19557.463474	187500.000000	187500.000000	86825.351337	102337.439637	111966.235872	133716.740753	-0.076000	0.778000	0.580000	192.000000	0.000000	0.000000	0.000000	0.000000	0.000000	0.000000	0.000000	0.000000	0.000000	1733433164.795526	0.000000
115.000000	88281.969819	19545.549994	187500.000000	187500.000000	86828.391174	102335.942070	111968.672212	133699.485207	-0.076000	0.778000	0.580000	192.000000	0.000000	0.000000	0.000000	0.000000	0.000000	0.000000	0.000000	0.000000	0.000000	1733433164.799718	0.000000
116.000000	88283.445034	19548.634535	187500.000000	187500.000000	86834.515552	102349.710745	111983.156143	133679.748616	-0.076000	0.778000	0.580000	192.000000	0.000000	0.000000	0.000000	0.000000	0.000000	0.000000	0.000000	0.000000	0.000000	1733433164.803705	0.000000
117.000000	88287.066017	19556.703515	187500.000000	187500.000000	86831.743936	102353.845817	111980.272768	133666.851660	-0.076000	0.778000	0.580000	192.000000	0.000000	0.000000	0.000000	0.000000	0.000000	0.000000	0.000000	0.000000	0.000000	1733433164.807853	0.000000
118.000000	88287.423645	19558.536358	187500.000000	187500.000000	86835.096697	102364.753469	111992.365061	133667.745729	-0.076000	0.778000	0.580000	192.000000	0.000000	0.000000	0.000000	0.000000	0.000000	0.000000	0.000000	0.000000	0.000000	1733433164.812545	0.000000
119.000000	88292.586898	19564.526625	187500.000000	187500.000000	86842.763346	102373.023614	112003.160954	133687.817596	-0.076000	0.778000	0.580000	192.000000	0.000000	0.000000	0.000000	0.000000	0.000000	0.000000	0.000000	0.000000	0.000000	1733433164.816533	0.000000
120.000000	88289.368247	19570.539244	187500.000000	187500.000000	86836.661319	102374.543533	111996.343672	133695.238375	-0.076000	0.778000	0.580000	192.000000	0.000000	0.000000	0.000000	0.000000	0.000000	0.000000	0.000000	0.000000	0.000000	1733433164.820539	0.000000
121.000000	88286.306058	19560.078628	187500.000000	187500.000000	86821.283319	102379.684434	111989.794611	133699.529910	-0.076000	0.778000	0.580000	192.000000	0.000000	0.000000	0.000000	0.000000	0.000000	0.000000	0.000000	0.000000	0.000000	1733433164.823770	0.000000
122.000000	88287.624811	19559.050448	187500.000000	187500.000000	86825.708965	102361.266596	111985.659538	133700.759256	-0.084000	0.772000	0.578000	192.000000	253.000000	96.000000	24.000000	32.000000	18.000000	16.000000	0.000000	0.000000	0.000000	1733433164.827579	0.000000
123.000000	88294.307982	19567.566462	187500.000000	187500.000000	86840.639930	102368.933245	111992.499172	133698.278212	-0.084000	0.772000	0.578000	192.000000	0.000000	0.000000	0.000000	0.000000	0.000000	0.000000	0.000000	0.000000	0.000000	1733433164.831790	0.000000
124.000000	88290.150558	19557.038791	187500.000000	187500.000000	86831.922750	102361.825390	111980.988023	133696.758294	-0.084000	0.772000	0.578000	192.000000	0.000000	0.000000	0.000000	0.000000	0.000000	0.000000	0.000000	0.000000	0.000000	1733433164.835634	0.000000
125.000000	88281.612191	19548.366314	187500.000000	187500.000000	86823.697308	102363.680585	111964.872416	133703.083837	-0.084000	0.772000	0.578000	192.000000	0.000000	0.000000	0.000000	0.000000	0.000000	0.000000	0.000000	0.000000	0.000000	1733433164.840936	0.000000
126.000000	88284.540270	19554.043657	187500.000000	187500.000000	86827.675918	102369.156762	111978.305814	133681.670866	-0.084000	0.772000	0.578000	192.000000	0.000000	0.000000	0.000000	0.000000	0.000000	0.000000	0.000000	0.000000	0.000000	1733433164.844597	0.000000
127.000000	88283.042703	19556.614108	187500.000000	187500.000000	86824.792543	102370.229646	111984.161971	133661.666055	-0.084000	0.772000	0.578000	192.000000	0.000000	0.000000	0.000000	0.000000	0.000000	0.000000	0.000000	0.000000	0.000000	1733433164.848576	0.000000
128.000000	88286.104892	19565.085419	187500.000000	187500.000000	86818.198778	102360.372527	111978.574035	133671.903154	-0.084000	0.772000	0.578000	192.000000	0.000000	0.000000	0.000000	0.000000	0.000000	0.000000	0.000000	0.000000	0.000000	1733433164.851568	0.000000
129.000000	88286.976610	19566.828855	187500.000000	187500.000000	86815.136589	102362.115963	111978.864608	133678.429863	-0.084000	0.772000	0.578000	192.000000	0.000000	0.000000	0.000000	0.000000	0.000000	0.000000	0.000000	0.000000	0.000000	1733433164.855656	0.000000
130.000000	88281.880412	19545.795863	187500.000000	187500.000000	86809.906281	102354.941053	111972.561416	133672.193727	-0.084000	0.772000	0.578000	192.000000	0.000000	0.000000	0.000000	0.000000	0.000000	0.000000	0.000000	0.000000	0.000000	1733433164.859668	0.000000
131.000000	88283.377979	19539.872651	187500.000000	187500.000000	86802.396095	102357.310338	111976.428268	133690.388047	-0.084000	0.772000	0.578000	192.000000	0.000000	0.000000	0.000000	0.000000	0.000000	0.000000	0.000000	0.000000	0.000000	1733433164.863626	0.000000
132.000000	88283.534441	19545.795863	187500.000000	187500.000000	86798.328078	102354.829294	111978.730497	133684.576593	-0.086000	0.768000	0.576000	192.000000	253.000000	80.000000	24.000000	0.000000	18.000000	0.000000	0.000000	0.000000	0.000000	1733433164.868589	0.000000
133.000000	88289.524709	19563.677259	187500.000000	187500.000000	86802.999592	102363.814695	111972.114381	133662.291904	-0.086000	0.768000	0.576000	192.000000	0.000000	0.000000	0.000000	0.000000	0.000000	0.000000	0.000000	0.000000	0.000000	1733433164.872861	0.000000
134.000000	88288.965915	19560.503311	187500.000000	187500.000000	86798.506892	102348.615509	111974.260148	133661.219020	-0.086000	0.768000	0.576000	192.000000	0.000000	0.000000	0.000000	0.000000	0.000000	0.000000	0.000000	0.000000	0.000000	1733433164.875802	0.000000
135.000000	88278.907630	19540.476148	187500.000000	187500.000000	86791.890775	102343.631070	111976.607081	133672.327837	-0.086000	0.768000	0.576000	192.000000	0.000000	0.000000	0.000000	0.000000	0.000000	0.000000	0.000000	0.000000	0.000000	1733433164.879711	0.000000
136.000000	88278.080616	19542.264288	187500.000000	187500.000000	86791.421389	102351.051849	111982.574997	133699.865186	-0.086000	0.768000	0.576000	192.000000	0.000000	0.000000	0.000000	0.000000	0.000000	0.000000	0.000000	0.000000	0.000000	1733433164.885516	0.000000
137.000000	88284.204994	19557.798750	187500.000000	187500.000000	86793.365990	102353.242320	111983.044384	133687.750541	-0.086000	0.768000	0.576000	192.000000	0.000000	0.000000	0.000000	0.000000	0.000000	0.000000	0.000000	0.000000	0.000000	1733433164.887640	0.000000
138.000000	88273.096177	19541.146701	187500.000000	187500.000000	86786.816929	102333.393971	111973.030802	133672.126671	-0.086000	0.768000	0.576000	192.000000	0.000000	0.000000	0.000000	0.000000	0.000000	0.000000	0.000000	0.000000	0.000000	1733433164.891652	0.000000
139.000000	88274.258467	19537.726884	187500.000000	187500.000000	86790.460264	102331.404666	111972.427305	133646.198648	-0.086000	0.768000	0.576000	192.000000	0.000000	0.000000	0.000000	0.000000	0.000000	0.000000	0.000000	0.000000	0.000000	1733433164.896650	0.000000
140.000000	88266.658874	19531.423692	187500.000000	187500.000000	86789.610897	102333.393971	111968.225177	133646.086889	-0.086000	0.768000	0.576000	192.000000	0.000000	0.000000	0.000000	0.000000	0.000000	0.000000	0.000000	0.000000	0.000000	1733433164.900660	0.000000
141.000000	88266.591819	19535.849337	187500.000000	187500.000000	86789.409732	102325.637916	111963.419552	133657.530982	-0.086000	0.768000	0.576000	192.000000	0.000000	0.000000	0.000000	0.000000	0.000000	0.000000	0.000000	0.000000	0.000000	1733433164.903683	0.000000
142.000000	88275.018427	19533.033017	187500.000000	187500.000000	86797.590470	102343.921643	111972.494361	133673.803052	-0.086000	0.768000	0.574000	192.000000	253.000000	80.000000	24.000000	0.000000	17.000000	240.000000	0.000000	0.000000	0.000000	1733433164.907740	0.000000
143.000000	88269.586953	19522.192421	187500.000000	187500.000000	86804.072476	102333.662192	111967.666384	133675.211212	-0.086000	0.768000	0.574000	192.000000	0.000000	0.000000	0.000000	0.000000	0.000000	0.000000	0.000000	0.000000	0.000000	1733433164.912099	0.000000
144.000000	88276.113662	19531.982485	187500.000000	187500.000000	86819.003441	102334.980945	111978.596387	133683.749578	-0.086000	0.768000	0.574000	192.000000	0.000000	0.000000	0.000000	0.000000	0.000000	0.000000	0.000000	0.000000	0.000000	1733433164.916072	0.000000
145.000000	88281.545136	19536.005799	187500.000000	187500.000000	86816.678860	102329.482416	111990.845143	133685.135387	-0.086000	0.768000	0.574000	192.000000	0.000000	0.000000	0.000000	0.000000	0.000000	0.000000	0.000000	0.000000	0.000000	1733433164.919868	0.000000
146.000000	88274.213764	19538.509195	187500.000000	187500.000000	86810.979165	102323.045113	111978.082297	133656.793375	-0.086000	0.768000	0.574000	192.000000	0.000000	0.000000	0.000000	0.000000	0.000000	0.000000	0.000000	0.000000	0.000000	1733433164.924695	0.000000
147.000000	88271.173927	19538.419788	187500.000000	187500.000000	86810.465075	102339.719515	111975.310680	133659.989674	-0.086000	0.768000	0.574000	192.000000	0.000000	0.000000	0.000000	0.000000	0.000000	0.000000	0.000000	0.000000	0.000000	1733433164.928692	0.000000
148.000000	88273.789081	19525.679293	187500.000000	187500.000000	86811.806180	102338.423114	111975.914177	133657.530982	-0.086000	0.768000	0.574000	192.000000	0.000000	0.000000	0.000000	0.000000	0.000000	0.000000	0.000000	0.000000	0.000000	1733433164.931702	0.000000
149.000000	88258.031101	19509.787203	187500.000000	187500.000000	86800.183272	102317.457177	111970.639166	133649.596113	-0.086000	0.768000	0.574000	192.000000	0.000000	0.000000	0.000000	0.000000	0.000000	0.000000	0.000000	0.000000	0.000000	1733433164.935674	0.000000
150.000000	88258.612246	19518.571439	187500.000000	187500.000000	86797.746932	102320.139387	111975.824770	133635.358052	-0.086000	0.768000	0.574000	192.000000	0.000000	0.000000	0.000000	0.000000	0.000000	0.000000	0.000000	0.000000	0.000000	1733433164.939945	0.000000
151.000000	88259.595723	19522.192421	187500.000000	187500.000000	86797.724580	102319.915869	111971.242663	133651.227790	-0.086000	0.768000	0.574000	192.000000	0.000000	0.000000	0.000000	0.000000	0.000000	0.000000	0.000000	0.000000	0.000000	1733433164.943744	0.000000
152.000000	88255.706520	19511.195363	187500.000000	187500.000000	86797.881043	102310.103453	111958.055134	133675.926468	-0.080000	0.772000	0.576000	192.000000	253.000000	128.000000	24.000000	32.000000	18.000000	0.000000	0.000000	0.000000	0.000000	1733433164.947722	0.000000
153.000000	88258.053453	19514.078738	187500.000000	187500.000000	86797.657525	102314.842023	111961.206730	133686.141215	-0.080000	0.772000	0.576000	192.000000	0.000000	0.000000	0.000000	0.000000	0.000000	0.000000	0.000000	0.000000	0.000000	1733433164.951852	0.000000
154.000000	88263.775499	19529.702607	187500.000000	187500.000000	86809.906281	102343.496960	111976.227102	133635.536866	-0.080000	0.772000	0.576000	192.000000	0.000000	0.000000	0.000000	0.000000	0.000000	0.000000	0.000000	0.000000	0.000000	1733433164.956957	0.000000
155.000000	88265.451880	19524.405244	187500.000000	187500.000000	86806.888796	102335.964422	111975.310680	133648.992616	-0.080000	0.772000	0.576000	192.000000	0.000000	0.000000	0.000000	0.000000	0.000000	0.000000	0.000000	0.000000	0.000000	1733433164.960078	0.000000
156.000000	88263.484927	19516.448023	187500.000000	187500.000000	86809.660412	102326.263765	111972.874340	133659.274418	-0.080000	0.772000	0.576000	192.000000	0.000000	0.000000	0.000000	0.000000	0.000000	0.000000	0.000000	0.000000	0.000000	1733433164.963897	0.000000
157.000000	88263.686092	19518.571439	187500.000000	187500.000000	86815.360107	102321.636954	111972.896692	133679.770968	-0.080000	0.772000	0.576000	192.000000	0.000000	0.000000	0.000000	0.000000	0.000000	0.000000	0.000000	0.000000	0.000000	1733433164.967738	0.000000
158.000000	88258.634598	19513.989331	187500.000000	187500.000000	86813.929595	102305.856622	111968.627509	133651.116032	-0.080000	0.772000	0.576000	192.000000	0.000000	0.000000	0.000000	0.000000	0.000000	0.000000	0.000000	0.000000	0.000000	1733433164.971784	0.000000
159.000000	88265.831860	19524.673465	187500.000000	187500.000000	86818.914034	102312.070407	111975.757715	133642.152982	-0.080000	0.772000	0.576000	192.000000	0.000000	0.000000	0.000000	0.000000	0.000000	0.000000	0.000000	0.000000	0.000000	1733433164.975782	0.000000
160.000000	88270.302209	19524.382892	187500.000000	187500.000000	86814.689555	102321.547547	111981.278596	133661.397834	-0.080000	0.772000	0.576000	192.000000	0.000000	0.000000	0.000000	0.000000	0.000000	0.000000	0.000000	0.000000	0.000000	1733433164.979777	0.000000
161.000000	88260.020406	19507.037938	187500.000000	187500.000000	86811.113275	102307.711817	111968.582805	133654.535848	-0.080000	0.772000	0.576000	192.000000	0.000000	0.000000	0.000000	0.000000	0.000000	0.000000	0.000000	0.000000	0.000000	1733433164.984765	0.000000
162.000000	88250.990301	19502.053499	187500.000000	187500.000000	86797.389304	102289.226924	111950.366133	133647.472697	-0.080000	0.770000	0.570000	192.000000	253.000000	128.000000	24.000000	16.000000	17.000000	208.000000	0.000000	0.000000	0.000000	1733433164.988110	0.000000
163.000000	88251.593799	19510.323645	187500.000000	187500.000000	86797.948098	102299.195802	111943.593555	133629.144267	-0.080000	0.770000	0.570000	192.000000	0.000000	0.000000	0.000000	0.000000	0.000000	0.000000	0.000000	0.000000	0.000000	1733433164.992983	0.000000
164.000000	88250.677377	19503.238142	187500.000000	187500.000000	86803.468979	102299.352264	111944.934660	133645.058709	-0.080000	0.770000	0.570000	192.000000	0.000000	0.000000	0.000000	0.000000	0.000000	0.000000	0.000000	0.000000	0.000000	1733433164.996099	0.000000
165.000000	88258.053453	19507.574380	187500.000000	187500.000000	86808.699287	102296.357131	111959.306831	133649.596113	-0.080000	0.770000	0.570000	192.000000	0.000000	0.000000	0.000000	0.000000	0.000000	0.000000	0.000000	0.000000	0.000000	1733433165.000028	0.000000
166.000000	88255.281836	19509.161354	187500.000000	187500.000000	86807.782865	102294.412529	111957.943375	133668.595096	-0.080000	0.770000	0.570000	192.000000	0.000000	0.000000	0.000000	0.000000	0.000000	0.000000	0.000000	0.000000	0.000000	1733433165.004059	0.000000
167.000000	88255.259485	19511.977674	187500.000000	187500.000000	86803.871310	102291.171526	111947.371000	133675.747654	-0.080000	0.770000	0.570000	192.000000	0.000000	0.000000	0.000000	0.000000	0.000000	0.000000	0.000000	0.000000	0.000000	1733433165.008091	0.000000
168.000000	88256.220610	19509.898962	187500.000000	187500.000000	86803.580738	102292.155003	111937.335066	133613.341583	-0.080000	0.770000	0.570000	192.000000	0.000000	0.000000	0.000000	0.000000	0.000000	0.000000	0.000000	0.000000	0.000000	1733433165.011850	0.000000
169.000000	88247.749299	19499.684215	187500.000000	187500.000000	86797.791636	102291.216229	111944.666439	133611.061705	-0.080000	0.770000	0.570000	192.000000	0.000000	0.000000	0.000000	0.000000	0.000000	0.000000	0.000000	0.000000	0.000000	1733433165.014823	0.000000
170.000000	88242.854267	19492.308139	187500.000000	187500.000000	86790.124987	102284.644816	111945.448750	133621.321156	-0.080000	0.770000	0.570000	192.000000	0.000000	0.000000	0.000000	0.000000	0.000000	0.000000	0.000000	0.000000	0.000000	1733433165.019811	0.000000
171.000000	88255.594761	19504.512191	187500.000000	187500.000000	86798.573947	102289.361035	111950.008506	133641.437726	-0.080000	0.770000	0.570000	192.000000	0.000000	0.000000	0.000000	0.000000	0.000000	0.000000	0.000000	0.000000	0.000000	1733433165.023825	0.000000
172.000000	88256.265313	19505.696834	187500.000000	187500.000000	86800.965583	102300.782776	111954.389447	133641.951816	-0.074000	0.774000	0.578000	192.000000	253.000000	176.000000	24.000000	48.000000	18.000000	16.000000	0.000000	0.000000	0.000000	1733433165.027949	0.000000
173.000000	88248.017519	19508.982540	187500.000000	187500.000000	86789.387380	102300.760424	111952.042514	133637.436764	-0.074000	0.774000	0.578000	192.000000	0.000000	0.000000	0.000000	0.000000	0.000000	0.000000	0.000000	0.000000	0.000000	1733433165.031954	0.000000
174.000000	88237.176923	19498.968959	187500.000000	187500.000000	86778.435025	102276.754651	111938.497357	133628.518418	-0.074000	0.774000	0.578000	192.000000	0.000000	0.000000	0.000000	0.000000	0.000000	0.000000	0.000000	0.000000	0.000000	1733433165.036078	0.000000
175.000000	88243.770688	19497.739613	187500.000000	187500.000000	86779.329095	102285.069500	111935.949258	133617.007270	-0.074000	0.774000	0.578000	192.000000	0.000000	0.000000	0.000000	0.000000	0.000000	0.000000	0.000000	0.000000	0.000000	1733433165.039964	0.000000
176.000000	88240.909665	19492.889284	187500.000000	187500.000000	86777.540955	102295.574820	111944.331162	133651.496011	-0.074000	0.774000	0.578000	192.000000	0.000000	0.000000	0.000000	0.000000	0.000000	0.000000	0.000000	0.000000	0.000000	1733433165.043037	0.000000
177.000000	88239.389746	19489.804744	187500.000000	187500.000000	86778.613839	102305.700160	111934.854023	133656.748671	-0.074000	0.774000	0.578000	192.000000	0.000000	0.000000	0.000000	0.000000	0.000000	0.000000	0.000000	0.000000	0.000000	1733433165.046865	0.000000
178.000000	88239.166229	19491.123496	187500.000000	187500.000000	86788.806234	102294.189011	111941.671305	133623.511627	-0.074000	0.774000	0.578000	192.000000	0.000000	0.000000	0.000000	0.000000	0.000000	0.000000	0.000000	0.000000	0.000000	1733433165.051853	0.000000
179.000000	88245.022386	19505.294502	187500.000000	187500.000000	86793.924784	102298.122918	111947.773331	133635.626273	-0.074000	0.774000	0.578000	192.000000	0.000000	0.000000	0.000000	0.000000	0.000000	0.000000	0.000000	0.000000	0.000000	1733433165.056158	0.000000
180.000000	88240.239112	19486.764906	187500.000000	187500.000000	86793.835377	102312.159814	111951.640183	133637.928502	-0.074000	0.774000	0.578000	192.000000	0.000000	0.000000	0.000000	0.000000	0.000000	0.000000	0.000000	0.000000	0.000000	1733433165.060447	0.000000
181.000000	88234.874694	19477.980671	187500.000000	187500.000000	86791.577851	102307.711817	111951.304907	133630.999462	-0.074000	0.774000	0.578000	192.000000	0.000000	0.000000	0.000000	0.000000	0.000000	0.000000	0.000000	0.000000	0.000000	1733433165.064008	0.000000
182.000000	88236.931054	19479.701755	187500.000000	187500.000000	86787.219261	102290.433918	111944.420569	133642.085927	-0.072000	0.772000	0.576000	192.000000	253.000000	192.000000	24.000000	32.000000	18.000000	0.000000	0.000000	0.000000	0.000000	1733433165.067095	0.000000
183.000000	88237.601607	19477.377174	187500.000000	187500.000000	86784.961734	102288.712834	111938.609116	133669.153889	-0.072000	0.772000	0.576000	192.000000	0.000000	0.000000	0.000000	0.000000	0.000000	0.000000	0.000000	0.000000	0.000000	1733433165.071170	0.000000
184.000000	88233.757107	19474.762019	187500.000000	187500.000000	86783.441816	102295.083081	111941.581898	133674.048921	-0.072000	0.772000	0.576000	192.000000	0.000000	0.000000	0.000000	0.000000	0.000000	0.000000	0.000000	0.000000	0.000000	1733433165.075002	0.000000
185.000000	88228.258577	19470.023450	187500.000000	187500.000000	86787.263964	102296.133613	111942.319505	133627.490238	-0.072000	0.772000	0.576000	192.000000	0.000000	0.000000	0.000000	0.000000	0.000000	0.000000	0.000000	0.000000	0.000000	1733433165.079916	0.000000
186.000000	88228.683261	19474.940833	187500.000000	187500.000000	86793.500101	102291.864430	111937.156253	133622.326985	-0.072000	0.772000	0.576000	192.000000	0.000000	0.000000	0.000000	0.000000	0.000000	0.000000	0.000000	0.000000	0.000000	1733433165.083924	0.000000
187.000000	88231.186656	19483.032165	187500.000000	187500.000000	86797.836339	102303.666151	111933.468215	133616.783752	-0.072000	0.772000	0.576000	192.000000	0.000000	0.000000	0.000000	0.000000	0.000000	0.000000	0.000000	0.000000	0.000000	1733433165.087945	0.000000
188.000000	88232.930092	19473.935005	187500.000000	187500.000000	86793.522453	102317.099549	111941.268974	133605.831397	-0.072000	0.772000	0.576000	192.000000	0.000000	0.000000	0.000000	0.000000	0.000000	0.000000	0.000000	0.000000	0.000000	1733433165.091950	0.000000
189.000000	88232.907740	19480.506418	187500.000000	187500.000000	86781.631324	102280.621502	111945.985192	133614.481522	-0.072000	0.772000	0.576000	192.000000	0.000000	0.000000	0.000000	0.000000	0.000000	0.000000	0.000000	0.000000	0.000000	1733433165.095961	0.000000
190.000000	88232.930092	19482.249854	187500.000000	187500.000000	86773.271772	102276.195857	111942.833596	133631.357089	-0.072000	0.772000	0.576000	192.000000	0.000000	0.000000	0.000000	0.000000	0.000000	0.000000	0.000000	0.000000	0.000000	1733433165.099150	0.000000
191.000000	88226.604548	19468.548235	187500.000000	187500.000000	86760.061891	102275.748822	111936.038665	133632.564084	-0.072000	0.772000	0.576000	192.000000	0.000000	0.000000	0.000000	0.000000	0.000000	0.000000	0.000000	0.000000	0.000000	1733433165.103127	0.000000
192.000000	88233.019499	19477.578339	187500.000000	187500.000000	86763.235839	102285.471831	111933.602325	133605.473769	-0.076000	0.770000	0.572000	192.000000	253.000000	160.000000	24.000000	16.000000	17.000000	224.000000	0.000000	0.000000	0.000000	1733433165.108337	0.000000
193.000000	88232.907740	19490.207075	187500.000000	187500.000000	86765.247496	102293.920790	111935.077540	133622.617557	-0.076000	0.770000	0.572000	192.000000	0.000000	0.000000	0.000000	0.000000	0.000000	0.000000	0.000000	0.000000	0.000000	1733433165.112157	0.000000
194.000000	88227.073935	19484.708546	187500.000000	187500.000000	86764.241667	102286.075328	111940.866642	133638.487296	-0.076000	0.770000	0.572000	192.000000	0.000000	0.000000	0.000000	0.000000	0.000000	0.000000	0.000000	0.000000	0.000000	1733433165.116018	0.000000
195.000000	88228.862074	19480.841694	187500.000000	187500.000000	86765.985103	102275.949988	111945.694619	133622.930482	-0.076000	0.770000	0.572000	192.000000	0.000000	0.000000	0.000000	0.000000	0.000000	0.000000	0.000000	0.000000	0.000000	1733433165.118962	0.000000
196.000000	88223.408249	19467.050668	187500.000000	187500.000000	86761.805327	102278.140459	111939.167910	133600.489330	-0.076000	0.770000	0.572000	192.000000	0.000000	0.000000	0.000000	0.000000	0.000000	0.000000	0.000000	0.000000	0.000000	1733433165.123246	0.000000
197.000000	88223.587063	19476.818380	187500.000000	187500.000000	86765.873345	102282.052014	111935.949258	133603.283298	-0.076000	0.770000	0.572000	192.000000	0.000000	0.000000	0.000000	0.000000	0.000000	0.000000	0.000000	0.000000	0.000000	1733433165.126980	0.000000
198.000000	88224.324670	19484.641491	187500.000000	187500.000000	86761.760624	102278.900418	111937.312715	133602.053952	-0.076000	0.770000	0.572000	192.000000	0.000000	0.000000	0.000000	0.000000	0.000000	0.000000	0.000000	0.000000	0.000000	1733433165.131005	0.000000
199.000000	88221.910682	19473.085639	187500.000000	187500.000000	86766.432138	102288.377558	111945.046418	133601.249290	-0.076000	0.770000	0.572000	192.000000	0.000000	0.000000	0.000000	0.000000	0.000000	0.000000	0.000000	0.000000	0.000000	1733433165.136110	0.000000
200.000000	88220.256653	19469.911691	187500.000000	187500.000000	86766.879173	102283.884857	111942.475968	133638.017909	-0.076000	0.770000	0.572000	192.000000	0.000000	0.000000	0.000000	0.000000	0.000000	0.000000	0.000000	0.000000	0.000000	1733433165.140350	0.000000
201.000000	88219.407287	19472.526845	187500.000000	187500.000000	86761.961789	102282.767270	111929.109625	133633.413450	-0.076000	0.770000	0.572000	192.000000	0.000000	0.000000	0.000000	0.000000	0.000000	0.000000	0.000000	0.000000	0.000000	1733433165.144189	0.000000
202.000000	88218.379106	19472.973880	187500.000000	187500.000000	86765.336903	102273.513648	111927.567354	133625.500932	-0.074000	0.770000	0.578000	192.000000	253.000000	176.000000	24.000000	16.000000	18.000000	16.000000	0.000000	0.000000	0.000000	1733433165.147238	0.000000
203.000000	88228.303281	19479.858217	187500.000000	187500.000000	86784.581755	102294.747805	111946.499282	133619.868293	-0.074000	0.770000	0.578000	192.000000	0.000000	0.000000	0.000000	0.000000	0.000000	0.000000	0.000000	0.000000	0.000000	1733433165.151082	0.000000
204.000000	88230.896083	19482.875703	187500.000000	187500.000000	86786.392246	102296.334779	111955.931718	133628.339604	-0.074000	0.770000	0.578000	192.000000	0.000000	0.000000	0.000000	0.000000	0.000000	0.000000	0.000000	0.000000	0.000000	1733433165.155017	0.000000
205.000000	88223.341194	19482.607482	187500.000000	187500.000000	86781.161938	102296.267724	111956.624622	133615.353240	-0.074000	0.770000	0.578000	192.000000	0.000000	0.000000	0.000000	0.000000	0.000000	0.000000	0.000000	0.000000	0.000000	1733433165.159064	0.000000
206.000000	88224.704650	19469.554063	187500.000000	187500.000000	86792.136644	102293.607866	111954.143578	133618.527188	-0.074000	0.770000	0.578000	192.000000	0.000000	0.000000	0.000000	0.000000	0.000000	0.000000	0.000000	0.000000	0.000000	1733433165.163037	0.000000
207.000000	88216.836836	19458.668763	187500.000000	187500.000000	86787.286316	102289.964532	111953.964764	133621.209397	-0.074000	0.770000	0.578000	192.000000	0.000000	0.000000	0.000000	0.000000	0.000000	0.000000	0.000000	0.000000	0.000000	1733433165.168073	0.000000
208.000000	88218.490865	19466.871854	187500.000000	187500.000000	86775.886926	102299.151099	111951.371962	133637.526171	-0.074000	0.770000	0.578000	192.000000	0.000000	0.000000	0.000000	0.000000	0.000000	0.000000	0.000000	0.000000	0.000000	1733433165.172086	0.000000
209.000000	88221.553054	19461.574490	187500.000000	187500.000000	86776.244554	102292.043244	111955.149407	133636.229770	-0.074000	0.770000	0.578000	192.000000	0.000000	0.000000	0.000000	0.000000	0.000000	0.000000	0.000000	0.000000	0.000000	1733433165.175254	0.000000
210.000000	88218.200292	19459.518130	187500.000000	187500.000000	86781.050179	102265.288206	111953.584785	133595.549595	-0.074000	0.770000	0.578000	192.000000	0.000000	0.000000	0.000000	0.000000	0.000000	0.000000	0.000000	0.000000	0.000000	1733433165.179392	0.000000
211.000000	88214.199330	19453.416104	187500.000000	187500.000000	86786.235784	102265.556427	111949.405008	133585.178385	-0.074000	0.770000	0.578000	192.000000	0.000000	0.000000	0.000000	0.000000	0.000000	0.000000	0.000000	0.000000	0.000000	1733433165.183364	0.000000
212.000000	88218.803789	19469.241139	187500.000000	187500.000000	86784.425293	102275.949988	111957.406933	133616.716697	-0.082000	0.768000	0.578000	192.000000	253.000000	112.000000	24.000000	0.000000	18.000000	16.000000	0.000000	0.000000	0.000000	1733433165.187157	0.000000
213.000000	88212.791170	19459.451075	187500.000000	187500.000000	86767.817946	102270.250293	111947.773331	133613.006307	-0.082000	0.768000	0.578000	192.000000	0.000000	0.000000	0.000000	0.000000	0.000000	0.000000	0.000000	0.000000	0.000000	1733433165.193090	0.000000
214.000000	88219.004955	19462.312098	187500.000000	187500.000000	86773.942324	102280.845020	111955.842311	133602.523339	-0.082000	0.768000	0.578000	192.000000	0.000000	0.000000	0.000000	0.000000	0.000000	0.000000	0.000000	0.000000	0.000000	1733433165.196119	0.000000
215.000000	88219.206121	19463.317926	187500.000000	187500.000000	86777.697417	102277.648720	111955.060000	133593.202662	-0.082000	0.768000	0.578000	192.000000	0.000000	0.000000	0.000000	0.000000	0.000000	0.000000	0.000000	0.000000	0.000000	1733433165.200130	0.000000
216.000000	88213.551130	19461.283918	187500.000000	187500.000000	86773.249420	102271.770212	111949.919099	133593.336772	-0.082000	0.768000	0.578000	192.000000	0.000000	0.000000	0.000000	0.000000	0.000000	0.000000	0.000000	0.000000	0.000000	1733433165.203126	0.000000
217.000000	88215.026345	19453.572566	187500.000000	187500.000000	86775.864574	102274.050090	111957.026953	133626.864389	-0.082000	0.768000	0.578000	192.000000	0.000000	0.000000	0.000000	0.000000	0.000000	0.000000	0.000000	0.000000	0.000000	1733433165.207127	0.000000
218.000000	88209.058429	19454.131359	187500.000000	187500.000000	86768.332037	102274.787697	111950.254375	133637.928502	-0.082000	0.768000	0.578000	192.000000	0.000000	0.000000	0.000000	0.000000	0.000000	0.000000	0.000000	0.000000	0.000000	1733433165.211377	0.000000
219.000000	88214.020516	19453.639621	187500.000000	187500.000000	86777.093920	102292.803203	111960.066791	133601.271641	-0.082000	0.768000	0.578000	192.000000	0.000000	0.000000	0.000000	0.000000	0.000000	0.000000	0.000000	0.000000	0.000000	1733433165.215304	0.000000
220.000000	88213.037039	19453.371400	187500.000000	187500.000000	86786.436950	102305.253125	111980.451582	133617.834284	-0.082000	0.768000	0.578000	192.000000	0.000000	0.000000	0.000000	0.000000	0.000000	0.000000	0.000000	0.000000	0.000000	1733433165.219447	0.000000
221.000000	88223.318842	19467.050668	187500.000000	187500.000000	86786.325191	102287.684654	111969.789799	133633.860485	-0.082000	0.768000	0.578000	192.000000	0.000000	0.000000	0.000000	0.000000	0.000000	0.000000	0.000000	0.000000	0.000000	1733433165.224160	0.000000
222.000000	88225.196388	19470.246967	187500.000000	187500.000000	86788.627421	102280.845020	111965.677078	133629.703060	-0.082000	0.768000	0.572000	192.000000	253.000000	112.000000	24.000000	0.000000	17.000000	224.000000	0.000000	0.000000	0.000000	1733433165.228161	0.000000
223.000000	88225.531665	19470.783409	187500.000000	187500.000000	86791.913127	102286.812936	111981.256244	133628.674880	-0.082000	0.768000	0.572000	192.000000	0.000000	0.000000	0.000000	0.000000	0.000000	0.000000	0.000000	0.000000	0.000000	1733433165.231143	0.000000
224.000000	88223.072973	19468.905862	187500.000000	187500.000000	86780.334923	102280.845020	111976.562378	133621.835246	-0.082000	0.768000	0.572000	192.000000	0.000000	0.000000	0.000000	0.000000	0.000000	0.000000	0.000000	0.000000	0.000000	1733433165.235166	0.000000
225.000000	88214.892234	19461.708601	187500.000000	187500.000000	86776.870403	102277.872238	111975.042459	133613.878025	-0.082000	0.768000	0.572000	192.000000	0.000000	0.000000	0.000000	0.000000	0.000000	0.000000	0.000000	0.000000	0.000000	1733433165.239442	0.000000
226.000000	88206.331516	19447.269374	187500.000000	187500.000000	86772.176537	102261.063726	111964.850064	133617.476656	-0.082000	0.768000	0.572000	192.000000	0.000000	0.000000	0.000000	0.000000	0.000000	0.000000	0.000000	0.000000	0.000000	1733433165.243345	0.000000
227.000000	88212.075914	19449.728066	187500.000000	187500.000000	86772.198888	102263.433011	111960.111494	133610.033525	-0.082000	0.768000	0.572000	192.000000	0.000000	0.000000	0.000000	0.000000	0.000000	0.000000	0.000000	0.000000	0.000000	1733433165.247349	0.000000
228.000000	88215.607490	19460.389848	187500.000000	187500.000000	86773.294124	102287.639950	111958.993907	133594.789636	-0.082000	0.768000	0.572000	192.000000	0.000000	0.000000	0.000000	0.000000	0.000000	0.000000	0.000000	0.000000	0.000000	1733433165.252362	0.000000
229.000000	88207.180882	19455.740685	187500.000000	187500.000000	86765.582772	102274.340662	111955.283517	133605.518473	-0.082000	0.768000	0.572000	192.000000	0.000000	0.000000	0.000000	0.000000	0.000000	0.000000	0.000000	0.000000	0.000000	1733433165.255350	0.000000
230.000000	88212.277080	19462.781484	187500.000000	187500.000000	86763.124080	102259.320290	111951.975459	133597.427141	-0.082000	0.768000	0.572000	192.000000	0.000000	0.000000	0.000000	0.000000	0.000000	0.000000	0.000000	0.000000	0.000000	1733433165.258232	0.000000
231.000000	88207.650269	19457.707638	187500.000000	187500.000000	86769.784900	102269.467982	111950.455540	133587.078284	-0.082000	0.768000	0.572000	192.000000	0.000000	0.000000	0.000000	0.000000	0.000000	0.000000	0.000000	0.000000	0.000000	1733433165.263186	0.000000
232.000000	88201.950574	19447.604650	187500.000000	187500.000000	86770.142528	102265.109392	111943.459444	133590.296935	-0.078000	0.770000	0.578000	192.000000	253.000000	144.000000	24.000000	16.000000	18.000000	16.000000	0.000000	0.000000	0.000000	1733433165.267196	0.000000
233.000000	88206.040943	19447.336429	187500.000000	187500.000000	86770.343694	102264.908226	111951.595479	133599.349391	-0.078000	0.770000	0.578000	192.000000	0.000000	0.000000	0.000000	0.000000	0.000000	0.000000	0.000000	0.000000	0.000000	1733433165.271222	0.000000
234.000000	88208.209063	19450.577432	187500.000000	187500.000000	86775.596353	102268.126877	111952.355439	133606.256080	-0.078000	0.770000	0.578000	192.000000	0.000000	0.000000	0.000000	0.000000	0.000000	0.000000	0.000000	0.000000	0.000000	1733433165.275223	0.000000
235.000000	88197.055542	19443.871909	187500.000000	187500.000000	86764.062853	102247.697383	111943.146520	133590.699266	-0.078000	0.770000	0.578000	192.000000	0.000000	0.000000	0.000000	0.000000	0.000000	0.000000	0.000000	0.000000	0.000000	1733433165.279354	0.000000
236.000000	88195.535623	19448.342258	187500.000000	187500.000000	86767.661484	102255.252273	111946.119302	133594.633173	-0.078000	0.770000	0.578000	192.000000	0.000000	0.000000	0.000000	0.000000	0.000000	0.000000	0.000000	0.000000	0.000000	1733433165.283522	0.000000
237.000000	88183.756254	19444.587164	187500.000000	187500.000000	86769.248458	102254.738182	111934.742264	133575.589487	-0.078000	0.770000	0.578000	192.000000	0.000000	0.000000	0.000000	0.000000	0.000000	0.000000	0.000000	0.000000	0.000000	1733433165.286497	0.000000
238.000000	88184.493862	19438.641600	187500.000000	187500.000000	86772.824737	102249.753743	111920.615962	133582.652638	-0.078000	0.770000	0.578000	192.000000	0.000000	0.000000	0.000000	0.000000	0.000000	0.000000	0.000000	0.000000	0.000000	1733433165.291415	0.000000
239.000000	88194.082760	19454.421932	187500.000000	187500.000000	86775.596353	102263.857694	111931.858889	133611.106409	-0.078000	0.770000	0.578000	192.000000	0.000000	0.000000	0.000000	0.000000	0.000000	0.000000	0.000000	0.000000	0.000000	1733433165.295260	0.000000
240.000000	88192.786359	19448.990458	187500.000000	187500.000000	86775.864574	102266.226979	111937.178604	133605.339659	-0.078000	0.770000	0.578000	192.000000	0.000000	0.000000	0.000000	0.000000	0.000000	0.000000	0.000000	0.000000	0.000000	1733433165.299269	0.000000
241.000000	88194.865071	19435.311191	187500.000000	187500.000000	86781.720731	102265.064688	111941.403084	133584.887813	-0.078000	0.770000	0.578000	192.000000	0.000000	0.000000	0.000000	0.000000	0.000000	0.000000	0.000000	0.000000	0.000000	1733433165.303300	0.000000
242.000000	88195.423865	19442.128473	187500.000000	187500.000000	86791.421389	102274.273607	111949.360305	133584.507833	-0.074000	0.772000	0.578000	192.000000	253.000000	176.000000	24.000000	32.000000	18.000000	16.000000	0.000000	0.000000	0.000000	1733433165.307460	0.000000
243.000000	88194.842719	19450.823301	187500.000000	187500.000000	86796.316421	102273.379537	111957.116360	133588.777016	-0.074000	0.772000	0.578000	192.000000	0.000000	0.000000	0.000000	0.000000	0.000000	0.000000	0.000000	0.000000	0.000000	1733433165.311271	0.000000
244.000000	88187.600754	19432.807795	187500.000000	187500.000000	86796.651697	102273.267779	111955.171759	133592.062723	-0.074000	0.772000	0.578000	192.000000	0.000000	0.000000	0.000000	0.000000	0.000000	0.000000	0.000000	0.000000	0.000000	1733433165.314397	0.000000
245.000000	88190.864109	19431.354932	187500.000000	187500.000000	86786.660467	102268.372747	111949.270898	133589.492272	-0.074000	0.772000	0.578000	192.000000	0.000000	0.000000	0.000000	0.000000	0.000000	0.000000	0.000000	0.000000	0.000000	1733433165.319466	0.000000
246.000000	88199.782455	19441.949659	187500.000000	187500.000000	86794.036543	102279.101584	111955.819959	133597.628307	-0.074000	0.772000	0.578000	192.000000	0.000000	0.000000	0.000000	0.000000	0.000000	0.000000	0.000000	0.000000	0.000000	1733433165.323574	0.000000
247.000000	88203.425789	19452.142054	187500.000000	187500.000000	86794.237708	102269.780906	111961.206730	133620.315328	-0.074000	0.772000	0.578000	192.000000	0.000000	0.000000	0.000000	0.000000	0.000000	0.000000	0.000000	0.000000	0.000000	1733433165.327564	0.000000
248.000000	88185.186766	19438.753359	187500.000000	187500.000000	86785.319362	102257.018060	111944.554680	133589.514624	-0.074000	0.772000	0.578000	192.000000	0.000000	0.000000	0.000000	0.000000	0.000000	0.000000	0.000000	0.000000	0.000000	1733433165.331295	0.000000
249.000000	88186.997257	19439.289801	187500.000000	187500.000000	86786.638115	102262.829514	111947.102779	133595.437836	-0.074000	0.772000	0.578000	192.000000	0.000000	0.000000	0.000000	0.000000	0.000000	0.000000	0.000000	0.000000	0.000000	1733433165.335293	0.000000
250.000000	88187.712513	19443.558984	187500.000000	187500.000000	86784.291182	102260.661395	111938.832633	133578.405807	-0.074000	0.772000	0.578000	192.000000	0.000000	0.000000	0.000000	0.000000	0.000000	0.000000	0.000000	0.000000	0.000000	1733433165.339570	0.000000
251.000000	88191.847586	19458.065266	187500.000000	187500.000000	86792.181348	102261.309595	111944.420569	133600.265813	-0.074000	0.772000	0.578000	192.000000	0.000000	0.000000	0.000000	0.000000	0.000000	0.000000	0.000000	0.000000	0.000000	1733433165.342342	0.000000
252.000000	88188.673638	19439.110987	187500.000000	187500.000000	86788.359200	102260.594339	111944.554680	133596.130740	-0.078000	0.766000	0.580000	192.000000	253.000000	144.000000	23.000000	240.000000	18.000000	32.000000	0.000000	0.000000	0.000000	1733433165.346680	0.000000
253.000000	88188.181900	19433.344237	187500.000000	187500.000000	86795.467054	102266.517552	111949.025029	133569.979199	-0.078000	0.766000	0.580000	192.000000	0.000000	0.000000	0.000000	0.000000	0.000000	0.000000	0.000000	0.000000	0.000000	1733433165.351461	0.000000
254.000000	88188.047789	19439.423912	187500.000000	187500.000000	86790.236746	102249.530226	111947.281593	133560.636170	-0.078000	0.766000	0.580000	192.000000	0.000000	0.000000	0.000000	0.000000	0.000000	0.000000	0.000000	0.000000	0.000000	1733433165.355648	0.000000
255.000000	88188.025437	19431.399635	187500.000000	187500.000000	86780.513737	102255.095810	111944.040590	133583.434949	-0.078000	0.766000	0.580000	192.000000	0.000000	0.000000	0.000000	0.000000	0.000000	0.000000	0.000000	0.000000	0.000000	1733433165.359583	0.000000
0.000000	88182.303391	19432.204298	187500.000000	187500.000000	86781.005476	102239.807217	111933.021180	133578.696380	-0.078000	0.766000	0.580000	192.000000	0.000000	0.000000	0.000000	0.000000	0.000000	0.000000	0.000000	0.000000	0.000000	1733433165.363449	0.000000
1.000000	88178.950629	19429.656199	187500.000000	187500.000000	86782.704208	102238.153188	111931.791834	133589.022885	-0.078000	0.766000	0.580000	192.000000	0.000000	0.000000	0.000000	0.000000	0.000000	0.000000	0.000000	0.000000	0.000000	1733433165.367457	0.000000
2.000000	88186.170243	19435.512356	187500.000000	187500.000000	86787.599240	102250.781924	111937.603287	133583.837281	-0.078000	0.766000	0.580000	192.000000	0.000000	0.000000	0.000000	0.000000	0.000000	0.000000	0.000000	0.000000	0.000000	1733433165.370443	0.000000
3.000000	88189.657115	19432.807795	187500.000000	187500.000000	86788.582717	102249.753743	111931.098930	133572.594353	-0.078000	0.766000	0.580000	192.000000	0.000000	0.000000	0.000000	0.000000	0.000000	0.000000	0.000000	0.000000	0.000000	1733433165.374450	0.000000
4.000000	88188.047789	19432.740740	187500.000000	187500.000000	86792.337810	102260.057898	111935.993962	133561.753757	-0.078000	0.766000	0.580000	192.000000	0.000000	0.000000	0.000000	0.000000	0.000000	0.000000	0.000000	0.000000	0.000000	1733433165.379466	0.000000
5.000000	88181.744597	19430.326752	187500.000000	187500.000000	86789.297973	102272.820744	111940.285497	133568.347522	-0.078000	0.766000	0.580000	192.000000	0.000000	0.000000	0.000000	0.000000	0.000000	0.000000	0.000000	0.000000	0.000000	1733433165.383530	0.000000
6.000000	88187.354885	19441.301458	187500.000000	187500.000000	86801.077342	102278.766308	111943.928831	133563.094862	-0.078000	0.774000	0.576000	192.000000	253.000000	144.000000	24.000000	48.000000	18.000000	0.000000	0.000000	0.000000	0.000000	1733433165.387702	0.000000
7.000000	88185.857318	19442.195528	187500.000000	187500.000000	86800.786769	102270.697328	111946.946317	133571.208545	-0.078000	0.774000	0.576000	192.000000	0.000000	0.000000	0.000000	0.000000	0.000000	0.000000	0.000000	0.000000	0.000000	1733433165.390686	0.000000
8.000000	88182.616315	19433.008961	187500.000000	187500.000000	86802.306688	102269.445630	111948.890918	133581.691513	-0.078000	0.774000	0.576000	192.000000	0.000000	0.000000	0.000000	0.000000	0.000000	0.000000	0.000000	0.000000	0.000000	1733433165.394655	0.000000
9.000000	88179.777644	19435.579411	187500.000000	187500.000000	86809.012211	102280.465040	111956.714029	133582.473824	-0.078000	0.774000	0.576000	192.000000	0.000000	0.000000	0.000000	0.000000	0.000000	0.000000	0.000000	0.000000	0.000000	1733433165.398441	0.000000
10.000000	88174.010894	19423.665932	187500.000000	187500.000000	86804.072476	102287.416433	111955.037648	133577.511737	-0.078000	0.774000	0.576000	192.000000	0.000000	0.000000	0.000000	0.000000	0.000000	0.000000	0.000000	0.000000	0.000000	1733433165.402438	0.000000
11.000000	88171.105167	19415.015807	187500.000000	187500.000000	86793.678915	102277.916941	111953.338916	133580.037484	-0.078000	0.774000	0.576000	192.000000	0.000000	0.000000	0.000000	0.000000	0.000000	0.000000	0.000000	0.000000	0.000000	1733433165.407430	0.000000
12.000000	88172.669789	19420.335522	187500.000000	187500.000000	86787.532185	102283.236657	111953.517729	133576.908240	-0.078000	0.774000	0.576000	192.000000	0.000000	0.000000	0.000000	0.000000	0.000000	0.000000	0.000000	0.000000	0.000000	1733433165.411469	0.000000
13.000000	88177.542469	19426.079920	187500.000000	187500.000000	86800.518549	102284.130726	111952.735418	133583.971391	-0.078000	0.774000	0.576000	192.000000	0.000000	0.000000	0.000000	0.000000	0.000000	0.000000	0.000000	0.000000	0.000000	1733433165.415696	0.000000
14.000000	88183.130405	19435.087673	187500.000000	187500.000000	86805.860615	102284.890686	111947.058075	133586.675952	-0.078000	0.774000	0.576000	192.000000	0.000000	0.000000	0.000000	0.000000	0.000000	0.000000	0.000000	0.000000	0.000000	1733433165.418706	0.000000
15.000000	88182.079873	19438.596897	187500.000000	187500.000000	86794.237708	102273.714813	111939.860814	133596.220147	-0.078000	0.774000	0.576000	192.000000	0.000000	0.000000	0.000000	0.000000	0.000000	0.000000	0.000000	0.000000	0.000000	1733433165.422765	0.000000
16.000000	88180.135272	19439.043932	187500.000000	187500.000000	86789.119159	102271.010252	111939.123206	133616.806104	-0.074000	0.772000	0.576000	192.000000	253.000000	176.000000	24.000000	32.000000	18.000000	0.000000	0.000000	0.000000	0.000000	1733433165.426535	0.000000
17.000000	88174.189708	19427.823356	187500.000000	187500.000000	86779.709074	102277.402851	111929.824880	133562.916048	-0.074000	0.772000	0.576000	192.000000	0.000000	0.000000	0.000000	0.000000	0.000000	0.000000	0.000000	0.000000	0.000000	1733433165.430475	0.000000
18.000000	88172.580382	19426.594010	187500.000000	187500.000000	86785.967563	102281.426165	111946.454578	133562.491365	-0.074000	0.772000	0.576000	192.000000	0.000000	0.000000	0.000000	0.000000	0.000000	0.000000	0.000000	0.000000	0.000000	1733433165.435470	0.000000
19.000000	88164.846678	19412.177135	187500.000000	187500.000000	86786.079322	102269.803258	111946.655744	133557.149298	-0.074000	0.772000	0.576000	192.000000	0.000000	0.000000	0.000000	0.000000	0.000000	0.000000	0.000000	0.000000	0.000000	1733433165.439709	0.000000
20.000000	88165.628989	19417.005112	187500.000000	187500.000000	86782.391284	102265.221151	111940.464311	133560.189135	-0.074000	0.772000	0.576000	192.000000	0.000000	0.000000	0.000000	0.000000	0.000000	0.000000	0.000000	0.000000	0.000000	1733433165.443496	0.000000
21.000000	88173.675617	19422.838917	187500.000000	187500.000000	86787.085150	102273.670110	111949.628526	133551.851934	-0.074000	0.772000	0.576000	192.000000	0.000000	0.000000	0.000000	0.000000	0.000000	0.000000	0.000000	0.000000	0.000000	1733433165.446545	0.000000
22.000000	88171.641609	19420.335522	187500.000000	187500.000000	86786.258136	102282.901380	111948.868567	133571.163842	-0.074000	0.772000	0.576000	192.000000	0.000000	0.000000	0.000000	0.000000	0.000000	0.000000	0.000000	0.000000	0.000000	1733433165.450717	0.000000
23.000000	88161.605675	19419.217935	187500.000000	187500.000000	86769.449624	102286.410604	111939.816110	133578.048179	-0.074000	0.772000	0.576000	192.000000	0.000000	0.000000	0.000000	0.000000	0.000000	0.000000	0.000000	0.000000	0.000000	1733433165.454644	0.000000
24.000000	88165.405472	19427.197507	187500.000000	187500.000000	86769.986066	102280.085061	111933.289401	133543.805306	-0.074000	0.772000	0.576000	192.000000	0.000000	0.000000	0.000000	0.000000	0.000000	0.000000	0.000000	0.000000	0.000000	1733433165.458742	0.000000
25.000000	88168.869992	19427.264563	187500.000000	187500.000000	86771.103653	102270.764383	111932.372979	133562.379606	-0.074000	0.772000	0.576000	192.000000	0.000000	0.000000	0.000000	0.000000	0.000000	0.000000	0.000000	0.000000	0.000000	1733433165.462724	0.000000
26.000000	88167.081853	19420.223763	187500.000000	187500.000000	86764.286371	102269.177409	111933.714084	133558.177478	-0.074000	0.772000	0.576000	192.000000	0.000000	0.000000	0.000000	0.000000	0.000000	0.000000	0.000000	0.000000	0.000000	1733433165.467525	0.000000
27.000000	88164.936085	19422.302475	187500.000000	187500.000000	86762.677045	102264.014156	111925.823918	133547.448641	-0.078000	0.776000	0.578000	192.000000	253.000000	144.000000	24.000000	64.000000	18.000000	16.000000	0.000000	0.000000	0.000000	1733433165.471503	0.000000
28.000000	88170.389911	19432.517222	187500.000000	187500.000000	86759.525449	102260.907264	111919.967761	133552.902466	-0.078000	0.776000	0.578000	192.000000	0.000000	0.000000	0.000000	0.000000	0.000000	0.000000	0.000000	0.000000	0.000000	1733433165.474530	0.000000
29.000000	88174.524984	19433.299534	187500.000000	187500.000000	86757.424385	102270.943197	111926.874450	133577.243516	-0.078000	0.776000	0.578000	192.000000	0.000000	0.000000	0.000000	0.000000	0.000000	0.000000	0.000000	0.000000	0.000000	1733433165.478538	0.000000
30.000000	88164.623161	19420.112004	187500.000000	187500.000000	86756.172688	102277.246389	111933.021180	133555.472917	-0.078000	0.776000	0.578000	192.000000	0.000000	0.000000	0.000000	0.000000	0.000000	0.000000	0.000000	0.000000	0.000000	1733433165.482517	0.000000
31.000000	88154.743690	19410.366644	187500.000000	187500.000000	86748.394280	102270.026776	111927.075616	133557.216353	-0.078000	0.776000	0.578000	192.000000	0.000000	0.000000	0.000000	0.000000	0.000000	0.000000	0.000000	0.000000	0.000000	1733433165.486593	0.000000
32.000000	88149.893361	19401.269484	187500.000000	187500.000000	86735.854952	102256.794543	111917.732587	133542.710071	-0.078000	0.776000	0.578000	192.000000	0.000000	0.000000	0.000000	0.000000	0.000000	0.000000	0.000000	0.000000	0.000000	1733433165.491871	0.000000
33.000000	88139.052765	19386.919664	187500.000000	187500.000000	86727.696565	102246.043354	111913.731624	133530.148391	-0.078000	0.776000	0.578000	192.000000	0.000000	0.000000	0.000000	0.000000	0.000000	0.000000	0.000000	0.000000	0.000000	1733433165.495777	0.000000
34.000000	88150.385100	19416.915705	187500.000000	187500.000000	86734.469144	102272.597226	111921.845308	133542.598312	-0.078000	0.776000	0.578000	192.000000	0.000000	0.000000	0.000000	0.000000	0.000000	0.000000	0.000000	0.000000	0.000000	1733433165.498687	0.000000
35.000000	88160.197516	19426.035217	187500.000000	187500.000000	86741.644054	102279.481564	111930.987171	133572.281429	-0.078000	0.776000	0.578000	192.000000	0.000000	0.000000	0.000000	0.000000	0.000000	0.000000	0.000000	0.000000	0.000000	1733433165.502790	0.000000
36.000000	88160.443385	19424.180022	187500.000000	187500.000000	86744.080394	102250.893682	111927.924982	133560.144432	-0.078000	0.776000	0.578000	192.000000	0.000000	0.000000	0.000000	0.000000	0.000000	0.000000	0.000000	0.000000	0.000000	1733433165.506572	0.000000
37.000000	88159.214039	19408.489097	187500.000000	187500.000000	86742.269902	102260.437877	111933.736436	133535.803382	-0.082000	0.770000	0.586000	192.000000	253.000000	112.000000	24.000000	16.000000	18.000000	80.000000	0.000000	0.000000	0.000000	1733433165.510572	0.000000
38.000000	88157.023568	19408.556152	187500.000000	187500.000000	86742.962807	102261.644871	111939.503186	133549.214429	-0.082000	0.770000	0.586000	192.000000	0.000000	0.000000	0.000000	0.000000	0.000000	0.000000	0.000000	0.000000	0.000000	1733433165.514609	0.000000
39.000000	88158.498783	19416.133394	187500.000000	187500.000000	86734.156219	102256.459267	111936.999790	133552.701301	-0.082000	0.770000	0.586000	192.000000	0.000000	0.000000	0.000000	0.000000	0.000000	0.000000	0.000000	0.000000	0.000000	1733433165.518608	0.000000
40.000000	88152.530867	19409.271408	187500.000000	187500.000000	86732.770411	102251.340717	111934.362284	133556.836373	-0.082000	0.770000	0.586000	192.000000	0.000000	0.000000	0.000000	0.000000	0.000000	0.000000	0.000000	0.000000	0.000000	1733433165.523674	0.000000
41.000000	88149.580437	19405.717481	187500.000000	187500.000000	86735.251455	102253.687650	111935.144596	133535.691623	-0.082000	0.770000	0.586000	192.000000	0.000000	0.000000	0.000000	0.000000	0.000000	0.000000	0.000000	0.000000	0.000000	1733433165.527781	0.000000
42.000000	88147.255855	19410.433699	187500.000000	187500.000000	86740.526466	102266.919883	111938.944392	133545.414632	-0.082000	0.770000	0.586000	192.000000	0.000000	0.000000	0.000000	0.000000	0.000000	0.000000	0.000000	0.000000	0.000000	1733433165.530720	0.000000
43.000000	88142.405527	19406.119812	187500.000000	187500.000000	86739.542990	102268.082174	111934.496395	133561.262019	-0.082000	0.770000	0.586000	192.000000	0.000000	0.000000	0.000000	0.000000	0.000000	0.000000	0.000000	0.000000	0.000000	1733433165.534776	0.000000
44.000000	88150.094527	19413.004150	187500.000000	187500.000000	86741.219371	102265.489371	111927.232078	133547.359234	-0.082000	0.770000	0.586000	192.000000	0.000000	0.000000	0.000000	0.000000	0.000000	0.000000	0.000000	0.000000	0.000000	1733433165.538846	0.000000
45.000000	88163.863202	19422.973028	187500.000000	187500.000000	86752.015263	102283.840154	111950.254375	133579.948077	-0.082000	0.770000	0.586000	192.000000	0.000000	0.000000	0.000000	0.000000	0.000000	0.000000	0.000000	0.000000	0.000000	1733433165.542630	0.000000
46.000000	88171.261629	19425.766996	187500.000000	187500.000000	86761.760624	102286.321197	111961.474950	133581.110368	-0.082000	0.770000	0.586000	192.000000	0.000000	0.000000	0.000000	0.000000	0.000000	0.000000	0.000000	0.000000	0.000000	1733433165.546656	0.000000
47.000000	88164.421995	19415.485193	187500.000000	187500.000000	86756.351502	102288.466965	111951.461369	133556.992836	-0.074000	0.766000	0.580000	192.000000	253.000000	176.000000	23.000000	240.000000	18.000000	32.000000	0.000000	0.000000	0.000000	1733433165.551628	0.000000
48.000000	88156.867106	19407.215048	187500.000000	187500.000000	86746.315568	102286.567066	111952.198977	133569.710978	-0.074000	0.766000	0.580000	192.000000	0.000000	0.000000	0.000000	0.000000	0.000000	0.000000	0.000000	0.000000	0.000000	1733433165.554612	0.000000
49.000000	88151.234466	19405.292798	187500.000000	187500.000000	86739.297120	102283.393119	111945.381694	133545.101708	-0.074000	0.766000	0.580000	192.000000	0.000000	0.000000	0.000000	0.000000	0.000000	0.000000	0.000000	0.000000	0.000000	1733433165.558645	0.000000
50.000000	88146.384137	19402.945865	187500.000000	187500.000000	86742.649882	102290.433918	111943.593555	133554.176516	-0.074000	0.766000	0.580000	192.000000	0.000000	0.000000	0.000000	0.000000	0.000000	0.000000	0.000000	0.000000	0.000000	1733433165.562663	0.000000
51.000000	88137.823419	19381.108210	187500.000000	187500.000000	86737.196057	102279.705081	111935.099892	133568.816908	-0.074000	0.766000	0.580000	192.000000	0.000000	0.000000	0.000000	0.000000	0.000000	0.000000	0.000000	0.000000	0.000000	1733433165.566709	0.000000
52.000000	88135.476486	19375.050887	187500.000000	187500.000000	86732.524542	102260.817857	111927.969686	133561.865516	-0.074000	0.766000	0.580000	192.000000	0.000000	0.000000	0.000000	0.000000	0.000000	0.000000	0.000000	0.000000	0.000000	1733433165.570643	0.000000
53.000000	88144.752460	19387.523161	187500.000000	187500.000000	86738.000719	102260.214360	111932.842366	133562.491365	-0.074000	0.766000	0.580000	192.000000	0.000000	0.000000	0.000000	0.000000	0.000000	0.000000	0.000000	0.000000	0.000000	1733433165.574910	0.000000
54.000000	88148.485201	19396.910894	187500.000000	187500.000000	86742.158144	102271.814915	111950.187320	133555.227048	-0.074000	0.766000	0.580000	192.000000	0.000000	0.000000	0.000000	0.000000	0.000000	0.000000	0.000000	0.000000	0.000000	1733433165.579832	0.000000
55.000000	88146.942931	19399.771917	187500.000000	187500.000000	86746.561437	102276.575837	111947.616869	133533.098821	-0.074000	0.766000	0.580000	192.000000	0.000000	0.000000	0.000000	0.000000	0.000000	0.000000	0.000000	0.000000	0.000000	1733433165.582839	0.000000
56.000000	88143.970149	19393.535780	187500.000000	187500.000000	86743.722766	102283.124898	111946.543985	133538.619702	-0.074000	0.766000	0.580000	192.000000	0.000000	0.000000	0.000000	0.000000	0.000000	0.000000	0.000000	0.000000	0.000000	1733433165.586880	0.000000
57.000000	88151.323873	19402.297664	187500.000000	187500.000000	86740.772336	102288.690482	111953.651840	133541.994815	-0.070000	0.772000	0.580000	192.000000	253.000000	208.000000	24.000000	32.000000	18.000000	32.000000	0.000000	0.000000	0.000000	1733433165.590681	0.000000
58.000000	88144.707757	19397.223818	187500.000000	187500.000000	86734.916179	102285.181258	111941.716008	133538.440888	-0.070000	0.772000	0.580000	192.000000	0.000000	0.000000	0.000000	0.000000	0.000000	0.000000	0.000000	0.000000	0.000000	1733433165.594687	0.000000
59.000000	88140.036242	19386.562036	187500.000000	187500.000000	86734.111516	102276.106450	111927.075616	133554.601199	-0.070000	0.772000	0.580000	192.000000	0.000000	0.000000	0.000000	0.000000	0.000000	0.000000	0.000000	0.000000	0.000000	1733433165.598715	0.000000
60.000000	88137.421088	19371.273443	187500.000000	187500.000000	86731.474010	102274.653587	111928.886107	133573.466071	-0.070000	0.772000	0.580000	192.000000	0.000000	0.000000	0.000000	0.000000	0.000000	0.000000	0.000000	0.000000	0.000000	1733433165.602720	0.000000
61.000000	88141.623216	19373.732135	187500.000000	187500.000000	86733.329205	102273.983034	111941.201918	133551.918990	-0.070000	0.772000	0.580000	192.000000	0.000000	0.000000	0.000000	0.000000	0.000000	0.000000	0.000000	0.000000	0.000000	1733433165.606942	0.000000
62.000000	88140.215056	19379.990623	187500.000000	187500.000000	86731.272844	102278.296921	111940.933697	133558.468051	-0.070000	0.772000	0.580000	192.000000	0.000000	0.000000	0.000000	0.000000	0.000000	0.000000	0.000000	0.000000	0.000000	1733433165.610758	0.000000
63.000000	88142.047899	19390.540646	187500.000000	187500.000000	86733.753888	102292.065596	111943.660610	133538.507943	-0.070000	0.772000	0.580000	192.000000	0.000000	0.000000	0.000000	0.000000	0.000000	0.000000	0.000000	0.000000	0.000000	1733433165.614761	0.000000
64.000000	88139.946835	19396.150934	187500.000000	187500.000000	86730.468181	102285.985921	111942.520671	133549.348539	-0.070000	0.772000	0.580000	192.000000	0.000000	0.000000	0.000000	0.000000	0.000000	0.000000	0.000000	0.000000	0.000000	1733433165.618954	0.000000
65.000000	88138.717489	19389.870094	187500.000000	187500.000000	86719.582882	102280.710909	111939.659648	133546.263998	-0.070000	0.772000	0.580000	192.000000	0.000000	0.000000	0.000000	0.000000	0.000000	0.000000	0.000000	0.000000	0.000000	1733433165.622904	0.000000
66.000000	88141.824382	19396.016824	187500.000000	187500.000000	86725.193170	102293.339645	111949.673229	133537.725632	-0.070000	0.772000	0.580000	192.000000	0.000000	0.000000	0.000000	0.000000	0.000000	0.000000	0.000000	0.000000	0.000000	1733433165.627503	0.000000
67.000000	88144.350129	19382.270501	187500.000000	187500.000000	86723.963824	102292.266761	111952.266032	133546.152240	-0.072000	0.778000	0.586000	192.000000	253.000000	192.000000	24.000000	80.000000	18.000000	80.000000	0.000000	0.000000	0.000000	1733433165.630803	0.000000
68.000000	88142.740803	19381.845818	187500.000000	187500.000000	86724.366155	102288.288151	111952.198977	133557.462222	-0.072000	0.778000	0.586000	192.000000	0.000000	0.000000	0.000000	0.000000	0.000000	0.000000	0.000000	0.000000	0.000000	1733433165.633762	0.000000
69.000000	88135.767059	19378.180132	187500.000000	187500.000000	86720.119324	102292.602038	111946.946317	133575.433025	-0.072000	0.778000	0.586000	192.000000	0.000000	0.000000	0.000000	0.000000	0.000000	0.000000	0.000000	0.000000	0.000000	1733433165.637758	0.000000
70.000000	88135.990576	19389.087783	187500.000000	187500.000000	86723.337975	102286.142383	111936.888032	133568.280467	-0.072000	0.778000	0.586000	192.000000	0.000000	0.000000	0.000000	0.000000	0.000000	0.000000	0.000000	0.000000	0.000000	1733433165.641764	0.000000
71.000000	88128.100410	19390.831219	187500.000000	187500.000000	86722.980347	102275.257084	111922.493508	133533.881132	-0.072000	0.778000	0.586000	192.000000	0.000000	0.000000	0.000000	0.000000	0.000000	0.000000	0.000000	0.000000	0.000000	1733433165.646754	0.000000
72.000000	88128.770963	19385.958539	187500.000000	187500.000000	86718.889978	102275.681767	111933.088235	133528.896693	-0.072000	0.778000	0.586000	192.000000	0.000000	0.000000	0.000000	0.000000	0.000000	0.000000	0.000000	0.000000	0.000000	1733433165.650789	0.000000
73.000000	88132.548408	19387.947844	187500.000000	187500.000000	86726.981309	102271.591398	111946.543985	133531.578902	-0.072000	0.778000	0.586000	192.000000	0.000000	0.000000	0.000000	0.000000	0.000000	0.000000	0.000000	0.000000	0.000000	1733433165.657932	0.000000
74.000000	88132.950739	19387.769030	187500.000000	187500.000000	86727.674213	102271.770212	111950.343782	133541.480725	-0.072000	0.778000	0.586000	192.000000	0.000000	0.000000	0.000000	0.000000	0.000000	0.000000	0.000000	0.000000	0.000000	1733433165.658921	0.000000
75.000000	88138.002233	19395.435678	187500.000000	187500.000000	86730.334071	102280.219171	111956.334049	133554.221219	-0.072000	0.778000	0.586000	192.000000	0.000000	0.000000	0.000000	0.000000	0.000000	0.000000	0.000000	0.000000	0.000000	1733433165.661885	0.000000
76.000000	88142.740803	19398.386109	187500.000000	187500.000000	86731.317548	102291.775023	111954.478854	133555.607027	-0.072000	0.778000	0.586000	192.000000	0.000000	0.000000	0.000000	0.000000	0.000000	0.000000	0.000000	0.000000	0.000000	1733433165.666033	0.000000
77.000000	88137.868123	19391.881751	187500.000000	187500.000000	86720.476952	102274.720642	111941.067808	133567.207583	-0.074000	0.768000	0.578000	192.000000	253.000000	176.000000	24.000000	0.000000	18.000000	16.000000	0.000000	0.000000	0.000000	1733433165.670297	0.000000
78.000000	88137.912826	19388.260768	187500.000000	187500.000000	86719.806399	102272.731337	111941.961878	133542.687719	-0.074000	0.768000	0.578000	192.000000	0.000000	0.000000	0.000000	0.000000	0.000000	0.000000	0.000000	0.000000	0.000000	1733433165.674807	0.000000
79.000000	88126.424030	19379.163608	187500.000000	187500.000000	86718.621757	102282.454346	111943.191224	133516.446771	-0.074000	0.768000	0.578000	192.000000	0.000000	0.000000	0.000000	0.000000	0.000000	0.000000	0.000000	0.000000	0.000000	1733433165.678884	0.000000
80.000000	88129.866198	19389.199542	187500.000000	187500.000000	86718.822923	102289.785718	111942.252450	133545.191115	-0.074000	0.768000	0.578000	192.000000	0.000000	0.000000	0.000000	0.000000	0.000000	0.000000	0.000000	0.000000	0.000000	1733433165.682846	0.000000
81.000000	88132.391945	19393.625187	187500.000000	187500.000000	86722.175684	102286.276494	111938.564412	133538.507943	-0.074000	0.768000	0.578000	192.000000	0.000000	0.000000	0.000000	0.000000	0.000000	0.000000	0.000000	0.000000	0.000000	1733433165.686825	0.000000
82.000000	88139.790373	19394.809830	187500.000000	187500.000000	86728.970615	102284.242485	111951.640183	133569.465109	-0.074000	0.768000	0.578000	192.000000	0.000000	0.000000	0.000000	0.000000	0.000000	0.000000	0.000000	0.000000	0.000000	1733433165.689825	0.000000
83.000000	88146.540600	19405.873943	187500.000000	187500.000000	86731.406955	102299.240506	111962.413724	133613.945081	-0.074000	0.768000	0.578000	192.000000	0.000000	0.000000	0.000000	0.000000	0.000000	0.000000	0.000000	0.000000	0.000000	1733433165.694033	0.000000
84.000000	88153.067309	19412.221839	187500.000000	187500.000000	86738.447754	102298.011160	111968.560453	133577.891717	-0.074000	0.768000	0.578000	192.000000	0.000000	0.000000	0.000000	0.000000	0.000000	0.000000	0.000000	0.000000	0.000000	1733433165.698043	0.000000
85.000000	88147.971111	19414.479365	187500.000000	187500.000000	86742.582827	102292.222058	111958.546872	133522.817018	-0.074000	0.768000	0.578000	192.000000	0.000000	0.000000	0.000000	0.000000	0.000000	0.000000	0.000000	0.000000	0.000000	1733433165.702084	0.000000
86.000000	88137.510495	19412.110080	187500.000000	187500.000000	86733.686833	102282.700215	111961.586709	133520.335975	-0.074000	0.768000	0.578000	192.000000	0.000000	0.000000	0.000000	0.000000	0.000000	0.000000	0.000000	0.000000	0.000000	1733433165.706871	0.000000
87.000000	88140.885608	19403.817583	187500.000000	187500.000000	86731.652824	102289.942180	111967.107590	133530.394260	-0.076000	0.776000	0.582000	192.000000	253.000000	160.000000	24.000000	64.000000	18.000000	48.000000	0.000000	0.000000	0.000000	1733433165.710829	0.000000
88.000000	88140.416222	19390.764164	187500.000000	187500.000000	86733.955054	102297.765290	111973.947224	133543.827658	-0.076000	0.776000	0.582000	192.000000	0.000000	0.000000	0.000000	0.000000	0.000000	0.000000	0.000000	0.000000	0.000000	1733433165.714909	0.000000
89.000000	88148.082870	19397.581446	187500.000000	187500.000000	86739.051251	102312.562145	111984.027861	133562.558420	-0.076000	0.776000	0.582000	192.000000	0.000000	0.000000	0.000000	0.000000	0.000000	0.000000	0.000000	0.000000	0.000000	1733433165.717905	0.000000
90.000000	88141.734975	19393.379318	187500.000000	187500.000000	86726.824847	102295.910096	111966.973480	133559.987969	-0.076000	0.776000	0.582000	192.000000	0.000000	0.000000	0.000000	0.000000	0.000000	0.000000	0.000000	0.000000	0.000000	1733433165.721875	0.000000
91.000000	88146.719414	19396.463859	187500.000000	187500.000000	86720.789876	102291.372692	111966.168817	133592.554461	-0.076000	0.776000	0.582000	192.000000	0.000000	0.000000	0.000000	0.000000	0.000000	0.000000	0.000000	0.000000	0.000000	1733433165.726160	0.000000
92.000000	88154.967207	19407.751490	187500.000000	187500.000000	86728.255359	102294.166660	111979.199884	133586.184214	-0.076000	0.776000	0.582000	192.000000	0.000000	0.000000	0.000000	0.000000	0.000000	0.000000	0.000000	0.000000	0.000000	1733433165.731119	0.000000
93.000000	88149.669844	19410.053719	187500.000000	187500.000000	86728.478876	102302.682674	111973.120209	133516.335012	-0.076000	0.776000	0.582000	192.000000	0.000000	0.000000	0.000000	0.000000	0.000000	0.000000	0.000000	0.000000	0.000000	1733433165.735190	0.000000
94.000000	88141.734975	19398.475516	187500.000000	187500.000000	86715.850141	102306.415416	111963.441904	133524.716917	-0.076000	0.776000	0.582000	192.000000	0.000000	0.000000	0.000000	0.000000	0.000000	0.000000	0.000000	0.000000	0.000000	1733433165.739167	0.000000
95.000000	88134.023623	19388.081954	187500.000000	187500.000000	86712.899710	102311.511613	111962.391372	133533.188228	-0.076000	0.776000	0.582000	192.000000	0.000000	0.000000	0.000000	0.000000	0.000000	0.000000	0.000000	0.000000	0.000000	1733433165.743140	0.000000
96.000000	88140.393870	19400.397766	187500.000000	187500.000000	86714.330222	102283.907209	111957.339878	133535.713975	-0.076000	0.776000	0.582000	192.000000	0.000000	0.000000	0.000000	0.000000	0.000000	0.000000	0.000000	0.000000	0.000000	1733433165.745923	0.000000
97.000000	88140.125649	19403.772879	187500.000000	187500.000000	86712.340917	102291.976189	111961.474950	133538.262074	-0.082000	0.768000	0.572000	192.000000	253.000000	112.000000	24.000000	0.000000	17.000000	224.000000	0.000000	0.000000	0.000000	1733433165.749918	0.000000
98.000000	88139.097469	19394.027519	187500.000000	187500.000000	86713.212635	102300.671017	111970.594462	133550.577885	-0.082000	0.768000	0.572000	192.000000	0.000000	0.000000	0.000000	0.000000	0.000000	0.000000	0.000000	0.000000	0.000000	1733433165.753960	0.000000
99.000000	88139.253931	19395.234513	187500.000000	187500.000000	86710.441018	102300.447500	111966.884073	133574.538955	-0.082000	0.768000	0.572000	192.000000	0.000000	0.000000	0.000000	0.000000	0.000000	0.000000	0.000000	0.000000	0.000000	1733433165.757968	0.000000
100.000000	88140.662091	19405.628074	187500.000000	187500.000000	86713.391449	102313.076235	111968.851026	133542.643016	-0.082000	0.768000	0.572000	192.000000	0.000000	0.000000	0.000000	0.000000	0.000000	0.000000	0.000000	0.000000	0.000000	1733433165.762949	0.000000
101.000000	88128.011003	19389.758335	187500.000000	187500.000000	86715.850141	102306.996561	111966.660555	133527.153257	-0.082000	0.768000	0.572000	192.000000	0.000000	0.000000	0.000000	0.000000	0.000000	0.000000	0.000000	0.000000	0.000000	1733433165.767077	0.000000
102.000000	88124.568835	19378.671870	187500.000000	187500.000000	86716.364231	102289.986883	111970.192131	133536.876266	-0.082000	0.768000	0.572000	192.000000	0.000000	0.000000	0.000000	0.000000	0.000000	0.000000	0.000000	0.000000	0.000000	1733433165.770094	0.000000
103.000000	88138.538675	19403.795231	187500.000000	187500.000000	86730.177609	102303.085006	111982.463239	133560.122080	-0.082000	0.768000	0.572000	192.000000	0.000000	0.000000	0.000000	0.000000	0.000000	0.000000	0.000000	0.000000	0.000000	1733433165.774275	0.000000
104.000000	88137.421088	19404.666949	187500.000000	187500.000000	86729.350594	102305.677808	111978.506980	133552.366025	-0.082000	0.768000	0.572000	192.000000	0.000000	0.000000	0.000000	0.000000	0.000000	0.000000	0.000000	0.000000	0.000000	1733433165.778291	0.000000
105.000000	88143.009024	19393.111097	187500.000000	187500.000000	86737.330167	102317.144253	111989.749907	133560.904391	-0.082000	0.768000	0.572000	192.000000	0.000000	0.000000	0.000000	0.000000	0.000000	0.000000	0.000000	0.000000	0.000000	1733433165.782003	0.000000
106.000000	88141.176181	19393.446373	187500.000000	187500.000000	86737.799554	102319.670000	111970.862683	133568.347522	-0.082000	0.768000	0.572000	192.000000	0.000000	0.000000	0.000000	0.000000	0.000000	0.000000	0.000000	0.000000	0.000000	1733433165.785990	0.000000
107.000000	88146.428841	19398.028481	187500.000000	187500.000000	86741.375833	102330.734114	111980.295119	133586.184214	-0.072000	0.766000	0.574000	192.000000	253.000000	192.000000	23.000000	240.000000	17.000000	240.000000	0.000000	0.000000	0.000000	1733433165.791005	0.000000
108.000000	88142.003196	19394.586312	187500.000000	187500.000000	86737.821905	102330.085913	111985.056041	133587.078284	-0.072000	0.766000	0.574000	192.000000	0.000000	0.000000	0.000000	0.000000	0.000000	0.000000	0.000000	0.000000	0.000000	1733433165.795067	0.000000
109.000000	88145.355957	19400.129545	187500.000000	187500.000000	86739.297120	102333.349268	111985.190151	133562.357254	-0.072000	0.766000	0.574000	192.000000	0.000000	0.000000	0.000000	0.000000	0.000000	0.000000	0.000000	0.000000	0.000000	1733433165.798031	0.000000
110.000000	88148.194629	19405.292798	187500.000000	187500.000000	86742.001682	102324.520329	111984.094916	133540.184324	-0.072000	0.766000	0.574000	192.000000	0.000000	0.000000	0.000000	0.000000	0.000000	0.000000	0.000000	0.000000	0.000000	1733433165.802096	0.000000
111.000000	88149.423975	19409.159650	187500.000000	187500.000000	86744.549780	102311.690427	111982.418535	133544.185286	-0.072000	0.766000	0.574000	192.000000	0.000000	0.000000	0.000000	0.000000	0.000000	0.000000	0.000000	0.000000	0.000000	1733433165.806048	0.000000
112.000000	88149.245161	19405.873943	187500.000000	187500.000000	86735.318510	102308.963514	111978.194055	133552.813059	-0.072000	0.766000	0.574000	192.000000	0.000000	0.000000	0.000000	0.000000	0.000000	0.000000	0.000000	0.000000	0.000000	1733433165.810151	0.000000
113.000000	88145.020681	19402.722347	187500.000000	187500.000000	86731.094030	102311.556317	111979.445753	133548.789745	-0.072000	0.766000	0.574000	192.000000	0.000000	0.000000	0.000000	0.000000	0.000000	0.000000	0.000000	0.000000	0.000000	1733433165.814331	0.000000
114.000000	88144.260722	19406.633902	187500.000000	187500.000000	86731.563417	102317.770102	111985.994814	133553.103632	-0.072000	0.766000	0.574000	192.000000	0.000000	0.000000	0.000000	0.000000	0.000000	0.000000	0.000000	0.000000	0.000000	1733433165.818036	0.000000
115.000000	88133.777754	19389.333652	187500.000000	187500.000000	86718.241777	102305.498994	111971.421477	133552.991873	-0.072000	0.766000	0.574000	192.000000	0.000000	0.000000	0.000000	0.000000	0.000000	0.000000	0.000000	0.000000	0.000000	1733433165.823311	0.000000
116.000000	88129.776791	19379.364774	187500.000000	187500.000000	86715.134885	102313.009180	111962.100799	133561.262019	-0.072000	0.766000	0.574000	192.000000	0.000000	0.000000	0.000000	0.000000	0.000000	0.000000	0.000000	0.000000	0.000000	1733433165.826027	0.000000
117.000000	88134.403602	19392.172324	187500.000000	187500.000000	86721.482780	102309.276439	111963.866587	133561.284371	-0.070000	0.762000	0.574000	192.000000	253.000000	208.000000	23.000000	208.000000	17.000000	240.000000	0.000000	0.000000	0.000000	1733433165.830046	0.000000
118.000000	88137.599902	19402.856458	187500.000000	187500.000000	86726.847199	102317.904212	111971.443829	133547.739213	-0.070000	0.762000	0.574000	192.000000	0.000000	0.000000	0.000000	0.000000	0.000000	0.000000	0.000000	0.000000	0.000000	1733433165.834079	0.000000
119.000000	88132.101373	19400.308359	187500.000000	187500.000000	86721.572187	102305.119014	111975.690660	133555.897600	-0.070000	0.762000	0.574000	192.000000	0.000000	0.000000	0.000000	0.000000	0.000000	0.000000	0.000000	0.000000	0.000000	1733433165.838045	0.000000
120.000000	88145.512419	19405.516315	187500.000000	187500.000000	86732.323376	102318.977096	111986.620663	133571.610877	-0.070000	0.762000	0.574000	192.000000	0.000000	0.000000	0.000000	0.000000	0.000000	0.000000	0.000000	0.000000	0.000000	1733433165.842345	0.000000
121.000000	88145.534771	19397.112059	187500.000000	187500.000000	86732.725708	102328.588346	111988.811134	133576.595316	-0.070000	0.762000	0.574000	192.000000	0.000000	0.000000	0.000000	0.000000	0.000000	0.000000	0.000000	0.000000	0.000000	1733433165.847395	0.000000
122.000000	88146.473544	19400.151896	187500.000000	187500.000000	86727.607158	102312.517442	111989.213465	133547.828620	-0.070000	0.762000	0.574000	192.000000	0.000000	0.000000	0.000000	0.000000	0.000000	0.000000	0.000000	0.000000	0.000000	1733433165.851276	0.000000
123.000000	88141.802030	19396.732080	187500.000000	187500.000000	86720.923987	102318.775930	111994.890808	133546.599274	-0.070000	0.762000	0.574000	192.000000	0.000000	0.000000	0.000000	0.000000	0.000000	0.000000	0.000000	0.000000	0.000000	1733433165.854113	0.000000
124.000000	88133.911864	19389.713632	187500.000000	187500.000000	86715.090181	102318.619468	111990.621625	133565.151222	-0.070000	0.762000	0.574000	192.000000	0.000000	0.000000	0.000000	0.000000	0.000000	0.000000	0.000000	0.000000	0.000000	1733433165.858076	0.000000
125.000000	88127.474562	19388.417231	187500.000000	187500.000000	86707.915271	102318.284192	111984.787820	133566.000589	-0.070000	0.762000	0.574000	192.000000	0.000000	0.000000	0.000000	0.000000	0.000000	0.000000	0.000000	0.000000	0.000000	1733433165.862056	0.000000
126.000000	88135.185913	19397.246170	187500.000000	187500.000000	86711.156274	102325.526157	111983.424364	133544.431155	-0.070000	0.762000	0.574000	192.000000	0.000000	0.000000	0.000000	0.000000	0.000000	0.000000	0.000000	0.000000	0.000000	1733433165.866090	0.000000
127.000000	88145.892399	19402.677644	187500.000000	187500.000000	86718.085315	102338.579576	111994.913160	133540.787821	-0.074000	0.762000	0.578000	192.000000	253.000000	176.000000	23.000000	208.000000	18.000000	16.000000	0.000000	0.000000	0.000000	1733433165.870098	0.000000
128.000000	88146.540600	19405.069280	187500.000000	187500.000000	86712.676193	102335.048000	112002.937436	133542.553609	-0.074000	0.762000	0.578000	192.000000	0.000000	0.000000	0.000000	0.000000	0.000000	0.000000	0.000000	0.000000	0.000000	1733433165.874448	0.000000
129.000000	88142.740803	19404.756356	187500.000000	187500.000000	86713.614966	102344.189864	111999.338806	133542.128926	-0.074000	0.762000	0.578000	192.000000	0.000000	0.000000	0.000000	0.000000	0.000000	0.000000	0.000000	0.000000	0.000000	1733433165.879408	0.000000
130.000000	88139.432745	19396.553266	187500.000000	187500.000000	86709.323431	102336.925547	111989.124058	133551.136679	-0.074000	0.762000	0.578000	192.000000	0.000000	0.000000	0.000000	0.000000	0.000000	0.000000	0.000000	0.000000	0.000000	1733433165.882293	0.000000
131.000000	88133.464829	19393.513428	187500.000000	187500.000000	86692.626678	102323.894480	111977.054116	133563.139565	-0.074000	0.762000	0.578000	192.000000	0.000000	0.000000	0.000000	0.000000	0.000000	0.000000	0.000000	0.000000	0.000000	1733433165.886281	0.000000
132.000000	88140.058594	19395.033347	187500.000000	187500.000000	86682.814262	102297.675883	111973.611948	133561.910219	-0.074000	0.762000	0.578000	192.000000	0.000000	0.000000	0.000000	0.000000	0.000000	0.000000	0.000000	0.000000	0.000000	1733433165.890170	0.000000
133.000000	88136.638777	19389.780687	187500.000000	187500.000000	86679.595611	102309.656419	111978.037593	133527.957920	-0.074000	0.762000	0.578000	192.000000	0.000000	0.000000	0.000000	0.000000	0.000000	0.000000	0.000000	0.000000	0.000000	1733433165.894123	0.000000
134.000000	88137.488143	19389.691280	187500.000000	187500.000000	86681.942544	102301.766253	111984.653709	133541.570132	-0.074000	0.762000	0.578000	192.000000	0.000000	0.000000	0.000000	0.000000	0.000000	0.000000	0.000000	0.000000	0.000000	1733433165.898118	0.000000
135.000000	88153.380233	19405.404556	187500.000000	187500.000000	86694.168948	102308.248259	111997.058928	133537.971501	-0.074000	0.762000	0.578000	192.000000	0.000000	0.000000	0.000000	0.000000	0.000000	0.000000	0.000000	0.000000	0.000000	1733433165.902138	0.000000
136.000000	88149.088699	19403.817583	187500.000000	187500.000000	86692.492568	102311.533965	111991.247474	133538.887923	-0.074000	0.762000	0.578000	192.000000	0.000000	0.000000	0.000000	0.000000	0.000000	0.000000	0.000000	0.000000	0.000000	1733433165.906468	0.000000
137.000000	88147.814649	19402.074147	187500.000000	187500.000000	86687.843405	102318.306544	111992.566227	133556.143469	-0.078000	0.768000	0.578000	192.000000	253.000000	144.000000	24.000000	0.000000	18.000000	16.000000	0.000000	0.000000	0.000000	1733433165.909170	0.000000
138.000000	88147.054690	19402.275312	187500.000000	187500.000000	86698.035800	102315.981962	111990.420460	133554.020054	-0.078000	0.768000	0.578000	192.000000	0.000000	0.000000	0.000000	0.000000	0.000000	0.000000	0.000000	0.000000	0.000000	1733433165.914251	0.000000
139.000000	88144.417184	19400.263655	187500.000000	187500.000000	86696.784103	102305.387235	111990.263997	133560.233839	-0.078000	0.768000	0.578000	192.000000	0.000000	0.000000	0.000000	0.000000	0.000000	0.000000	0.000000	0.000000	0.000000	1733433165.918294	0.000000
140.000000	88133.174256	19393.580484	187500.000000	187500.000000	86683.373056	102307.711817	111982.820866	133564.570077	-0.078000	0.768000	0.578000	192.000000	0.000000	0.000000	0.000000	0.000000	0.000000	0.000000	0.000000	0.000000	0.000000	1733433165.922414	0.000000
141.000000	88132.280187	19392.105268	187500.000000	187500.000000	86685.719989	102308.382369	111978.954015	133535.110478	-0.078000	0.768000	0.578000	192.000000	0.000000	0.000000	0.000000	0.000000	0.000000	0.000000	0.000000	0.000000	0.000000	1733433165.926377	0.000000
142.000000	88135.789411	19386.472629	187500.000000	187500.000000	86682.590745	102310.438730	111979.579863	133540.810173	-0.078000	0.768000	0.578000	192.000000	0.000000	0.000000	0.000000	0.000000	0.000000	0.000000	0.000000	0.000000	0.000000	1733433165.930243	0.000000
143.000000	88128.726259	19374.469742	187500.000000	187500.000000	86678.679190	102311.355151	111976.674137	133528.516713	-0.078000	0.768000	0.578000	192.000000	0.000000	0.000000	0.000000	0.000000	0.000000	0.000000	0.000000	0.000000	0.000000	1733433165.934183	0.000000
144.000000	88127.876893	19375.296757	187500.000000	187500.000000	86675.169966	102289.159869	111977.188227	133546.554571	-0.078000	0.768000	0.578000	192.000000	0.000000	0.000000	0.000000	0.000000	0.000000	0.000000	0.000000	0.000000	0.000000	1733433165.937214	0.000000
145.000000	88135.811762	19386.651443	187500.000000	187500.000000	86690.816187	102295.418357	111994.980215	133554.243571	-0.078000	0.768000	0.578000	192.000000	0.000000	0.000000	0.000000	0.000000	0.000000	0.000000	0.000000	0.000000	0.000000	1733433165.941205	0.000000
146.000000	88128.301576	19385.176228	187500.000000	187500.000000	86694.258355	102307.309485	111998.176515	133543.514734	-0.078000	0.768000	0.578000	192.000000	0.000000	0.000000	0.000000	0.000000	0.000000	0.000000	0.000000	0.000000	0.000000	1733433165.946186	0.000000
147.000000	88124.926463	19377.666042	187500.000000	187500.000000	86689.475082	102311.399855	112002.982140	133531.869475	-0.074000	0.768000	0.576000	192.000000	253.000000	176.000000	24.000000	0.000000	18.000000	0.000000	0.000000	0.000000	0.000000	1733433165.950230	0.000000
148.000000	88129.396812	19373.799190	187500.000000	187500.000000	86697.342896	102313.389160	112012.436928	133547.180420	-0.074000	0.768000	0.576000	192.000000	0.000000	0.000000	0.000000	0.000000	0.000000	0.000000	0.000000	0.000000	0.000000	1733433165.954353	0.000000
149.000000	88123.831227	19364.769085	187500.000000	187500.000000	86689.966820	102315.132596	112004.971445	133553.751833	-0.074000	0.768000	0.576000	192.000000	0.000000	0.000000	0.000000	0.000000	0.000000	0.000000	0.000000	0.000000	0.000000	1733433165.958393	0.000000
150.000000	88126.111105	19379.163608	187500.000000	187500.000000	86691.307925	102318.820634	112000.791669	133549.125022	-0.074000	0.768000	0.576000	192.000000	0.000000	0.000000	0.000000	0.000000	0.000000	0.000000	0.000000	0.000000	0.000000	1733433165.962460	0.000000
151.000000	88137.979882	19398.564923	187500.000000	187500.000000	86706.954146	102328.096608	112017.019035	133557.462222	-0.074000	0.768000	0.576000	192.000000	0.000000	0.000000	0.000000	0.000000	0.000000	0.000000	0.000000	0.000000	0.000000	1733433165.965433	0.000000
152.000000	88150.586265	19397.380280	187500.000000	187500.000000	86717.034783	102340.345364	112036.621515	133589.291106	-0.074000	0.768000	0.576000	192.000000	0.000000	0.000000	0.000000	0.000000	0.000000	0.000000	0.000000	0.000000	0.000000	1733433165.969682	0.000000
153.000000	88145.333605	19389.378356	187500.000000	187500.000000	86706.127132	102324.609736	112018.226030	133558.490403	-0.074000	0.768000	0.576000	192.000000	0.000000	0.000000	0.000000	0.000000	0.000000	0.000000	0.000000	0.000000	0.000000	1733433165.974497	0.000000
154.000000	88129.977957	19380.482361	187500.000000	187500.000000	86696.739399	102317.703047	112004.725576	133549.572056	-0.074000	0.768000	0.576000	192.000000	0.000000	0.000000	0.000000	0.000000	0.000000	0.000000	0.000000	0.000000	0.000000	1733433165.978276	0.000000
155.000000	88136.504666	19382.181094	187500.000000	187500.000000	86696.091198	102323.693314	112003.451527	133556.881077	-0.074000	0.768000	0.576000	192.000000	0.000000	0.000000	0.000000	0.000000	0.000000	0.000000	0.000000	0.000000	0.000000	1733433165.982275	0.000000
156.000000	88130.313233	19377.978966	187500.000000	187500.000000	86690.659725	102318.261840	112005.597294	133544.498210	-0.074000	0.768000	0.576000	192.000000	0.000000	0.000000	0.000000	0.000000	0.000000	0.000000	0.000000	0.000000	0.000000	1733433165.986254	0.000000
157.000000	88124.680594	19380.772934	187500.000000	187500.000000	86686.859928	102310.818709	112005.284370	133541.033690	-0.074000	0.772000	0.580000	192.000000	253.000000	176.000000	24.000000	32.000000	18.000000	32.000000	0.000000	0.000000	0.000000	1733433165.989497	0.000000
158.000000	88126.759306	19394.809830	187500.000000	187500.000000	86689.296268	102329.549471	112010.380567	133544.274693	-0.074000	0.772000	0.580000	192.000000	0.000000	0.000000	0.000000	0.000000	0.000000	0.000000	0.000000	0.000000	0.000000	1733433165.993300	0.000000
159.000000	88128.368631	19395.793306	187500.000000	187500.000000	86693.788969	102339.495997	112014.336826	133557.953961	-0.074000	0.772000	0.580000	192.000000	0.000000	0.000000	0.000000	0.000000	0.000000	0.000000	0.000000	0.000000	0.000000	1733433165.997344	0.000000
160.000000	88127.787486	19394.966292	187500.000000	187500.000000	86700.852120	102327.649573	112020.304742	133569.420406	-0.074000	0.772000	0.580000	192.000000	0.000000	0.000000	0.000000	0.000000	0.000000	0.000000	0.000000	0.000000	0.000000	1733433166.002696	0.000000
161.000000	88128.882722	19383.857475	187500.000000	187500.000000	86711.782123	102327.359000	112025.177422	133557.752795	-0.074000	0.772000	0.580000	192.000000	0.000000	0.000000	0.000000	0.000000	0.000000	0.000000	0.000000	0.000000	0.000000	1733433166.006487	0.000000
162.000000	88132.548408	19379.320071	187500.000000	187500.000000	86705.143655	102330.041209	112020.215335	133551.516658	-0.074000	0.772000	0.580000	192.000000	0.000000	0.000000	0.000000	0.000000	0.000000	0.000000	0.000000	0.000000	0.000000	1733433166.010535	0.000000
163.000000	88135.521190	19382.605777	187500.000000	187500.000000	86708.764638	102330.711762	112022.696379	133583.859632	-0.074000	0.772000	0.580000	192.000000	0.000000	0.000000	0.000000	0.000000	0.000000	0.000000	0.000000	0.000000	0.000000	1733433166.014503	0.000000
164.000000	88133.621291	19385.980891	187500.000000	187500.000000	86709.524597	102321.122863	112014.247419	133575.745949	-0.074000	0.772000	0.580000	192.000000	0.000000	0.000000	0.000000	0.000000	0.000000	0.000000	0.000000	0.000000	0.000000	1733433166.017584	0.000000
165.000000	88144.506591	19405.873943	187500.000000	187500.000000	86713.793780	102314.305581	112015.968503	133567.632266	-0.074000	0.772000	0.580000	192.000000	0.000000	0.000000	0.000000	0.000000	0.000000	0.000000	0.000000	0.000000	0.000000	1733433166.021348	0.000000
166.000000	88151.234466	19421.676626	187500.000000	187500.000000	86717.705335	102333.416323	112036.397998	133560.390301	-0.074000	0.772000	0.580000	192.000000	0.000000	0.000000	0.000000	0.000000	0.000000	0.000000	0.000000	0.000000	0.000000	1733433166.025314	0.000000
167.000000	88142.584341	19417.250981	187500.000000	187500.000000	86715.246643	102328.677753	112030.832414	133558.222182	-0.076000	0.768000	0.578000	192.000000	253.000000	160.000000	24.000000	0.000000	18.000000	16.000000	0.000000	0.000000	0.000000	1733433166.029305	0.000000
168.000000	88144.260722	19404.644597	187500.000000	187500.000000	86715.872492	102329.080084	112025.177422	133577.623496	-0.076000	0.768000	0.578000	192.000000	0.000000	0.000000	0.000000	0.000000	0.000000	0.000000	0.000000	0.000000	0.000000	1733433166.034321	0.000000
169.000000	88145.870047	19402.029443	187500.000000	187500.000000	86721.616891	102343.608718	112031.838242	133562.089033	-0.076000	0.768000	0.578000	192.000000	0.000000	0.000000	0.000000	0.000000	0.000000	0.000000	0.000000	0.000000	0.000000	1733433166.038456	0.000000
170.000000	88138.382213	19399.771917	187500.000000	187500.000000	86714.620795	102328.230718	112027.971390	133562.692530	-0.076000	0.768000	0.578000	192.000000	0.000000	0.000000	0.000000	0.000000	0.000000	0.000000	0.000000	0.000000	0.000000	1733433166.041467	0.000000
171.000000	88127.295748	19392.887580	187500.000000	187500.000000	86703.333164	102322.173395	112020.148280	133578.852842	-0.076000	0.768000	0.578000	192.000000	0.000000	0.000000	0.000000	0.000000	0.000000	0.000000	0.000000	0.000000	0.000000	1733433166.045518	0.000000
172.000000	88124.613538	19396.240341	187500.000000	187500.000000	86701.008582	102317.948916	112026.563230	133587.078284	-0.076000	0.768000	0.578000	192.000000	0.000000	0.000000	0.000000	0.000000	0.000000	0.000000	0.000000	0.000000	0.000000	1733433166.049507	0.000000
173.000000	88122.758344	19394.787478	187500.000000	187500.000000	86696.001791	102314.909078	112017.354312	133564.257153	-0.076000	0.768000	0.578000	192.000000	0.000000	0.000000	0.000000	0.000000	0.000000	0.000000	0.000000	0.000000	0.000000	1733433166.053635	0.000000
174.000000	88129.150942	19403.236437	187500.000000	187500.000000	86698.214614	102327.359000	112017.555477	133553.528315	-0.076000	0.768000	0.578000	192.000000	0.000000	0.000000	0.000000	0.000000	0.000000	0.000000	0.000000	0.000000	0.000000	1733433166.057729	0.000000
175.000000	88134.291844	19404.421080	187500.000000	187500.000000	86705.344821	102326.643744	112018.404844	133551.159030	-0.076000	0.768000	0.578000	192.000000	0.000000	0.000000	0.000000	0.000000	0.000000	0.000000	0.000000	0.000000	0.000000	1733433166.062412	0.000000
176.000000	88135.521190	19401.962388	187500.000000	187500.000000	86708.094085	102309.969343	112013.666274	133552.477783	-0.076000	0.768000	0.578000	192.000000	0.000000	0.000000	0.000000	0.000000	0.000000	0.000000	0.000000	0.000000	0.000000	1733433166.066441	0.000000
177.000000	88146.764117	19406.097461	187500.000000	187500.000000	86721.818056	102325.526157	112028.150204	133554.891772	-0.070000	0.770000	0.576000	192.000000	253.000000	208.000000	24.000000	16.000000	18.000000	0.000000	0.000000	0.000000	0.000000	1733433166.069445	0.000000
178.000000	88137.577550	19404.577542	187500.000000	187500.000000	86714.620795	102317.077198	112016.840222	133544.833487	-0.070000	0.770000	0.576000	192.000000	0.000000	0.000000	0.000000	0.000000	0.000000	0.000000	0.000000	0.000000	0.000000	1733433166.073650	0.000000
179.000000	88136.929350	19401.828277	187500.000000	187500.000000	86700.718010	102315.758445	112013.934495	133574.471900	-0.070000	0.770000	0.576000	192.000000	0.000000	0.000000	0.000000	0.000000	0.000000	0.000000	0.000000	0.000000	0.000000	1733433166.077408	0.000000
180.000000	88142.450230	19406.253923	187500.000000	187500.000000	86706.060076	102334.019820	112020.707073	133571.476766	-0.070000	0.770000	0.576000	192.000000	0.000000	0.000000	0.000000	0.000000	0.000000	0.000000	0.000000	0.000000	0.000000	1733433166.081420	0.000000
181.000000	88144.886571	19411.327769	187500.000000	187500.000000	86709.077562	102339.987736	112034.721617	133555.383510	-0.070000	0.770000	0.576000	192.000000	0.000000	0.000000	0.000000	0.000000	0.000000	0.000000	0.000000	0.000000	0.000000	1733433166.085605	0.000000
182.000000	88144.327777	19416.647484	187500.000000	187500.000000	86717.101838	102329.594175	112038.007324	133559.719748	-0.070000	0.770000	0.576000	192.000000	0.000000	0.000000	0.000000	0.000000	0.000000	0.000000	0.000000	0.000000	0.000000	1733433166.090568	0.000000
183.000000	88138.449268	19405.181039	187500.000000	187500.000000	86709.882225	102326.822558	112029.714826	133551.516658	-0.070000	0.770000	0.576000	192.000000	0.000000	0.000000	0.000000	0.000000	0.000000	0.000000	0.000000	0.000000	0.000000	1733433166.094651	0.000000
184.000000	88127.183989	19386.740850	187500.000000	187500.000000	86701.947356	102323.313334	112029.804233	133556.165821	-0.070000	0.770000	0.576000	192.000000	0.000000	0.000000	0.000000	0.000000	0.000000	0.000000	0.000000	0.000000	0.000000	1733433166.097561	0.000000
185.000000	88125.619367	19383.969234	187500.000000	187500.000000	86705.322469	102328.029552	112039.482539	133536.898617	-0.070000	0.770000	0.576000	192.000000	0.000000	0.000000	0.000000	0.000000	0.000000	0.000000	0.000000	0.000000	0.000000	1733433166.101496	0.000000
186.000000	88136.705832	19397.782612	187500.000000	187500.000000	86710.731591	102325.481454	112044.109350	133555.450565	-0.070000	0.770000	0.576000	192.000000	0.000000	0.000000	0.000000	0.000000	0.000000	0.000000	0.000000	0.000000	0.000000	1733433166.105528	0.000000
187.000000	88134.425954	19395.413327	187500.000000	187500.000000	86705.233062	102330.063561	112051.954812	133579.389284	-0.072000	0.768000	0.572000	192.000000	253.000000	192.000000	24.000000	0.000000	17.000000	224.000000	0.000000	0.000000	0.000000	1733433166.109477	0.000000
188.000000	88132.570759	19392.306434	187500.000000	187500.000000	86706.216539	102335.383276	112056.089885	133590.051066	-0.072000	0.768000	0.572000	192.000000	0.000000	0.000000	0.000000	0.000000	0.000000	0.000000	0.000000	0.000000	0.000000	1733433166.113495	0.000000
189.000000	88123.406544	19388.663100	187500.000000	187500.000000	86702.394390	102329.661230	112048.043257	133581.490348	-0.072000	0.768000	0.572000	192.000000	0.000000	0.000000	0.000000	0.000000	0.000000	0.000000	0.000000	0.000000	0.000000	1733433166.118506	0.000000
190.000000	88130.045012	19399.928379	187500.000000	187500.000000	86715.112533	102342.781704	112060.627289	133575.947115	-0.072000	0.768000	0.572000	192.000000	0.000000	0.000000	0.000000	0.000000	0.000000	0.000000	0.000000	0.000000	0.000000	1733433166.122689	0.000000
191.000000	88132.727222	19402.208257	187500.000000	187500.000000	86714.352574	102340.546529	112053.340620	133558.065719	-0.072000	0.768000	0.572000	192.000000	0.000000	0.000000	0.000000	0.000000	0.000000	0.000000	0.000000	0.000000	0.000000	1733433166.125722	0.000000
192.000000	88132.771925	19410.254885	187500.000000	187500.000000	86712.564434	102316.294887	112047.395056	133560.412653	-0.072000	0.768000	0.572000	192.000000	0.000000	0.000000	0.000000	0.000000	0.000000	0.000000	0.000000	0.000000	0.000000	1733433166.129589	0.000000
193.000000	88137.421088	19411.953618	187500.000000	187500.000000	86718.375888	102340.166550	112052.714771	133580.529223	-0.072000	0.768000	0.572000	192.000000	0.000000	0.000000	0.000000	0.000000	0.000000	0.000000	0.000000	0.000000	0.000000	1733433166.133696	0.000000
194.000000	88139.231579	19401.895333	187500.000000	187500.000000	86731.742231	102334.846835	112061.722524	133574.091920	-0.072000	0.768000	0.572000	192.000000	0.000000	0.000000	0.000000	0.000000	0.000000	0.000000	0.000000	0.000000	0.000000	1733433166.137645	0.000000
195.000000	88131.386117	19397.581446	187500.000000	187500.000000	86720.096972	102316.652515	112052.848882	133553.617722	-0.072000	0.768000	0.572000	192.000000	0.000000	0.000000	0.000000	0.000000	0.000000	0.000000	0.000000	0.000000	0.000000	1733433166.141541	0.000000
196.000000	88138.471620	19407.885600	187500.000000	187500.000000	86727.763620	102330.264727	112054.860539	133579.389284	-0.072000	0.768000	0.572000	192.000000	0.000000	0.000000	0.000000	0.000000	0.000000	0.000000	0.000000	0.000000	0.000000	1733433166.145514	0.000000
197.000000	88134.247140	19408.757318	187500.000000	187500.000000	86719.739344	102333.326916	112040.466015	133585.044275	-0.076000	0.764000	0.572000	192.000000	253.000000	160.000000	23.000000	224.000000	17.000000	224.000000	0.000000	0.000000	0.000000	1733433166.150538	0.000000
198.000000	88129.888550	19393.960463	187500.000000	187500.000000	86716.028955	102333.975116	112044.556385	133573.533127	-0.076000	0.764000	0.572000	192.000000	0.000000	0.000000	0.000000	0.000000	0.000000	0.000000	0.000000	0.000000	0.000000	1733433166.153536	0.000000
199.000000	88123.764172	19385.779725	187500.000000	187500.000000	86703.176701	102316.540756	112035.123948	133573.510775	-0.076000	0.764000	0.572000	192.000000	0.000000	0.000000	0.000000	0.000000	0.000000	0.000000	0.000000	0.000000	0.000000	1733433166.157510	0.000000
200.000000	88127.362803	19388.663100	187500.000000	187500.000000	86699.063980	102320.787587	112027.680818	133568.571039	-0.076000	0.764000	0.572000	192.000000	0.000000	0.000000	0.000000	0.000000	0.000000	0.000000	0.000000	0.000000	0.000000	1733433166.161645	0.000000
201.000000	88123.004213	19386.316167	187500.000000	187500.000000	86710.999812	102323.648611	112031.838242	133550.510830	-0.076000	0.764000	0.572000	192.000000	0.000000	0.000000	0.000000	0.000000	0.000000	0.000000	0.000000	0.000000	0.000000	1733433166.165759	0.000000
202.000000	88126.804009	19396.553266	187500.000000	187500.000000	86718.867626	102329.348305	112048.467940	133543.760603	-0.076000	0.764000	0.572000	192.000000	0.000000	0.000000	0.000000	0.000000	0.000000	0.000000	0.000000	0.000000	0.000000	1733433166.169894	0.000000
203.000000	88128.547445	19396.329748	187500.000000	187500.000000	86713.458504	102324.006238	112045.495158	133560.233839	-0.076000	0.764000	0.572000	192.000000	0.000000	0.000000	0.000000	0.000000	0.000000	0.000000	0.000000	0.000000	0.000000	1733433166.173606	0.000000
204.000000	88125.552312	19392.507600	187500.000000	187500.000000	86708.876396	102312.405683	112045.070475	133600.489330	-0.076000	0.764000	0.572000	192.000000	0.000000	0.000000	0.000000	0.000000	0.000000	0.000000	0.000000	0.000000	0.000000	1733433166.177536	0.000000
205.000000	88132.302538	19400.777745	187500.000000	187500.000000	86713.011469	102329.169491	112060.694344	133614.101543	-0.076000	0.764000	0.572000	192.000000	0.000000	0.000000	0.000000	0.000000	0.000000	0.000000	0.000000	0.000000	0.000000	1733433166.180575	0.000000
206.000000	88141.623216	19417.563905	187500.000000	187500.000000	86729.440001	102339.786570	112064.404734	133561.977275	-0.076000	0.764000	0.572000	192.000000	0.000000	0.000000	0.000000	0.000000	0.000000	0.000000	0.000000	0.000000	0.000000	1733433166.185550	0.000000
207.000000	88137.711661	19405.404556	187500.000000	187500.000000	86736.257283	102346.894425	112064.024754	133545.258170	-0.074000	0.766000	0.576000	192.000000	253.000000	176.000000	23.000000	240.000000	18.000000	0.000000	0.000000	0.000000	0.000000	1733433166.189849	0.000000
208.000000	88132.928387	19397.134411	187500.000000	187500.000000	86728.858856	102333.528082	112060.336716	133584.172557	-0.074000	0.766000	0.576000	192.000000	0.000000	0.000000	0.000000	0.000000	0.000000	0.000000	0.000000	0.000000	0.000000	1733433166.193594	0.000000
209.000000	88132.280187	19394.653367	187500.000000	187500.000000	86721.840408	102303.800261	112051.239556	133577.467034	-0.074000	0.766000	0.576000	192.000000	0.000000	0.000000	0.000000	0.000000	0.000000	0.000000	0.000000	0.000000	0.000000	1733433166.197685	0.000000
210.000000	88149.267512	19420.447280	187500.000000	187500.000000	86746.449679	102341.418247	112066.014059	133577.243516	-0.074000	0.766000	0.576000	192.000000	0.000000	0.000000	0.000000	0.000000	0.000000	0.000000	0.000000	0.000000	0.000000	1733433166.201794	0.000000
211.000000	88154.341358	19419.687321	187500.000000	187500.000000	86740.817039	102345.486265	112072.093734	133588.665258	-0.074000	0.766000	0.576000	192.000000	0.000000	0.000000	0.000000	0.000000	0.000000	0.000000	0.000000	0.000000	0.000000	1733433166.205764	0.000000
212.000000	88136.035280	19404.622245	187500.000000	187500.000000	86717.817094	102322.687486	112063.220091	133586.318324	-0.074000	0.766000	0.576000	192.000000	0.000000	0.000000	0.000000	0.000000	0.000000	0.000000	0.000000	0.000000	0.000000	1733433166.208903	0.000000
213.000000	88128.793315	19389.110135	187500.000000	187500.000000	86704.562510	102311.601020	112049.831396	133585.670124	-0.074000	0.766000	0.576000	192.000000	0.000000	0.000000	0.000000	0.000000	0.000000	0.000000	0.000000	0.000000	0.000000	1733433166.212622	0.000000
214.000000	88146.026510	19404.018748	187500.000000	187500.000000	86725.841370	102338.110189	112057.542748	133582.898507	-0.074000	0.766000	0.576000	192.000000	0.000000	0.000000	0.000000	0.000000	0.000000	0.000000	0.000000	0.000000	0.000000	1733433166.217643	0.000000
215.000000	88142.606693	19407.863248	187500.000000	187500.000000	86718.577053	102333.729247	112052.200681	133568.638095	-0.074000	0.766000	0.576000	192.000000	0.000000	0.000000	0.000000	0.000000	0.000000	0.000000	0.000000	0.000000	0.000000	1733433166.221622	0.000000
216.000000	88137.979882	19406.432737	187500.000000	187500.000000	86712.899710	102321.704009	112049.496120	133566.738196	-0.074000	0.766000	0.576000	192.000000	0.000000	0.000000	0.000000	0.000000	0.000000	0.000000	0.000000	0.000000	0.000000	1733433166.225670	0.000000
217.000000	88142.673748	19412.758280	187500.000000	187500.000000	86717.839446	102325.704971	112052.200681	133577.847013	-0.078000	0.760000	0.574000	192.000000	253.000000	144.000000	23.000000	192.000000	17.000000	240.000000	0.000000	0.000000	0.000000	1733433166.229655	0.000000
218.000000	88136.191742	19405.851591	187500.000000	187500.000000	86731.719879	102340.501826	112072.205493	133576.863536	-0.078000	0.760000	0.574000	192.000000	0.000000	0.000000	0.000000	0.000000	0.000000	0.000000	0.000000	0.000000	0.000000	1733433166.233691	0.000000
219.000000	88135.342376	19404.532838	187500.000000	187500.000000	86740.146487	102326.420227	112082.040260	133601.696325	-0.078000	0.760000	0.574000	192.000000	0.000000	0.000000	0.000000	0.000000	0.000000	0.000000	0.000000	0.000000	0.000000	1733433166.236797	0.000000
220.000000	88134.448306	19400.487173	187500.000000	187500.000000	86740.012376	102323.223927	112075.357088	133577.556441	-0.078000	0.760000	0.574000	192.000000	0.000000	0.000000	0.000000	0.000000	0.000000	0.000000	0.000000	0.000000	0.000000	1733433166.241879	0.000000
221.000000	88131.944911	19406.745661	187500.000000	187500.000000	86740.928798	102330.711762	112079.536865	133583.725522	-0.078000	0.760000	0.574000	192.000000	0.000000	0.000000	0.000000	0.000000	0.000000	0.000000	0.000000	0.000000	0.000000	1733433166.245961	0.000000
222.000000	88125.909940	19402.275312	187500.000000	187500.000000	86740.705280	102340.457122	112082.174371	133577.891717	-0.078000	0.760000	0.574000	192.000000	0.000000	0.000000	0.000000	0.000000	0.000000	0.000000	0.000000	0.000000	0.000000	1733433166.249905	0.000000
223.000000	88126.200512	19399.101365	187500.000000	187500.000000	86739.319472	102344.346326	112087.874065	133575.321266	-0.078000	0.760000	0.574000	192.000000	0.000000	0.000000	0.000000	0.000000	0.000000	0.000000	0.000000	0.000000	0.000000	1733433166.253700	0.000000
224.000000	88125.798181	19398.609626	187500.000000	187500.000000	86736.167876	102330.979983	112090.623330	133614.816799	-0.078000	0.760000	0.574000	192.000000	0.000000	0.000000	0.000000	0.000000	0.000000	0.000000	0.000000	0.000000	0.000000	1733433166.257722	0.000000
225.000000	88136.549370	19410.679568	187500.000000	187500.000000	86738.134830	102332.298736	112090.824496	133607.731296	-0.078000	0.760000	0.574000	192.000000	0.000000	0.000000	0.000000	0.000000	0.000000	0.000000	0.000000	0.000000	0.000000	1733433166.260718	0.000000
226.000000	88141.645568	19427.689246	187500.000000	187500.000000	86749.824792	102347.632032	112088.969301	133579.702208	-0.078000	0.760000	0.574000	192.000000	0.000000	0.000000	0.000000	0.000000	0.000000	0.000000	0.000000	0.000000	0.000000	1733433166.264764	0.000000
227.000000	88139.320986	19422.861269	187500.000000	187500.000000	86746.695548	102339.607756	112090.399813	133591.839205	-0.076000	0.766000	0.574000	192.000000	253.000000	160.000000	23.000000	240.000000	17.000000	240.000000	0.000000	0.000000	0.000000	1733433166.269740	0.000000
228.000000	88132.414297	19403.571713	187500.000000	187500.000000	86735.005586	102347.475570	112085.683594	133587.994705	-0.076000	0.766000	0.574000	192.000000	0.000000	0.000000	0.000000	0.000000	0.000000	0.000000	0.000000	0.000000	0.000000	1733433166.273812	0.000000
229.000000	88131.766097	19400.598931	187500.000000	187500.000000	86729.641167	102332.075218	112078.084001	133586.787711	-0.076000	0.766000	0.574000	192.000000	0.000000	0.000000	0.000000	0.000000	0.000000	0.000000	0.000000	0.000000	0.000000	1733433166.277822	0.000000
230.000000	88135.543541	19404.912818	187500.000000	187500.000000	86725.170818	102324.140349	112078.575740	133576.729426	-0.076000	0.766000	0.574000	192.000000	0.000000	0.000000	0.000000	0.000000	0.000000	0.000000	0.000000	0.000000	0.000000	1733433166.281922	0.000000
231.000000	88135.118858	19399.257827	187500.000000	187500.000000	86718.331184	102315.937259	112074.284205	133568.124004	-0.076000	0.766000	0.574000	192.000000	0.000000	0.000000	0.000000	0.000000	0.000000	0.000000	0.000000	0.000000	0.000000	1733433166.284957	0.000000
232.000000	88133.978919	19397.201466	187500.000000	187500.000000	86724.723783	102319.692352	112077.100525	133583.591412	-0.076000	0.766000	0.574000	192.000000	0.000000	0.000000	0.000000	0.000000	0.000000	0.000000	0.000000	0.000000	0.000000	1733433166.288722	0.000000
233.000000	88141.332643	19407.863248	187500.000000	187500.000000	86727.383641	102318.194785	112077.815780	133586.273621	-0.076000	0.766000	0.574000	192.000000	0.000000	0.000000	0.000000	0.000000	0.000000	0.000000	0.000000	0.000000	0.000000	1733433166.292748	0.000000
234.000000	88132.637815	19398.162591	187500.000000	187500.000000	86724.477914	102331.270555	112073.054859	133581.982086	-0.076000	0.766000	0.574000	192.000000	0.000000	0.000000	0.000000	0.000000	0.000000	0.000000	0.000000	0.000000	0.000000	1733433166.296735	0.000000
235.000000	88131.207303	19396.329748	187500.000000	187500.000000	86721.795705	102324.542680	112070.506760	133577.198813	-0.076000	0.766000	0.574000	192.000000	0.000000	0.000000	0.000000	0.000000	0.000000	0.000000	0.000000	0.000000	0.000000	1733433166.301721	0.000000
236.000000	88134.895341	19400.040138	187500.000000	187500.000000	86715.939548	102313.009180	112063.890644	133577.399978	-0.076000	0.766000	0.574000	192.000000	0.000000	0.000000	0.000000	0.000000	0.000000	0.000000	0.000000	0.000000	0.000000	1733433166.305755	0.000000
237.000000	88141.846733	19409.673740	187500.000000	187500.000000	86724.969652	102319.535890	112078.843961	133578.651676	-0.074000	0.764000	0.578000	192.000000	253.000000	176.000000	23.000000	224.000000	18.000000	16.000000	0.000000	0.000000	0.000000	1733433166.310092	0.000000
238.000000	88136.795239	19408.556152	187500.000000	187500.000000	86732.949225	102333.572785	112093.305539	133594.588470	-0.074000	0.764000	0.578000	192.000000	0.000000	0.000000	0.000000	0.000000	0.000000	0.000000	0.000000	0.000000	0.000000	1733433166.312946	0.000000
239.000000	88118.198588	19388.484286	187500.000000	187500.000000	86715.112533	102326.576689	112077.212283	133613.855674	-0.074000	0.764000	0.578000	192.000000	0.000000	0.000000	0.000000	0.000000	0.000000	0.000000	0.000000	0.000000	0.000000	1733433166.316959	0.000000
240.000000	88128.033355	19405.404556	187500.000000	187500.000000	86710.955109	102307.421244	112073.077211	133584.127853	-0.074000	0.764000	0.578000	192.000000	0.000000	0.000000	0.000000	0.000000	0.000000	0.000000	0.000000	0.000000	0.000000	1733433166.321088	0.000000
241.000000	88133.598940	19410.120775	187500.000000	187500.000000	86715.716030	102304.247296	112061.767228	133548.610931	-0.074000	0.764000	0.578000	192.000000	0.000000	0.000000	0.000000	0.000000	0.000000	0.000000	0.000000	0.000000	0.000000	1733433166.325105	0.000000
242.000000	88140.259759	19400.822449	187500.000000	187500.000000	86725.528446	102319.714704	112080.565045	133552.634245	-0.074000	0.764000	0.578000	192.000000	0.000000	0.000000	0.000000	0.000000	0.000000	0.000000	0.000000	0.000000	0.000000	1733433166.329820	0.000000
243.000000	88132.235483	19390.540646	187500.000000	187500.000000	86722.734478	102331.628183	112090.176295	133567.386397	-0.074000	0.764000	0.578000	192.000000	0.000000	0.000000	0.000000	0.000000	0.000000	0.000000	0.000000	0.000000	0.000000	1733433166.333843	0.000000
244.000000	88124.568835	19392.954635	187500.000000	187500.000000	86712.609138	102328.253070	112083.224903	133577.131757	-0.074000	0.764000	0.578000	192.000000	0.000000	0.000000	0.000000	0.000000	0.000000	0.000000	0.000000	0.000000	0.000000	1733433166.337852	0.000000
245.000000	88136.594073	19403.594065	187500.000000	187500.000000	86721.371021	102334.600965	112087.762307	133560.412653	-0.074000	0.764000	0.578000	192.000000	0.000000	0.000000	0.000000	0.000000	0.000000	0.000000	0.000000	0.000000	0.000000	1733433166.340858	0.000000
246.000000	88139.365690	19420.089653	187500.000000	187500.000000	86721.281614	102331.650535	112085.616539	133566.715844	-0.074000	0.764000	0.578000	192.000000	0.000000	0.000000	0.000000	0.000000	0.000000	0.000000	0.000000	0.000000	0.000000	1733433166.344853	0.000000
247.000000	88130.648509	19407.147993	187500.000000	187500.000000	86716.788914	102311.064578	112079.939196	133564.614780	-0.074000	0.764000	0.578000	192.000000	0.000000	0.000000	0.000000	0.000000	0.000000	0.000000	0.000000	0.000000	0.000000	1733433166.349018	0.000000
248.000000	88125.798181	19388.976024	187500.000000	187500.000000	86718.912330	102326.599041	112086.488257	133558.959789	-0.076000	0.768000	0.578000	192.000000	253.000000	160.000000	24.000000	0.000000	18.000000	16.000000	0.000000	0.000000	0.000000	1733433166.353079	0.000000
249.000000	88132.123724	19391.993510	187500.000000	187500.000000	86728.322414	102322.173395	112101.620388	133571.879097	-0.076000	0.768000	0.578000	192.000000	0.000000	0.000000	0.000000	0.000000	0.000000	0.000000	0.000000	0.000000	0.000000	1733433166.359124	0.000000
250.000000	88142.271416	19412.177135	187500.000000	187500.000000	86738.201885	102334.198634	112115.925505	133589.380513	-0.076000	0.768000	0.578000	192.000000	0.000000	0.000000	0.000000	0.000000	0.000000	0.000000	0.000000	0.000000	0.000000	1733433166.361883	0.000000
251.000000	88141.399698	19415.686359	187500.000000	187500.000000	86740.325301	102344.145160	112117.892458	133595.147263	-0.076000	0.768000	0.578000	192.000000	0.000000	0.000000	0.000000	0.000000	0.000000	0.000000	0.000000	0.000000	0.000000	1733433166.365841	0.000000
252.000000	88138.918655	19416.423966	187500.000000	187500.000000	86743.163972	102363.658233	112120.127633	133591.816854	-0.076000	0.768000	0.578000	192.000000	0.000000	0.000000	0.000000	0.000000	0.000000	0.000000	0.000000	0.000000	0.000000	1733433166.368929	0.000000
253.000000	88139.432745	19418.837955	187500.000000	187500.000000	86737.576036	102350.403649	112115.813746	133593.537938	-0.076000	0.768000	0.578000	192.000000	0.000000	0.000000	0.000000	0.000000	0.000000	0.000000	0.000000	0.000000	0.000000	1733433166.373088	0.000000
254.000000	88145.467716	19422.436586	187500.000000	187500.000000	86737.084298	102347.810846	112120.909944	133604.959679	-0.076000	0.768000	0.578000	192.000000	0.000000	0.000000	0.000000	0.000000	0.000000	0.000000	0.000000	0.000000	0.000000	1733433166.376856	0.000000
255.000000	88140.058594	19415.485193	187500.000000	187500.000000	86723.695603	102345.575672	112115.523173	133627.199665	-0.076000	0.768000	0.578000	192.000000	0.000000	0.000000	0.000000	0.000000	0.000000	0.000000	0.000000	0.000000	0.000000	1733433166.380900	0.000000
0.000000	88137.108163	19409.204353	187500.000000	187500.000000	86720.007565	102348.794323	112117.959513	133619.689479	-0.076000	0.768000	0.578000	192.000000	0.000000	0.000000	0.000000	0.000000	0.000000	0.000000	0.000000	0.000000	0.000000	1733433166.384921	0.000000
1.000000	88135.878818	19412.512411	187500.000000	187500.000000	86720.923987	102357.265634	112114.807917	133586.497138	-0.076000	0.768000	0.578000	192.000000	0.000000	0.000000	0.000000	0.000000	0.000000	0.000000	0.000000	0.000000	0.000000	1733433166.390018	0.000000
2.000000	88136.482315	19413.920571	187500.000000	187500.000000	86714.754905	102342.714649	112111.857487	133591.772150	-0.084000	0.766000	0.582000	192.000000	253.000000	96.000000	23.000000	240.000000	18.000000	48.000000	0.000000	0.000000	0.000000	1733433166.394120	0.000000
3.000000	88136.012928	19410.545458	187500.000000	187500.000000	86709.569300	102350.068372	112111.857487	133613.274528	-0.084000	0.766000	0.582000	192.000000	0.000000	0.000000	0.000000	0.000000	0.000000	0.000000	0.000000	0.000000	0.000000	1733433166.397053	0.000000
4.000000	88146.518248	19433.098368	187500.000000	187500.000000	86710.910405	102355.857474	112112.148060	133615.889682	-0.084000	0.766000	0.582000	192.000000	0.000000	0.000000	0.000000	0.000000	0.000000	0.000000	0.000000	0.000000	0.000000	1733433166.401122	0.000000
5.000000	88142.137306	19419.933190	187500.000000	187500.000000	86699.421608	102347.721439	112105.017853	133600.690496	-0.084000	0.766000	0.582000	192.000000	0.000000	0.000000	0.000000	0.000000	0.000000	0.000000	0.000000	0.000000	0.000000	1733433166.404950	0.000000
6.000000	88140.952664	19413.451184	187500.000000	187500.000000	86704.249585	102333.192805	112110.114051	133603.350354	-0.084000	0.766000	0.582000	192.000000	0.000000	0.000000	0.000000	0.000000	0.000000	0.000000	0.000000	0.000000	0.000000	1733433166.408954	0.000000
7.000000	88136.571722	19416.893353	187500.000000	187500.000000	86704.696620	102336.836140	112113.019778	133597.136569	-0.084000	0.766000	0.582000	192.000000	0.000000	0.000000	0.000000	0.000000	0.000000	0.000000	0.000000	0.000000	0.000000	1733433166.413935	0.000000
8.000000	88133.956568	19408.354987	187500.000000	187500.000000	86700.986230	102344.569843	112103.855563	133581.244478	-0.084000	0.766000	0.582000	192.000000	0.000000	0.000000	0.000000	0.000000	0.000000	0.000000	0.000000	0.000000	0.000000	1733433166.417988	0.000000
9.000000	88141.332643	19424.023560	187500.000000	187500.000000	86703.288460	102333.639840	112104.123784	133581.669162	-0.084000	0.766000	0.582000	192.000000	0.000000	0.000000	0.000000	0.000000	0.000000	0.000000	0.000000	0.000000	0.000000	1733433166.420976	0.000000
10.000000	88144.908922	19426.325789	187500.000000	187500.000000	86705.970670	102330.152968	112110.046996	133592.375647	-0.084000	0.766000	0.582000	192.000000	0.000000	0.000000	0.000000	0.000000	0.000000	0.000000	0.000000	0.000000	0.000000	1733433166.424938	0.000000
11.000000	88143.947797	19420.514336	187500.000000	187500.000000	86699.667478	102332.589308	112108.169449	133622.863427	-0.084000	0.766000	0.582000	192.000000	0.000000	0.000000	0.000000	0.000000	0.000000	0.000000	0.000000	0.000000	0.000000	1733433166.429021	0.000000
12.000000	88146.585303	19422.503641	187500.000000	187500.000000	86704.137826	102341.418247	112118.004217	133620.427086	-0.082000	0.768000	0.584000	192.000000	253.000000	112.000000	24.000000	0.000000	18.000000	64.000000	0.000000	0.000000	0.000000	1733433166.433164	0.000000
13.000000	88153.022606	19430.706731	187500.000000	187500.000000	86712.542082	102351.744753	112125.760272	133591.101598	-0.082000	0.768000	0.584000	192.000000	0.000000	0.000000	0.000000	0.000000	0.000000	0.000000	0.000000	0.000000	0.000000	1733433166.437275	0.000000
14.000000	88148.328739	19426.862231	187500.000000	187500.000000	86717.817094	102362.294777	112125.626162	133562.580772	-0.082000	0.768000	0.584000	192.000000	0.000000	0.000000	0.000000	0.000000	0.000000	0.000000	0.000000	0.000000	0.000000	1733433166.441004	0.000000
15.000000	88141.422050	19420.670798	187500.000000	187500.000000	86708.630527	102371.280178	112113.489165	133567.095824	-0.082000	0.768000	0.584000	192.000000	0.000000	0.000000	0.000000	0.000000	0.000000	0.000000	0.000000	0.000000	0.000000	1733433166.445968	0.000000
16.000000	88144.126611	19421.162536	187500.000000	187500.000000	86704.338992	102358.919663	112109.555258	133607.597185	-0.082000	0.768000	0.584000	192.000000	0.000000	0.000000	0.000000	0.000000	0.000000	0.000000	0.000000	0.000000	0.000000	1733433166.448979	0.000000
17.000000	88150.966245	19429.924420	187500.000000	187500.000000	86699.443960	102361.713631	112125.469700	133628.965453	-0.082000	0.768000	0.584000	192.000000	0.000000	0.000000	0.000000	0.000000	0.000000	0.000000	0.000000	0.000000	0.000000	1733433166.453013	0.000000
18.000000	88154.430765	19433.076016	187500.000000	187500.000000	86709.323431	102374.521181	112136.846737	133584.865461	-0.082000	0.768000	0.584000	192.000000	0.000000	0.000000	0.000000	0.000000	0.000000	0.000000	0.000000	0.000000	0.000000	1733433166.457094	0.000000
19.000000	88152.217943	19431.176118	187500.000000	187500.000000	86706.887091	102372.017786	112133.806900	133587.905298	-0.082000	0.768000	0.584000	192.000000	0.000000	0.000000	0.000000	0.000000	0.000000	0.000000	0.000000	0.000000	0.000000	1733433166.461025	0.000000
20.000000	88146.451193	19418.033292	187500.000000	187500.000000	86704.137826	102367.592140	112127.548412	133592.107426	-0.082000	0.768000	0.584000	192.000000	0.000000	0.000000	0.000000	0.000000	0.000000	0.000000	0.000000	0.000000	0.000000	1733433166.465143	0.000000
21.000000	88149.960417	19421.833089	187500.000000	187500.000000	86702.997887	102375.683472	112131.504671	133605.339659	-0.082000	0.768000	0.584000	192.000000	0.000000	0.000000	0.000000	0.000000	0.000000	0.000000	0.000000	0.000000	0.000000	1733433166.469301	0.000000
22.000000	88148.708719	19424.515298	187500.000000	187500.000000	86694.414818	102367.435678	112126.542583	133600.645793	-0.078000	0.770000	0.586000	192.000000	253.000000	144.000000	24.000000	16.000000	18.000000	80.000000	0.000000	0.000000	0.000000	1733433166.474408	0.000000
23.000000	88144.730108	19412.512411	187500.000000	187500.000000	86683.909498	102357.220931	112115.970208	133598.947060	-0.078000	0.770000	0.586000	192.000000	0.000000	0.000000	0.000000	0.000000	0.000000	0.000000	0.000000	0.000000	0.000000	1733433166.477634	0.000000
24.000000	88137.041108	19407.080937	187500.000000	187500.000000	86682.836614	102367.390974	112118.942990	133599.595261	-0.078000	0.770000	0.586000	192.000000	0.000000	0.000000	0.000000	0.000000	0.000000	0.000000	0.000000	0.000000	0.000000	1733433166.481021	0.000000
25.000000	88140.036242	19417.742719	187500.000000	187500.000000	86685.161195	102354.270500	112120.239391	133587.637077	-0.078000	0.770000	0.586000	192.000000	0.000000	0.000000	0.000000	0.000000	0.000000	0.000000	0.000000	0.000000	0.000000	1733433166.485105	0.000000
26.000000	88131.810800	19415.127565	187500.000000	187500.000000	86674.857041	102349.196654	112113.511516	133575.500080	-0.078000	0.770000	0.586000	192.000000	0.000000	0.000000	0.000000	0.000000	0.000000	0.000000	0.000000	0.000000	0.000000	1733433166.489291	0.000000
27.000000	88132.436649	19415.015807	187500.000000	187500.000000	86666.184564	102344.078105	112108.035339	133594.208490	-0.078000	0.770000	0.586000	192.000000	0.000000	0.000000	0.000000	0.000000	0.000000	0.000000	0.000000	0.000000	0.000000	1733433166.493027	0.000000
28.000000	88137.979882	19421.251943	187500.000000	187500.000000	86677.181623	102352.281195	112122.899249	133613.319232	-0.078000	0.770000	0.586000	192.000000	0.000000	0.000000	0.000000	0.000000	0.000000	0.000000	0.000000	0.000000	0.000000	1733433166.497036	0.000000
29.000000	88134.224788	19421.587219	187500.000000	187500.000000	86676.913402	102361.557169	112123.994484	133615.666165	-0.078000	0.770000	0.586000	192.000000	0.000000	0.000000	0.000000	0.000000	0.000000	0.000000	0.000000	0.000000	0.000000	1733433166.502240	0.000000
30.000000	88135.074155	19422.749510	187500.000000	187500.000000	86679.126224	102355.365736	112123.234525	133592.375647	-0.078000	0.770000	0.586000	192.000000	0.000000	0.000000	0.000000	0.000000	0.000000	0.000000	0.000000	0.000000	0.000000	1733433166.505184	0.000000
31.000000	88132.950739	19427.868060	187500.000000	187500.000000	86679.237983	102372.576579	112128.889516	133609.027697	-0.078000	0.770000	0.586000	192.000000	0.000000	0.000000	0.000000	0.000000	0.000000	0.000000	0.000000	0.000000	0.000000	1733433166.509281	0.000000
32.000000	88140.125649	19433.679513	187500.000000	187500.000000	86691.151463	102392.447280	112149.229604	133632.564084	-0.078000	0.764000	0.582000	192.000000	253.000000	144.000000	23.000000	224.000000	18.000000	48.000000	0.000000	0.000000	0.000000	1733433166.513309	0.000000
33.000000	88150.563914	19443.447226	187500.000000	187500.000000	86701.589728	102397.543478	112163.311203	133635.961549	-0.078000	0.764000	0.582000	192.000000	0.000000	0.000000	0.000000	0.000000	0.000000	0.000000	0.000000	0.000000	0.000000	1733433166.517124	0.000000
34.000000	88150.452155	19429.678551	187500.000000	187500.000000	86707.334126	102397.275257	112169.368526	133622.438743	-0.078000	0.764000	0.582000	192.000000	0.000000	0.000000	0.000000	0.000000	0.000000	0.000000	0.000000	0.000000	0.000000	1733433166.521103	0.000000
35.000000	88154.028434	19427.935115	187500.000000	187500.000000	86710.776295	102385.562943	112168.340345	133632.944063	-0.078000	0.764000	0.582000	192.000000	0.000000	0.000000	0.000000	0.000000	0.000000	0.000000	0.000000	0.000000	0.000000	1733433166.525087	0.000000
36.000000	88155.570704	19437.367551	187500.000000	187500.000000	86700.606251	102380.623207	112151.867110	133628.876046	-0.078000	0.764000	0.582000	192.000000	0.000000	0.000000	0.000000	0.000000	0.000000	0.000000	0.000000	0.000000	0.000000	1733433166.529092	0.000000
37.000000	88154.184896	19434.461824	187500.000000	187500.000000	86695.063018	102396.112966	112158.684392	133607.127798	-0.078000	0.764000	0.582000	192.000000	0.000000	0.000000	0.000000	0.000000	0.000000	0.000000	0.000000	0.000000	0.000000	1733433166.533123	0.000000
38.000000	88145.624178	19422.302475	187500.000000	187500.000000	86678.142748	102386.389957	112147.553223	133592.196833	-0.078000	0.764000	0.582000	192.000000	0.000000	0.000000	0.000000	0.000000	0.000000	0.000000	0.000000	0.000000	0.000000	1733433166.536312	0.000000
39.000000	88142.606693	19423.755339	187500.000000	187500.000000	86667.525669	102379.192696	112136.332647	133600.914013	-0.078000	0.764000	0.582000	192.000000	0.000000	0.000000	0.000000	0.000000	0.000000	0.000000	0.000000	0.000000	0.000000	1733433166.541223	0.000000
40.000000	88153.536696	19440.362685	187500.000000	187500.000000	86671.973666	102382.813678	112148.514348	133610.815836	-0.078000	0.764000	0.582000	192.000000	0.000000	0.000000	0.000000	0.000000	0.000000	0.000000	0.000000	0.000000	0.000000	1733433166.545327	0.000000
41.000000	88153.916675	19429.075054	187500.000000	187500.000000	86676.555774	102386.367605	112153.431732	133628.697232	-0.078000	0.764000	0.582000	192.000000	0.000000	0.000000	0.000000	0.000000	0.000000	0.000000	0.000000	0.000000	0.000000	1733433166.549367	0.000000
42.000000	88153.469640	19427.868060	187500.000000	187500.000000	86679.640315	102396.492946	112151.844758	133628.853694	-0.076000	0.760000	0.576000	192.000000	253.000000	160.000000	23.000000	192.000000	18.000000	0.000000	0.000000	0.000000	0.000000	1733433166.553168	0.000000
43.000000	88153.067309	19439.915650	187500.000000	187500.000000	86673.940620	102388.111042	112137.226717	133613.274528	-0.076000	0.760000	0.576000	192.000000	0.000000	0.000000	0.000000	0.000000	0.000000	0.000000	0.000000	0.000000	0.000000	1733433166.556334	0.000000
44.000000	88149.938065	19438.261621	187500.000000	187500.000000	86669.693788	102380.310283	112131.079987	133633.100526	-0.076000	0.760000	0.576000	192.000000	0.000000	0.000000	0.000000	0.000000	0.000000	0.000000	0.000000	0.000000	0.000000	1733433166.560125	0.000000
45.000000	88156.151850	19436.540536	187500.000000	187500.000000	86673.717102	102380.064414	112146.279174	133641.370671	-0.076000	0.760000	0.576000	192.000000	0.000000	0.000000	0.000000	0.000000	0.000000	0.000000	0.000000	0.000000	0.000000	1733433166.564147	0.000000
46.000000	88163.349111	19442.150824	187500.000000	187500.000000	86676.309905	102392.357873	112174.040040	133626.998499	-0.076000	0.760000	0.576000	192.000000	0.000000	0.000000	0.000000	0.000000	0.000000	0.000000	0.000000	0.000000	0.000000	1733433166.568188	0.000000
47.000000	88158.632893	19432.003132	187500.000000	187500.000000	86668.084463	102395.934152	112166.932186	133595.840168	-0.076000	0.760000	0.576000	192.000000	0.000000	0.000000	0.000000	0.000000	0.000000	0.000000	0.000000	0.000000	0.000000	1733433166.573342	0.000000
48.000000	88157.828231	19429.544440	187500.000000	187500.000000	86677.919230	102398.102271	112163.311203	133607.977165	-0.076000	0.760000	0.576000	192.000000	0.000000	0.000000	0.000000	0.000000	0.000000	0.000000	0.000000	0.000000	0.000000	1733433166.577250	0.000000
49.000000	88153.782565	19429.566792	187500.000000	187500.000000	86682.031951	102379.125640	112164.585252	133616.359069	-0.076000	0.760000	0.576000	192.000000	0.000000	0.000000	0.000000	0.000000	0.000000	0.000000	0.000000	0.000000	0.000000	1733433166.581553	0.000000
50.000000	88152.776736	19427.801004	187500.000000	187500.000000	86681.316695	102379.796193	112167.625090	133627.445534	-0.076000	0.760000	0.576000	192.000000	0.000000	0.000000	0.000000	0.000000	0.000000	0.000000	0.000000	0.000000	0.000000	1733433166.584406	0.000000
51.000000	88156.978864	19433.455996	187500.000000	187500.000000	86678.992114	102391.329693	112169.592043	133624.115124	-0.076000	0.760000	0.576000	192.000000	0.000000	0.000000	0.000000	0.000000	0.000000	0.000000	0.000000	0.000000	0.000000	1733433166.588192	0.000000
52.000000	88157.649417	19438.149862	187500.000000	187500.000000	86681.204937	102413.144995	112167.848607	133631.491200	-0.076000	0.770000	0.580000	192.000000	253.000000	160.000000	24.000000	16.000000	18.000000	32.000000	0.000000	0.000000	0.000000	1733433166.592179	0.000000
53.000000	88159.146984	19439.490967	187500.000000	187500.000000	86678.343913	102388.535725	112167.490979	133629.814819	-0.076000	0.770000	0.580000	192.000000	0.000000	0.000000	0.000000	0.000000	0.000000	0.000000	0.000000	0.000000	0.000000	1733433166.597232	0.000000
54.000000	88165.628989	19448.498720	187500.000000	187500.000000	86681.093178	102390.413271	112171.693107	133604.445589	-0.076000	0.770000	0.580000	192.000000	0.000000	0.000000	0.000000	0.000000	0.000000	0.000000	0.000000	0.000000	0.000000	1733433166.601214	0.000000
55.000000	88164.064367	19443.693095	187500.000000	187500.000000	86676.779291	102395.531821	112167.334517	133596.890699	-0.076000	0.770000	0.580000	192.000000	0.000000	0.000000	0.000000	0.000000	0.000000	0.000000	0.000000	0.000000	0.000000	1733433166.606378	0.000000
56.000000	88156.710643	19444.520109	187500.000000	187500.000000	86667.078634	102384.624169	112159.690220	133594.901394	-0.076000	0.770000	0.580000	192.000000	0.000000	0.000000	0.000000	0.000000	0.000000	0.000000	0.000000	0.000000	0.000000	1733433166.610232	0.000000
57.000000	88150.698024	19430.907897	187500.000000	187500.000000	86669.962009	102388.982760	112155.286927	133599.192929	-0.076000	0.770000	0.580000	192.000000	0.000000	0.000000	0.000000	0.000000	0.000000	0.000000	0.000000	0.000000	0.000000	1733433166.613420	0.000000
58.000000	88157.805879	19432.852499	187500.000000	187500.000000	86680.713198	102411.602725	112171.760162	133613.498046	-0.076000	0.770000	0.580000	192.000000	0.000000	0.000000	0.000000	0.000000	0.000000	0.000000	0.000000	0.000000	0.000000	1733433166.616280	0.000000
59.000000	88157.381196	19430.863193	187500.000000	187500.000000	86684.088312	102409.725178	112183.137200	133620.896473	-0.076000	0.770000	0.580000	192.000000	0.000000	0.000000	0.000000	0.000000	0.000000	0.000000	0.000000	0.000000	0.000000	1733433166.620233	0.000000
60.000000	88156.017739	19430.103234	187500.000000	187500.000000	86683.931849	102414.530804	112185.908817	133624.785677	-0.076000	0.770000	0.580000	192.000000	0.000000	0.000000	0.000000	0.000000	0.000000	0.000000	0.000000	0.000000	0.000000	1733433166.624244	0.000000
61.000000	88160.264571	19434.126548	187500.000000	187500.000000	86692.157291	102420.006981	112194.268369	133635.402755	-0.076000	0.770000	0.580000	192.000000	0.000000	0.000000	0.000000	0.000000	0.000000	0.000000	0.000000	0.000000	0.000000	1733433166.629220	0.000000
62.000000	88165.249010	19437.389903	187500.000000	187500.000000	86700.963879	102428.947679	112203.700805	133644.723433	-0.070000	0.774000	0.576000	192.000000	253.000000	208.000000	24.000000	48.000000	18.000000	0.000000	0.000000	0.000000	0.000000	1733433166.633222	0.000000
63.000000	88166.321893	19437.300496	187500.000000	187500.000000	86705.680097	102427.763036	112198.850477	133645.975130	-0.070000	0.774000	0.576000	192.000000	0.000000	0.000000	0.000000	0.000000	0.000000	0.000000	0.000000	0.000000	0.000000	1733433166.637644	0.000000
64.000000	88168.154737	19441.636734	187500.000000	187500.000000	86705.031896	102431.518129	112191.519104	133653.127689	-0.070000	0.774000	0.576000	192.000000	0.000000	0.000000	0.000000	0.000000	0.000000	0.000000	0.000000	0.000000	0.000000	1733433166.640533	0.000000
65.000000	88167.215963	19440.161519	187500.000000	187500.000000	86706.305946	102437.284879	112193.039023	133665.085872	-0.070000	0.774000	0.576000	192.000000	0.000000	0.000000	0.000000	0.000000	0.000000	0.000000	0.000000	0.000000	0.000000	1733433166.644517	0.000000
66.000000	88161.963303	19437.188737	187500.000000	187500.000000	86697.275841	102411.133338	112186.020575	133665.845831	-0.070000	0.774000	0.576000	192.000000	0.000000	0.000000	0.000000	0.000000	0.000000	0.000000	0.000000	0.000000	0.000000	1733433166.648499	0.000000
67.000000	88153.715510	19429.432682	187500.000000	187500.000000	86690.257393	102410.194565	112171.134313	133642.242389	-0.070000	0.774000	0.576000	192.000000	0.000000	0.000000	0.000000	0.000000	0.000000	0.000000	0.000000	0.000000	0.000000	1733433166.652478	0.000000
68.000000	88149.647492	19426.996342	187500.000000	187500.000000	86678.522727	102404.763091	112159.042020	133660.392005	-0.070000	0.774000	0.576000	192.000000	0.000000	0.000000	0.000000	0.000000	0.000000	0.000000	0.000000	0.000000	0.000000	1733433166.657295	0.000000
69.000000	88151.055652	19440.317981	187500.000000	187500.000000	86681.406102	102413.480272	112165.591081	133657.195706	-0.070000	0.774000	0.576000	192.000000	0.000000	0.000000	0.000000	0.000000	0.000000	0.000000	0.000000	0.000000	0.000000	1733433166.661309	0.000000
70.000000	88147.546428	19449.213976	187500.000000	187500.000000	86686.055265	102407.490004	112157.790322	133618.370726	-0.070000	0.774000	0.576000	192.000000	0.000000	0.000000	0.000000	0.000000	0.000000	0.000000	0.000000	0.000000	0.000000	1733433166.665321	0.000000
71.000000	88148.932236	19434.126548	187500.000000	187500.000000	86682.478986	102389.250981	112157.499749	133639.291959	-0.070000	0.774000	0.576000	192.000000	0.000000	0.000000	0.000000	0.000000	0.000000	0.000000	0.000000	0.000000	0.000000	1733433166.668327	0.000000
72.000000	88145.735937	19422.950676	187500.000000	187500.000000	86680.981419	102396.425890	112166.842779	133630.038337	-0.070000	0.768000	0.588000	192.000000	253.000000	208.000000	24.000000	0.000000	18.000000	96.000000	0.000000	0.000000	0.000000	1733433166.672358	0.000000
73.000000	88145.691233	19421.341350	187500.000000	187500.000000	86689.318620	102397.521126	112170.642575	133607.686592	-0.070000	0.768000	0.588000	192.000000	0.000000	0.000000	0.000000	0.000000	0.000000	0.000000	0.000000	0.000000	0.000000	1733433166.676443	0.000000
74.000000	88146.026510	19435.445301	187500.000000	187500.000000	86689.698600	102393.073129	112175.358793	133614.101543	-0.070000	0.768000	0.588000	192.000000	0.000000	0.000000	0.000000	0.000000	0.000000	0.000000	0.000000	0.000000	0.000000	1733433166.680545	0.000000
75.000000	88151.167411	19439.893298	187500.000000	187500.000000	86689.363323	102400.918591	112182.131372	133631.893531	-0.070000	0.768000	0.588000	192.000000	0.000000	0.000000	0.000000	0.000000	0.000000	0.000000	0.000000	0.000000	0.000000	1733433166.685596	0.000000
76.000000	88151.212114	19431.377283	187500.000000	187500.000000	86679.662666	102415.380170	112176.006994	133639.224903	-0.070000	0.768000	0.588000	192.000000	0.000000	0.000000	0.000000	0.000000	0.000000	0.000000	0.000000	0.000000	0.000000	1733433166.689481	0.000000
77.000000	88148.686367	19424.291781	187500.000000	187500.000000	86665.849288	102400.292742	112158.617337	133649.841982	-0.070000	0.768000	0.588000	192.000000	0.000000	0.000000	0.000000	0.000000	0.000000	0.000000	0.000000	0.000000	0.000000	1733433166.692396	0.000000
78.000000	88153.737861	19424.627057	187500.000000	187500.000000	86671.370169	102385.697053	112162.037153	133618.638947	-0.070000	0.768000	0.588000	192.000000	0.000000	0.000000	0.000000	0.000000	0.000000	0.000000	0.000000	0.000000	0.000000	1733433166.696332	0.000000
79.000000	88149.960417	19422.414234	187500.000000	187500.000000	86668.799718	102386.255847	112163.780590	133613.922729	-0.070000	0.768000	0.588000	192.000000	0.000000	0.000000	0.000000	0.000000	0.000000	0.000000	0.000000	0.000000	0.000000	1733433166.700332	0.000000
80.000000	88156.308312	19432.986609	187500.000000	187500.000000	86669.246753	102395.218896	112156.516273	133621.745839	-0.070000	0.768000	0.588000	192.000000	0.000000	0.000000	0.000000	0.000000	0.000000	0.000000	0.000000	0.000000	0.000000	1733433166.704421	0.000000
81.000000	88157.627065	19437.144034	187500.000000	187500.000000	86672.130128	102406.037141	112159.779627	133620.695307	-0.070000	0.768000	0.588000	192.000000	0.000000	0.000000	0.000000	0.000000	0.000000	0.000000	0.000000	0.000000	0.000000	1733433166.708423	0.000000
82.000000	88155.593056	19434.998266	187500.000000	187500.000000	86670.945486	102407.378245	112164.495845	133633.167581	-0.070000	0.768000	0.584000	192.000000	253.000000	208.000000	24.000000	0.000000	18.000000	64.000000	0.000000	0.000000	0.000000	1733433166.713696	0.000000
83.000000	88158.834059	19435.378246	187500.000000	187500.000000	86673.091253	102401.455033	112165.300508	133619.689479	-0.070000	0.768000	0.584000	192.000000	0.000000	0.000000	0.000000	0.000000	0.000000	0.000000	0.000000	0.000000	0.000000	1733433166.717632	0.000000
84.000000	88160.733957	19443.983667	187500.000000	187500.000000	86679.193280	102403.757263	112163.445313	133600.109351	-0.070000	0.768000	0.584000	192.000000	0.000000	0.000000	0.000000	0.000000	0.000000	0.000000	0.000000	0.000000	0.000000	1733433166.720591	0.000000
85.000000	88155.861277	19440.027409	187500.000000	187500.000000	86677.315733	102410.395731	112157.767970	133594.119083	-0.070000	0.768000	0.584000	192.000000	0.000000	0.000000	0.000000	0.000000	0.000000	0.000000	0.000000	0.000000	0.000000	1733433166.724629	0.000000
86.000000	88153.670806	19429.097406	187500.000000	187500.000000	86671.481928	102419.179966	112154.996354	133607.239557	-0.070000	0.768000	0.584000	192.000000	0.000000	0.000000	0.000000	0.000000	0.000000	0.000000	0.000000	0.000000	0.000000	1733433166.728640	0.000000
87.000000	88142.383175	19416.043987	187500.000000	187500.000000	86669.470271	102408.741702	112154.348153	133612.738086	-0.070000	0.768000	0.584000	192.000000	0.000000	0.000000	0.000000	0.000000	0.000000	0.000000	0.000000	0.000000	0.000000	1733433166.732447	0.000000
88.000000	88139.589207	19416.803946	187500.000000	187500.000000	86666.050454	102402.952600	112154.906947	133619.577720	-0.070000	0.768000	0.584000	192.000000	0.000000	0.000000	0.000000	0.000000	0.000000	0.000000	0.000000	0.000000	0.000000	1733433166.736461	0.000000
89.000000	88140.997367	19422.056606	187500.000000	187500.000000	86664.977570	102423.538557	112163.981755	133631.222979	-0.070000	0.768000	0.584000	192.000000	0.000000	0.000000	0.000000	0.000000	0.000000	0.000000	0.000000	0.000000	0.000000	1733433166.741455	0.000000
90.000000	88138.158695	19425.878754	187500.000000	187500.000000	86658.562620	102414.642562	112167.736848	133624.718621	-0.070000	0.768000	0.584000	192.000000	0.000000	0.000000	0.000000	0.000000	0.000000	0.000000	0.000000	0.000000	0.000000	1733433166.745511	0.000000
91.000000	88137.599902	19424.135318	187500.000000	187500.000000	86655.254561	102399.733949	112157.387991	133621.343508	-0.070000	0.768000	0.584000	192.000000	0.000000	0.000000	0.000000	0.000000	0.000000	0.000000	0.000000	0.000000	0.000000	1733433166.748449	0.000000
92.000000	88153.089661	19427.756301	187500.000000	187500.000000	86670.520803	102407.557059	112159.399648	133609.407676	-0.072000	0.770000	0.584000	192.000000	253.000000	192.000000	24.000000	16.000000	18.000000	64.000000	0.000000	0.000000	0.000000	1733433166.752551	0.000000
93.000000	88152.217943	19430.438510	187500.000000	187500.000000	86677.740416	102415.760149	112163.735886	133609.541787	-0.072000	0.770000	0.584000	192.000000	0.000000	0.000000	0.000000	0.000000	0.000000	0.000000	0.000000	0.000000	0.000000	1733433166.757624	0.000000
94.000000	88152.664978	19430.840842	187500.000000	187500.000000	86678.232155	102435.094408	112176.543436	133613.587453	-0.072000	0.770000	0.584000	192.000000	0.000000	0.000000	0.000000	0.000000	0.000000	0.000000	0.000000	0.000000	0.000000	1733433166.761658	0.000000
95.000000	88155.324835	19430.997304	187500.000000	187500.000000	86684.937678	102448.706621	112183.271311	133663.767119	-0.072000	0.770000	0.584000	192.000000	0.000000	0.000000	0.000000	0.000000	0.000000	0.000000	0.000000	0.000000	0.000000	1733433166.764684	0.000000
96.000000	88153.961379	19429.589144	187500.000000	187500.000000	86688.804530	102420.632830	112172.296604	133627.914921	-0.072000	0.770000	0.584000	192.000000	0.000000	0.000000	0.000000	0.000000	0.000000	0.000000	0.000000	0.000000	0.000000	1733433166.768454	0.000000
97.000000	88144.618350	19417.452147	187500.000000	187500.000000	86689.117454	102423.471501	112165.948709	133587.860595	-0.072000	0.770000	0.584000	192.000000	0.000000	0.000000	0.000000	0.000000	0.000000	0.000000	0.000000	0.000000	0.000000	1733433166.773624	0.000000
98.000000	88148.015815	19426.169327	187500.000000	187500.000000	86692.224347	102421.593955	112177.571616	133590.900432	-0.072000	0.770000	0.584000	192.000000	0.000000	0.000000	0.000000	0.000000	0.000000	0.000000	0.000000	0.000000	0.000000	1733433166.776478	0.000000
99.000000	88161.695082	19442.910784	187500.000000	187500.000000	86700.606251	102439.408295	112193.039023	133611.933424	-0.072000	0.770000	0.584000	192.000000	0.000000	0.000000	0.000000	0.000000	0.000000	0.000000	0.000000	0.000000	0.000000	1733433166.780477	0.000000
100.000000	88160.957475	19448.878699	187500.000000	187500.000000	86702.372039	102454.562778	112192.591988	133623.243406	-0.072000	0.770000	0.584000	192.000000	0.000000	0.000000	0.000000	0.000000	0.000000	0.000000	0.000000	0.000000	0.000000	1733433166.784495	0.000000
101.000000	88157.917638	19452.522034	187500.000000	187500.000000	86692.581975	102426.623097	112181.572578	133626.953796	-0.072000	0.770000	0.584000	192.000000	0.000000	0.000000	0.000000	0.000000	0.000000	0.000000	0.000000	0.000000	0.000000	1733433166.788699	0.000000
102.000000	88160.733957	19441.189699	187500.000000	187500.000000	86689.296268	102435.452036	112185.685299	133631.938235	-0.068000	0.772000	0.586000	192.000000	253.000000	224.000000	24.000000	32.000000	18.000000	80.000000	0.000000	0.000000	0.000000	1733433166.792535	0.000000
103.000000	88158.878763	19431.466690	187500.000000	187500.000000	86694.928908	102441.822283	112193.486058	133638.263778	-0.068000	0.772000	0.586000	192.000000	0.000000	0.000000	0.000000	0.000000	0.000000	0.000000	0.000000	0.000000	0.000000	1733433166.796518	0.000000
104.000000	88145.691233	19415.485193	187500.000000	187500.000000	86680.199108	102437.307231	112180.075011	133637.056784	-0.068000	0.772000	0.586000	192.000000	0.000000	0.000000	0.000000	0.000000	0.000000	0.000000	0.000000	0.000000	0.000000	1733433166.800758	0.000000
105.000000	88143.724280	19412.311245	187500.000000	187500.000000	86674.633524	102431.965164	112178.555093	133630.775944	-0.068000	0.772000	0.586000	192.000000	0.000000	0.000000	0.000000	0.000000	0.000000	0.000000	0.000000	0.000000	0.000000	1733433166.803914	0.000000
106.000000	88149.222809	19424.716464	187500.000000	187500.000000	86683.015428	102419.671705	112184.388898	133614.101543	-0.068000	0.772000	0.586000	192.000000	0.000000	0.000000	0.000000	0.000000	0.000000	0.000000	0.000000	0.000000	0.000000	1733433166.808487	0.000000
107.000000	88145.355957	19420.559039	187500.000000	187500.000000	86674.991152	102397.543478	112170.977851	133604.333830	-0.068000	0.772000	0.586000	192.000000	0.000000	0.000000	0.000000	0.000000	0.000000	0.000000	0.000000	0.000000	0.000000	1733433166.812513	0.000000
108.000000	88144.953626	19418.033292	187500.000000	187500.000000	86672.621867	102406.350065	112171.357831	133604.691458	-0.068000	0.772000	0.586000	192.000000	0.000000	0.000000	0.000000	0.000000	0.000000	0.000000	0.000000	0.000000	0.000000	1733433166.816496	0.000000
109.000000	88145.914751	19422.034254	187500.000000	187500.000000	86669.000884	102418.956449	112172.900101	133632.832305	-0.068000	0.772000	0.586000	192.000000	0.000000	0.000000	0.000000	0.000000	0.000000	0.000000	0.000000	0.000000	0.000000	1733433166.820508	0.000000
110.000000	88141.042071	19418.659141	187500.000000	187500.000000	86663.100024	102414.799024	112169.949671	133610.279394	-0.068000	0.772000	0.586000	192.000000	0.000000	0.000000	0.000000	0.000000	0.000000	0.000000	0.000000	0.000000	0.000000	1733433166.824523	0.000000
111.000000	88146.786469	19429.678551	187500.000000	187500.000000	86664.575239	102420.476368	112177.884540	133602.478636	-0.068000	0.772000	0.586000	192.000000	0.000000	0.000000	0.000000	0.000000	0.000000	0.000000	0.000000	0.000000	0.000000	1733433166.828566	0.000000
112.000000	88147.837001	19411.305417	187500.000000	187500.000000	86670.587858	102445.219749	112190.043889	133611.218168	-0.072000	0.768000	0.586000	192.000000	253.000000	192.000000	24.000000	0.000000	18.000000	80.000000	0.000000	0.000000	0.000000	1733433166.831649	0.000000
113.000000	88144.394832	19403.661120	187500.000000	187500.000000	86673.426530	102430.802873	112188.322805	133638.152020	-0.072000	0.768000	0.586000	192.000000	0.000000	0.000000	0.000000	0.000000	0.000000	0.000000	0.000000	0.000000	0.000000	1733433166.835722	0.000000
114.000000	88149.535733	19406.656254	187500.000000	187500.000000	86669.067939	102433.105103	112177.750430	133620.047107	-0.072000	0.768000	0.586000	192.000000	0.000000	0.000000	0.000000	0.000000	0.000000	0.000000	0.000000	0.000000	0.000000	1733433166.840619	0.000000
115.000000	88156.263608	19417.429795	187500.000000	187500.000000	86672.197184	102426.332525	112177.392802	133601.048124	-0.072000	0.768000	0.586000	192.000000	0.000000	0.000000	0.000000	0.000000	0.000000	0.000000	0.000000	0.000000	0.000000	1733433166.844551	0.000000
116.000000	88150.832135	19413.786461	187500.000000	187500.000000	86678.567431	102429.014734	112202.247942	133617.364897	-0.072000	0.768000	0.586000	192.000000	0.000000	0.000000	0.000000	0.000000	0.000000	0.000000	0.000000	0.000000	0.000000	1733433166.850576	0.000000
117.000000	88138.941007	19407.259751	187500.000000	187500.000000	86681.160233	102434.289746	112198.738718	133610.972298	-0.072000	0.768000	0.586000	192.000000	0.000000	0.000000	0.000000	0.000000	0.000000	0.000000	0.000000	0.000000	0.000000	1733433166.853598	0.000000
118.000000	88141.489105	19417.183926	187500.000000	187500.000000	86675.326428	102438.268356	112196.011805	133619.577720	-0.072000	0.768000	0.586000	192.000000	0.000000	0.000000	0.000000	0.000000	0.000000	0.000000	0.000000	0.000000	0.000000	1733433166.856791	0.000000
119.000000	88139.052765	19418.972065	187500.000000	187500.000000	86668.307980	102439.631813	112190.468572	133615.666165	-0.072000	0.768000	0.586000	192.000000	0.000000	0.000000	0.000000	0.000000	0.000000	0.000000	0.000000	0.000000	0.000000	1733433166.859607	0.000000
120.000000	88133.867161	19405.561019	187500.000000	187500.000000	86658.339102	102432.211033	112178.465686	133656.681616	-0.072000	0.768000	0.586000	192.000000	0.000000	0.000000	0.000000	0.000000	0.000000	0.000000	0.000000	0.000000	0.000000	1733433166.863878	0.000000
121.000000	88135.901169	19403.437603	187500.000000	187500.000000	86662.027140	102427.763036	112179.940901	133618.482485	-0.072000	0.768000	0.586000	192.000000	0.000000	0.000000	0.000000	0.000000	0.000000	0.000000	0.000000	0.000000	0.000000	1733433166.868845	0.000000
122.000000	88139.991539	19403.638769	187500.000000	187500.000000	86670.476099	102429.662935	112189.507447	133591.749798	-0.078000	0.772000	0.578000	192.000000	253.000000	144.000000	24.000000	32.000000	18.000000	16.000000	0.000000	0.000000	0.000000	1733433166.872806	0.000000
123.000000	88150.027472	19410.992493	187500.000000	187500.000000	86683.104835	102441.621118	112202.940846	133621.254101	-0.078000	0.772000	0.578000	192.000000	0.000000	0.000000	0.000000	0.000000	0.000000	0.000000	0.000000	0.000000	0.000000	1733433166.876684	0.000000
124.000000	88148.015815	19412.445356	187500.000000	187500.000000	86684.110663	102457.401449	112206.695939	133632.228807	-0.078000	0.772000	0.578000	192.000000	0.000000	0.000000	0.000000	0.000000	0.000000	0.000000	0.000000	0.000000	0.000000	1733433166.880598	0.000000
125.000000	88148.753422	19415.194621	187500.000000	187500.000000	86680.042646	102466.498609	112204.706634	133639.202552	-0.078000	0.772000	0.578000	192.000000	0.000000	0.000000	0.000000	0.000000	0.000000	0.000000	0.000000	0.000000	0.000000	1733433166.883617	0.000000
126.000000	88156.867106	19427.398673	187500.000000	187500.000000	86680.713198	102470.968958	112209.758128	133626.216188	-0.078000	0.772000	0.578000	192.000000	0.000000	0.000000	0.000000	0.000000	0.000000	0.000000	0.000000	0.000000	0.000000	1733433166.887593	0.000000
127.000000	88146.428841	19411.394824	187500.000000	187500.000000	86672.264239	102450.204188	112198.001110	133613.766267	-0.078000	0.772000	0.578000	192.000000	0.000000	0.000000	0.000000	0.000000	0.000000	0.000000	0.000000	0.000000	0.000000	1733433166.891647	0.000000
128.000000	88140.505629	19408.444394	187500.000000	187500.000000	86670.029064	102437.687211	112189.775668	133634.084002	-0.078000	0.772000	0.578000	192.000000	0.000000	0.000000	0.000000	0.000000	0.000000	0.000000	0.000000	0.000000	0.000000	1733433166.896617	0.000000
129.000000	88146.853524	19412.892391	187500.000000	187500.000000	86682.322524	102464.017566	112200.102174	133619.868293	-0.078000	0.772000	0.578000	192.000000	0.000000	0.000000	0.000000	0.000000	0.000000	0.000000	0.000000	0.000000	0.000000	1733433166.900765	0.000000
130.000000	88146.272379	19415.015807	187500.000000	187500.000000	86679.975591	102445.286804	112194.201314	133605.339659	-0.078000	0.772000	0.578000	192.000000	0.000000	0.000000	0.000000	0.000000	0.000000	0.000000	0.000000	0.000000	0.000000	1733433166.904794	0.000000
131.000000	88153.402585	19429.387978	187500.000000	187500.000000	86680.489681	102444.236272	112197.196448	133619.376554	-0.078000	0.772000	0.578000	192.000000	0.000000	0.000000	0.000000	0.000000	0.000000	0.000000	0.000000	0.000000	0.000000	1733433166.908956	0.000000
132.000000	88145.355957	19409.271408	187500.000000	187500.000000	86668.889125	102438.536577	112185.551189	133634.218113	-0.070000	0.772000	0.582000	192.000000	253.000000	208.000000	24.000000	32.000000	18.000000	48.000000	0.000000	0.000000	0.000000	1733433166.911906	0.000000
133.000000	88145.423012	19405.628074	187500.000000	187500.000000	86671.370169	102456.775601	112181.706689	133644.701081	-0.070000	0.772000	0.582000	192.000000	0.000000	0.000000	0.000000	0.000000	0.000000	0.000000	0.000000	0.000000	0.000000	1733433166.915658	0.000000
134.000000	88147.099393	19408.757318	187500.000000	187500.000000	86669.313809	102458.206112	112185.908817	133625.165656	-0.070000	0.772000	0.582000	192.000000	0.000000	0.000000	0.000000	0.000000	0.000000	0.000000	0.000000	0.000000	0.000000	1733433166.919636	0.000000
135.000000	88148.954588	19403.437603	187500.000000	187500.000000	86667.548021	102447.991365	112194.000148	133618.571892	-0.070000	0.772000	0.582000	192.000000	0.000000	0.000000	0.000000	0.000000	0.000000	0.000000	0.000000	0.000000	0.000000	1733433166.924699	0.000000
136.000000	88159.281094	19419.061472	187500.000000	187500.000000	86678.410969	102468.085583	112209.288741	133630.887703	-0.070000	0.772000	0.582000	192.000000	0.000000	0.000000	0.000000	0.000000	0.000000	0.000000	0.000000	0.000000	0.000000	1733433166.928677	0.000000
137.000000	88155.861277	19421.631923	187500.000000	187500.000000	86676.734588	102472.377118	112215.949561	133622.170522	-0.070000	0.772000	0.582000	192.000000	0.000000	0.000000	0.000000	0.000000	0.000000	0.000000	0.000000	0.000000	0.000000	1733433166.932672	0.000000
138.000000	88164.779623	19434.461824	187500.000000	187500.000000	86678.366265	102454.898054	112216.776576	133660.101433	-0.070000	0.772000	0.582000	192.000000	0.000000	0.000000	0.000000	0.000000	0.000000	0.000000	0.000000	0.000000	0.000000	1733433166.935669	0.000000
139.000000	88165.628989	19429.991475	187500.000000	187500.000000	86675.840518	102469.963130	112209.691073	133658.983846	-0.070000	0.772000	0.582000	192.000000	0.000000	0.000000	0.000000	0.000000	0.000000	0.000000	0.000000	0.000000	0.000000	1733433166.939961	0.000000
140.000000	88158.632893	19415.149917	187500.000000	187500.000000	86689.162158	102466.856237	112207.724119	133637.503819	-0.070000	0.772000	0.582000	192.000000	0.000000	0.000000	0.000000	0.000000	0.000000	0.000000	0.000000	0.000000	0.000000	1733433166.943841	0.000000
141.000000	88161.471565	19423.800042	187500.000000	187500.000000	86681.875489	102439.587109	112205.041910	133629.591302	-0.070000	0.772000	0.582000	192.000000	0.000000	0.000000	0.000000	0.000000	0.000000	0.000000	0.000000	0.000000	0.000000	1733433166.947990	0.000000
142.000000	88162.365635	19429.052702	187500.000000	187500.000000	86686.144672	102448.907786	112211.523916	133634.240464	-0.068000	0.770000	0.582000	192.000000	253.000000	224.000000	24.000000	16.000000	18.000000	48.000000	0.000000	0.000000	0.000000	1733433166.953324	0.000000
143.000000	88154.788393	19419.061472	187500.000000	187500.000000	86682.322524	102455.970938	112206.740642	133628.093735	-0.068000	0.770000	0.582000	192.000000	0.000000	0.000000	0.000000	0.000000	0.000000	0.000000	0.000000	0.000000	0.000000	1733433166.957446	0.000000
144.000000	88151.323873	19409.204353	187500.000000	187500.000000	86677.494547	102453.489894	112199.744546	133623.936310	-0.068000	0.770000	0.582000	192.000000	0.000000	0.000000	0.000000	0.000000	0.000000	0.000000	0.000000	0.000000	0.000000	1733433166.960721	0.000000
145.000000	88155.436594	19419.396748	187500.000000	187500.000000	86685.518823	102452.886397	112200.504506	133624.316290	-0.068000	0.770000	0.582000	192.000000	0.000000	0.000000	0.000000	0.000000	0.000000	0.000000	0.000000	0.000000	0.000000	1733433166.963787	0.000000
146.000000	88159.817536	19432.025484	187500.000000	187500.000000	86692.872547	102461.111839	112205.265427	133620.449438	-0.068000	0.770000	0.582000	192.000000	0.000000	0.000000	0.000000	0.000000	0.000000	0.000000	0.000000	0.000000	0.000000	1733433166.967750	0.000000
147.000000	88165.137251	19444.095426	187500.000000	187500.000000	86690.145634	102466.588016	112213.736738	133625.836209	-0.068000	0.770000	0.582000	192.000000	0.000000	0.000000	0.000000	0.000000	0.000000	0.000000	0.000000	0.000000	0.000000	1733433166.972009	0.000000
148.000000	88159.281094	19429.700903	187500.000000	187500.000000	86677.360437	102440.280013	112203.320825	133628.853694	-0.068000	0.770000	0.582000	192.000000	0.000000	0.000000	0.000000	0.000000	0.000000	0.000000	0.000000	0.000000	0.000000	1733433166.975732	0.000000
149.000000	88149.535733	19398.006129	187500.000000	187500.000000	86669.649085	102439.452999	112196.101212	133638.442592	-0.068000	0.770000	0.582000	192.000000	0.000000	0.000000	0.000000	0.000000	0.000000	0.000000	0.000000	0.000000	0.000000	1733433166.979756	0.000000
150.000000	88150.318044	19395.189809	187500.000000	187500.000000	86674.298248	102426.243118	112187.898122	133672.327837	-0.068000	0.770000	0.582000	192.000000	0.000000	0.000000	0.000000	0.000000	0.000000	0.000000	0.000000	0.000000	0.000000	1733433166.985070	0.000000
151.000000	88152.664978	19403.862286	187500.000000	187500.000000	86668.620905	102411.088635	112176.923415	133638.084965	-0.068000	0.770000	0.582000	192.000000	0.000000	0.000000	0.000000	0.000000	0.000000	0.000000	0.000000	0.000000	0.000000	1733433166.988971	0.000000
152.000000	88150.675672	19407.572676	187500.000000	187500.000000	86670.409044	102433.373324	112184.992395	133619.935348	-0.078000	0.770000	0.580000	192.000000	253.000000	144.000000	24.000000	16.000000	18.000000	32.000000	0.000000	0.000000	0.000000	1733433166.991982	0.000000
153.000000	88152.933199	19400.844801	187500.000000	187500.000000	86686.837576	102439.117722	112199.811602	133624.897435	-0.078000	0.770000	0.580000	192.000000	0.000000	0.000000	0.000000	0.000000	0.000000	0.000000	0.000000	0.000000	0.000000	1733433166.995867	0.000000
154.000000	88155.905981	19405.516315	187500.000000	187500.000000	86696.582937	102442.291670	112210.451032	133629.032508	-0.078000	0.770000	0.580000	192.000000	0.000000	0.000000	0.000000	0.000000	0.000000	0.000000	0.000000	0.000000	0.000000	1733433166.999896	0.000000
155.000000	88149.446326	19398.810792	187500.000000	187500.000000	86689.318620	102441.352897	112208.752299	133634.307520	-0.078000	0.770000	0.580000	192.000000	0.000000	0.000000	0.000000	0.000000	0.000000	0.000000	0.000000	0.000000	0.000000	1733433167.003801	0.000000
156.000000	88161.337454	19411.730100	187500.000000	187500.000000	86693.721914	102445.398563	112217.536535	133642.063575	-0.078000	0.770000	0.580000	192.000000	0.000000	0.000000	0.000000	0.000000	0.000000	0.000000	0.000000	0.000000	0.000000	1733433167.007802	0.000000
157.000000	88156.017739	19407.416213	187500.000000	187500.000000	86687.508129	102446.516150	112218.028273	133639.314310	-0.078000	0.770000	0.580000	192.000000	0.000000	0.000000	0.000000	0.000000	0.000000	0.000000	0.000000	0.000000	0.000000	1733433167.011784	0.000000
158.000000	88144.528943	19400.330710	187500.000000	187500.000000	86682.367227	102437.776618	112204.684282	133638.911979	-0.078000	0.770000	0.580000	192.000000	0.000000	0.000000	0.000000	0.000000	0.000000	0.000000	0.000000	0.000000	0.000000	1733433167.016843	0.000000
159.000000	88145.311254	19398.006129	187500.000000	187500.000000	86679.752073	102428.120664	112193.329596	133650.311369	-0.078000	0.770000	0.580000	192.000000	0.000000	0.000000	0.000000	0.000000	0.000000	0.000000	0.000000	0.000000	0.000000	1733433167.019850	0.000000
160.000000	88153.201419	19399.146068	187500.000000	187500.000000	86674.499413	102436.860196	112197.531724	133679.100416	-0.078000	0.770000	0.580000	192.000000	0.000000	0.000000	0.000000	0.000000	0.000000	0.000000	0.000000	0.000000	0.000000	1733433167.023855	0.000000
161.000000	88149.468678	19398.475516	187500.000000	187500.000000	86678.478024	102435.586147	112199.565732	133624.472752	-0.078000	0.770000	0.580000	192.000000	0.000000	0.000000	0.000000	0.000000	0.000000	0.000000	0.000000	0.000000	0.000000	1733433167.027884	0.000000
162.000000	88139.253931	19399.883676	187500.000000	187500.000000	86683.194242	102447.074943	112197.688186	133623.355165	-0.074000	0.764000	0.574000	192.000000	253.000000	176.000000	23.000000	224.000000	17.000000	240.000000	0.000000	0.000000	0.000000	1733433167.031910	0.000000
163.000000	88134.716527	19383.164571	187500.000000	187500.000000	86681.540213	102441.576414	112197.643482	133640.409546	-0.074000	0.764000	0.574000	192.000000	0.000000	0.000000	0.000000	0.000000	0.000000	0.000000	0.000000	0.000000	0.000000	1733433167.036042	0.000000
164.000000	88130.559102	19380.527065	187500.000000	187500.000000	86674.342951	102447.901958	112184.701822	133606.390191	-0.074000	0.764000	0.574000	192.000000	0.000000	0.000000	0.000000	0.000000	0.000000	0.000000	0.000000	0.000000	0.000000	1733433167.040859	0.000000
165.000000	88144.752460	19392.842876	187500.000000	187500.000000	86685.384713	102460.553045	112203.991378	133626.372650	-0.074000	0.764000	0.574000	192.000000	0.000000	0.000000	0.000000	0.000000	0.000000	0.000000	0.000000	0.000000	0.000000	1733433167.044922	0.000000
166.000000	88149.312216	19389.043080	187500.000000	187500.000000	86684.557698	102467.549141	112212.686206	133639.806049	-0.074000	0.764000	0.574000	192.000000	0.000000	0.000000	0.000000	0.000000	0.000000	0.000000	0.000000	0.000000	0.000000	1733433167.047893	0.000000
167.000000	88149.602789	19391.144143	187500.000000	187500.000000	86678.522727	102442.358725	112211.680378	133638.263778	-0.074000	0.764000	0.574000	192.000000	0.000000	0.000000	0.000000	0.000000	0.000000	0.000000	0.000000	0.000000	0.000000	1733433167.051861	0.000000
168.000000	88155.347187	19402.163553	187500.000000	187500.000000	86684.870623	102444.593900	112216.240134	133655.966360	-0.074000	0.764000	0.574000	192.000000	0.000000	0.000000	0.000000	0.000000	0.000000	0.000000	0.000000	0.000000	0.000000	1733433167.056119	0.000000
169.000000	88157.269437	19407.147993	187500.000000	187500.000000	86685.675286	102448.237234	112210.518087	133646.288055	-0.074000	0.764000	0.574000	192.000000	0.000000	0.000000	0.000000	0.000000	0.000000	0.000000	0.000000	0.000000	0.000000	1733433167.059864	0.000000
170.000000	88157.314140	19406.365681	187500.000000	187500.000000	86688.916288	102449.511284	112213.490869	133624.517456	-0.074000	0.764000	0.574000	192.000000	0.000000	0.000000	0.000000	0.000000	0.000000	0.000000	0.000000	0.000000	0.000000	1733433167.064022	0.000000
171.000000	88160.622199	19411.260713	187500.000000	187500.000000	86691.039704	102450.584167	112220.017579	133627.758459	-0.074000	0.764000	0.574000	192.000000	0.000000	0.000000	0.000000	0.000000	0.000000	0.000000	0.000000	0.000000	0.000000	1733433167.069216	0.000000
172.000000	88161.337454	19411.931266	187500.000000	187500.000000	86681.897841	102437.061362	112217.290666	133621.991709	-0.080000	0.762000	0.576000	192.000000	253.000000	128.000000	23.000000	208.000000	18.000000	0.000000	0.000000	0.000000	0.000000	1733433167.073183	0.000000
173.000000	88166.433652	19421.855440	187500.000000	187500.000000	86688.648068	102445.040935	112220.911648	133635.022776	-0.080000	0.762000	0.576000	192.000000	0.000000	0.000000	0.000000	0.000000	0.000000	0.000000	0.000000	0.000000	0.000000	1733433167.076061	0.000000
174.000000	88166.813632	19436.585240	187500.000000	187500.000000	86691.084408	102454.048688	112216.553058	133656.256933	-0.080000	0.762000	0.576000	192.000000	0.000000	0.000000	0.000000	0.000000	0.000000	0.000000	0.000000	0.000000	0.000000	1733433167.079908	0.000000
175.000000	88163.997312	19441.055589	187500.000000	187500.000000	86691.442036	102455.501551	112217.894163	133641.907113	-0.080000	0.762000	0.576000	192.000000	0.000000	0.000000	0.000000	0.000000	0.000000	0.000000	0.000000	0.000000	0.000000	1733433167.083907	0.000000
176.000000	88165.316065	19427.152804	187500.000000	187500.000000	86693.945431	102454.048688	112226.656047	133652.099508	-0.080000	0.762000	0.576000	192.000000	0.000000	0.000000	0.000000	0.000000	0.000000	0.000000	0.000000	0.000000	0.000000	1733433167.087916	0.000000
177.000000	88158.923466	19400.733042	187500.000000	187500.000000	86685.608230	102440.771751	112214.340236	133618.683650	-0.080000	0.762000	0.576000	192.000000	0.000000	0.000000	0.000000	0.000000	0.000000	0.000000	0.000000	0.000000	0.000000	1733433167.091922	0.000000
178.000000	88159.705777	19403.549362	187500.000000	187500.000000	86698.147559	102456.775601	112227.773634	133613.095714	-0.080000	0.762000	0.576000	192.000000	0.000000	0.000000	0.000000	0.000000	0.000000	0.000000	0.000000	0.000000	0.000000	1733433167.096939	0.000000
179.000000	88156.911809	19408.556152	187500.000000	187500.000000	86697.879338	102456.462676	112232.378093	133644.902247	-0.080000	0.762000	0.576000	192.000000	0.000000	0.000000	0.000000	0.000000	0.000000	0.000000	0.000000	0.000000	0.000000	1733433167.100114	0.000000
180.000000	88148.328739	19403.437603	187500.000000	187500.000000	86685.652934	102452.037031	112229.338256	133639.470773	-0.080000	0.762000	0.576000	192.000000	0.000000	0.000000	0.000000	0.000000	0.000000	0.000000	0.000000	0.000000	0.000000	1733433167.103173	0.000000
181.000000	88160.398681	19417.429795	187500.000000	187500.000000	86683.998905	102443.900996	112217.044797	133625.456229	-0.080000	0.762000	0.576000	192.000000	0.000000	0.000000	0.000000	0.000000	0.000000	0.000000	0.000000	0.000000	0.000000	1733433167.108098	0.000000
182.000000	88167.193612	19417.608609	187500.000000	187500.000000	86683.820091	102450.807685	112221.537497	133636.676805	-0.072000	0.762000	0.578000	192.000000	253.000000	192.000000	23.000000	208.000000	18.000000	16.000000	0.000000	0.000000	0.000000	1733433167.112219	0.000000
183.000000	88173.787376	19424.582353	187500.000000	187500.000000	86694.817149	102477.003929	112250.192434	133658.603866	-0.072000	0.762000	0.578000	192.000000	0.000000	0.000000	0.000000	0.000000	0.000000	0.000000	0.000000	0.000000	0.000000	1733433167.116144	0.000000
184.000000	88167.931219	19419.843783	187500.000000	187500.000000	86694.571280	102484.961150	112256.540329	133663.297732	-0.072000	0.762000	0.578000	192.000000	0.000000	0.000000	0.000000	0.000000	0.000000	0.000000	0.000000	0.000000	0.000000	1733433167.119960	0.000000
185.000000	88169.339379	19423.308304	187500.000000	187500.000000	86687.776350	102458.519037	112247.756093	133648.880857	-0.072000	0.762000	0.578000	192.000000	0.000000	0.000000	0.000000	0.000000	0.000000	0.000000	0.000000	0.000000	0.000000	1733433167.124972	0.000000
186.000000	88167.886516	19424.492946	187500.000000	187500.000000	86682.546041	102442.336374	112234.680323	133656.592209	-0.072000	0.762000	0.578000	192.000000	0.000000	0.000000	0.000000	0.000000	0.000000	0.000000	0.000000	0.000000	0.000000	1733433167.127959	0.000000
187.000000	88162.678559	19419.664969	187500.000000	187500.000000	86674.097082	102444.616252	112236.133186	133687.907003	-0.072000	0.762000	0.578000	192.000000	0.000000	0.000000	0.000000	0.000000	0.000000	0.000000	0.000000	0.000000	0.000000	1733433167.130983	0.000000
188.000000	88146.853524	19415.552248	187500.000000	187500.000000	86663.167079	102437.798969	112227.237192	133659.967322	-0.072000	0.762000	0.578000	192.000000	0.000000	0.000000	0.000000	0.000000	0.000000	0.000000	0.000000	0.000000	0.000000	1733433167.136203	0.000000
189.000000	88154.251951	19410.791327	187500.000000	187500.000000	86671.057245	102442.470484	112225.672570	133598.522377	-0.072000	0.762000	0.578000	192.000000	0.000000	0.000000	0.000000	0.000000	0.000000	0.000000	0.000000	0.000000	0.000000	1733433167.140143	0.000000
190.000000	88162.544449	19412.266542	187500.000000	187500.000000	86676.958105	102444.817417	112237.898974	133611.508740	-0.072000	0.762000	0.578000	192.000000	0.000000	0.000000	0.000000	0.000000	0.000000	0.000000	0.000000	0.000000	0.000000	1733433167.144051	0.000000
191.000000	88172.893306	19426.370493	187500.000000	187500.000000	86685.272954	102455.926234	112240.134149	133631.737069	-0.072000	0.762000	0.578000	192.000000	0.000000	0.000000	0.000000	0.000000	0.000000	0.000000	0.000000	0.000000	0.000000	1733433167.147307	0.000000
192.000000	88175.866088	19428.672722	187500.000000	187500.000000	86697.678172	102464.419897	112237.295477	133650.244314	-0.072000	0.766000	0.582000	192.000000	253.000000	192.000000	23.000000	240.000000	18.000000	48.000000	0.000000	0.000000	0.000000	1733433167.152315	0.000000
193.000000	88170.456966	19426.102272	187500.000000	187500.000000	86695.890033	102462.318833	112244.559794	133645.528095	-0.072000	0.766000	0.582000	192.000000	0.000000	0.000000	0.000000	0.000000	0.000000	0.000000	0.000000	0.000000	0.000000	1733433167.156340	0.000000
194.000000	88175.195536	19429.924420	187500.000000	187500.000000	86704.473103	102478.792069	112254.774541	133641.102450	-0.072000	0.766000	0.582000	192.000000	0.000000	0.000000	0.000000	0.000000	0.000000	0.000000	0.000000	0.000000	0.000000	1733433167.160028	0.000000
195.000000	88179.665885	19430.438510	187500.000000	187500.000000	86712.072696	102475.327548	112257.344992	133672.685465	-0.072000	0.766000	0.582000	192.000000	0.000000	0.000000	0.000000	0.000000	0.000000	0.000000	0.000000	0.000000	0.000000	1733433167.164081	0.000000
196.000000	88180.269382	19424.805871	187500.000000	187500.000000	86712.497379	102476.445136	112261.144788	133661.621351	-0.072000	0.766000	0.582000	192.000000	0.000000	0.000000	0.000000	0.000000	0.000000	0.000000	0.000000	0.000000	0.000000	1733433167.168048	0.000000
197.000000	88173.742673	19417.988589	187500.000000	187500.000000	86710.195149	102469.404336	112255.109817	133675.747654	-0.072000	0.766000	0.582000	192.000000	0.000000	0.000000	0.000000	0.000000	0.000000	0.000000	0.000000	0.000000	0.000000	1733433167.171100	0.000000
198.000000	88181.096397	19437.836938	187500.000000	187500.000000	86712.564434	102463.928159	112261.860044	133723.870960	-0.072000	0.766000	0.582000	192.000000	0.000000	0.000000	0.000000	0.000000	0.000000	0.000000	0.000000	0.000000	0.000000	1733433167.175279	0.000000
199.000000	88184.695027	19451.069170	187500.000000	187500.000000	86723.248568	102477.763889	112265.481027	133662.291904	-0.072000	0.766000	0.582000	192.000000	0.000000	0.000000	0.000000	0.000000	0.000000	0.000000	0.000000	0.000000	0.000000	1733433167.180189	0.000000
200.000000	88178.145966	19443.089598	187500.000000	187500.000000	86728.255359	102482.658921	112264.922233	133640.364842	-0.072000	0.766000	0.582000	192.000000	0.000000	0.000000	0.000000	0.000000	0.000000	0.000000	0.000000	0.000000	0.000000	1733433167.184287	0.000000
201.000000	88169.004103	19417.049815	187500.000000	187500.000000	86727.584806	102471.326586	112259.557815	133641.147154	-0.072000	0.766000	0.582000	192.000000	0.000000	0.000000	0.000000	0.000000	0.000000	0.000000	0.000000	0.000000	0.000000	1733433167.188264	0.000000
202.000000	88166.411300	19403.057623	187500.000000	187500.000000	86724.075583	102469.605502	112257.724972	133650.601941	-0.074000	0.768000	0.582000	192.000000	253.000000	176.000000	24.000000	0.000000	18.000000	48.000000	0.000000	0.000000	0.000000	1733433167.192194	0.000000
203.000000	88174.994370	19418.748548	187500.000000	187500.000000	86729.440001	102486.793993	112261.837692	133686.454140	-0.074000	0.768000	0.582000	192.000000	0.000000	0.000000	0.000000	0.000000	0.000000	0.000000	0.000000	0.000000	0.000000	1733433167.196099	0.000000
204.000000	88176.760158	19425.409368	187500.000000	187500.000000	86733.217446	102468.845543	112253.992230	133681.872032	-0.074000	0.768000	0.582000	192.000000	0.000000	0.000000	0.000000	0.000000	0.000000	0.000000	0.000000	0.000000	0.000000	1733433167.199081	0.000000
205.000000	88180.291734	19433.411292	187500.000000	187500.000000	86728.680042	102462.363537	112253.612251	133644.522267	-0.074000	0.768000	0.582000	192.000000	0.000000	0.000000	0.000000	0.000000	0.000000	0.000000	0.000000	0.000000	0.000000	1733433167.203080	0.000000
206.000000	88174.815556	19424.917629	187500.000000	187500.000000	86717.973556	102471.684214	112252.517015	133642.465906	-0.074000	0.768000	0.582000	192.000000	0.000000	0.000000	0.000000	0.000000	0.000000	0.000000	0.000000	0.000000	0.000000	1733433167.208117	0.000000
207.000000	88175.754330	19424.269429	187500.000000	187500.000000	86718.688812	102479.753194	112255.914480	133648.634988	-0.074000	0.768000	0.582000	192.000000	0.000000	0.000000	0.000000	0.000000	0.000000	0.000000	0.000000	0.000000	0.000000	1733433167.212408	0.000000
208.000000	88176.044902	19427.443376	187500.000000	187500.000000	86727.763620	102486.950456	112264.385791	133658.492107	-0.074000	0.768000	0.582000	192.000000	0.000000	0.000000	0.000000	0.000000	0.000000	0.000000	0.000000	0.000000	0.000000	1733433167.216361	0.000000
209.000000	88167.662998	19423.129490	187500.000000	187500.000000	86715.961899	102458.720202	112261.256547	133672.953686	-0.074000	0.768000	0.582000	192.000000	0.000000	0.000000	0.000000	0.000000	0.000000	0.000000	0.000000	0.000000	0.000000	1733433167.220380	0.000000
210.000000	88165.606638	19418.301513	187500.000000	187500.000000	86703.176701	102454.294557	112251.354724	133636.028604	-0.074000	0.768000	0.582000	192.000000	0.000000	0.000000	0.000000	0.000000	0.000000	0.000000	0.000000	0.000000	0.000000	1733433167.223376	0.000000
211.000000	88163.840850	19415.306379	187500.000000	187500.000000	86702.819074	102458.966071	112246.303230	133628.831342	-0.074000	0.768000	0.582000	192.000000	0.000000	0.000000	0.000000	0.000000	0.000000	0.000000	0.000000	0.000000	0.000000	1733433167.227404	0.000000
212.000000	88169.071158	19426.437548	187500.000000	187500.000000	86705.881263	102467.415031	112252.829939	133669.332703	-0.074000	0.768000	0.582000	192.000000	0.000000	0.000000	0.000000	0.000000	0.000000	0.000000	0.000000	0.000000	0.000000	1733433167.231136	0.000000
213.000000	88168.646475	19426.079920	187500.000000	187500.000000	86694.459521	102465.001042	112253.008753	133687.012933	-0.072000	0.768000	0.582000	192.000000	253.000000	192.000000	24.000000	0.000000	18.000000	48.000000	0.000000	0.000000	0.000000	1733433167.236176	0.000000
214.000000	88168.467661	19419.240286	187500.000000	187500.000000	86698.594594	102468.599673	112260.094256	133672.372541	-0.072000	0.768000	0.582000	192.000000	0.000000	0.000000	0.000000	0.000000	0.000000	0.000000	0.000000	0.000000	0.000000	1733433167.240163	0.000000
215.000000	88186.259650	19434.305362	187500.000000	187500.000000	86713.346745	102475.774583	112271.091315	133674.048921	-0.072000	0.768000	0.582000	192.000000	0.000000	0.000000	0.000000	0.000000	0.000000	0.000000	0.000000	0.000000	0.000000	1733433167.244162	0.000000
216.000000	88191.467606	19440.697961	187500.000000	187500.000000	86720.991042	102484.044729	112275.963995	133666.114052	-0.072000	0.768000	0.582000	192.000000	0.000000	0.000000	0.000000	0.000000	0.000000	0.000000	0.000000	0.000000	0.000000	1733433167.248409	0.000000
217.000000	88177.430710	19428.404501	187500.000000	187500.000000	86727.629510	102491.420804	112271.091315	133647.673863	-0.072000	0.768000	0.582000	192.000000	0.000000	0.000000	0.000000	0.000000	0.000000	0.000000	0.000000	0.000000	0.000000	1733433167.251354	0.000000
218.000000	88176.022551	19426.862231	187500.000000	187500.000000	86729.372946	102496.896982	112269.549044	133653.865296	-0.072000	0.768000	0.582000	192.000000	0.000000	0.000000	0.000000	0.000000	0.000000	0.000000	0.000000	0.000000	0.000000	1733433167.255391	0.000000
219.000000	88180.984638	19432.897202	187500.000000	187500.000000	86727.137772	102497.366368	112284.569417	133665.197631	-0.072000	0.768000	0.582000	192.000000	0.000000	0.000000	0.000000	0.000000	0.000000	0.000000	0.000000	0.000000	0.000000	1733433167.259602	0.000000
220.000000	88195.200347	19449.973935	187500.000000	187500.000000	86735.989062	102506.351770	112299.701548	133680.061541	-0.072000	0.768000	0.582000	192.000000	0.000000	0.000000	0.000000	0.000000	0.000000	0.000000	0.000000	0.000000	0.000000	1733433167.263377	0.000000
221.000000	88186.438464	19442.463749	187500.000000	187500.000000	86727.294234	102493.007778	112282.870684	133656.905133	-0.072000	0.768000	0.582000	192.000000	0.000000	0.000000	0.000000	0.000000	0.000000	0.000000	0.000000	0.000000	0.000000	1733433167.268175	0.000000
222.000000	88176.894269	19430.952600	187500.000000	187500.000000	86710.977460	102476.400432	112267.358573	133652.255971	-0.072000	0.768000	0.582000	192.000000	0.000000	0.000000	0.000000	0.000000	0.000000	0.000000	0.000000	0.000000	0.000000	1733433167.272419	0.000000
223.000000	88176.603696	19438.641600	187500.000000	187500.000000	86710.597481	102484.849392	112270.711335	133649.976093	-0.068000	0.768000	0.582000	192.000000	253.000000	224.000000	24.000000	0.000000	18.000000	48.000000	0.000000	0.000000	0.000000	1733433167.276227	0.000000
224.000000	88190.595888	19443.603688	187500.000000	187500.000000	86720.588710	102496.315836	112282.289539	133674.898288	-0.068000	0.768000	0.582000	192.000000	0.000000	0.000000	0.000000	0.000000	0.000000	0.000000	0.000000	0.000000	0.000000	1733433167.279210	0.000000
225.000000	88194.082760	19448.051685	187500.000000	187500.000000	86721.169856	102497.209906	112281.775449	133691.103302	-0.068000	0.768000	0.582000	192.000000	0.000000	0.000000	0.000000	0.000000	0.000000	0.000000	0.000000	0.000000	0.000000	1733433167.283201	0.000000
226.000000	88185.857318	19447.381133	187500.000000	187500.000000	86713.525559	102488.649188	112276.299271	133676.418206	-0.068000	0.768000	0.582000	192.000000	0.000000	0.000000	0.000000	0.000000	0.000000	0.000000	0.000000	0.000000	0.000000	1733433167.287433	0.000000
227.000000	88180.224679	19425.074092	187500.000000	187500.000000	86709.546949	102495.064139	112275.494608	133667.231639	-0.068000	0.768000	0.582000	192.000000	0.000000	0.000000	0.000000	0.000000	0.000000	0.000000	0.000000	0.000000	0.000000	1733433167.291364	0.000000
228.000000	88186.729036	19435.221784	187500.000000	187500.000000	86717.057135	102513.549031	112286.402260	133677.379331	-0.068000	0.768000	0.582000	192.000000	0.000000	0.000000	0.000000	0.000000	0.000000	0.000000	0.000000	0.000000	0.000000	1733433167.296515	0.000000
229.000000	88191.914641	19440.161519	187500.000000	187500.000000	86715.671327	102507.692874	112283.183608	133673.557183	-0.068000	0.768000	0.582000	192.000000	0.000000	0.000000	0.000000	0.000000	0.000000	0.000000	0.000000	0.000000	0.000000	1733433167.300502	0.000000
230.000000	88194.440388	19435.713522	187500.000000	187500.000000	86715.626623	102494.103014	112284.189437	133674.808881	-0.068000	0.768000	0.582000	192.000000	0.000000	0.000000	0.000000	0.000000	0.000000	0.000000	0.000000	0.000000	0.000000	1733433167.303241	0.000000
231.000000	88195.021533	19441.457920	187500.000000	187500.000000	86719.269957	102495.086491	112293.845391	133671.612581	-0.068000	0.768000	0.582000	192.000000	0.000000	0.000000	0.000000	0.000000	0.000000	0.000000	0.000000	0.000000	0.000000	1733433167.307264	0.000000
232.000000	88187.332533	19436.987571	187500.000000	187500.000000	86718.867626	102504.094244	112296.773469	133688.555204	-0.068000	0.768000	0.582000	192.000000	0.000000	0.000000	0.000000	0.000000	0.000000	0.000000	0.000000	0.000000	0.000000	1733433167.311260	0.000000
233.000000	88196.005010	19442.508452	187500.000000	187500.000000	86727.830676	102524.411979	112303.948379	133707.196558	-0.070000	0.766000	0.582000	192.000000	253.000000	208.000000	23.000000	240.000000	18.000000	48.000000	0.000000	0.000000	0.000000	1733433167.315251	0.000000
234.000000	88190.551184	19435.758225	187500.000000	187500.000000	86720.275786	102508.363427	112300.260341	133692.220890	-0.070000	0.766000	0.582000	192.000000	0.000000	0.000000	0.000000	0.000000	0.000000	0.000000	0.000000	0.000000	0.000000	1733433167.319669	0.000000
235.000000	88185.522042	19434.461824	187500.000000	187500.000000	86719.962862	102503.110767	112294.225370	133683.391951	-0.070000	0.766000	0.582000	192.000000	0.000000	0.000000	0.000000	0.000000	0.000000	0.000000	0.000000	0.000000	0.000000	1733433167.324317	0.000000
236.000000	88188.248955	19440.049760	187500.000000	187500.000000	86722.466257	102495.779395	112297.533428	133695.797169	-0.070000	0.766000	0.582000	192.000000	0.000000	0.000000	0.000000	0.000000	0.000000	0.000000	0.000000	0.000000	0.000000	1733433167.328485	0.000000
237.000000	88189.411246	19436.540536	187500.000000	187500.000000	86723.114458	102501.523793	112294.784164	133687.974058	-0.070000	0.766000	0.582000	192.000000	0.000000	0.000000	0.000000	0.000000	0.000000	0.000000	0.000000	0.000000	0.000000	1733433167.331577	0.000000
238.000000	88186.304353	19433.612458	187500.000000	187500.000000	86715.179588	102497.031092	112294.560646	133681.156776	-0.070000	0.766000	0.582000	192.000000	0.000000	0.000000	0.000000	0.000000	0.000000	0.000000	0.000000	0.000000	0.000000	1733433167.335322	0.000000
239.000000	88188.405417	19438.529842	187500.000000	187500.000000	86708.138789	102490.817307	112295.253550	133669.086834	-0.070000	0.766000	0.582000	192.000000	0.000000	0.000000	0.000000	0.000000	0.000000	0.000000	0.000000	0.000000	0.000000	1733433167.339604	0.000000
240.000000	88194.038057	19446.956449	187500.000000	187500.000000	86718.420591	102501.747310	112306.675292	133664.437671	-0.070000	0.766000	0.582000	192.000000	0.000000	0.000000	0.000000	0.000000	0.000000	0.000000	0.000000	0.000000	0.000000	1733433167.343323	0.000000
241.000000	88199.871862	19444.877737	187500.000000	187500.000000	86731.898693	102506.687046	112311.816193	133676.909945	-0.070000	0.766000	0.582000	192.000000	0.000000	0.000000	0.000000	0.000000	0.000000	0.000000	0.000000	0.000000	0.000000	1733433167.347354	0.000000
242.000000	88198.195481	19440.943830	187500.000000	187500.000000	86723.829713	102508.743406	112306.742347	133687.504672	-0.070000	0.766000	0.582000	192.000000	0.000000	0.000000	0.000000	0.000000	0.000000	0.000000	0.000000	0.000000	0.000000	1733433167.352486	0.000000
243.000000	88196.541452	19441.703789	187500.000000	187500.000000	86711.335088	102495.935857	112305.468298	133716.763105	-0.072000	0.766000	0.586000	192.000000	253.000000	192.000000	23.000000	240.000000	18.000000	80.000000	0.000000	0.000000	0.000000	1733433167.356489	0.000000
244.000000	88193.143987	19444.184833	187500.000000	187500.000000	86708.138789	102488.626836	112297.153449	133688.354038	-0.072000	0.766000	0.586000	192.000000	0.000000	0.000000	0.000000	0.000000	0.000000	0.000000	0.000000	0.000000	0.000000	1733433167.359640	0.000000
245.000000	88201.637650	19452.544385	187500.000000	187500.000000	86719.001737	102507.290543	112303.300178	133695.752465	-0.072000	0.766000	0.586000	192.000000	0.000000	0.000000	0.000000	0.000000	0.000000	0.000000	0.000000	0.000000	0.000000	1733433167.363739	0.000000
246.000000	88209.751333	19457.193548	187500.000000	187500.000000	86726.310757	102502.507270	112312.732615	133689.873956	-0.072000	0.766000	0.586000	192.000000	0.000000	0.000000	0.000000	0.000000	0.000000	0.000000	0.000000	0.000000	0.000000	1733433167.367444	0.000000
247.000000	88205.862129	19448.409313	187500.000000	187500.000000	86717.012431	102499.579191	112314.677216	133680.396817	-0.072000	0.766000	0.586000	192.000000	0.000000	0.000000	0.000000	0.000000	0.000000	0.000000	0.000000	0.000000	0.000000	1733433167.373454	0.000000
248.000000	88200.385952	19442.575507	187500.000000	187500.000000	86720.387545	102499.981523	112310.430385	133682.274363	-0.072000	0.766000	0.586000	192.000000	0.000000	0.000000	0.000000	0.000000	0.000000	0.000000	0.000000	0.000000	0.000000	1733433167.376439	0.000000
249.000000	88194.127464	19434.417121	187500.000000	187500.000000	86724.232045	102504.675389	112304.194248	133681.626163	-0.072000	0.766000	0.586000	192.000000	0.000000	0.000000	0.000000	0.000000	0.000000	0.000000	0.000000	0.000000	0.000000	1733433167.380422	0.000000
250.000000	88198.061371	19446.330601	187500.000000	187500.000000	86732.613949	102522.802654	112317.247667	133702.994430	-0.072000	0.766000	0.586000	192.000000	0.000000	0.000000	0.000000	0.000000	0.000000	0.000000	0.000000	0.000000	0.000000	1733433167.383457	0.000000
251.000000	88209.885443	19454.846615	187500.000000	187500.000000	86733.373908	102518.667581	112319.616952	133698.099398	-0.072000	0.766000	0.586000	192.000000	0.000000	0.000000	0.000000	0.000000	0.000000	0.000000	0.000000	0.000000	0.000000	1733433167.386436	0.000000
252.000000	88211.137141	19447.582298	187500.000000	187500.000000	86728.858856	102503.937781	112318.097033	133705.855454	-0.072000	0.766000	0.586000	192.000000	0.000000	0.000000	0.000000	0.000000	0.000000	0.000000	0.000000	0.000000	0.000000	1733433167.391654	0.000000
253.000000	88206.085647	19447.582298	187500.000000	187500.000000	86726.690737	102491.979598	112321.360388	133709.230567	-0.070000	0.768000	0.582000	192.000000	253.000000	208.000000	24.000000	0.000000	18.000000	48.000000	0.000000	0.000000	0.000000	1733433167.395554	0.000000
254.000000	88209.438409	19456.634755	187500.000000	187500.000000	86732.882170	102510.017456	112337.319534	133704.022611	-0.070000	0.768000	0.582000	192.000000	0.000000	0.000000	0.000000	0.000000	0.000000	0.000000	0.000000	0.000000	0.000000	1733433167.399623	0.000000
255.000000	88206.532682	19466.246005	187500.000000	187500.000000	86729.372946	102515.337171	112339.040618	133706.436599	-0.070000	0.768000	0.582000	192.000000	0.000000	0.000000	0.000000	0.000000	0.000000	0.000000	0.000000	0.000000	0.000000	1733433167.403636	0.000000
0.000000	88202.129388	19448.342258	187500.000000	187500.000000	86721.818056	102517.617049	112336.090188	133693.360829	-0.070000	0.768000	0.582000	192.000000	0.000000	0.000000	0.000000	0.000000	0.000000	0.000000	0.000000	0.000000	0.000000	1733433167.408412	0.000000
1.000000	88202.621126	19438.395731	187500.000000	187500.000000	86715.671327	102518.511119	112331.865708	133695.573651	-0.070000	0.768000	0.582000	192.000000	0.000000	0.000000	0.000000	0.000000	0.000000	0.000000	0.000000	0.000000	0.000000	1733433167.411402	0.000000
2.000000	88209.997202	19447.425836	187500.000000	187500.000000	86721.818056	102513.347866	112327.484766	133713.723268	-0.070000	0.768000	0.582000	192.000000	0.000000	0.000000	0.000000	0.000000	0.000000	0.000000	0.000000	0.000000	0.000000	1733433167.414395	0.000000
3.000000	88213.014688	19453.460807	187500.000000	187500.000000	86720.476952	102510.665656	112333.720903	133726.128486	-0.070000	0.768000	0.582000	192.000000	0.000000	0.000000	0.000000	0.000000	0.000000	0.000000	0.000000	0.000000	0.000000	1733433167.419459	0.000000
4.000000	88204.945708	19450.219804	187500.000000	187500.000000	86710.441018	102526.803616	112328.758815	133684.531890	-0.070000	0.768000	0.582000	192.000000	0.000000	0.000000	0.000000	0.000000	0.000000	0.000000	0.000000	0.000000	0.000000	1733433167.423540	0.000000
5.000000	88206.935013	19455.316002	187500.000000	187500.000000	86710.731591	102534.470264	112328.781167	133693.070256	-0.070000	0.768000	0.582000	192.000000	0.000000	0.000000	0.000000	0.000000	0.000000	0.000000	0.000000	0.000000	0.000000	1733433167.427467	0.000000
6.000000	88209.639574	19455.874795	187500.000000	187500.000000	86711.715068	102502.127290	112332.648019	133713.723268	-0.070000	0.768000	0.582000	192.000000	0.000000	0.000000	0.000000	0.000000	0.000000	0.000000	0.000000	0.000000	0.000000	1733433167.431581	0.000000
7.000000	88199.782455	19429.611496	187500.000000	187500.000000	86707.691754	102484.044729	112324.400225	133686.700009	-0.066000	0.766000	0.586000	192.000000	253.000000	240.000000	23.000000	240.000000	18.000000	80.000000	0.000000	0.000000	0.000000	1733433167.436606	0.000000
8.000000	88203.179920	19430.729083	187500.000000	187500.000000	86710.865702	102485.005854	112319.549897	133687.951706	-0.066000	0.766000	0.586000	192.000000	0.000000	0.000000	0.000000	0.000000	0.000000	0.000000	0.000000	0.000000	0.000000	1733433167.439596	0.000000
9.000000	88209.594871	19435.646467	187500.000000	187500.000000	86717.481818	102495.734691	112326.054254	133718.104210	-0.066000	0.766000	0.586000	192.000000	0.000000	0.000000	0.000000	0.000000	0.000000	0.000000	0.000000	0.000000	0.000000	1733433167.442613	0.000000
10.000000	88209.281946	19435.199432	187500.000000	187500.000000	86715.581920	102502.887249	112330.278734	133757.331521	-0.066000	0.766000	0.586000	192.000000	0.000000	0.000000	0.000000	0.000000	0.000000	0.000000	0.000000	0.000000	0.000000	1733433167.447492	0.000000
11.000000	88207.158531	19435.892336	187500.000000	187500.000000	86713.413800	102507.849337	112323.997894	133727.424887	-0.066000	0.766000	0.586000	192.000000	0.000000	0.000000	0.000000	0.000000	0.000000	0.000000	0.000000	0.000000	0.000000	1733433167.451468	0.000000
12.000000	88206.063295	19432.249002	187500.000000	187500.000000	86714.643146	102501.233220	112311.167992	133676.172337	-0.066000	0.766000	0.586000	192.000000	0.000000	0.000000	0.000000	0.000000	0.000000	0.000000	0.000000	0.000000	0.000000	1733433167.455508	0.000000
13.000000	88207.784379	19430.550269	187500.000000	187500.000000	86707.311774	102498.595714	112312.844373	133667.209288	-0.066000	0.766000	0.586000	192.000000	0.000000	0.000000	0.000000	0.000000	0.000000	0.000000	0.000000	0.000000	0.000000	1733433167.459589	0.000000
14.000000	88201.235318	19429.946772	187500.000000	187500.000000	86708.027030	102501.121462	112316.688873	133683.861337	-0.066000	0.766000	0.586000	192.000000	0.000000	0.000000	0.000000	0.000000	0.000000	0.000000	0.000000	0.000000	0.000000	1733433167.463521	0.000000
15.000000	88205.482150	19435.780577	187500.000000	187500.000000	86712.877359	102485.899924	112320.108690	133678.921602	-0.066000	0.766000	0.586000	192.000000	0.000000	0.000000	0.000000	0.000000	0.000000	0.000000	0.000000	0.000000	0.000000	1733433167.467592	0.000000
16.000000	88199.335420	19428.918592	187500.000000	187500.000000	86705.993021	102485.162316	112310.765661	133675.680599	-0.066000	0.766000	0.586000	192.000000	0.000000	0.000000	0.000000	0.000000	0.000000	0.000000	0.000000	0.000000	0.000000	1733433167.470713	0.000000
17.000000	88205.884481	19437.501661	187500.000000	187500.000000	86706.909443	102484.067081	112309.826888	133691.460930	-0.068000	0.772000	0.584000	192.000000	253.000000	224.000000	24.000000	32.000000	18.000000	64.000000	0.000000	0.000000	0.000000	1733433167.475659	0.000000
18.000000	88202.621126	19430.505565	187500.000000	187500.000000	86700.136864	102485.341130	112311.547972	133718.260672	-0.068000	0.772000	0.584000	192.000000	0.000000	0.000000	0.000000	0.000000	0.000000	0.000000	0.000000	0.000000	0.000000	1733433167.479697	0.000000
19.000000	88205.057467	19430.393807	187500.000000	187500.000000	86705.009544	102496.740520	112319.661655	133674.652418	-0.068000	0.772000	0.584000	192.000000	0.000000	0.000000	0.000000	0.000000	0.000000	0.000000	0.000000	0.000000	0.000000	1733433167.483504	0.000000
20.000000	88206.130350	19435.042970	187500.000000	187500.000000	86703.042591	102492.583095	112316.822984	133655.988712	-0.068000	0.772000	0.584000	192.000000	0.000000	0.000000	0.000000	0.000000	0.000000	0.000000	0.000000	0.000000	0.000000	1733433167.487534	0.000000
21.000000	88208.946670	19425.834051	187500.000000	187500.000000	86708.183492	102501.993180	112319.974580	133688.108169	-0.068000	0.772000	0.584000	192.000000	0.000000	0.000000	0.000000	0.000000	0.000000	0.000000	0.000000	0.000000	0.000000	1733433167.491562	0.000000
22.000000	88206.510330	19421.743682	187500.000000	187500.000000	86707.512940	102498.528659	112317.940571	133711.532797	-0.068000	0.772000	0.584000	192.000000	0.000000	0.000000	0.000000	0.000000	0.000000	0.000000	0.000000	0.000000	0.000000	1733433167.495529	0.000000
23.000000	88203.068161	19414.658179	187500.000000	187500.000000	86708.295251	102491.197287	112314.297237	133677.580497	-0.068000	0.772000	0.584000	192.000000	0.000000	0.000000	0.000000	0.000000	0.000000	0.000000	0.000000	0.000000	0.000000	1733433167.498579	0.000000
24.000000	88204.006935	19417.854478	187500.000000	187500.000000	86706.954146	102485.207019	112295.052385	133693.472587	-0.068000	0.772000	0.584000	192.000000	0.000000	0.000000	0.000000	0.000000	0.000000	0.000000	0.000000	0.000000	0.000000	1733433167.502769	0.000000
25.000000	88212.902929	19420.670798	187500.000000	187500.000000	86716.855969	102494.348883	112297.958112	133683.838985	-0.068000	0.772000	0.584000	192.000000	0.000000	0.000000	0.000000	0.000000	0.000000	0.000000	0.000000	0.000000	0.000000	1733433167.507554	0.000000
26.000000	88207.694972	19421.408405	187500.000000	187500.000000	86718.666460	102501.635552	112309.938647	133677.133462	-0.068000	0.772000	0.584000	192.000000	0.000000	0.000000	0.000000	0.000000	0.000000	0.000000	0.000000	0.000000	0.000000	1733433167.511784	0.000000
27.000000	88207.605566	19430.729083	187500.000000	187500.000000	86719.873455	102505.837680	112308.910466	133686.096512	-0.070000	0.762000	0.582000	192.000000	253.000000	208.000000	23.000000	208.000000	18.000000	48.000000	0.000000	0.000000	0.000000	1733433167.515758	0.000000
28.000000	88223.095324	19442.307287	187500.000000	187500.000000	86731.161086	102507.245840	112312.307931	133711.331631	-0.070000	0.762000	0.582000	192.000000	0.000000	0.000000	0.000000	0.000000	0.000000	0.000000	0.000000	0.000000	0.000000	1733433167.518602	0.000000
29.000000	88216.009821	19430.840842	187500.000000	187500.000000	86723.941472	102498.014569	112309.782184	133710.236396	-0.070000	0.762000	0.582000	192.000000	0.000000	0.000000	0.000000	0.000000	0.000000	0.000000	0.000000	0.000000	0.000000	1733433167.522809	0.000000
30.000000	88204.051638	19412.802984	187500.000000	187500.000000	86719.694641	102501.680255	112310.162164	133671.433767	-0.070000	0.762000	0.582000	192.000000	0.000000	0.000000	0.000000	0.000000	0.000000	0.000000	0.000000	0.000000	0.000000	1733433167.526596	0.000000
31.000000	88207.605566	19425.744644	187500.000000	187500.000000	86729.082373	102523.741427	112327.775339	133695.372486	-0.070000	0.762000	0.582000	192.000000	0.000000	0.000000	0.000000	0.000000	0.000000	0.000000	0.000000	0.000000	0.000000	1733433167.530570	0.000000
32.000000	88211.919452	19436.495833	187500.000000	187500.000000	86723.896769	102500.897944	112324.959019	133709.990526	-0.070000	0.762000	0.582000	192.000000	0.000000	0.000000	0.000000	0.000000	0.000000	0.000000	0.000000	0.000000	0.000000	1733433167.535582	0.000000
33.000000	88210.421885	19422.324827	187500.000000	187500.000000	86718.085315	102487.263380	112313.134946	133699.708724	-0.070000	0.762000	0.582000	192.000000	0.000000	0.000000	0.000000	0.000000	0.000000	0.000000	0.000000	0.000000	0.000000	1733433167.539672	0.000000
34.000000	88212.142970	19418.413272	187500.000000	187500.000000	86720.834580	102505.412996	112318.544068	133683.704875	-0.070000	0.762000	0.582000	192.000000	0.000000	0.000000	0.000000	0.000000	0.000000	0.000000	0.000000	0.000000	0.000000	1733433167.543914	0.000000
35.000000	88207.314993	19415.641655	187500.000000	187500.000000	86721.482780	102508.586944	112321.941533	133684.084855	-0.070000	0.762000	0.582000	192.000000	0.000000	0.000000	0.000000	0.000000	0.000000	0.000000	0.000000	0.000000	0.000000	1733433167.546777	0.000000
36.000000	88209.617223	19419.799080	187500.000000	187500.000000	86724.120286	102509.883345	112309.424556	133694.009029	-0.070000	0.762000	0.582000	192.000000	0.000000	0.000000	0.000000	0.000000	0.000000	0.000000	0.000000	0.000000	0.000000	1733433167.550889	0.000000
37.000000	88208.209063	19429.611496	187500.000000	187500.000000	86716.028955	102499.534488	112301.668501	133677.848718	-0.070000	0.770000	0.584000	192.000000	253.000000	208.000000	24.000000	16.000000	18.000000	64.000000	0.000000	0.000000	0.000000	1733433167.554658	0.000000
38.000000	88211.450066	19433.701865	187500.000000	187500.000000	86720.342841	102516.566517	112309.089280	133677.871070	-0.070000	0.770000	0.584000	192.000000	0.000000	0.000000	0.000000	0.000000	0.000000	0.000000	0.000000	0.000000	0.000000	1733433167.558622	0.000000
39.000000	88212.701763	19432.249002	187500.000000	187500.000000	86721.281614	102514.845433	112311.257399	133707.375372	-0.070000	0.770000	0.584000	192.000000	0.000000	0.000000	0.000000	0.000000	0.000000	0.000000	0.000000	0.000000	0.000000	1733433167.563670	0.000000
40.000000	88212.522949	19435.490004	187500.000000	187500.000000	86712.497379	102499.579191	112305.892981	133731.783477	-0.070000	0.770000	0.584000	192.000000	0.000000	0.000000	0.000000	0.000000	0.000000	0.000000	0.000000	0.000000	0.000000	1733433167.567636	0.000000
41.000000	88217.797961	19436.473481	187500.000000	187500.000000	86715.157236	102497.522831	112295.164143	133692.690276	-0.070000	0.770000	0.584000	192.000000	0.000000	0.000000	0.000000	0.000000	0.000000	0.000000	0.000000	0.000000	0.000000	1733433167.571647	0.000000
42.000000	88214.422848	19427.421025	187500.000000	187500.000000	86726.310757	102509.816290	112305.848277	133678.094587	-0.070000	0.770000	0.584000	192.000000	0.000000	0.000000	0.000000	0.000000	0.000000	0.000000	0.000000	0.000000	0.000000	1733433167.574850	0.000000
43.000000	88203.738714	19417.496850	187500.000000	187500.000000	86720.208731	102507.491709	112314.185478	133686.208270	-0.070000	0.770000	0.584000	192.000000	0.000000	0.000000	0.000000	0.000000	0.000000	0.000000	0.000000	0.000000	0.000000	1733433167.578869	0.000000
44.000000	88207.672621	19434.797100	187500.000000	187500.000000	86726.109591	102521.483901	112320.980408	133697.853529	-0.070000	0.770000	0.584000	192.000000	0.000000	0.000000	0.000000	0.000000	0.000000	0.000000	0.000000	0.000000	0.000000	1733433167.582980	0.000000
45.000000	88205.325688	19437.725179	187500.000000	187500.000000	86730.199960	102522.579136	112323.975542	133695.551300	-0.070000	0.770000	0.584000	192.000000	0.000000	0.000000	0.000000	0.000000	0.000000	0.000000	0.000000	0.000000	0.000000	1733433167.586804	0.000000
46.000000	88198.664868	19407.483269	187500.000000	187500.000000	86722.622719	102491.174935	112313.671388	133692.243241	-0.070000	0.770000	0.584000	192.000000	0.000000	0.000000	0.000000	0.000000	0.000000	0.000000	0.000000	0.000000	0.000000	1733433167.591849	0.000000
47.000000	88193.926298	19407.505620	187500.000000	187500.000000	86712.877359	102500.048578	112308.642245	133715.265538	-0.070000	0.768000	0.582000	192.000000	253.000000	208.000000	24.000000	0.000000	18.000000	48.000000	0.000000	0.000000	0.000000	1733433167.595664	0.000000
48.000000	88199.961269	19421.386054	187500.000000	187500.000000	86713.771428	102521.372142	112304.328359	133713.119771	-0.070000	0.768000	0.582000	192.000000	0.000000	0.000000	0.000000	0.000000	0.000000	0.000000	0.000000	0.000000	0.000000	1733433167.599707	0.000000
49.000000	88199.044847	19421.006074	187500.000000	187500.000000	86716.632452	102538.448875	112301.221466	133686.811767	-0.070000	0.768000	0.582000	192.000000	0.000000	0.000000	0.000000	0.000000	0.000000	0.000000	0.000000	0.000000	0.000000	1733433167.602715	0.000000
50.000000	88203.716362	19426.459900	187500.000000	187500.000000	86722.332146	102521.036866	112301.713205	133681.402645	-0.070000	0.768000	0.582000	192.000000	0.000000	0.000000	0.000000	0.000000	0.000000	0.000000	0.000000	0.000000	0.000000	1733433167.606703	0.000000
51.000000	88206.912661	19436.205260	187500.000000	187500.000000	86732.681004	102507.424653	112306.876458	133700.759256	-0.070000	0.768000	0.582000	192.000000	0.000000	0.000000	0.000000	0.000000	0.000000	0.000000	0.000000	0.000000	0.000000	1733433167.610820	0.000000
52.000000	88201.771760	19442.508452	187500.000000	187500.000000	86737.866609	102514.241936	112310.162164	133709.319974	-0.070000	0.768000	0.582000	192.000000	0.000000	0.000000	0.000000	0.000000	0.000000	0.000000	0.000000	0.000000	0.000000	1733433167.614849	0.000000
53.000000	88203.738714	19430.170289	187500.000000	187500.000000	86728.188303	102502.708435	112306.742347	133697.562957	-0.070000	0.768000	0.582000	192.000000	0.000000	0.000000	0.000000	0.000000	0.000000	0.000000	0.000000	0.000000	0.000000	1733433167.618978	0.000000
54.000000	88198.240185	19415.418138	187500.000000	187500.000000	86717.772391	102491.040825	112297.935760	133687.079988	-0.070000	0.768000	0.582000	192.000000	0.000000	0.000000	0.000000	0.000000	0.000000	0.000000	0.000000	0.000000	0.000000	1733433167.623758	0.000000
55.000000	88199.849510	19428.426853	187500.000000	187500.000000	86720.968690	102491.331397	112292.236065	133695.126616	-0.070000	0.768000	0.582000	192.000000	0.000000	0.000000	0.000000	0.000000	0.000000	0.000000	0.000000	0.000000	0.000000	1733433167.627780	0.000000
56.000000	88185.946725	19415.574600	187500.000000	187500.000000	86717.124190	102492.091357	112288.905655	133675.211212	-0.070000	0.768000	0.582000	192.000000	0.000000	0.000000	0.000000	0.000000	0.000000	0.000000	0.000000	0.000000	0.000000	1733433167.630743	0.000000
57.000000	88186.349057	19407.460917	187500.000000	187500.000000	86725.573149	102508.609296	112302.808440	133665.465851	-0.076000	0.770000	0.584000	192.000000	253.000000	160.000000	24.000000	16.000000	18.000000	64.000000	0.000000	0.000000	0.000000	1733433167.634707	0.000000
58.000000	88202.777589	19422.146013	187500.000000	187500.000000	86737.397222	102527.384761	112314.811327	133680.128596	-0.076000	0.770000	0.584000	192.000000	0.000000	0.000000	0.000000	0.000000	0.000000	0.000000	0.000000	0.000000	0.000000	1733433167.638974	0.000000
59.000000	88202.911699	19428.650371	187500.000000	187500.000000	86738.604216	102518.689933	112317.270019	133689.762198	-0.076000	0.770000	0.584000	192.000000	0.000000	0.000000	0.000000	0.000000	0.000000	0.000000	0.000000	0.000000	0.000000	1733433167.642821	0.000000
60.000000	88197.323763	19419.284990	187500.000000	187500.000000	86735.542027	102517.751159	112316.219487	133695.484244	-0.076000	0.770000	0.584000	192.000000	0.000000	0.000000	0.000000	0.000000	0.000000	0.000000	0.000000	0.000000	0.000000	1733433167.646767	0.000000
61.000000	88195.937955	19412.870039	187500.000000	187500.000000	86734.647958	102528.435293	112303.814269	133710.661079	-0.076000	0.770000	0.584000	192.000000	0.000000	0.000000	0.000000	0.000000	0.000000	0.000000	0.000000	0.000000	0.000000	1733433167.651816	0.000000
62.000000	88196.787321	19411.953618	187500.000000	187500.000000	86726.869551	102512.610258	112295.119440	133714.840855	-0.076000	0.770000	0.584000	192.000000	0.000000	0.000000	0.000000	0.000000	0.000000	0.000000	0.000000	0.000000	0.000000	1733433167.654894	0.000000
63.000000	88196.094417	19418.346216	187500.000000	187500.000000	86728.389469	102513.034941	112307.658769	133706.749523	-0.076000	0.770000	0.584000	192.000000	0.000000	0.000000	0.000000	0.000000	0.000000	0.000000	0.000000	0.000000	0.000000	1733433167.658979	0.000000
64.000000	88196.250879	19420.626094	187500.000000	187500.000000	86732.725708	102509.302200	112305.289484	133701.273346	-0.076000	0.770000	0.584000	192.000000	0.000000	0.000000	0.000000	0.000000	0.000000	0.000000	0.000000	0.000000	0.000000	1733433167.662927	0.000000
65.000000	88200.967097	19427.197507	187500.000000	187500.000000	86738.984196	102515.068950	112308.530487	133679.726264	-0.076000	0.770000	0.584000	192.000000	0.000000	0.000000	0.000000	0.000000	0.000000	0.000000	0.000000	0.000000	0.000000	1733433167.666792	0.000000
66.000000	88195.714437	19421.073129	187500.000000	187500.000000	86739.699452	102500.160337	112307.591713	133693.807863	-0.076000	0.770000	0.584000	192.000000	0.000000	0.000000	0.000000	0.000000	0.000000	0.000000	0.000000	0.000000	0.000000	1733433167.670811	0.000000
67.000000	88186.326705	19408.377338	187500.000000	187500.000000	86729.775277	102497.746348	112304.730690	133701.094532	-0.070000	0.772000	0.578000	192.000000	253.000000	208.000000	24.000000	32.000000	18.000000	16.000000	0.000000	0.000000	0.000000	1733433167.674824	0.000000
68.000000	88183.108054	19410.411347	187500.000000	187500.000000	86724.187341	102486.771642	112293.800687	133682.073198	-0.070000	0.772000	0.578000	192.000000	0.000000	0.000000	0.000000	0.000000	0.000000	0.000000	0.000000	0.000000	0.000000	1733433167.679834	0.000000
69.000000	88189.657115	19417.318036	187500.000000	187500.000000	86731.228141	102495.488822	112291.319643	133679.815671	-0.070000	0.772000	0.578000	192.000000	0.000000	0.000000	0.000000	0.000000	0.000000	0.000000	0.000000	0.000000	0.000000	1733433167.682823	0.000000
70.000000	88188.271307	19403.549362	187500.000000	187500.000000	86734.223274	102495.846450	112299.165106	133688.666962	-0.070000	0.772000	0.578000	192.000000	0.000000	0.000000	0.000000	0.000000	0.000000	0.000000	0.000000	0.000000	0.000000	1733433167.687035	0.000000
71.000000	88186.013780	19397.022652	187500.000000	187500.000000	86739.744155	102497.120499	112303.747213	133676.529965	-0.070000	0.772000	0.578000	192.000000	0.000000	0.000000	0.000000	0.000000	0.000000	0.000000	0.000000	0.000000	0.000000	1733433167.690953	0.000000
72.000000	88189.835929	19405.181039	187500.000000	187500.000000	86749.377757	102514.040770	112313.917257	133682.453177	-0.070000	0.772000	0.578000	192.000000	0.000000	0.000000	0.000000	0.000000	0.000000	0.000000	0.000000	0.000000	0.000000	1733433167.694953	0.000000
73.000000	88194.239222	19416.356911	187500.000000	187500.000000	86751.590580	102517.639401	112318.253495	133694.858395	-0.070000	0.772000	0.578000	192.000000	0.000000	0.000000	0.000000	0.000000	0.000000	0.000000	0.000000	0.000000	0.000000	1733433167.699061	0.000000
74.000000	88191.132330	19412.892391	187500.000000	187500.000000	86751.411766	102525.931898	112315.146603	133694.076084	-0.070000	0.772000	0.578000	192.000000	0.000000	0.000000	0.000000	0.000000	0.000000	0.000000	0.000000	0.000000	0.000000	1733433167.703108	0.000000
75.000000	88190.618240	19404.845763	187500.000000	187500.000000	86753.021092	102529.441122	112310.229219	133688.644610	-0.070000	0.772000	0.578000	192.000000	0.000000	0.000000	0.000000	0.000000	0.000000	0.000000	0.000000	0.000000	0.000000	1733433167.707934	0.000000
76.000000	88186.304353	19404.331673	187500.000000	187500.000000	86756.798536	102510.978581	112306.809402	133704.246128	-0.070000	0.772000	0.578000	192.000000	0.000000	0.000000	0.000000	0.000000	0.000000	0.000000	0.000000	0.000000	0.000000	1733433167.710882	0.000000
77.000000	88181.297562	19398.587274	187500.000000	187500.000000	86748.751908	102497.567534	112301.579094	133698.009991	-0.072000	0.770000	0.576000	192.000000	253.000000	192.000000	24.000000	16.000000	18.000000	0.000000	0.000000	0.000000	0.000000	1733433167.714834	0.000000
78.000000	88176.514289	19390.987681	187500.000000	187500.000000	86742.068737	102498.908639	112299.992120	133671.880802	-0.072000	0.770000	0.576000	192.000000	0.000000	0.000000	0.000000	0.000000	0.000000	0.000000	0.000000	0.000000	0.000000	1733433167.718844	0.000000
79.000000	88173.139176	19396.687376	187500.000000	187500.000000	86737.084298	102497.813403	112293.219542	133678.295753	-0.072000	0.770000	0.576000	192.000000	0.000000	0.000000	0.000000	0.000000	0.000000	0.000000	0.000000	0.000000	0.000000	1733433167.722868	0.000000
80.000000	88170.792242	19390.540646	187500.000000	187500.000000	86734.893827	102508.631648	112285.843466	133700.736904	-0.072000	0.770000	0.576000	192.000000	0.000000	0.000000	0.000000	0.000000	0.000000	0.000000	0.000000	0.000000	0.000000	1733433167.727010	0.000000
81.000000	88166.947742	19374.179169	187500.000000	187500.000000	86741.889923	102505.904735	112291.386699	133678.631029	-0.072000	0.770000	0.576000	192.000000	0.000000	0.000000	0.000000	0.000000	0.000000	0.000000	0.000000	0.000000	0.000000	1733433167.730923	0.000000
82.000000	88169.764062	19377.777800	187500.000000	187500.000000	86742.515772	102490.325569	112276.791010	133659.810860	-0.072000	0.770000	0.576000	192.000000	0.000000	0.000000	0.000000	0.000000	0.000000	0.000000	0.000000	0.000000	0.000000	1733433167.736171	0.000000
83.000000	88173.116824	19384.282158	187500.000000	187500.000000	86735.564379	102486.928104	112267.090352	133667.164584	-0.072000	0.770000	0.576000	192.000000	0.000000	0.000000	0.000000	0.000000	0.000000	0.000000	0.000000	0.000000	0.000000	1733433167.739192	0.000000
84.000000	88173.899135	19385.958539	187500.000000	187500.000000	86742.225199	102502.171994	112278.936777	133674.786529	-0.072000	0.770000	0.576000	192.000000	0.000000	0.000000	0.000000	0.000000	0.000000	0.000000	0.000000	0.000000	0.000000	1733433167.742203	0.000000
85.000000	88181.252859	19402.901161	187500.000000	187500.000000	86753.915161	102512.900831	112304.507173	133683.168433	-0.072000	0.770000	0.576000	192.000000	0.000000	0.000000	0.000000	0.000000	0.000000	0.000000	0.000000	0.000000	0.000000	1733433167.746901	0.000000
86.000000	88174.346170	19404.689301	187500.000000	187500.000000	86751.434118	102515.963020	112305.468298	133672.014913	-0.072000	0.770000	0.576000	192.000000	0.000000	0.000000	0.000000	0.000000	0.000000	0.000000	0.000000	0.000000	0.000000	1733433167.750921	0.000000
87.000000	88169.585248	19392.887580	187500.000000	187500.000000	86747.589618	102510.151566	112303.456641	133696.534776	-0.072000	0.772000	0.576000	192.000000	253.000000	192.000000	24.000000	32.000000	18.000000	0.000000	0.000000	0.000000	0.000000	1733433167.755193	0.000000
88.000000	88173.854431	19394.541609	187500.000000	187500.000000	86742.962807	102503.714264	112298.136925	133688.599907	-0.072000	0.772000	0.576000	192.000000	0.000000	0.000000	0.000000	0.000000	0.000000	0.000000	0.000000	0.000000	0.000000	1733433167.758935	0.000000
89.000000	88171.172222	19387.120829	187500.000000	187500.000000	86746.494382	102508.408130	112293.890094	133667.186936	-0.072000	0.772000	0.576000	192.000000	0.000000	0.000000	0.000000	0.000000	0.000000	0.000000	0.000000	0.000000	0.000000	1733433167.763216	0.000000
90.000000	88175.419053	19396.463859	187500.000000	187500.000000	86753.781051	102526.535395	112304.909504	133677.558145	-0.072000	0.772000	0.576000	192.000000	0.000000	0.000000	0.000000	0.000000	0.000000	0.000000	0.000000	0.000000	0.000000	1733433167.766163	0.000000
91.000000	88182.124577	19410.344292	187500.000000	187500.000000	86755.010397	102533.687953	112310.050405	133698.345268	-0.072000	0.772000	0.576000	192.000000	0.000000	0.000000	0.000000	0.000000	0.000000	0.000000	0.000000	0.000000	0.000000	1733433167.770146	0.000000
92.000000	88180.090568	19411.439527	187500.000000	187500.000000	86754.138679	102523.383799	112302.964902	133678.429863	-0.072000	0.772000	0.576000	192.000000	0.000000	0.000000	0.000000	0.000000	0.000000	0.000000	0.000000	0.000000	0.000000	1733433167.775208	0.000000
93.000000	88179.755292	19408.511449	187500.000000	187500.000000	86750.674158	102524.121407	112304.417766	133680.329762	-0.072000	0.772000	0.576000	192.000000	0.000000	0.000000	0.000000	0.000000	0.000000	0.000000	0.000000	0.000000	0.000000	1733433167.779155	0.000000
94.000000	88183.800958	19403.415251	187500.000000	187500.000000	86752.886981	102525.082532	112309.782184	133678.340456	-0.072000	0.772000	0.576000	192.000000	0.000000	0.000000	0.000000	0.000000	0.000000	0.000000	0.000000	0.000000	0.000000	1733433167.782929	0.000000
95.000000	88181.409321	19395.927417	187500.000000	187500.000000	86753.959865	102526.088360	112307.502306	133679.167471	-0.072000	0.772000	0.576000	192.000000	0.000000	0.000000	0.000000	0.000000	0.000000	0.000000	0.000000	0.000000	0.000000	1733433167.786954	0.000000
96.000000	88177.386007	19395.323920	187500.000000	187500.000000	86749.847144	102509.793938	112300.036824	133670.986732	-0.072000	0.772000	0.576000	192.000000	0.000000	0.000000	0.000000	0.000000	0.000000	0.000000	0.000000	0.000000	0.000000	1733433167.790001	0.000000
97.000000	88175.486109	19401.291835	187500.000000	187500.000000	86741.442888	102512.319685	112304.171896	133679.346285	-0.074000	0.774000	0.574000	192.000000	253.000000	176.000000	24.000000	48.000000	17.000000	240.000000	0.000000	0.000000	0.000000	1733433167.793994	0.000000
98.000000	88168.691178	19392.127620	187500.000000	187500.000000	86733.552722	102510.039808	112292.705452	133679.122767	-0.074000	0.774000	0.574000	192.000000	0.000000	0.000000	0.000000	0.000000	0.000000	0.000000	0.000000	0.000000	0.000000	1733433167.798220	0.000000
99.000000	88170.211097	19392.217027	187500.000000	187500.000000	86732.345728	102514.219584	112284.547065	133677.893421	-0.074000	0.774000	0.574000	192.000000	0.000000	0.000000	0.000000	0.000000	0.000000	0.000000	0.000000	0.000000	0.000000	1733433167.802210	0.000000
100.000000	88170.501670	19391.434716	187500.000000	187500.000000	86720.611062	102515.739502	112279.607329	133668.304523	-0.074000	0.774000	0.574000	192.000000	0.000000	0.000000	0.000000	0.000000	0.000000	0.000000	0.000000	0.000000	0.000000	1733433167.807420	0.000000
101.000000	88168.311199	19392.842876	187500.000000	187500.000000	86711.178626	102506.061197	112268.878492	133669.466814	-0.074000	0.774000	0.574000	192.000000	0.000000	0.000000	0.000000	0.000000	0.000000	0.000000	0.000000	0.000000	0.000000	1733433167.811225	0.000000
102.000000	88169.585248	19400.598931	187500.000000	187500.000000	86713.883187	102519.606354	112277.305100	133677.669904	-0.074000	0.774000	0.574000	192.000000	0.000000	0.000000	0.000000	0.000000	0.000000	0.000000	0.000000	0.000000	0.000000	1733433167.815012	0.000000
103.000000	88166.143080	19387.187885	187500.000000	187500.000000	86703.355515	102521.685066	112292.213713	133683.280192	-0.074000	0.774000	0.574000	192.000000	0.000000	0.000000	0.000000	0.000000	0.000000	0.000000	0.000000	0.000000	0.000000	1733433167.817984	0.000000
104.000000	88162.857373	19382.605777	187500.000000	187500.000000	86699.913347	102548.305994	112302.786088	133692.623221	-0.074000	0.774000	0.574000	192.000000	0.000000	0.000000	0.000000	0.000000	0.000000	0.000000	0.000000	0.000000	0.000000	1733433167.822022	0.000000
105.000000	88168.110033	19394.809830	187500.000000	187500.000000	86705.948318	102544.506198	112309.826888	133719.445314	-0.074000	0.774000	0.574000	192.000000	0.000000	0.000000	0.000000	0.000000	0.000000	0.000000	0.000000	0.000000	0.000000	1733433167.826022	0.000000
106.000000	88165.606638	19399.503696	187500.000000	187500.000000	86707.803513	102532.659773	112306.854106	133688.398741	-0.074000	0.774000	0.574000	192.000000	0.000000	0.000000	0.000000	0.000000	0.000000	0.000000	0.000000	0.000000	0.000000	1733433167.831067	0.000000
107.000000	88163.527925	19385.913835	187500.000000	187500.000000	86709.256376	102516.521813	112302.249646	133668.863317	-0.078000	0.768000	0.574000	192.000000	253.000000	144.000000	24.000000	0.000000	17.000000	240.000000	0.000000	0.000000	0.000000	1733433167.835031	0.000000
108.000000	88168.646475	19398.609626	187500.000000	187500.000000	86711.469199	102516.298296	112298.941588	133672.707817	-0.078000	0.768000	0.574000	192.000000	0.000000	0.000000	0.000000	0.000000	0.000000	0.000000	0.000000	0.000000	0.000000	1733433167.839106	0.000000
109.000000	88168.646475	19403.057623	187500.000000	187500.000000	86716.744210	102505.278886	112301.959074	133674.920639	-0.078000	0.768000	0.574000	192.000000	0.000000	0.000000	0.000000	0.000000	0.000000	0.000000	0.000000	0.000000	0.000000	1733433167.843234	0.000000
110.000000	88170.054635	19399.324882	187500.000000	187500.000000	86714.017298	102506.441177	112302.160239	133674.719474	-0.078000	0.768000	0.574000	192.000000	0.000000	0.000000	0.000000	0.000000	0.000000	0.000000	0.000000	0.000000	0.000000	1733433167.846274	0.000000
111.000000	88172.915658	19398.542571	187500.000000	187500.000000	86717.504170	102516.588869	112298.896885	133679.614506	-0.078000	0.768000	0.574000	192.000000	0.000000	0.000000	0.000000	0.000000	0.000000	0.000000	0.000000	0.000000	0.000000	1733433167.850327	0.000000
112.000000	88174.323818	19387.970196	187500.000000	187500.000000	86720.700469	102523.964944	112306.295312	133690.946840	-0.078000	0.768000	0.574000	192.000000	0.000000	0.000000	0.000000	0.000000	0.000000	0.000000	0.000000	0.000000	0.000000	1733433167.854061	0.000000
113.000000	88181.521080	19396.262693	187500.000000	187500.000000	86723.315623	102531.966869	112312.374987	133707.308317	-0.078000	0.768000	0.574000	192.000000	0.000000	0.000000	0.000000	0.000000	0.000000	0.000000	0.000000	0.000000	0.000000	1733433167.858171	0.000000
114.000000	88178.570649	19398.564923	187500.000000	187500.000000	86727.674213	102544.237977	112313.470222	133684.710703	-0.078000	0.768000	0.574000	192.000000	0.000000	0.000000	0.000000	0.000000	0.000000	0.000000	0.000000	0.000000	0.000000	1733433167.863058	0.000000
115.000000	88173.452100	19388.819562	187500.000000	187500.000000	86721.102801	102545.489674	112314.297237	133689.404570	-0.078000	0.768000	0.574000	192.000000	0.000000	0.000000	0.000000	0.000000	0.000000	0.000000	0.000000	0.000000	0.000000	1733433167.867096	0.000000
116.000000	88173.854431	19391.166495	187500.000000	187500.000000	86722.309795	102554.788000	112315.303065	133699.820483	-0.078000	0.768000	0.574000	192.000000	0.000000	0.000000	0.000000	0.000000	0.000000	0.000000	0.000000	0.000000	0.000000	1733433167.871080	0.000000
117.000000	88179.554126	19412.557115	187500.000000	187500.000000	86720.834580	102549.848264	112310.318626	133690.924488	-0.074000	0.764000	0.578000	192.000000	253.000000	176.000000	23.000000	224.000000	18.000000	16.000000	0.000000	0.000000	0.000000	1733433167.874365	0.000000
118.000000	88179.263554	19412.288894	187500.000000	187500.000000	86719.962862	102558.654852	112309.581019	133682.073198	-0.074000	0.764000	0.578000	192.000000	0.000000	0.000000	0.000000	0.000000	0.000000	0.000000	0.000000	0.000000	0.000000	1733433167.878314	0.000000
119.000000	88176.804862	19403.415251	187500.000000	187500.000000	86720.834580	102527.831796	112313.805498	133684.978924	-0.074000	0.764000	0.578000	192.000000	0.000000	0.000000	0.000000	0.000000	0.000000	0.000000	0.000000	0.000000	0.000000	1733433167.882300	0.000000
120.000000	88168.333550	19384.840952	187500.000000	187500.000000	86711.379792	102519.159319	112306.965865	133681.849680	-0.074000	0.764000	0.578000	192.000000	0.000000	0.000000	0.000000	0.000000	0.000000	0.000000	0.000000	0.000000	0.000000	1733433167.886312	0.000000
121.000000	88160.175164	19374.425039	187500.000000	187500.000000	86705.613042	102516.186537	112305.758870	133675.792357	-0.074000	0.764000	0.578000	192.000000	0.000000	0.000000	0.000000	0.000000	0.000000	0.000000	0.000000	0.000000	0.000000	1733433167.891367	0.000000
122.000000	88164.466699	19381.376431	187500.000000	187500.000000	86704.450751	102518.041732	112301.288521	133690.879785	-0.074000	0.764000	0.578000	192.000000	0.000000	0.000000	0.000000	0.000000	0.000000	0.000000	0.000000	0.000000	0.000000	1733433167.895139	0.000000
123.000000	88165.897210	19392.351138	187500.000000	187500.000000	86702.774370	102519.181671	112300.327396	133687.929355	-0.074000	0.764000	0.578000	192.000000	0.000000	0.000000	0.000000	0.000000	0.000000	0.000000	0.000000	0.000000	0.000000	1733433167.898114	0.000000
124.000000	88157.224733	19370.379373	187500.000000	187500.000000	86689.966820	102512.766720	112295.454716	133683.190785	-0.074000	0.764000	0.578000	192.000000	0.000000	0.000000	0.000000	0.000000	0.000000	0.000000	0.000000	0.000000	0.000000	1733433167.902138	0.000000
125.000000	88157.135327	19366.065486	187500.000000	187500.000000	86683.954201	102497.388720	112291.230236	133689.605735	-0.074000	0.764000	0.578000	192.000000	0.000000	0.000000	0.000000	0.000000	0.000000	0.000000	0.000000	0.000000	0.000000	1733433167.906160	0.000000
126.000000	88159.929295	19378.381297	187500.000000	187500.000000	86689.586841	102507.759930	112296.818173	133682.408474	-0.074000	0.764000	0.578000	192.000000	0.000000	0.000000	0.000000	0.000000	0.000000	0.000000	0.000000	0.000000	0.000000	1733433167.910379	0.000000
127.000000	88157.761175	19371.675774	187500.000000	187500.000000	86692.850196	102512.252630	112302.719033	133698.769951	-0.068000	0.770000	0.578000	192.000000	253.000000	224.000000	24.000000	16.000000	18.000000	16.000000	0.000000	0.000000	0.000000	1733433167.914323	0.000000
128.000000	88151.167411	19358.488245	187500.000000	187500.000000	86688.536309	102511.604430	112299.455678	133722.015765	-0.068000	0.770000	0.578000	192.000000	0.000000	0.000000	0.000000	0.000000	0.000000	0.000000	0.000000	0.000000	0.000000	1733433167.919365	0.000000
129.000000	88150.452155	19361.259861	187500.000000	187500.000000	86679.908535	102514.845433	112290.447925	133687.258802	-0.068000	0.770000	0.578000	192.000000	0.000000	0.000000	0.000000	0.000000	0.000000	0.000000	0.000000	0.000000	0.000000	1733433167.923179	0.000000
130.000000	88149.826306	19359.851701	187500.000000	187500.000000	86684.401236	102509.033979	112285.731707	133655.474622	-0.068000	0.770000	0.578000	192.000000	0.000000	0.000000	0.000000	0.000000	0.000000	0.000000	0.000000	0.000000	0.000000	1733433167.926206	0.000000
131.000000	88145.378309	19355.560166	187500.000000	187500.000000	86677.360437	102503.401339	112292.951321	133674.406549	-0.068000	0.770000	0.578000	192.000000	0.000000	0.000000	0.000000	0.000000	0.000000	0.000000	0.000000	0.000000	0.000000	1733433167.930150	0.000000
132.000000	88146.741765	19365.774914	187500.000000	187500.000000	86673.672399	102491.152583	112296.594655	133679.770968	-0.068000	0.770000	0.578000	192.000000	0.000000	0.000000	0.000000	0.000000	0.000000	0.000000	0.000000	0.000000	0.000000	1733433167.934181	0.000000
133.000000	88148.842829	19368.546530	187500.000000	187500.000000	86669.649085	102494.326531	112294.918274	133662.627180	-0.068000	0.770000	0.578000	192.000000	0.000000	0.000000	0.000000	0.000000	0.000000	0.000000	0.000000	0.000000	0.000000	1733433167.938182	0.000000
134.000000	88149.558085	19370.200559	187500.000000	187500.000000	86667.972704	102501.143813	112295.164143	133671.210250	-0.068000	0.770000	0.578000	192.000000	0.000000	0.000000	0.000000	0.000000	0.000000	0.000000	0.000000	0.000000	0.000000	1733433167.942216	0.000000
135.000000	88147.635835	19368.255957	187500.000000	187500.000000	86660.931904	102490.571438	112288.928007	133674.853584	-0.068000	0.770000	0.578000	192.000000	0.000000	0.000000	0.000000	0.000000	0.000000	0.000000	0.000000	0.000000	0.000000	1733433167.947199	0.000000
136.000000	88145.624178	19370.267614	187500.000000	187500.000000	86658.964951	102481.921313	112293.577170	133665.510555	-0.068000	0.770000	0.578000	192.000000	0.000000	0.000000	0.000000	0.000000	0.000000	0.000000	0.000000	0.000000	0.000000	1733433167.951227	0.000000
137.000000	88143.724280	19368.546530	187500.000000	187500.000000	86663.636466	102481.653092	112287.855123	133677.692256	-0.068000	0.774000	0.580000	192.000000	253.000000	224.000000	24.000000	48.000000	18.000000	32.000000	0.000000	0.000000	0.000000	1733433167.954264	0.000000
138.000000	88147.948760	19378.269539	187500.000000	187500.000000	86665.402253	102484.111784	112284.636472	133682.833157	-0.068000	0.774000	0.580000	192.000000	0.000000	0.000000	0.000000	0.000000	0.000000	0.000000	0.000000	0.000000	0.000000	1733433167.958481	0.000000
139.000000	88155.861277	19389.981853	187500.000000	187500.000000	86669.984361	102491.510211	112288.615082	133682.564936	-0.068000	0.774000	0.580000	192.000000	0.000000	0.000000	0.000000	0.000000	0.000000	0.000000	0.000000	0.000000	0.000000	1733433167.962278	0.000000
140.000000	88155.637760	19376.012012	187500.000000	187500.000000	86682.590745	102497.031092	112302.249646	133684.353076	-0.068000	0.774000	0.580000	192.000000	0.000000	0.000000	0.000000	0.000000	0.000000	0.000000	0.000000	0.000000	0.000000	1733433167.966383	0.000000
141.000000	88152.530867	19363.562091	187500.000000	187500.000000	86688.178681	102502.037883	112300.617969	133668.058654	-0.068000	0.774000	0.580000	192.000000	0.000000	0.000000	0.000000	0.000000	0.000000	0.000000	0.000000	0.000000	0.000000	1733433167.970604	0.000000
142.000000	88146.630007	19371.318146	187500.000000	187500.000000	86681.495509	102508.855165	112290.492629	133659.386177	-0.068000	0.774000	0.580000	192.000000	0.000000	0.000000	0.000000	0.000000	0.000000	0.000000	0.000000	0.000000	0.000000	1733433167.975325	0.000000
143.000000	88158.096452	19384.505675	187500.000000	187500.000000	86695.040666	102519.047561	112308.150507	133673.065445	-0.068000	0.774000	0.580000	192.000000	0.000000	0.000000	0.000000	0.000000	0.000000	0.000000	0.000000	0.000000	0.000000	1733433167.979239	0.000000
144.000000	88168.378254	19406.969179	187500.000000	187500.000000	86708.943452	102533.106808	112321.203926	133686.945878	-0.068000	0.774000	0.580000	192.000000	0.000000	0.000000	0.000000	0.000000	0.000000	0.000000	0.000000	0.000000	0.000000	1733433167.982246	0.000000
145.000000	88168.445309	19398.408460	187500.000000	187500.000000	86701.142693	102515.583040	112313.403167	133676.708779	-0.068000	0.774000	0.580000	192.000000	0.000000	0.000000	0.000000	0.000000	0.000000	0.000000	0.000000	0.000000	0.000000	1733433167.986215	0.000000
146.000000	88162.566800	19389.981853	187500.000000	187500.000000	86696.448826	102499.601543	112303.277827	133675.814709	-0.068000	0.774000	0.580000	192.000000	0.000000	0.000000	0.000000	0.000000	0.000000	0.000000	0.000000	0.000000	0.000000	1733433167.990295	0.000000
147.000000	88160.711606	19388.372527	187500.000000	187500.000000	86693.274879	102498.752177	112297.466373	133694.612526	-0.072000	0.770000	0.578000	192.000000	253.000000	192.000000	24.000000	16.000000	18.000000	16.000000	0.000000	0.000000	0.000000	1733433167.994292	0.000000
148.000000	88150.362748	19379.051850	187500.000000	187500.000000	86682.322524	102497.768700	112292.325472	133714.237358	-0.072000	0.770000	0.578000	192.000000	0.000000	0.000000	0.000000	0.000000	0.000000	0.000000	0.000000	0.000000	0.000000	1733433167.998307	0.000000
149.000000	88153.827268	19382.449315	187500.000000	187500.000000	86679.059169	102485.654054	112280.993137	133671.858450	-0.072000	0.770000	0.578000	192.000000	0.000000	0.000000	0.000000	0.000000	0.000000	0.000000	0.000000	0.000000	0.000000	1733433168.002417	0.000000
150.000000	88147.613483	19384.170399	187500.000000	187500.000000	86677.941582	102471.103069	112268.073829	133643.896418	-0.072000	0.770000	0.578000	192.000000	0.000000	0.000000	0.000000	0.000000	0.000000	0.000000	0.000000	0.000000	0.000000	1733433168.007780	0.000000
151.000000	88140.080946	19368.658289	187500.000000	187500.000000	86663.480003	102455.322737	112250.281841	133650.289017	-0.072000	0.770000	0.578000	192.000000	0.000000	0.000000	0.000000	0.000000	0.000000	0.000000	0.000000	0.000000	0.000000	1733433168.010574	0.000000
152.000000	88140.706794	19363.070352	187500.000000	187500.000000	86665.916343	102467.057403	112271.247777	133679.100416	-0.072000	0.770000	0.578000	192.000000	0.000000	0.000000	0.000000	0.000000	0.000000	0.000000	0.000000	0.000000	0.000000	1733433168.014748	0.000000
153.000000	88148.619312	19377.822504	187500.000000	187500.000000	86671.772500	102487.173973	112295.365309	133699.507558	-0.072000	0.770000	0.578000	192.000000	0.000000	0.000000	0.000000	0.000000	0.000000	0.000000	0.000000	0.000000	0.000000	1733433168.018308	0.000000
154.000000	88159.929295	19387.925492	187500.000000	187500.000000	86675.751111	102493.946552	112298.494553	133689.449273	-0.072000	0.770000	0.578000	192.000000	0.000000	0.000000	0.000000	0.000000	0.000000	0.000000	0.000000	0.000000	0.000000	1733433168.022504	0.000000
155.000000	88157.381196	19385.623263	187500.000000	187500.000000	86668.062111	102481.608389	112286.804591	133692.466759	-0.072000	0.770000	0.578000	192.000000	0.000000	0.000000	0.000000	0.000000	0.000000	0.000000	0.000000	0.000000	0.000000	1733433168.026284	0.000000
156.000000	88151.860315	19374.290928	187500.000000	187500.000000	86666.296323	102484.536467	112288.346861	133668.438633	-0.072000	0.770000	0.578000	192.000000	0.000000	0.000000	0.000000	0.000000	0.000000	0.000000	0.000000	0.000000	0.000000	1733433168.030300	0.000000
157.000000	88154.229600	19378.157780	187500.000000	187500.000000	86671.817204	102499.132156	112294.918274	133665.510555	-0.074000	0.778000	0.578000	192.000000	253.000000	176.000000	24.000000	80.000000	18.000000	16.000000	0.000000	0.000000	0.000000	1733433168.035322	0.000000
158.000000	88154.408414	19380.750582	187500.000000	187500.000000	86672.465405	102498.841584	112288.033937	133678.720436	-0.074000	0.778000	0.578000	192.000000	0.000000	0.000000	0.000000	0.000000	0.000000	0.000000	0.000000	0.000000	0.000000	1733433168.038328	0.000000
159.000000	88153.022606	19383.477495	187500.000000	187500.000000	86667.190393	102498.461604	112281.149600	133671.925506	-0.074000	0.778000	0.578000	192.000000	0.000000	0.000000	0.000000	0.000000	0.000000	0.000000	0.000000	0.000000	0.000000	1733433168.042469	0.000000
160.000000	88150.496858	19378.649518	187500.000000	187500.000000	86666.721006	102484.290598	112277.483914	133669.131538	-0.074000	0.778000	0.578000	192.000000	0.000000	0.000000	0.000000	0.000000	0.000000	0.000000	0.000000	0.000000	0.000000	1733433168.046522	0.000000
161.000000	88154.296655	19374.179169	187500.000000	187500.000000	86668.173870	102490.191458	112273.706469	133667.857488	-0.074000	0.778000	0.578000	192.000000	0.000000	0.000000	0.000000	0.000000	0.000000	0.000000	0.000000	0.000000	0.000000	1733433168.050673	0.000000
162.000000	88156.934161	19382.650481	187500.000000	187500.000000	86668.129166	102493.320703	112277.260396	133673.512479	-0.074000	0.778000	0.578000	192.000000	0.000000	0.000000	0.000000	0.000000	0.000000	0.000000	0.000000	0.000000	0.000000	1733433168.054654	0.000000
163.000000	88147.211152	19359.583480	187500.000000	187500.000000	86656.506259	102498.930991	112276.567492	133665.018817	-0.074000	0.778000	0.578000	192.000000	0.000000	0.000000	0.000000	0.000000	0.000000	0.000000	0.000000	0.000000	0.000000	1733433168.058703	0.000000
164.000000	88139.812725	19347.424131	187500.000000	187500.000000	86655.209858	102488.202153	112270.778390	133658.760328	-0.074000	0.778000	0.578000	192.000000	0.000000	0.000000	0.000000	0.000000	0.000000	0.000000	0.000000	0.000000	0.000000	1733433168.062404	0.000000
165.000000	88142.986672	19356.342477	187500.000000	187500.000000	86653.488774	102482.837735	112258.820207	133696.937108	-0.074000	0.778000	0.578000	192.000000	0.000000	0.000000	0.000000	0.000000	0.000000	0.000000	0.000000	0.000000	0.000000	1733433168.065405	0.000000
166.000000	88139.276283	19355.895442	187500.000000	187500.000000	86650.180715	102480.222580	112258.462579	133656.234581	-0.074000	0.778000	0.578000	192.000000	0.000000	0.000000	0.000000	0.000000	0.000000	0.000000	0.000000	0.000000	0.000000	1733433168.069444	0.000000
167.000000	88149.781603	19369.775876	187500.000000	187500.000000	86650.225419	102499.802709	112277.640376	133666.158756	-0.074000	0.774000	0.578000	192.000000	253.000000	176.000000	24.000000	48.000000	18.000000	16.000000	0.000000	0.000000	0.000000	1733433168.074419	0.000000
168.000000	88161.806841	19391.702937	187500.000000	187500.000000	86666.452785	102516.320648	112291.498457	133694.679581	-0.074000	0.774000	0.578000	192.000000	0.000000	0.000000	0.000000	0.000000	0.000000	0.000000	0.000000	0.000000	0.000000	1733433168.078462	0.000000
169.000000	88170.211097	19394.161629	187500.000000	187500.000000	86677.673361	102518.131139	112298.718071	133675.814709	-0.074000	0.774000	0.578000	192.000000	0.000000	0.000000	0.000000	0.000000	0.000000	0.000000	0.000000	0.000000	0.000000	1733433168.082570	0.000000
170.000000	88164.310236	19378.023669	187500.000000	187500.000000	86681.897841	102515.694799	112298.069870	133647.048014	-0.074000	0.774000	0.578000	192.000000	0.000000	0.000000	0.000000	0.000000	0.000000	0.000000	0.000000	0.000000	0.000000	1733433168.086568	0.000000
171.000000	88156.151850	19367.183073	187500.000000	187500.000000	86680.087349	102522.042694	112304.104841	133649.439651	-0.074000	0.774000	0.578000	192.000000	0.000000	0.000000	0.000000	0.000000	0.000000	0.000000	0.000000	0.000000	0.000000	1733433168.090666	0.000000
172.000000	88154.386062	19371.541664	187500.000000	187500.000000	86679.930887	102530.983392	112307.345844	133657.016892	-0.074000	0.774000	0.578000	192.000000	0.000000	0.000000	0.000000	0.000000	0.000000	0.000000	0.000000	0.000000	0.000000	1733433168.093562	0.000000
173.000000	88154.810745	19371.631071	187500.000000	187500.000000	86672.085425	102500.629723	112294.024204	133674.853584	-0.074000	0.774000	0.578000	192.000000	0.000000	0.000000	0.000000	0.000000	0.000000	0.000000	0.000000	0.000000	0.000000	1733433168.097397	0.000000
174.000000	88147.769946	19367.071315	187500.000000	187500.000000	86662.116547	102491.152583	112279.495571	133689.181052	-0.074000	0.774000	0.578000	192.000000	0.000000	0.000000	0.000000	0.000000	0.000000	0.000000	0.000000	0.000000	0.000000	1733433168.102394	0.000000
175.000000	88141.891437	19366.736039	187500.000000	187500.000000	86667.749186	102501.792014	112280.009661	133651.116032	-0.074000	0.774000	0.578000	192.000000	0.000000	0.000000	0.000000	0.000000	0.000000	0.000000	0.000000	0.000000	0.000000	1733433168.106550	0.000000
176.000000	88144.685405	19362.690373	187500.000000	187500.000000	86676.667533	102508.586944	112287.586902	133642.063575	-0.074000	0.774000	0.578000	192.000000	0.000000	0.000000	0.000000	0.000000	0.000000	0.000000	0.000000	0.000000	0.000000	1733433168.110464	0.000000
177.000000	88141.287940	19357.214195	187500.000000	187500.000000	86674.208841	102491.666674	112279.696736	133645.930427	-0.074000	0.774000	0.578000	192.000000	0.000000	0.000000	0.000000	0.000000	0.000000	0.000000	0.000000	0.000000	0.000000	1733433168.114540	0.000000
178.000000	88144.171315	19363.673850	187500.000000	187500.000000	86667.995056	102488.202153	112276.031050	133656.972189	-0.080000	0.776000	0.576000	192.000000	253.000000	128.000000	24.000000	64.000000	18.000000	0.000000	0.000000	0.000000	0.000000	1733433168.117661	0.000000
179.000000	88151.502687	19382.382260	187500.000000	187500.000000	86668.576201	102486.704586	112282.602463	133686.543547	-0.080000	0.776000	0.576000	192.000000	0.000000	0.000000	0.000000	0.000000	0.000000	0.000000	0.000000	0.000000	0.000000	1733433168.121709	0.000000
180.000000	88142.271416	19359.896405	187500.000000	187500.000000	86664.619942	102480.982540	112280.255530	133682.877860	-0.080000	0.776000	0.576000	192.000000	0.000000	0.000000	0.000000	0.000000	0.000000	0.000000	0.000000	0.000000	0.000000	1733433168.125627	0.000000
181.000000	88132.838980	19341.433864	187500.000000	187500.000000	86665.134032	102480.133173	112262.552948	133655.027587	-0.080000	0.776000	0.576000	192.000000	0.000000	0.000000	0.000000	0.000000	0.000000	0.000000	0.000000	0.000000	0.000000	1733433168.130461	0.000000
182.000000	88132.324890	19341.992657	187500.000000	187500.000000	86666.028102	102479.261455	112258.730800	133636.989729	-0.080000	0.776000	0.576000	192.000000	0.000000	0.000000	0.000000	0.000000	0.000000	0.000000	0.000000	0.000000	0.000000	1733433168.134447	0.000000
183.000000	88149.781603	19361.326916	187500.000000	187500.000000	86676.667533	102499.422729	112285.016451	133657.687444	-0.080000	0.776000	0.576000	192.000000	0.000000	0.000000	0.000000	0.000000	0.000000	0.000000	0.000000	0.000000	0.000000	1733433168.138767	0.000000
184.000000	88149.558085	19367.317184	187500.000000	187500.000000	86668.933829	102501.344979	112287.452792	133687.191747	-0.080000	0.776000	0.576000	192.000000	0.000000	0.000000	0.000000	0.000000	0.000000	0.000000	0.000000	0.000000	0.000000	1733433168.141518	0.000000
185.000000	88146.071213	19365.439637	187500.000000	187500.000000	86662.652989	102493.857145	112275.606367	133643.896418	-0.080000	0.776000	0.576000	192.000000	0.000000	0.000000	0.000000	0.000000	0.000000	0.000000	0.000000	0.000000	0.000000	1733433168.145473	0.000000
186.000000	88150.385100	19371.228739	187500.000000	187500.000000	86667.503317	102495.265304	112278.869722	133635.492162	-0.080000	0.776000	0.576000	192.000000	0.000000	0.000000	0.000000	0.000000	0.000000	0.000000	0.000000	0.000000	0.000000	1733433168.149645	0.000000
187.000000	88152.776736	19363.852663	187500.000000	187500.000000	86667.324503	102505.189479	112284.167085	133654.133517	-0.080000	0.776000	0.576000	192.000000	0.000000	0.000000	0.000000	0.000000	0.000000	0.000000	0.000000	0.000000	0.000000	1733433168.153675	0.000000
188.000000	88142.405527	19363.360925	187500.000000	187500.000000	86657.400329	102500.227392	112278.579149	133659.721453	-0.078000	0.774000	0.568000	192.000000	253.000000	144.000000	24.000000	48.000000	17.000000	192.000000	0.000000	0.000000	0.000000	1733433168.158621	0.000000
189.000000	88150.429803	19371.340498	187500.000000	187500.000000	86658.674378	102492.806613	112287.296329	133686.655305	-0.078000	0.774000	0.568000	192.000000	0.000000	0.000000	0.000000	0.000000	0.000000	0.000000	0.000000	0.000000	0.000000	1733433168.162712	0.000000
190.000000	88154.989559	19371.564015	187500.000000	187500.000000	86651.410061	102497.455775	112272.790047	133689.449273	-0.078000	0.774000	0.568000	192.000000	0.000000	0.000000	0.000000	0.000000	0.000000	0.000000	0.000000	0.000000	0.000000	1733433168.166537	0.000000
191.000000	88158.364672	19367.473646	187500.000000	187500.000000	86650.985378	102510.106863	112271.493646	133651.987750	-0.078000	0.774000	0.568000	192.000000	0.000000	0.000000	0.000000	0.000000	0.000000	0.000000	0.000000	0.000000	0.000000	1733433168.169536	0.000000
192.000000	88148.216980	19361.930413	187500.000000	187500.000000	86635.674433	102514.688970	112270.934852	133639.828401	-0.078000	0.774000	0.568000	192.000000	0.000000	0.000000	0.000000	0.000000	0.000000	0.000000	0.000000	0.000000	0.000000	1733433168.173561	0.000000
193.000000	88144.081908	19359.404666	187500.000000	187500.000000	86626.040831	102498.930991	112256.227405	133643.851715	-0.078000	0.774000	0.568000	192.000000	0.000000	0.000000	0.000000	0.000000	0.000000	0.000000	0.000000	0.000000	0.000000	1733433168.177578	0.000000
194.000000	88145.154791	19360.723419	187500.000000	187500.000000	86622.464552	102491.912543	112262.999983	133653.619427	-0.078000	0.774000	0.568000	192.000000	0.000000	0.000000	0.000000	0.000000	0.000000	0.000000	0.000000	0.000000	0.000000	1733433168.181787	0.000000
195.000000	88149.848658	19362.869187	187500.000000	187500.000000	86627.963081	102495.242953	112275.740478	133665.912886	-0.078000	0.774000	0.568000	192.000000	0.000000	0.000000	0.000000	0.000000	0.000000	0.000000	0.000000	0.000000	0.000000	1733433168.186696	0.000000
196.000000	88156.129498	19372.122809	187500.000000	187500.000000	86622.598663	102496.986389	112270.510169	133667.656322	-0.078000	0.774000	0.568000	192.000000	0.000000	0.000000	0.000000	0.000000	0.000000	0.000000	0.000000	0.000000	0.000000	1733433168.190747	0.000000
197.000000	88155.861277	19363.472684	187500.000000	187500.000000	86618.530645	102499.802709	112276.455733	133669.288000	-0.078000	0.774000	0.568000	192.000000	0.000000	0.000000	0.000000	0.000000	0.000000	0.000000	0.000000	0.000000	0.000000	1733433168.194763	0.000000
198.000000	88151.212114	19359.315259	187500.000000	187500.000000	86621.346965	102495.980560	112271.918329	133655.519325	-0.078000	0.770000	0.574000	192.000000	253.000000	144.000000	24.000000	16.000000	17.000000	240.000000	0.000000	0.000000	0.000000	1733433168.197772	0.000000
199.000000	88150.586265	19359.225852	187500.000000	187500.000000	86618.351831	102499.646246	112272.097143	133664.795299	-0.078000	0.770000	0.574000	192.000000	0.000000	0.000000	0.000000	0.000000	0.000000	0.000000	0.000000	0.000000	0.000000	1733433168.201551	0.000000
200.000000	88148.596960	19355.671925	187500.000000	187500.000000	86599.017572	102501.613200	112266.911538	133648.009139	-0.078000	0.770000	0.574000	192.000000	0.000000	0.000000	0.000000	0.000000	0.000000	0.000000	0.000000	0.000000	0.000000	1733433168.205804	0.000000
201.000000	88141.667919	19353.906137	187500.000000	187500.000000	86591.596793	102497.701645	112265.257509	133636.475639	-0.078000	0.770000	0.574000	192.000000	0.000000	0.000000	0.000000	0.000000	0.000000	0.000000	0.000000	0.000000	0.000000	1733433168.209585	0.000000
202.000000	88149.379271	19361.729248	187500.000000	187500.000000	86594.033133	102505.368293	112281.909559	133675.099453	-0.078000	0.770000	0.574000	192.000000	0.000000	0.000000	0.000000	0.000000	0.000000	0.000000	0.000000	0.000000	0.000000	1733433168.213609	0.000000
203.000000	88147.389966	19356.633050	187500.000000	187500.000000	86590.300392	102522.020343	112279.406164	133647.092718	-0.078000	0.770000	0.574000	192.000000	0.000000	0.000000	0.000000	0.000000	0.000000	0.000000	0.000000	0.000000	0.000000	1733433168.218629	0.000000
204.000000	88153.961379	19360.164626	187500.000000	187500.000000	86599.576366	102526.088360	112283.116553	133658.022721	-0.078000	0.770000	0.574000	192.000000	0.000000	0.000000	0.000000	0.000000	0.000000	0.000000	0.000000	0.000000	0.000000	1733433168.222825	0.000000
205.000000	88145.333605	19353.548509	187500.000000	187500.000000	86583.326648	102517.862918	112275.695774	133669.757386	-0.078000	0.770000	0.574000	192.000000	0.000000	0.000000	0.000000	0.000000	0.000000	0.000000	0.000000	0.000000	0.000000	1733433168.227072	0.000000
206.000000	88142.494934	19352.050942	187500.000000	187500.000000	86579.169223	102503.088415	112263.111742	133648.210305	-0.078000	0.770000	0.574000	192.000000	0.000000	0.000000	0.000000	0.000000	0.000000	0.000000	0.000000	0.000000	0.000000	1733433168.229840	0.000000
207.000000	88143.366652	19351.983887	187500.000000	187500.000000	86582.901965	102484.022377	112259.200187	133636.922674	-0.078000	0.770000	0.574000	192.000000	0.000000	0.000000	0.000000	0.000000	0.000000	0.000000	0.000000	0.000000	0.000000	1733433168.233816	0.000000
208.000000	88139.879780	19343.378466	187500.000000	187500.000000	86583.036075	102484.089432	112260.228367	133646.064537	-0.070000	0.770000	0.578000	192.000000	253.000000	208.000000	24.000000	16.000000	18.000000	16.000000	0.000000	0.000000	0.000000	1733433168.237627	0.000000
209.000000	88132.816629	19335.018913	187500.000000	187500.000000	86579.638610	102501.277924	112255.132169	133647.405642	-0.070000	0.770000	0.578000	192.000000	0.000000	0.000000	0.000000	0.000000	0.000000	0.000000	0.000000	0.000000	0.000000	1733433168.241632	0.000000
210.000000	88127.049878	19329.922715	187500.000000	187500.000000	86576.196441	102507.022322	112255.333335	133632.228807	-0.070000	0.770000	0.578000	192.000000	0.000000	0.000000	0.000000	0.000000	0.000000	0.000000	0.000000	0.000000	0.000000	1733433168.246595	0.000000
211.000000	88130.223826	19333.230774	187500.000000	187500.000000	86566.026397	102494.818270	112263.670536	133660.459061	-0.070000	0.770000	0.578000	192.000000	0.000000	0.000000	0.000000	0.000000	0.000000	0.000000	0.000000	0.000000	0.000000	1733433168.250642	0.000000
212.000000	88120.210245	19329.430977	187500.000000	187500.000000	86544.434612	102469.605502	112248.493701	133656.212229	-0.070000	0.770000	0.578000	192.000000	0.000000	0.000000	0.000000	0.000000	0.000000	0.000000	0.000000	0.000000	0.000000	1733433168.253693	0.000000
213.000000	88131.319062	19340.070407	187500.000000	187500.000000	86557.935066	102481.384871	112245.319753	133646.109241	-0.070000	0.770000	0.578000	192.000000	0.000000	0.000000	0.000000	0.000000	0.000000	0.000000	0.000000	0.000000	0.000000	1733433168.257786	0.000000
214.000000	88138.672786	19343.669038	187500.000000	187500.000000	86564.372368	102491.890191	112243.822186	133644.186991	-0.070000	0.770000	0.578000	192.000000	0.000000	0.000000	0.000000	0.000000	0.000000	0.000000	0.000000	0.000000	0.000000	1733433168.261792	0.000000
215.000000	88141.153829	19344.853681	187500.000000	187500.000000	86562.695988	102502.484918	112259.624870	133622.930482	-0.070000	0.770000	0.578000	192.000000	0.000000	0.000000	0.000000	0.000000	0.000000	0.000000	0.000000	0.000000	0.000000	1733433168.265846	0.000000
216.000000	88137.823419	19339.846890	187500.000000	187500.000000	86554.135269	102503.177822	112254.819245	133634.843962	-0.070000	0.770000	0.578000	192.000000	0.000000	0.000000	0.000000	0.000000	0.000000	0.000000	0.000000	0.000000	0.000000	1733433168.269693	0.000000
217.000000	88139.276283	19344.920736	187500.000000	187500.000000	86550.737804	102509.659828	112256.249756	133639.381366	-0.070000	0.770000	0.578000	192.000000	0.000000	0.000000	0.000000	0.000000	0.000000	0.000000	0.000000	0.000000	0.000000	1733433168.274737	0.000000
218.000000	88142.919617	19346.440655	187500.000000	187500.000000	86541.662996	102503.714264	112257.814378	133665.398796	-0.080000	0.770000	0.580000	192.000000	253.000000	128.000000	24.000000	16.000000	18.000000	32.000000	0.000000	0.000000	0.000000	1733433168.278680	0.000000
219.000000	88140.393870	19338.550489	187500.000000	187500.000000	86539.651339	102519.651058	112246.951431	133655.228753	-0.080000	0.770000	0.580000	192.000000	0.000000	0.000000	0.000000	0.000000	0.000000	0.000000	0.000000	0.000000	0.000000	1733433168.281697	0.000000
220.000000	88140.282111	19339.578669	187500.000000	187500.000000	86538.757269	102511.671485	112237.071960	133620.136514	-0.080000	0.770000	0.580000	192.000000	0.000000	0.000000	0.000000	0.000000	0.000000	0.000000	0.000000	0.000000	0.000000	1733433168.285722	0.000000
221.000000	88144.506591	19341.255050	187500.000000	187500.000000	86540.500705	102504.965962	112241.005867	133618.974223	-0.080000	0.770000	0.580000	192.000000	0.000000	0.000000	0.000000	0.000000	0.000000	0.000000	0.000000	0.000000	0.000000	1733433168.289688	0.000000
222.000000	88137.242274	19341.165643	187500.000000	187500.000000	86534.376327	102477.585075	112241.497605	133616.806104	-0.080000	0.770000	0.580000	192.000000	0.000000	0.000000	0.000000	0.000000	0.000000	0.000000	0.000000	0.000000	0.000000	1733433168.293844	0.000000
223.000000	88136.147038	19343.512576	187500.000000	187500.000000	86536.075060	102477.965054	112238.748340	133616.180255	-0.080000	0.770000	0.580000	192.000000	0.000000	0.000000	0.000000	0.000000	0.000000	0.000000	0.000000	0.000000	0.000000	1733433168.297972	0.000000
224.000000	88140.013890	19347.133559	187500.000000	187500.000000	86540.008967	102481.407223	112237.027256	133648.724395	-0.080000	0.770000	0.580000	192.000000	0.000000	0.000000	0.000000	0.000000	0.000000	0.000000	0.000000	0.000000	0.000000	1733433168.302037	0.000000
225.000000	88138.829248	19348.899346	187500.000000	187500.000000	86535.382156	102479.820249	112235.909669	133643.784659	-0.080000	0.770000	0.580000	192.000000	0.000000	0.000000	0.000000	0.000000	0.000000	0.000000	0.000000	0.000000	0.000000	1733433168.305751	0.000000
226.000000	88136.929350	19345.367771	187500.000000	187500.000000	86544.613426	102488.537429	112238.234250	133631.535903	-0.080000	0.770000	0.580000	192.000000	0.000000	0.000000	0.000000	0.000000	0.000000	0.000000	0.000000	0.000000	0.000000	1733433168.308908	0.000000
227.000000	88126.848713	19337.008218	187500.000000	187500.000000	86548.055595	102490.549086	112236.334352	133622.282281	-0.080000	0.770000	0.580000	192.000000	0.000000	0.000000	0.000000	0.000000	0.000000	0.000000	0.000000	0.000000	0.000000	1733433168.313709	0.000000
228.000000	88124.501780	19332.850794	187500.000000	187500.000000	86554.202325	102498.662770	112230.589954	133626.395002	-0.078000	0.766000	0.578000	192.000000	253.000000	144.000000	23.000000	240.000000	18.000000	16.000000	0.000000	0.000000	0.000000	1733433168.317751	0.000000
229.000000	88127.608672	19327.396968	187500.000000	187500.000000	86556.817479	102507.469357	112228.623000	133651.272494	-0.078000	0.766000	0.578000	192.000000	0.000000	0.000000	0.000000	0.000000	0.000000	0.000000	0.000000	0.000000	0.000000	1733433168.322023	0.000000
230.000000	88130.670861	19336.248259	187500.000000	187500.000000	86562.852450	102524.367276	112244.291573	133664.929410	-0.078000	0.766000	0.578000	192.000000	0.000000	0.000000	0.000000	0.000000	0.000000	0.000000	0.000000	0.000000	0.000000	1733433168.326049	0.000000
231.000000	88120.478466	19328.089872	187500.000000	187500.000000	86563.902982	102507.402302	112244.760960	133636.721508	-0.078000	0.766000	0.578000	192.000000	0.000000	0.000000	0.000000	0.000000	0.000000	0.000000	0.000000	0.000000	0.000000	1733433168.329888	0.000000
232.000000	88108.944965	19310.588456	187500.000000	187500.000000	86554.247028	102484.223543	112236.289649	133622.908130	-0.078000	0.766000	0.578000	192.000000	0.000000	0.000000	0.000000	0.000000	0.000000	0.000000	0.000000	0.000000	0.000000	1733433168.333854	0.000000
233.000000	88110.107256	19313.136555	187500.000000	187500.000000	86553.017682	102488.202153	112230.657009	133638.062613	-0.078000	0.766000	0.578000	192.000000	0.000000	0.000000	0.000000	0.000000	0.000000	0.000000	0.000000	0.000000	0.000000	1733433168.337025	0.000000
234.000000	88124.635890	19326.011160	187500.000000	187500.000000	86560.952551	102491.376101	112226.544288	133647.629159	-0.078000	0.766000	0.578000	192.000000	0.000000	0.000000	0.000000	0.000000	0.000000	0.000000	0.000000	0.000000	0.000000	1733433168.342096	0.000000
235.000000	88123.563006	19329.095701	187500.000000	187500.000000	86560.237296	102487.755118	112226.968971	133643.561142	-0.078000	0.766000	0.578000	192.000000	0.000000	0.000000	0.000000	0.000000	0.000000	0.000000	0.000000	0.000000	0.000000	1733433168.345756	0.000000
236.000000	88121.327832	19326.301733	187500.000000	187500.000000	86554.470546	102488.828002	112239.709465	133626.618520	-0.078000	0.766000	0.578000	192.000000	0.000000	0.000000	0.000000	0.000000	0.000000	0.000000	0.000000	0.000000	0.000000	1733433168.349783	0.000000
237.000000	88129.285053	19341.612678	187500.000000	187500.000000	86560.617275	102497.075796	112246.593803	133618.035450	-0.078000	0.766000	0.578000	192.000000	0.000000	0.000000	0.000000	0.000000	0.000000	0.000000	0.000000	0.000000	0.000000	1733433168.353771	0.000000
238.000000	88134.671823	19341.769140	187500.000000	187500.000000	86560.840793	102504.429520	112250.438303	133638.710813	-0.072000	0.768000	0.572000	192.000000	253.000000	192.000000	24.000000	0.000000	17.000000	224.000000	0.000000	0.000000	0.000000	1733433168.357795	0.000000
239.000000	88125.909940	19334.437768	187500.000000	187500.000000	86549.530810	102507.268191	112237.563698	133639.761345	-0.072000	0.768000	0.572000	192.000000	0.000000	0.000000	0.000000	0.000000	0.000000	0.000000	0.000000	0.000000	0.000000	1733433168.361831	0.000000
240.000000	88120.657280	19332.113186	187500.000000	187500.000000	86544.501668	102495.175898	112228.578297	133646.600979	-0.072000	0.768000	0.572000	192.000000	0.000000	0.000000	0.000000	0.000000	0.000000	0.000000	0.000000	0.000000	0.000000	1733433168.364910	0.000000
241.000000	88120.769038	19334.929506	187500.000000	187500.000000	86535.180990	102474.969921	112215.793099	133623.355165	-0.072000	0.768000	0.572000	192.000000	0.000000	0.000000	0.000000	0.000000	0.000000	0.000000	0.000000	0.000000	0.000000	1733433168.369958	0.000000
242.000000	88129.106239	19346.127730	187500.000000	187500.000000	86547.005063	102485.788165	112224.264410	133606.792522	-0.072000	0.768000	0.572000	192.000000	0.000000	0.000000	0.000000	0.000000	0.000000	0.000000	0.000000	0.000000	0.000000	1733433168.374205	0.000000
243.000000	88135.767059	19351.760370	187500.000000	187500.000000	86554.112918	102491.465508	112228.757111	133614.950909	-0.072000	0.768000	0.572000	192.000000	0.000000	0.000000	0.000000	0.000000	0.000000	0.000000	0.000000	0.000000	0.000000	1733433168.377934	0.000000
244.000000	88142.874914	19351.760370	187500.000000	187500.000000	86568.954476	102504.116595	112238.703637	133642.331796	-0.072000	0.768000	0.572000	192.000000	0.000000	0.000000	0.000000	0.000000	0.000000	0.000000	0.000000	0.000000	0.000000	1733433168.381807	0.000000
245.000000	88144.774812	19346.105378	187500.000000	187500.000000	86571.077892	102510.643305	112243.062227	133657.374520	-0.072000	0.768000	0.572000	192.000000	0.000000	0.000000	0.000000	0.000000	0.000000	0.000000	0.000000	0.000000	0.000000	1733433168.385866	0.000000
246.000000	88136.817591	19330.749730	187500.000000	187500.000000	86563.411243	102518.600526	112239.351838	133656.748671	-0.072000	0.768000	0.572000	192.000000	0.000000	0.000000	0.000000	0.000000	0.000000	0.000000	0.000000	0.000000	0.000000	1733433168.389856	0.000000
247.000000	88137.421088	19336.762349	187500.000000	187500.000000	86572.396645	102520.612183	112243.978649	133647.249180	-0.072000	0.768000	0.572000	192.000000	0.000000	0.000000	0.000000	0.000000	0.000000	0.000000	0.000000	0.000000	0.000000	1733433168.392872	0.000000
248.000000	88131.319062	19332.940201	187500.000000	187500.000000	86579.728017	102517.527642	112242.324620	133648.344415	-0.080000	0.772000	0.578000	192.000000	253.000000	128.000000	24.000000	32.000000	18.000000	16.000000	0.000000	0.000000	0.000000	1733433168.397878	0.000000
249.000000	88130.447344	19334.504823	187500.000000	187500.000000	86579.839776	102528.301183	112234.233288	133648.120898	-0.080000	0.772000	0.578000	192.000000	0.000000	0.000000	0.000000	0.000000	0.000000	0.000000	0.000000	0.000000	0.000000	1733433168.401999	0.000000
250.000000	88125.351146	19326.122919	187500.000000	187500.000000	86572.217831	102495.846450	112217.134204	133662.470718	-0.080000	0.772000	0.578000	192.000000	0.000000	0.000000	0.000000	0.000000	0.000000	0.000000	0.000000	0.000000	0.000000	1733433168.406014	0.000000
251.000000	88121.394887	19323.619523	187500.000000	187500.000000	86575.078854	102486.235200	112229.293553	133645.461040	-0.080000	0.772000	0.578000	192.000000	0.000000	0.000000	0.000000	0.000000	0.000000	0.000000	0.000000	0.000000	0.000000	1733433168.410145	0.000000
252.000000	88130.715565	19350.396913	187500.000000	187500.000000	86592.021476	102503.982485	112241.497605	133637.950854	-0.080000	0.772000	0.578000	192.000000	0.000000	0.000000	0.000000	0.000000	0.000000	0.000000	0.000000	0.000000	0.000000	1733433168.413128	0.000000
253.000000	88129.597977	19351.670963	187500.000000	187500.000000	86590.725075	102511.649133	112236.446111	133656.815726	-0.080000	0.772000	0.578000	192.000000	0.000000	0.000000	0.000000	0.000000	0.000000	0.000000	0.000000	0.000000	0.000000	1733433168.416897	0.000000
254.000000	88137.421088	19349.726361	187500.000000	187500.000000	86601.185691	102520.813348	112255.355687	133672.461947	-0.080000	0.772000	0.578000	192.000000	0.000000	0.000000	0.000000	0.000000	0.000000	0.000000	0.000000	0.000000	0.000000	1733433168.420903	0.000000
255.000000	88136.772887	19354.666097	187500.000000	187500.000000	86599.397552	102519.204023	112251.444131	133668.103357	-0.080000	0.772000	0.578000	192.000000	0.000000	0.000000	0.000000	0.000000	0.000000	0.000000	0.000000	0.000000	0.000000	1733433168.425956	0.000000
0.000000	88128.949777	19343.736093	187500.000000	187500.000000	86598.458779	102518.533470	112247.800797	133661.487241	-0.080000	0.772000	0.578000	192.000000	0.000000	0.000000	0.000000	0.000000	0.000000	0.000000	0.000000	0.000000	0.000000	1733433168.429914	0.000000
1.000000	88130.827323	19340.137463	187500.000000	187500.000000	86596.558880	102522.512081	112253.008753	133640.051918	-0.080000	0.772000	0.578000	192.000000	0.000000	0.000000	0.000000	0.000000	0.000000	0.000000	0.000000	0.000000	0.000000	1733433168.434163	0.000000
2.000000	88139.432745	19358.935280	187500.000000	187500.000000	86601.319802	102531.005744	112255.087466	133638.554351	-0.076000	0.780000	0.578000	192.000000	253.000000	160.000000	24.000000	96.000000	18.000000	16.000000	0.000000	0.000000	0.000000	1733433168.438168	0.000000
3.000000	88142.450230	19354.017896	187500.000000	187500.000000	86595.106017	102527.407113	112251.131207	133649.707872	-0.076000	0.780000	0.578000	192.000000	0.000000	0.000000	0.000000	0.000000	0.000000	0.000000	0.000000	0.000000	0.000000	1733433168.441104	0.000000
4.000000	88142.226713	19355.984849	187500.000000	187500.000000	86596.022439	102526.535395	112244.313925	133647.360938	-0.076000	0.780000	0.578000	192.000000	0.000000	0.000000	0.000000	0.000000	0.000000	0.000000	0.000000	0.000000	0.000000	1733433168.445137	0.000000
5.000000	88137.398736	19355.738980	187500.000000	187500.000000	86595.709514	102521.327439	112236.893146	133658.425052	-0.076000	0.780000	0.578000	192.000000	0.000000	0.000000	0.000000	0.000000	0.000000	0.000000	0.000000	0.000000	0.000000	1733433168.449122	0.000000
6.000000	88144.618350	19374.045059	187500.000000	187500.000000	86599.241090	102525.395456	112242.682247	133641.549485	-0.076000	0.780000	0.578000	192.000000	0.000000	0.000000	0.000000	0.000000	0.000000	0.000000	0.000000	0.000000	0.000000	1733433168.452919	0.000000
7.000000	88145.288902	19373.329803	187500.000000	187500.000000	86601.252747	102510.151566	112241.050570	133644.634026	-0.076000	0.780000	0.578000	192.000000	0.000000	0.000000	0.000000	0.000000	0.000000	0.000000	0.000000	0.000000	0.000000	1733433168.457916	0.000000
8.000000	88138.136344	19340.852718	187500.000000	187500.000000	86592.177938	102500.942648	112217.514183	133651.004273	-0.076000	0.780000	0.578000	192.000000	0.000000	0.000000	0.000000	0.000000	0.000000	0.000000	0.000000	0.000000	0.000000	1733433168.461970	0.000000
9.000000	88143.389004	19350.821596	187500.000000	187500.000000	86604.784322	102514.197232	112228.980628	133652.278322	-0.076000	0.780000	0.578000	192.000000	0.000000	0.000000	0.000000	0.000000	0.000000	0.000000	0.000000	0.000000	0.000000	1733433168.465978	0.000000
10.000000	88151.480335	19361.997469	187500.000000	187500.000000	86615.490808	102524.411979	112252.293498	133639.873104	-0.076000	0.780000	0.578000	192.000000	0.000000	0.000000	0.000000	0.000000	0.000000	0.000000	0.000000	0.000000	0.000000	1733433168.468968	0.000000
11.000000	88147.635835	19359.918756	187500.000000	187500.000000	86609.567596	102524.411979	112252.740532	133637.213246	-0.076000	0.780000	0.578000	192.000000	0.000000	0.000000	0.000000	0.000000	0.000000	0.000000	0.000000	0.000000	0.000000	1733433168.473158	0.000000
12.000000	88138.762193	19350.933355	187500.000000	187500.000000	86609.969927	102520.008686	112246.973782	133634.978072	-0.072000	0.768000	0.584000	192.000000	253.000000	192.000000	24.000000	0.000000	18.000000	64.000000	0.000000	0.000000	0.000000	1733433168.476977	0.000000
13.000000	88128.927425	19340.003352	187500.000000	187500.000000	86603.174997	102510.911526	112226.946619	133639.202552	-0.072000	0.768000	0.584000	192.000000	0.000000	0.000000	0.000000	0.000000	0.000000	0.000000	0.000000	0.000000	0.000000	1733433168.481150	0.000000
14.000000	88134.582416	19344.786625	187500.000000	187500.000000	86609.187616	102515.739502	112228.712407	133647.696215	-0.072000	0.768000	0.584000	192.000000	0.000000	0.000000	0.000000	0.000000	0.000000	0.000000	0.000000	0.000000	0.000000	1733433168.486157	0.000000
15.000000	88138.248102	19345.635992	187500.000000	187500.000000	86612.562729	102522.914412	112248.761922	133660.280247	-0.072000	0.768000	0.584000	192.000000	0.000000	0.000000	0.000000	0.000000	0.000000	0.000000	0.000000	0.000000	0.000000	1733433168.490247	0.000000
16.000000	88134.671823	19343.490224	187500.000000	187500.000000	86604.717267	102527.094189	112254.685134	133660.056729	-0.072000	0.768000	0.584000	192.000000	0.000000	0.000000	0.000000	0.000000	0.000000	0.000000	0.000000	0.000000	0.000000	1733433168.494192	0.000000
17.000000	88128.703908	19343.333762	187500.000000	187500.000000	86601.677430	102513.504328	112253.008753	133671.746692	-0.072000	0.768000	0.584000	192.000000	0.000000	0.000000	0.000000	0.000000	0.000000	0.000000	0.000000	0.000000	0.000000	1733433168.496977	0.000000
18.000000	88120.992556	19340.785663	187500.000000	187500.000000	86602.482093	102516.410055	112246.280878	133635.849790	-0.072000	0.768000	0.584000	192.000000	0.000000	0.000000	0.000000	0.000000	0.000000	0.000000	0.000000	0.000000	0.000000	1733433168.500997	0.000000
19.000000	88113.638832	19325.519422	187500.000000	187500.000000	86595.195424	102506.754101	112231.796948	133653.328854	-0.072000	0.768000	0.584000	192.000000	0.000000	0.000000	0.000000	0.000000	0.000000	0.000000	0.000000	0.000000	0.000000	1733433168.505190	0.000000
20.000000	88116.499855	19331.196765	187500.000000	187500.000000	86596.871805	102514.621915	112232.735721	133664.035340	-0.072000	0.768000	0.584000	192.000000	0.000000	0.000000	0.000000	0.000000	0.000000	0.000000	0.000000	0.000000	0.000000	1733433168.509018	0.000000
21.000000	88117.416277	19326.435843	187500.000000	187500.000000	86602.504444	102501.099110	112227.304247	133635.961549	-0.072000	0.768000	0.584000	192.000000	0.000000	0.000000	0.000000	0.000000	0.000000	0.000000	0.000000	0.000000	0.000000	1733433168.513026	0.000000
22.000000	88130.447344	19329.587439	187500.000000	187500.000000	86608.628822	102487.352787	112222.990361	133643.114107	-0.078000	0.770000	0.578000	192.000000	253.000000	144.000000	24.000000	16.000000	18.000000	16.000000	0.000000	0.000000	0.000000	1733433168.518051	0.000000
23.000000	88134.023623	19342.506748	187500.000000	187500.000000	86612.361564	102490.370272	112225.739625	133622.148171	-0.078000	0.770000	0.578000	192.000000	0.000000	0.000000	0.000000	0.000000	0.000000	0.000000	0.000000	0.000000	0.000000	1733433168.522226	0.000000
24.000000	88134.962396	19331.643800	187500.000000	187500.000000	86612.294508	102495.622932	112228.734759	133622.706964	-0.078000	0.770000	0.578000	192.000000	0.000000	0.000000	0.000000	0.000000	0.000000	0.000000	0.000000	0.000000	0.000000	1733433168.525167	0.000000
25.000000	88130.246178	19323.373654	187500.000000	187500.000000	86610.640479	102502.171994	112227.170137	133631.222979	-0.078000	0.770000	0.578000	192.000000	0.000000	0.000000	0.000000	0.000000	0.000000	0.000000	0.000000	0.000000	0.000000	1733433168.529220	0.000000
26.000000	88135.275320	19331.353227	187500.000000	187500.000000	86609.500540	102492.605447	112221.984532	133661.666055	-0.078000	0.770000	0.578000	192.000000	0.000000	0.000000	0.000000	0.000000	0.000000	0.000000	0.000000	0.000000	0.000000	1733433168.533359	0.000000
27.000000	88141.064422	19342.171471	187500.000000	187500.000000	86615.021421	102496.204078	112225.627866	133659.810860	-0.078000	0.770000	0.578000	192.000000	0.000000	0.000000	0.000000	0.000000	0.000000	0.000000	0.000000	0.000000	0.000000	1733433168.537426	0.000000
28.000000	88136.348204	19333.029608	187500.000000	187500.000000	86609.746410	102497.701645	112228.198317	133617.186083	-0.078000	0.770000	0.578000	192.000000	0.000000	0.000000	0.000000	0.000000	0.000000	0.000000	0.000000	0.000000	0.000000	1733433168.541252	0.000000
29.000000	88133.017794	19324.155965	187500.000000	187500.000000	86604.493750	102493.097185	112225.024369	133643.739956	-0.078000	0.770000	0.578000	192.000000	0.000000	0.000000	0.000000	0.000000	0.000000	0.000000	0.000000	0.000000	0.000000	1733433168.546085	0.000000
30.000000	88127.407506	19318.635084	187500.000000	187500.000000	86602.124465	102501.166165	112218.072977	133655.385215	-0.078000	0.770000	0.578000	192.000000	0.000000	0.000000	0.000000	0.000000	0.000000	0.000000	0.000000	0.000000	0.000000	1733433168.549085	0.000000
31.000000	88131.676690	19323.150137	187500.000000	187500.000000	86612.205102	102507.223488	112231.104044	133643.270569	-0.078000	0.770000	0.578000	192.000000	0.000000	0.000000	0.000000	0.000000	0.000000	0.000000	0.000000	0.000000	0.000000	1733433168.553047	0.000000
32.000000	88132.235483	19322.032550	187500.000000	187500.000000	86596.201252	102499.378025	112220.196393	133674.920639	-0.072000	0.772000	0.578000	192.000000	253.000000	192.000000	24.000000	32.000000	18.000000	16.000000	0.000000	0.000000	0.000000	1733433168.557071	0.000000
33.000000	88131.542579	19318.657436	187500.000000	187500.000000	86591.507386	102508.251668	112210.652198	133657.218058	-0.072000	0.772000	0.578000	192.000000	0.000000	0.000000	0.000000	0.000000	0.000000	0.000000	0.000000	0.000000	0.000000	1733433168.561047	0.000000
34.000000	88146.406489	19338.125806	187500.000000	187500.000000	86610.729886	102502.373159	112219.592895	133619.488313	-0.072000	0.772000	0.578000	192.000000	0.000000	0.000000	0.000000	0.000000	0.000000	0.000000	0.000000	0.000000	0.000000	1733433168.565150	0.000000
35.000000	88149.222809	19347.334724	187500.000000	187500.000000	86610.908700	102509.637476	112222.990361	133618.929520	-0.072000	0.772000	0.578000	192.000000	0.000000	0.000000	0.000000	0.000000	0.000000	0.000000	0.000000	0.000000	0.000000	1733433168.569256	0.000000
36.000000	88149.334568	19342.439692	187500.000000	187500.000000	86610.662831	102516.342999	112220.218744	133634.888665	-0.072000	0.772000	0.578000	192.000000	0.000000	0.000000	0.000000	0.000000	0.000000	0.000000	0.000000	0.000000	0.000000	1733433168.574492	0.000000
37.000000	88147.881704	19345.479530	187500.000000	187500.000000	86598.592889	102509.413959	112205.310131	133657.732148	-0.072000	0.772000	0.578000	192.000000	0.000000	0.000000	0.000000	0.000000	0.000000	0.000000	0.000000	0.000000	0.000000	1733433168.578149	0.000000
38.000000	88141.533809	19343.356114	187500.000000	187500.000000	86593.541395	102505.614162	112209.959294	133618.303671	-0.072000	0.772000	0.578000	192.000000	0.000000	0.000000	0.000000	0.000000	0.000000	0.000000	0.000000	0.000000	0.000000	1733433168.581096	0.000000
39.000000	88150.250989	19356.498940	187500.000000	187500.000000	86595.933032	102511.291505	112233.473329	133599.908185	-0.072000	0.772000	0.578000	192.000000	0.000000	0.000000	0.000000	0.000000	0.000000	0.000000	0.000000	0.000000	0.000000	1733433168.585099	0.000000
40.000000	88143.746632	19341.746788	187500.000000	187500.000000	86596.178901	102509.123386	112233.026294	133601.428104	-0.072000	0.772000	0.578000	192.000000	0.000000	0.000000	0.000000	0.000000	0.000000	0.000000	0.000000	0.000000	0.000000	1733433168.589391	0.000000
41.000000	88140.036242	19323.038378	187500.000000	187500.000000	86597.430598	102504.831851	112226.164308	133617.499008	-0.072000	0.772000	0.578000	192.000000	0.000000	0.000000	0.000000	0.000000	0.000000	0.000000	0.000000	0.000000	0.000000	1733433168.593104	0.000000
42.000000	88134.716527	19320.512631	187500.000000	187500.000000	86595.083665	102504.764796	112230.455843	133629.770116	-0.072000	0.764000	0.578000	192.000000	253.000000	192.000000	23.000000	224.000000	18.000000	16.000000	0.000000	0.000000	0.000000	1733433168.597116	0.000000
43.000000	88144.685405	19332.649628	187500.000000	187500.000000	86601.252747	102509.883345	112241.162329	133643.628197	-0.072000	0.764000	0.578000	192.000000	0.000000	0.000000	0.000000	0.000000	0.000000	0.000000	0.000000	0.000000	0.000000	1733433168.602141	0.000000
44.000000	88139.477448	19325.541774	187500.000000	187500.000000	86599.911642	102511.157395	112237.071960	133647.025662	-0.072000	0.764000	0.578000	192.000000	0.000000	0.000000	0.000000	0.000000	0.000000	0.000000	0.000000	0.000000	0.000000	1733433168.605355	0.000000
45.000000	88138.538675	19329.676846	187500.000000	187500.000000	86596.894157	102522.556784	112239.374189	133656.413395	-0.072000	0.764000	0.578000	192.000000	0.000000	0.000000	0.000000	0.000000	0.000000	0.000000	0.000000	0.000000	0.000000	1733433168.609251	0.000000
46.000000	88137.868123	19332.649628	187500.000000	187500.000000	86600.224566	102542.449837	112247.309059	133666.024645	-0.072000	0.764000	0.578000	192.000000	0.000000	0.000000	0.000000	0.000000	0.000000	0.000000	0.000000	0.000000	0.000000	1733433168.613434	0.000000
47.000000	88138.829248	19335.264782	187500.000000	187500.000000	86596.760046	102510.710360	112231.864003	133648.299712	-0.072000	0.764000	0.578000	192.000000	0.000000	0.000000	0.000000	0.000000	0.000000	0.000000	0.000000	0.000000	0.000000	1733433168.618948	0.000000
48.000000	88136.795239	19329.207460	187500.000000	187500.000000	86595.217776	102503.937781	112225.940791	133625.456229	-0.072000	0.764000	0.578000	192.000000	0.000000	0.000000	0.000000	0.000000	0.000000	0.000000	0.000000	0.000000	0.000000	1733433168.621365	0.000000
49.000000	88132.459001	19323.150137	187500.000000	187500.000000	86596.335363	102501.233220	112234.725026	133647.651511	-0.072000	0.764000	0.578000	192.000000	0.000000	0.000000	0.000000	0.000000	0.000000	0.000000	0.000000	0.000000	0.000000	1733433168.625166	0.000000
50.000000	88134.135381	19335.510652	187500.000000	187500.000000	86602.660907	102504.340113	112244.470387	133671.322009	-0.072000	0.764000	0.578000	192.000000	0.000000	0.000000	0.000000	0.000000	0.000000	0.000000	0.000000	0.000000	0.000000	1733433168.630188	0.000000
51.000000	88142.651396	19341.478567	187500.000000	187500.000000	86608.271194	102515.538337	112247.130245	133646.198648	-0.072000	0.764000	0.578000	192.000000	0.000000	0.000000	0.000000	0.000000	0.000000	0.000000	0.000000	0.000000	0.000000	1733433168.633196	0.000000
52.000000	88142.383175	19341.389160	187500.000000	187500.000000	86608.606471	102530.066971	112254.908652	133636.855619	-0.074000	0.768000	0.582000	192.000000	253.000000	176.000000	24.000000	0.000000	18.000000	48.000000	0.000000	0.000000	0.000000	1733433168.637649	0.000000
53.000000	88138.091640	19339.578669	187500.000000	187500.000000	86603.264404	102530.268136	112250.773579	133670.159718	-0.074000	0.768000	0.582000	192.000000	0.000000	0.000000	0.000000	0.000000	0.000000	0.000000	0.000000	0.000000	0.000000	1733433168.641201	0.000000
54.000000	88133.621291	19333.633105	187500.000000	187500.000000	86598.838758	102527.071837	112236.580221	133646.779793	-0.074000	0.768000	0.582000	192.000000	0.000000	0.000000	0.000000	0.000000	0.000000	0.000000	0.000000	0.000000	0.000000	1733433168.645214	0.000000
55.000000	88127.251044	19319.752672	187500.000000	187500.000000	86597.721171	102523.875537	112232.221631	133633.838133	-0.074000	0.768000	0.582000	192.000000	0.000000	0.000000	0.000000	0.000000	0.000000	0.000000	0.000000	0.000000	0.000000	1733433168.649209	0.000000
56.000000	88133.800105	19328.983942	187500.000000	187500.000000	86604.829026	102523.316744	112234.255640	133626.015023	-0.074000	0.768000	0.582000	192.000000	0.000000	0.000000	0.000000	0.000000	0.000000	0.000000	0.000000	0.000000	0.000000	1733433168.653219	0.000000
57.000000	88126.669899	19329.207460	187500.000000	187500.000000	86600.269270	102512.833776	112221.872773	133619.220092	-0.074000	0.768000	0.582000	192.000000	0.000000	0.000000	0.000000	0.000000	0.000000	0.000000	0.000000	0.000000	0.000000	1733433168.657410	0.000000
58.000000	88123.942986	19324.290076	187500.000000	187500.000000	86592.289697	102490.862011	112218.430605	133648.322063	-0.074000	0.768000	0.582000	192.000000	0.000000	0.000000	0.000000	0.000000	0.000000	0.000000	0.000000	0.000000	0.000000	1733433168.660324	0.000000
59.000000	88119.293823	19314.768233	187500.000000	187500.000000	86590.881537	102488.470374	112216.262486	133641.571837	-0.074000	0.768000	0.582000	192.000000	0.000000	0.000000	0.000000	0.000000	0.000000	0.000000	0.000000	0.000000	0.000000	1733433168.665442	0.000000
60.000000	88128.703908	19315.327026	187500.000000	187500.000000	86596.983564	102509.212793	112228.466538	133627.400831	-0.074000	0.768000	0.582000	192.000000	0.000000	0.000000	0.000000	0.000000	0.000000	0.000000	0.000000	0.000000	0.000000	1733433168.669386	0.000000
61.000000	88137.264626	19322.948971	187500.000000	187500.000000	86611.579253	102528.144721	112239.038913	133610.324098	-0.074000	0.768000	0.582000	192.000000	0.000000	0.000000	0.000000	0.000000	0.000000	0.000000	0.000000	0.000000	0.000000	1733433168.673311	0.000000
62.000000	88136.079983	19321.384349	187500.000000	187500.000000	86617.457761	102521.774473	112235.105006	133631.200627	-0.072000	0.768000	0.584000	192.000000	253.000000	192.000000	24.000000	0.000000	18.000000	64.000000	0.000000	0.000000	0.000000	1733433168.677240	0.000000
63.000000	88133.733050	19324.558297	187500.000000	187500.000000	86613.255634	102497.008741	112223.370340	133635.179238	-0.072000	0.768000	0.584000	192.000000	0.000000	0.000000	0.000000	0.000000	0.000000	0.000000	0.000000	0.000000	0.000000	1733433168.681260	0.000000
64.000000	88134.180085	19329.721550	187500.000000	187500.000000	86611.802770	102496.069967	112239.731817	133637.168543	-0.072000	0.768000	0.584000	192.000000	0.000000	0.000000	0.000000	0.000000	0.000000	0.000000	0.000000	0.000000	0.000000	1733433168.684264	0.000000
65.000000	88130.179123	19329.989771	187500.000000	187500.000000	86608.695878	102487.062214	112242.771654	133648.545581	-0.072000	0.768000	0.584000	192.000000	0.000000	0.000000	0.000000	0.000000	0.000000	0.000000	0.000000	0.000000	0.000000	1733433168.688571	0.000000
66.000000	88130.268530	19326.614657	187500.000000	187500.000000	86606.617165	102493.343054	112234.680323	133641.527133	-0.072000	0.768000	0.584000	192.000000	0.000000	0.000000	0.000000	0.000000	0.000000	0.000000	0.000000	0.000000	0.000000	1733433168.692257	0.000000
67.000000	88130.894379	19325.184146	187500.000000	187500.000000	86607.980622	102502.954305	112233.629791	133648.433822	-0.072000	0.768000	0.584000	192.000000	0.000000	0.000000	0.000000	0.000000	0.000000	0.000000	0.000000	0.000000	0.000000	1733433168.697402	0.000000
68.000000	88116.924538	19309.537924	187500.000000	187500.000000	86590.278040	102500.227392	112226.387826	133633.122877	-0.072000	0.768000	0.584000	192.000000	0.000000	0.000000	0.000000	0.000000	0.000000	0.000000	0.000000	0.000000	0.000000	1733433168.703908	0.000000
69.000000	88123.831227	19319.730320	187500.000000	187500.000000	86589.942764	102513.057293	112228.913573	133619.242444	-0.072000	0.768000	0.584000	192.000000	0.000000	0.000000	0.000000	0.000000	0.000000	0.000000	0.000000	0.000000	0.000000	1733433168.706003	0.000000
70.000000	88122.110143	19317.182221	187500.000000	187500.000000	86579.348037	102483.128307	112217.245962	133630.127743	-0.072000	0.768000	0.584000	192.000000	0.000000	0.000000	0.000000	0.000000	0.000000	0.000000	0.000000	0.000000	0.000000	1733433168.709462	0.000000
71.000000	88113.951756	19311.504878	187500.000000	187500.000000	86582.007895	102484.111784	112205.153669	133626.685575	-0.072000	0.768000	0.584000	192.000000	0.000000	0.000000	0.000000	0.000000	0.000000	0.000000	0.000000	0.000000	0.000000	1733433168.712517	0.000000
72.000000	88104.161692	19292.528247	187500.000000	187500.000000	86568.060406	102479.887304	112196.280026	133634.128706	-0.074000	0.760000	0.582000	192.000000	253.000000	176.000000	23.000000	192.000000	18.000000	48.000000	0.000000	0.000000	0.000000	1733433168.716330	0.000000
73.000000	88111.448361	19312.264837	187500.000000	187500.000000	86575.794110	102503.535450	112205.064262	133607.530130	-0.074000	0.760000	0.582000	192.000000	0.000000	0.000000	0.000000	0.000000	0.000000	0.000000	0.000000	0.000000	0.000000	1733433168.720323	0.000000
74.000000	88128.033355	19329.319218	187500.000000	187500.000000	86590.590965	102517.348828	112219.682302	133606.345487	-0.074000	0.760000	0.582000	192.000000	0.000000	0.000000	0.000000	0.000000	0.000000	0.000000	0.000000	0.000000	0.000000	1733433168.725310	0.000000
75.000000	88131.766097	19324.871221	187500.000000	187500.000000	86591.350924	102500.741482	112223.593858	133633.346395	-0.074000	0.760000	0.582000	192.000000	0.000000	0.000000	0.000000	0.000000	0.000000	0.000000	0.000000	0.000000	0.000000	1733433168.729308	0.000000
76.000000	88121.104314	19314.879991	187500.000000	187500.000000	86578.968058	102498.595714	112216.441299	133608.066572	-0.074000	0.760000	0.582000	192.000000	0.000000	0.000000	0.000000	0.000000	0.000000	0.000000	0.000000	0.000000	0.000000	1733433168.733488	0.000000
77.000000	88113.661184	19308.085061	187500.000000	187500.000000	86577.202270	102494.952380	112209.534610	133614.883854	-0.074000	0.760000	0.582000	192.000000	0.000000	0.000000	0.000000	0.000000	0.000000	0.000000	0.000000	0.000000	0.000000	1733433168.737478	0.000000
78.000000	88117.908015	19313.181259	187500.000000	187500.000000	86573.916563	102491.487860	112202.247942	133630.932406	-0.074000	0.760000	0.582000	192.000000	0.000000	0.000000	0.000000	0.000000	0.000000	0.000000	0.000000	0.000000	0.000000	1733433168.740650	0.000000
79.000000	88117.796256	19315.707006	187500.000000	187500.000000	86577.448139	102488.291560	112185.372375	133628.429011	-0.074000	0.760000	0.582000	192.000000	0.000000	0.000000	0.000000	0.000000	0.000000	0.000000	0.000000	0.000000	0.000000	1733433168.744484	0.000000
80.000000	88114.242329	19306.743956	187500.000000	187500.000000	86577.716360	102494.281828	112192.524933	133620.494142	-0.074000	0.760000	0.582000	192.000000	0.000000	0.000000	0.000000	0.000000	0.000000	0.000000	0.000000	0.000000	0.000000	1733433168.748582	0.000000
81.000000	88118.220939	19305.112279	187500.000000	187500.000000	86592.200290	102508.430482	112211.658026	133608.200682	-0.074000	0.760000	0.582000	192.000000	0.000000	0.000000	0.000000	0.000000	0.000000	0.000000	0.000000	0.000000	0.000000	1733433168.752434	0.000000
82.000000	88118.399753	19311.124898	187500.000000	187500.000000	86594.748389	102509.212793	112217.402425	133614.839150	-0.074000	0.764000	0.578000	192.000000	253.000000	176.000000	23.000000	224.000000	18.000000	16.000000	0.000000	0.000000	0.000000	1733433168.757673	0.000000
83.000000	88114.242329	19315.796413	187500.000000	187500.000000	86589.607488	102505.457700	112210.339273	133634.955720	-0.074000	0.764000	0.578000	192.000000	0.000000	0.000000	0.000000	0.000000	0.000000	0.000000	0.000000	0.000000	0.000000	1733433168.761421	0.000000
84.000000	88112.945928	19312.197782	187500.000000	187500.000000	86591.797959	102495.466470	112205.980683	133634.821610	-0.074000	0.764000	0.578000	192.000000	0.000000	0.000000	0.000000	0.000000	0.000000	0.000000	0.000000	0.000000	0.000000	1733433168.765419	0.000000
85.000000	88115.561082	19303.905285	187500.000000	187500.000000	86604.046715	102503.736616	112211.881544	133609.117104	-0.074000	0.764000	0.578000	192.000000	0.000000	0.000000	0.000000	0.000000	0.000000	0.000000	0.000000	0.000000	0.000000	1733433168.768443	0.000000
86.000000	88126.580492	19313.717701	187500.000000	187500.000000	86609.232320	102510.173918	112221.246925	133616.917863	-0.074000	0.764000	0.578000	192.000000	0.000000	0.000000	0.000000	0.000000	0.000000	0.000000	0.000000	0.000000	0.000000	1733433168.772596	0.000000
87.000000	88123.406544	19315.349378	187500.000000	187500.000000	86604.717267	102505.703569	112214.653160	133618.124857	-0.074000	0.764000	0.578000	192.000000	0.000000	0.000000	0.000000	0.000000	0.000000	0.000000	0.000000	0.000000	0.000000	1733433168.776637	0.000000
88.000000	88113.214149	19300.977206	187500.000000	187500.000000	86608.070029	102502.149642	112208.506430	133630.083040	-0.074000	0.764000	0.578000	192.000000	0.000000	0.000000	0.000000	0.000000	0.000000	0.000000	0.000000	0.000000	0.000000	1733433168.780613	0.000000
89.000000	88114.041163	19299.792564	187500.000000	187500.000000	86607.332421	102505.837680	112210.115756	133659.810860	-0.074000	0.764000	0.578000	192.000000	0.000000	0.000000	0.000000	0.000000	0.000000	0.000000	0.000000	0.000000	0.000000	1733433168.785796	0.000000
90.000000	88126.736954	19317.562201	187500.000000	187500.000000	86616.161360	102523.339096	112220.889297	133632.765249	-0.074000	0.764000	0.578000	192.000000	0.000000	0.000000	0.000000	0.000000	0.000000	0.000000	0.000000	0.000000	0.000000	1733433168.789725	0.000000
91.000000	88138.225751	19333.342532	187500.000000	187500.000000	86629.237131	102525.954250	112216.128375	133595.415484	-0.074000	0.764000	0.578000	192.000000	0.000000	0.000000	0.000000	0.000000	0.000000	0.000000	0.000000	0.000000	0.000000	1733433168.792409	0.000000
92.000000	88135.342376	19328.067521	187500.000000	187500.000000	86623.604491	102515.515985	112202.873791	133611.352278	-0.080000	0.762000	0.580000	192.000000	253.000000	128.000000	23.000000	208.000000	18.000000	32.000000	0.000000	0.000000	0.000000	1733433168.796428	0.000000
93.000000	88124.635890	19317.562201	187500.000000	187500.000000	86615.110828	102501.814366	112200.526857	133646.869200	-0.080000	0.762000	0.580000	192.000000	0.000000	0.000000	0.000000	0.000000	0.000000	0.000000	0.000000	0.000000	0.000000	1733433168.800427	0.000000
94.000000	88136.996405	19335.622410	187500.000000	187500.000000	86619.625881	102513.280811	112205.198372	133673.132500	-0.080000	0.762000	0.580000	192.000000	0.000000	0.000000	0.000000	0.000000	0.000000	0.000000	0.000000	0.000000	0.000000	1733433168.804610	0.000000
95.000000	88141.109126	19335.063617	187500.000000	187500.000000	86619.782343	102523.048523	112197.799945	133665.912886	-0.080000	0.762000	0.580000	192.000000	0.000000	0.000000	0.000000	0.000000	0.000000	0.000000	0.000000	0.000000	0.000000	1733433168.808628	0.000000
96.000000	88132.123724	19321.272590	187500.000000	187500.000000	86616.787209	102530.938689	112192.346119	133609.921767	-0.080000	0.762000	0.580000	192.000000	0.000000	0.000000	0.000000	0.000000	0.000000	0.000000	0.000000	0.000000	0.000000	1733433168.813609	0.000000
97.000000	88123.071268	19308.934427	187500.000000	187500.000000	86617.837741	102509.950401	112186.042927	133602.188063	-0.080000	0.762000	0.580000	192.000000	0.000000	0.000000	0.000000	0.000000	0.000000	0.000000	0.000000	0.000000	0.000000	1733433168.817733	0.000000
98.000000	88131.944911	19326.391140	187500.000000	187500.000000	86625.057355	102517.907622	112195.050680	133618.884816	-0.080000	0.762000	0.580000	192.000000	0.000000	0.000000	0.000000	0.000000	0.000000	0.000000	0.000000	0.000000	0.000000	1733433168.820626	0.000000
99.000000	88141.064422	19339.310448	187500.000000	187500.000000	86631.204084	102532.168035	112209.802831	133640.655415	-0.080000	0.762000	0.580000	192.000000	0.000000	0.000000	0.000000	0.000000	0.000000	0.000000	0.000000	0.000000	0.000000	1733433168.824701	0.000000
100.000000	88146.317082	19337.142329	187500.000000	187500.000000	86642.245846	102540.974622	112213.848497	133625.277415	-0.080000	0.762000	0.580000	192.000000	0.000000	0.000000	0.000000	0.000000	0.000000	0.000000	0.000000	0.000000	0.000000	1733433168.828486	0.000000
101.000000	88145.244198	19337.857585	187500.000000	187500.000000	86646.425622	102537.264232	112208.774651	133626.015023	-0.080000	0.762000	0.580000	192.000000	0.000000	0.000000	0.000000	0.000000	0.000000	0.000000	0.000000	0.000000	0.000000	1733433168.832526	0.000000
102.000000	88143.277245	19339.891593	187500.000000	187500.000000	86643.609302	102537.465398	112202.762032	133643.874066	-0.080000	0.768000	0.578000	192.000000	253.000000	128.000000	24.000000	0.000000	18.000000	16.000000	0.000000	0.000000	0.000000	1733433168.836478	0.000000
103.000000	88140.550332	19335.600059	187500.000000	187500.000000	86640.323596	102532.436256	112190.535628	133647.450345	-0.080000	0.768000	0.578000	192.000000	0.000000	0.000000	0.000000	0.000000	0.000000	0.000000	0.000000	0.000000	0.000000	1733433168.841515	0.000000
104.000000	88135.431783	19328.112224	187500.000000	187500.000000	86633.796887	102522.623840	112184.165380	133639.359014	-0.080000	0.768000	0.578000	192.000000	0.000000	0.000000	0.000000	0.000000	0.000000	0.000000	0.000000	0.000000	0.000000	1733433168.845734	0.000000
105.000000	88125.954643	19318.255105	187500.000000	187500.000000	86618.731811	102518.332305	112176.208159	133635.000424	-0.080000	0.768000	0.578000	192.000000	0.000000	0.000000	0.000000	0.000000	0.000000	0.000000	0.000000	0.000000	0.000000	1733433168.848728	0.000000
106.000000	88130.492047	19327.598134	187500.000000	187500.000000	86629.371241	102539.834683	112191.541456	133641.348319	-0.080000	0.768000	0.578000	192.000000	0.000000	0.000000	0.000000	0.000000	0.000000	0.000000	0.000000	0.000000	0.000000	1733433168.852662	0.000000
107.000000	88143.724280	19332.470814	187500.000000	187500.000000	86647.744375	102552.776343	112203.410232	133654.960532	-0.080000	0.768000	0.578000	192.000000	0.000000	0.000000	0.000000	0.000000	0.000000	0.000000	0.000000	0.000000	0.000000	1733433168.856979	0.000000
108.000000	88139.164524	19324.223021	187500.000000	187500.000000	86638.446050	102534.939651	112191.429697	133644.902247	-0.080000	0.768000	0.578000	192.000000	0.000000	0.000000	0.000000	0.000000	0.000000	0.000000	0.000000	0.000000	0.000000	1733433168.860883	0.000000
109.000000	88136.191742	19320.132651	187500.000000	187500.000000	86624.386802	102528.636459	112175.403497	133663.588305	-0.080000	0.768000	0.578000	192.000000	0.000000	0.000000	0.000000	0.000000	0.000000	0.000000	0.000000	0.000000	0.000000	1733433168.864539	0.000000
110.000000	88133.375422	19323.731282	187500.000000	187500.000000	86613.054468	102533.307974	112175.492904	133648.187953	-0.080000	0.768000	0.578000	192.000000	0.000000	0.000000	0.000000	0.000000	0.000000	0.000000	0.000000	0.000000	0.000000	1733433168.868584	0.000000
111.000000	88131.900207	19320.602038	187500.000000	187500.000000	86616.384878	102540.482884	112183.427773	133610.927595	-0.080000	0.768000	0.578000	192.000000	0.000000	0.000000	0.000000	0.000000	0.000000	0.000000	0.000000	0.000000	0.000000	1733433168.873543	0.000000
112.000000	88133.286015	19318.232753	187500.000000	187500.000000	86614.306165	102519.896927	112178.108058	133626.395002	-0.076000	0.762000	0.570000	192.000000	253.000000	160.000000	23.000000	208.000000	17.000000	208.000000	0.000000	0.000000	0.000000	1733433168.876524	0.000000
113.000000	88135.655300	19321.563163	187500.000000	187500.000000	86620.229378	102529.239956	112175.559959	133640.051918	-0.076000	0.762000	0.570000	192.000000	0.000000	0.000000	0.000000	0.000000	0.000000	0.000000	0.000000	0.000000	0.000000	1733433168.880573	0.000000
114.000000	88144.171315	19339.198689	187500.000000	187500.000000	86620.408192	102537.040715	112172.318956	133635.223941	-0.076000	0.762000	0.570000	192.000000	0.000000	0.000000	0.000000	0.000000	0.000000	0.000000	0.000000	0.000000	0.000000	1733433168.884637	0.000000
115.000000	88148.753422	19345.323067	187500.000000	187500.000000	86619.916453	102546.048468	112173.257729	133635.894494	-0.076000	0.762000	0.570000	192.000000	0.000000	0.000000	0.000000	0.000000	0.000000	0.000000	0.000000	0.000000	0.000000	1733433168.888710	0.000000
116.000000	88143.858390	19329.520384	187500.000000	187500.000000	86620.117619	102533.464436	112180.052660	133629.658357	-0.076000	0.762000	0.570000	192.000000	0.000000	0.000000	0.000000	0.000000	0.000000	0.000000	0.000000	0.000000	0.000000	1733433168.892824	0.000000
117.000000	88143.791335	19331.375579	187500.000000	187500.000000	86630.399422	102539.655869	112184.545360	133655.787546	-0.076000	0.762000	0.570000	192.000000	0.000000	0.000000	0.000000	0.000000	0.000000	0.000000	0.000000	0.000000	0.000000	1733433168.896936	0.000000
118.000000	88144.752460	19336.739997	187500.000000	187500.000000	86633.640424	102542.271023	112170.754334	133637.816744	-0.076000	0.762000	0.570000	192.000000	0.000000	0.000000	0.000000	0.000000	0.000000	0.000000	0.000000	0.000000	0.000000	1733433168.900612	0.000000
119.000000	88139.835076	19328.738073	187500.000000	187500.000000	86629.527703	102544.841474	112166.753372	133641.460078	-0.076000	0.762000	0.570000	192.000000	0.000000	0.000000	0.000000	0.000000	0.000000	0.000000	0.000000	0.000000	0.000000	1733433168.903587	0.000000
120.000000	88146.361786	19335.197727	187500.000000	187500.000000	86630.868808	102544.237977	112175.179979	133628.518418	-0.076000	0.762000	0.570000	192.000000	0.000000	0.000000	0.000000	0.000000	0.000000	0.000000	0.000000	0.000000	0.000000	1733433168.908606	0.000000
121.000000	88155.883629	19349.972230	187500.000000	187500.000000	86638.691919	102554.989166	112184.210084	133646.668034	-0.076000	0.762000	0.570000	192.000000	0.000000	0.000000	0.000000	0.000000	0.000000	0.000000	0.000000	0.000000	0.000000	1733433168.912629	0.000000
122.000000	88157.850582	19348.586422	187500.000000	187500.000000	86637.686090	102552.329308	112183.584235	133649.976093	-0.072000	0.764000	0.580000	192.000000	253.000000	192.000000	23.000000	224.000000	18.000000	32.000000	0.000000	0.000000	0.000000	1733433168.916619	0.000000
123.000000	88155.905981	19341.813843	187500.000000	187500.000000	86639.027195	102536.750142	112179.583273	133628.764287	-0.072000	0.764000	0.580000	192.000000	0.000000	0.000000	0.000000	0.000000	0.000000	0.000000	0.000000	0.000000	0.000000	1733433168.920888	0.000000
124.000000	88154.117841	19338.058750	187500.000000	187500.000000	86649.420756	102539.432352	112179.985604	133613.587453	-0.072000	0.764000	0.580000	192.000000	0.000000	0.000000	0.000000	0.000000	0.000000	0.000000	0.000000	0.000000	0.000000	1733433168.924953	0.000000
125.000000	88154.207248	19346.798282	187500.000000	187500.000000	86646.738547	102537.934785	112174.777648	133627.199665	-0.072000	0.764000	0.580000	192.000000	0.000000	0.000000	0.000000	0.000000	0.000000	0.000000	0.000000	0.000000	0.000000	1733433168.928820	0.000000
126.000000	88162.812670	19348.005277	187500.000000	187500.000000	86645.732718	102541.399305	112180.343232	133649.372595	-0.072000	0.764000	0.580000	192.000000	0.000000	0.000000	0.000000	0.000000	0.000000	0.000000	0.000000	0.000000	0.000000	1733433168.931718	0.000000
127.000000	88165.740748	19351.156873	187500.000000	187500.000000	86648.213762	102544.372087	112183.651290	133671.679636	-0.072000	0.764000	0.580000	192.000000	0.000000	0.000000	0.000000	0.000000	0.000000	0.000000	0.000000	0.000000	0.000000	1733433168.936850	0.000000
128.000000	88158.141155	19345.591288	187500.000000	187500.000000	86645.755070	102533.576194	112166.596909	133652.837116	-0.072000	0.764000	0.580000	192.000000	0.000000	0.000000	0.000000	0.000000	0.000000	0.000000	0.000000	0.000000	0.000000	1733433168.940916	0.000000
129.000000	88157.492954	19337.187032	187500.000000	187500.000000	86650.627750	102536.973660	112164.317031	133621.879950	-0.072000	0.764000	0.580000	192.000000	0.000000	0.000000	0.000000	0.000000	0.000000	0.000000	0.000000	0.000000	0.000000	1733433168.944656	0.000000
130.000000	88159.482260	19340.562146	187500.000000	187500.000000	86655.254561	102530.022267	112169.703802	133627.289072	-0.072000	0.764000	0.580000	192.000000	0.000000	0.000000	0.000000	0.000000	0.000000	0.000000	0.000000	0.000000	0.000000	1733433168.948709	0.000000
131.000000	88159.079928	19345.501881	187500.000000	187500.000000	86653.265256	102525.216642	112155.979831	133627.691403	-0.072000	0.764000	0.580000	192.000000	0.000000	0.000000	0.000000	0.000000	0.000000	0.000000	0.000000	0.000000	0.000000	1733433168.952661	0.000000
132.000000	88158.588190	19337.768178	187500.000000	187500.000000	86652.862925	102527.362410	112153.856415	133646.690386	-0.076000	0.762000	0.578000	192.000000	253.000000	160.000000	23.000000	208.000000	18.000000	16.000000	0.000000	0.000000	0.000000	1733433168.956706	0.000000
133.000000	88149.133402	19330.615619	187500.000000	187500.000000	86650.314826	102533.397381	112163.177092	133658.983846	-0.076000	0.762000	0.578000	192.000000	0.000000	0.000000	0.000000	0.000000	0.000000	0.000000	0.000000	0.000000	0.000000	1733433168.959680	0.000000
134.000000	88156.129498	19339.444559	187500.000000	187500.000000	86661.580105	102554.005689	112172.184845	133644.231694	-0.076000	0.762000	0.578000	192.000000	0.000000	0.000000	0.000000	0.000000	0.000000	0.000000	0.000000	0.000000	0.000000	1733433168.964679	0.000000
135.000000	88164.779623	19340.852718	187500.000000	187500.000000	86668.017407	102549.602395	112179.985604	133646.355110	-0.076000	0.762000	0.578000	192.000000	0.000000	0.000000	0.000000	0.000000	0.000000	0.000000	0.000000	0.000000	0.000000	1733433168.968791	0.000000
136.000000	88165.517231	19341.903250	187500.000000	187500.000000	86664.262314	102562.611111	112179.784439	133645.483392	-0.076000	0.762000	0.578000	192.000000	0.000000	0.000000	0.000000	0.000000	0.000000	0.000000	0.000000	0.000000	0.000000	1733433168.973427	0.000000
137.000000	88154.810745	19334.862451	187500.000000	187500.000000	86648.191410	102554.832703	112168.563863	133624.293938	-0.076000	0.762000	0.578000	192.000000	0.000000	0.000000	0.000000	0.000000	0.000000	0.000000	0.000000	0.000000	0.000000	1733433168.977031	0.000000
138.000000	88161.315103	19343.020838	187500.000000	187500.000000	86653.421718	102545.467323	112166.105171	133615.353240	-0.076000	0.762000	0.578000	192.000000	0.000000	0.000000	0.000000	0.000000	0.000000	0.000000	0.000000	0.000000	0.000000	1733433168.981115	0.000000
139.000000	88167.305370	19341.031532	187500.000000	187500.000000	86653.935808	102543.276852	112167.446276	133668.818613	-0.076000	0.762000	0.578000	192.000000	0.000000	0.000000	0.000000	0.000000	0.000000	0.000000	0.000000	0.000000	0.000000	1733433168.984720	0.000000
140.000000	88166.523059	19344.406646	187500.000000	187500.000000	86649.823087	102544.997936	112170.061430	133651.160735	-0.076000	0.762000	0.578000	192.000000	0.000000	0.000000	0.000000	0.000000	0.000000	0.000000	0.000000	0.000000	0.000000	1733433168.987744	0.000000
141.000000	88163.952609	19344.384294	187500.000000	187500.000000	86645.419794	102541.958099	112162.305374	133638.643758	-0.076000	0.762000	0.578000	192.000000	0.000000	0.000000	0.000000	0.000000	0.000000	0.000000	0.000000	0.000000	0.000000	1733433168.991738	0.000000
142.000000	88162.276228	19331.509689	187500.000000	187500.000000	86643.028157	102537.845378	112155.532796	133611.754610	-0.076000	0.762000	0.578000	192.000000	0.000000	0.000000	0.000000	0.000000	0.000000	0.000000	0.000000	0.000000	0.000000	1733433168.996741	0.000000
143.000000	88165.025492	19333.946029	187500.000000	187500.000000	86646.939712	102549.222416	112169.279119	133630.038337	-0.076000	0.766000	0.572000	192.000000	253.000000	160.000000	23.000000	240.000000	17.000000	224.000000	0.000000	0.000000	0.000000	1733433169.000743	0.000000
144.000000	88168.087681	19345.859509	187500.000000	187500.000000	86653.309960	102565.159209	112188.613378	133655.988712	-0.076000	0.766000	0.572000	192.000000	0.000000	0.000000	0.000000	0.000000	0.000000	0.000000	0.000000	0.000000	0.000000	1733433169.004917	0.000000
145.000000	88171.462795	19348.631126	187500.000000	187500.000000	86654.941637	102564.131029	112190.110945	133645.416337	-0.076000	0.766000	0.572000	192.000000	0.000000	0.000000	0.000000	0.000000	0.000000	0.000000	0.000000	0.000000	0.000000	1733433169.008770	0.000000
146.000000	88167.350074	19343.356114	187500.000000	187500.000000	86652.125317	102555.190331	112179.739735	133628.764287	-0.076000	0.766000	0.572000	192.000000	0.000000	0.000000	0.000000	0.000000	0.000000	0.000000	0.000000	0.000000	0.000000	1733433169.011985	0.000000
147.000000	88162.455042	19339.310448	187500.000000	187500.000000	86654.561657	102540.572290	112172.117790	133628.786639	-0.076000	0.766000	0.572000	192.000000	0.000000	0.000000	0.000000	0.000000	0.000000	0.000000	0.000000	0.000000	0.000000	1733433169.015900	0.000000
148.000000	88151.949722	19336.672942	187500.000000	187500.000000	86654.651064	102543.612128	112175.649366	133668.081006	-0.076000	0.766000	0.572000	192.000000	0.000000	0.000000	0.000000	0.000000	0.000000	0.000000	0.000000	0.000000	0.000000	1733433169.020972	0.000000
149.000000	88157.828231	19348.407608	187500.000000	187500.000000	86650.493640	102549.177712	112166.663965	133676.462910	-0.076000	0.766000	0.572000	192.000000	0.000000	0.000000	0.000000	0.000000	0.000000	0.000000	0.000000	0.000000	0.000000	1733433169.025020	0.000000
150.000000	88158.252914	19341.366809	187500.000000	187500.000000	86652.684111	102563.527532	112168.183883	133653.485316	-0.076000	0.766000	0.572000	192.000000	0.000000	0.000000	0.000000	0.000000	0.000000	0.000000	0.000000	0.000000	0.000000	1733433169.028801	0.000000
151.000000	88165.338417	19346.910041	187500.000000	187500.000000	86665.089329	102566.410907	112189.283930	133657.195706	-0.076000	0.766000	0.572000	192.000000	0.000000	0.000000	0.000000	0.000000	0.000000	0.000000	0.000000	0.000000	0.000000	1733433169.032795	0.000000
152.000000	88165.316065	19345.568937	187500.000000	187500.000000	86662.563582	102572.535285	112196.212971	133618.616595	-0.076000	0.766000	0.572000	192.000000	0.000000	0.000000	0.000000	0.000000	0.000000	0.000000	0.000000	0.000000	0.000000	1733433169.035804	0.000000
153.000000	88162.075062	19351.089817	187500.000000	187500.000000	86664.262314	102567.304977	112191.966139	133619.376554	-0.080000	0.768000	0.568000	192.000000	253.000000	128.000000	24.000000	0.000000	17.000000	192.000000	0.000000	0.000000	0.000000	1733433169.039799	0.000000
154.000000	88162.656207	19359.583480	187500.000000	187500.000000	86672.085425	102569.316634	112187.831067	133635.581569	-0.080000	0.768000	0.568000	192.000000	0.000000	0.000000	0.000000	0.000000	0.000000	0.000000	0.000000	0.000000	0.000000	1733433169.043775	0.000000
155.000000	88166.366597	19353.772027	187500.000000	187500.000000	86675.661704	102580.112526	112198.872828	133649.216133	-0.080000	0.768000	0.568000	192.000000	0.000000	0.000000	0.000000	0.000000	0.000000	0.000000	0.000000	0.000000	0.000000	1733433169.048047	0.000000
156.000000	88162.723263	19344.339591	187500.000000	187500.000000	86667.972704	102560.867674	112197.218799	133659.922619	-0.080000	0.768000	0.568000	192.000000	0.000000	0.000000	0.000000	0.000000	0.000000	0.000000	0.000000	0.000000	0.000000	1733433169.052871	0.000000
157.000000	88167.707702	19353.682620	187500.000000	187500.000000	86667.100986	102565.963872	112202.806735	133665.063520	-0.080000	0.768000	0.568000	192.000000	0.000000	0.000000	0.000000	0.000000	0.000000	0.000000	0.000000	0.000000	0.000000	1733433169.057262	0.000000
158.000000	88170.322856	19358.063562	187500.000000	187500.000000	86675.996980	102578.883180	112203.387881	133648.657340	-0.080000	0.768000	0.568000	192.000000	0.000000	0.000000	0.000000	0.000000	0.000000	0.000000	0.000000	0.000000	0.000000	1733433169.061045	0.000000
159.000000	88167.595943	19345.300716	187500.000000	187500.000000	86678.925059	102579.933712	112205.064262	133648.925561	-0.080000	0.768000	0.568000	192.000000	0.000000	0.000000	0.000000	0.000000	0.000000	0.000000	0.000000	0.000000	0.000000	1733433169.063895	0.000000
160.000000	88157.984693	19339.712779	187500.000000	187500.000000	86669.537326	102578.324387	112193.642520	133650.266665	-0.080000	0.768000	0.568000	192.000000	0.000000	0.000000	0.000000	0.000000	0.000000	0.000000	0.000000	0.000000	0.000000	1733433169.067857	0.000000
161.000000	88154.676635	19337.298791	187500.000000	187500.000000	86662.809451	102565.941520	112180.834971	133609.631194	-0.080000	0.768000	0.568000	192.000000	0.000000	0.000000	0.000000	0.000000	0.000000	0.000000	0.000000	0.000000	0.000000	1733433169.072043	0.000000
162.000000	88148.731071	19330.615619	187500.000000	187500.000000	86658.786137	102569.204875	112184.143029	133614.079191	-0.080000	0.768000	0.568000	192.000000	0.000000	0.000000	0.000000	0.000000	0.000000	0.000000	0.000000	0.000000	0.000000	1733433169.075869	0.000000
163.000000	88147.591132	19333.431939	187500.000000	187500.000000	86664.575239	102560.219474	112176.789305	133646.824497	-0.080000	0.766000	0.562000	192.000000	253.000000	128.000000	23.000000	240.000000	17.000000	144.000000	0.000000	0.000000	0.000000	1733433169.080864	0.000000
164.000000	88153.022606	19343.981963	187500.000000	187500.000000	86661.736567	102555.145628	112171.827218	133672.886631	-0.080000	0.766000	0.562000	192.000000	0.000000	0.000000	0.000000	0.000000	0.000000	0.000000	0.000000	0.000000	0.000000	1733433169.085070	0.000000
165.000000	88150.429803	19342.037361	187500.000000	187500.000000	86666.989227	102546.942538	112175.761125	133668.416282	-0.080000	0.766000	0.562000	192.000000	0.000000	0.000000	0.000000	0.000000	0.000000	0.000000	0.000000	0.000000	0.000000	1733433169.089098	0.000000
166.000000	88164.712568	19356.096608	187500.000000	187500.000000	86694.839501	102560.733564	112200.415099	133633.994595	-0.080000	0.766000	0.562000	192.000000	0.000000	0.000000	0.000000	0.000000	0.000000	0.000000	0.000000	0.000000	0.000000	1733433169.092052	0.000000
167.000000	88167.506536	19349.324030	187500.000000	187500.000000	86697.566414	102570.434221	112213.334407	133631.714717	-0.080000	0.766000	0.562000	192.000000	0.000000	0.000000	0.000000	0.000000	0.000000	0.000000	0.000000	0.000000	0.000000	1733433169.096238	0.000000
168.000000	88163.036187	19345.948916	187500.000000	187500.000000	86684.736512	102570.747146	112209.914590	133632.944063	-0.080000	0.766000	0.562000	192.000000	0.000000	0.000000	0.000000	0.000000	0.000000	0.000000	0.000000	0.000000	0.000000	1733433169.100102	0.000000
169.000000	88161.672731	19351.581556	187500.000000	187500.000000	86683.440111	102584.515820	112208.618189	133640.543656	-0.080000	0.766000	0.562000	192.000000	0.000000	0.000000	0.000000	0.000000	0.000000	0.000000	0.000000	0.000000	0.000000	1733433169.103888	0.000000
170.000000	88163.773795	19340.182166	187500.000000	187500.000000	86678.969762	102592.718910	112212.797965	133646.399813	-0.080000	0.766000	0.562000	192.000000	0.000000	0.000000	0.000000	0.000000	0.000000	0.000000	0.000000	0.000000	0.000000	1733433169.109000	0.000000
171.000000	88159.661074	19339.019875	187500.000000	187500.000000	86668.687960	102591.578971	112209.579314	133657.933314	-0.080000	0.766000	0.562000	192.000000	0.000000	0.000000	0.000000	0.000000	0.000000	0.000000	0.000000	0.000000	0.000000	1733433169.112901	0.000000
172.000000	88153.357882	19339.265745	187500.000000	187500.000000	86660.686035	102561.985262	112195.050680	133703.642631	-0.080000	0.766000	0.562000	192.000000	0.000000	0.000000	0.000000	0.000000	0.000000	0.000000	0.000000	0.000000	0.000000	1733433169.116919	0.000000
173.000000	88142.450230	19314.991750	187500.000000	187500.000000	86661.490698	102573.831686	112186.601721	133622.215226	-0.082000	0.772000	0.568000	192.000000	253.000000	112.000000	24.000000	32.000000	17.000000	192.000000	0.000000	0.000000	0.000000	1733433169.119938	0.000000
174.000000	88151.346225	19322.971323	187500.000000	187500.000000	86669.582030	102575.351605	112189.686261	133603.886796	-0.082000	0.772000	0.568000	192.000000	0.000000	0.000000	0.000000	0.000000	0.000000	0.000000	0.000000	0.000000	0.000000	1733433169.123989	0.000000
175.000000	88165.025492	19350.218099	187500.000000	187500.000000	86673.381826	102576.759765	112206.517125	133621.544674	-0.082000	0.772000	0.568000	192.000000	0.000000	0.000000	0.000000	0.000000	0.000000	0.000000	0.000000	0.000000	0.000000	1733433169.128136	0.000000
176.000000	88165.405472	19349.391085	187500.000000	187500.000000	86676.600477	102588.628541	112210.585142	133627.467886	-0.082000	0.772000	0.568000	192.000000	0.000000	0.000000	0.000000	0.000000	0.000000	0.000000	0.000000	0.000000	0.000000	1733433169.132145	0.000000
177.000000	88167.305370	19357.705934	187500.000000	187500.000000	86678.343913	102595.959913	112219.078805	133631.155924	-0.082000	0.772000	0.568000	192.000000	0.000000	0.000000	0.000000	0.000000	0.000000	0.000000	0.000000	0.000000	0.000000	1733433169.135977	0.000000
178.000000	88165.181955	19344.831329	187500.000000	187500.000000	86673.806509	102584.091137	112212.105061	133650.378424	-0.082000	0.772000	0.568000	192.000000	0.000000	0.000000	0.000000	0.000000	0.000000	0.000000	0.000000	0.000000	0.000000	1733433169.141097	0.000000
179.000000	88159.169335	19331.286172	187500.000000	187500.000000	86674.700579	102589.276742	112201.577389	133661.576648	-0.082000	0.772000	0.568000	192.000000	0.000000	0.000000	0.000000	0.000000	0.000000	0.000000	0.000000	0.000000	0.000000	1733433169.144959	0.000000
180.000000	88165.181955	19340.562146	187500.000000	187500.000000	86695.063018	102615.607097	112213.602628	133631.334738	-0.082000	0.772000	0.568000	192.000000	0.000000	0.000000	0.000000	0.000000	0.000000	0.000000	0.000000	0.000000	0.000000	1733433169.147960	0.000000
181.000000	88170.389911	19345.010143	187500.000000	187500.000000	86691.442036	102589.522611	112209.534610	133627.065555	-0.082000	0.772000	0.568000	192.000000	0.000000	0.000000	0.000000	0.000000	0.000000	0.000000	0.000000	0.000000	0.000000	1733433169.151965	0.000000
182.000000	88168.378254	19344.071370	187500.000000	187500.000000	86688.893937	102586.102794	112209.467555	133609.631194	-0.082000	0.772000	0.568000	192.000000	0.000000	0.000000	0.000000	0.000000	0.000000	0.000000	0.000000	0.000000	0.000000	1733433169.155967	0.000000
183.000000	88171.619257	19353.280288	187500.000000	187500.000000	86697.879338	102596.339893	112219.481137	133627.467886	-0.080000	0.770000	0.576000	192.000000	253.000000	128.000000	24.000000	16.000000	18.000000	0.000000	0.000000	0.000000	0.000000	1733433169.160211	0.000000
184.000000	88167.327722	19351.045114	187500.000000	187500.000000	86689.318620	102589.790832	112212.194468	133662.984808	-0.080000	0.770000	0.576000	192.000000	0.000000	0.000000	0.000000	0.000000	0.000000	0.000000	0.000000	0.000000	0.000000	1733433169.164200	0.000000
185.000000	88156.800050	19337.142329	187500.000000	187500.000000	86682.836614	102579.598436	112192.368471	133677.356980	-0.080000	0.770000	0.576000	192.000000	0.000000	0.000000	0.000000	0.000000	0.000000	0.000000	0.000000	0.000000	0.000000	1733433169.169173	0.000000
186.000000	88148.328739	19322.211364	187500.000000	187500.000000	86682.344876	102575.306901	112198.001110	133610.815836	-0.080000	0.770000	0.576000	192.000000	0.000000	0.000000	0.000000	0.000000	0.000000	0.000000	0.000000	0.000000	0.000000	1733433169.172017	0.000000
187.000000	88153.559047	19330.436806	187500.000000	187500.000000	86680.310867	102573.921093	112212.842669	133595.795464	-0.080000	0.770000	0.576000	192.000000	0.000000	0.000000	0.000000	0.000000	0.000000	0.000000	0.000000	0.000000	0.000000	1733433169.176008	0.000000
188.000000	88154.341358	19329.028646	187500.000000	187500.000000	86684.982381	102574.658701	112218.810584	133615.532054	-0.080000	0.770000	0.576000	192.000000	0.000000	0.000000	0.000000	0.000000	0.000000	0.000000	0.000000	0.000000	0.000000	1733433169.180033	0.000000
189.000000	88159.772832	19336.628239	187500.000000	187500.000000	86688.022219	102588.762652	112221.828070	133633.771078	-0.080000	0.770000	0.576000	192.000000	0.000000	0.000000	0.000000	0.000000	0.000000	0.000000	0.000000	0.000000	0.000000	1733433169.184000	0.000000
190.000000	88152.776736	19329.185108	187500.000000	187500.000000	86676.444015	102573.407003	112207.299436	133626.372650	-0.080000	0.770000	0.576000	192.000000	0.000000	0.000000	0.000000	0.000000	0.000000	0.000000	0.000000	0.000000	0.000000	1733433169.188149	0.000000
191.000000	88150.876838	19322.770157	187500.000000	187500.000000	86674.968800	102567.617901	112202.873791	133615.554406	-0.080000	0.770000	0.576000	192.000000	0.000000	0.000000	0.000000	0.000000	0.000000	0.000000	0.000000	0.000000	0.000000	1733433169.192038	0.000000
192.000000	88154.698986	19333.297829	187500.000000	187500.000000	86675.169966	102561.404116	112203.566695	133605.987859	-0.080000	0.770000	0.576000	192.000000	0.000000	0.000000	0.000000	0.000000	0.000000	0.000000	0.000000	0.000000	0.000000	1733433169.197185	0.000000
193.000000	88166.187783	19334.773044	187500.000000	187500.000000	86681.204937	102572.512933	112220.486965	133647.405642	-0.076000	0.768000	0.578000	192.000000	253.000000	160.000000	24.000000	0.000000	18.000000	16.000000	0.000000	0.000000	0.000000	1733433169.200084	0.000000
194.000000	88167.037149	19335.734169	187500.000000	187500.000000	86671.303114	102568.869599	112215.726044	133643.047052	-0.076000	0.768000	0.578000	192.000000	0.000000	0.000000	0.000000	0.000000	0.000000	0.000000	0.000000	0.000000	0.000000	1733433169.204249	0.000000
195.000000	88158.096452	19329.252163	187500.000000	187500.000000	86665.581067	102561.493523	112204.840744	133606.993688	-0.076000	0.768000	0.578000	192.000000	0.000000	0.000000	0.000000	0.000000	0.000000	0.000000	0.000000	0.000000	0.000000	1733433169.208315	0.000000
196.000000	88151.256818	19319.529154	187500.000000	187500.000000	86668.017407	102568.288454	112209.176983	133607.574833	-0.076000	0.768000	0.578000	192.000000	0.000000	0.000000	0.000000	0.000000	0.000000	0.000000	0.000000	0.000000	0.000000	1733433169.212091	0.000000
197.000000	88151.905018	19321.473756	187500.000000	187500.000000	86681.227288	102568.020233	112225.516108	133604.713810	-0.076000	0.768000	0.578000	192.000000	0.000000	0.000000	0.000000	0.000000	0.000000	0.000000	0.000000	0.000000	0.000000	1733433169.216066	0.000000
198.000000	88148.976940	19314.008273	187500.000000	187500.000000	86670.431396	102559.437163	112224.175003	133619.041278	-0.076000	0.768000	0.578000	192.000000	0.000000	0.000000	0.000000	0.000000	0.000000	0.000000	0.000000	0.000000	0.000000	1733433169.220136	0.000000
199.000000	88148.015815	19320.423224	187500.000000	187500.000000	86660.037835	102563.840456	112222.409215	133616.739049	-0.076000	0.768000	0.578000	192.000000	0.000000	0.000000	0.000000	0.000000	0.000000	0.000000	0.000000	0.000000	0.000000	1733433169.225056	0.000000
200.000000	88152.016777	19328.536907	187500.000000	187500.000000	86670.207878	102564.131029	112229.315904	133643.516438	-0.076000	0.768000	0.578000	192.000000	0.000000	0.000000	0.000000	0.000000	0.000000	0.000000	0.000000	0.000000	0.000000	1733433169.228055	0.000000
201.000000	88144.551294	19320.356169	187500.000000	187500.000000	86659.814317	102545.869654	112207.858230	133636.185066	-0.076000	0.768000	0.578000	192.000000	0.000000	0.000000	0.000000	0.000000	0.000000	0.000000	0.000000	0.000000	0.000000	1733433169.231292	0.000000
202.000000	88142.427879	19317.249276	187500.000000	187500.000000	86654.986340	102557.492561	112202.024424	133612.313403	-0.076000	0.768000	0.578000	192.000000	0.000000	0.000000	0.000000	0.000000	0.000000	0.000000	0.000000	0.000000	0.000000	1733433169.236168	0.000000
203.000000	88146.920579	19318.568029	187500.000000	187500.000000	86662.921210	102557.000823	112218.072977	133611.776961	-0.068000	0.764000	0.578000	192.000000	253.000000	224.000000	23.000000	224.000000	18.000000	16.000000	0.000000	0.000000	0.000000	1733433169.240329	0.000000
204.000000	88147.211152	19318.076291	187500.000000	187500.000000	86657.892067	102561.493523	112207.522953	133618.594243	-0.068000	0.764000	0.578000	192.000000	0.000000	0.000000	0.000000	0.000000	0.000000	0.000000	0.000000	0.000000	0.000000	1733433169.244298	0.000000
205.000000	88142.606693	19314.947047	187500.000000	187500.000000	86647.386747	102550.652927	112194.246017	133651.026625	-0.068000	0.764000	0.578000	192.000000	0.000000	0.000000	0.000000	0.000000	0.000000	0.000000	0.000000	0.000000	0.000000	1733433169.248209	0.000000
206.000000	88143.523114	19315.774061	187500.000000	187500.000000	86648.794907	102543.969756	112209.735776	133601.919842	-0.068000	0.764000	0.578000	192.000000	0.000000	0.000000	0.000000	0.000000	0.000000	0.000000	0.000000	0.000000	0.000000	1733433169.252103	0.000000
207.000000	88147.255855	19321.384349	187500.000000	187500.000000	86650.068957	102550.474113	112220.241096	133595.616650	-0.068000	0.764000	0.578000	192.000000	0.000000	0.000000	0.000000	0.000000	0.000000	0.000000	0.000000	0.000000	0.000000	1733433169.256410	0.000000
208.000000	88143.657225	19313.628294	187500.000000	187500.000000	86636.210875	102542.718058	112217.067148	133616.582586	-0.068000	0.764000	0.578000	192.000000	0.000000	0.000000	0.000000	0.000000	0.000000	0.000000	0.000000	0.000000	0.000000	1733433169.259118	0.000000
209.000000	88133.665995	19303.234733	187500.000000	187500.000000	86627.404288	102539.030020	112209.333445	133610.994650	-0.068000	0.764000	0.578000	192.000000	0.000000	0.000000	0.000000	0.000000	0.000000	0.000000	0.000000	0.000000	0.000000	1733433169.264110	0.000000
210.000000	88133.353070	19307.526267	187500.000000	187500.000000	86631.584064	102544.170921	112204.728985	133593.716752	-0.068000	0.764000	0.578000	192.000000	0.000000	0.000000	0.000000	0.000000	0.000000	0.000000	0.000000	0.000000	0.000000	1733433169.268186	0.000000
211.000000	88142.003196	19324.290076	187500.000000	187500.000000	86634.780363	102544.215625	112216.418948	133613.587453	-0.068000	0.764000	0.578000	192.000000	0.000000	0.000000	0.000000	0.000000	0.000000	0.000000	0.000000	0.000000	0.000000	1733433169.272323	0.000000
212.000000	88135.632948	19309.627331	187500.000000	187500.000000	86619.245901	102534.894947	112213.513221	133601.718676	-0.068000	0.764000	0.578000	192.000000	0.000000	0.000000	0.000000	0.000000	0.000000	0.000000	0.000000	0.000000	0.000000	1733433169.276147	0.000000
213.000000	88137.644605	19316.735186	187500.000000	187500.000000	86623.537436	102542.226320	112224.107948	133597.538900	-0.072000	0.764000	0.580000	192.000000	253.000000	192.000000	23.000000	224.000000	18.000000	32.000000	0.000000	0.000000	0.000000	1733433169.280341	0.000000
214.000000	88140.349166	19311.862506	187500.000000	187500.000000	86628.298358	102535.900776	112225.605515	133630.306557	-0.072000	0.764000	0.580000	192.000000	0.000000	0.000000	0.000000	0.000000	0.000000	0.000000	0.000000	0.000000	0.000000	1733433169.284369	0.000000
215.000000	88139.075117	19310.454346	187500.000000	187500.000000	86625.839666	102525.730732	112220.330503	133625.769153	-0.072000	0.764000	0.580000	192.000000	0.000000	0.000000	0.000000	0.000000	0.000000	0.000000	0.000000	0.000000	0.000000	1733433169.287195	0.000000
216.000000	88138.359861	19310.320236	187500.000000	187500.000000	86626.711384	102523.495558	112223.236230	133595.728409	-0.072000	0.764000	0.580000	192.000000	0.000000	0.000000	0.000000	0.000000	0.000000	0.000000	0.000000	0.000000	0.000000	1733433169.291198	0.000000
217.000000	88138.762193	19304.352320	187500.000000	187500.000000	86635.316805	102535.252575	112236.490814	133597.918880	-0.072000	0.764000	0.580000	192.000000	0.000000	0.000000	0.000000	0.000000	0.000000	0.000000	0.000000	0.000000	0.000000	1733433169.296149	0.000000
218.000000	88143.724280	19318.679788	187500.000000	187500.000000	86634.087459	102541.287546	112243.397503	133627.512589	-0.072000	0.764000	0.580000	192.000000	0.000000	0.000000	0.000000	0.000000	0.000000	0.000000	0.000000	0.000000	0.000000	1733433169.300175	0.000000
219.000000	88142.964321	19324.781814	187500.000000	187500.000000	86621.592834	102536.928956	112236.870794	133652.971226	-0.072000	0.764000	0.580000	192.000000	0.000000	0.000000	0.000000	0.000000	0.000000	0.000000	0.000000	0.000000	0.000000	1733433169.304465	0.000000
220.000000	88147.121745	19326.145271	187500.000000	187500.000000	86615.446104	102542.203968	112238.122492	133620.203569	-0.072000	0.764000	0.580000	192.000000	0.000000	0.000000	0.000000	0.000000	0.000000	0.000000	0.000000	0.000000	0.000000	1733433169.307222	0.000000
221.000000	88147.479373	19321.876087	187500.000000	187500.000000	86614.417924	102535.118465	112243.710428	133634.620444	-0.072000	0.764000	0.580000	192.000000	0.000000	0.000000	0.000000	0.000000	0.000000	0.000000	0.000000	0.000000	0.000000	1733433169.311279	0.000000
222.000000	88152.732033	19318.948009	187500.000000	187500.000000	86613.501503	102548.127180	112249.700695	133658.000369	-0.072000	0.764000	0.580000	192.000000	0.000000	0.000000	0.000000	0.000000	0.000000	0.000000	0.000000	0.000000	0.000000	1733433169.315412	0.000000
223.000000	88146.987635	19315.572895	187500.000000	187500.000000	86610.506369	102554.743296	112245.632678	133604.646755	-0.076000	0.762000	0.582000	192.000000	253.000000	160.000000	23.000000	208.000000	18.000000	48.000000	0.000000	0.000000	0.000000	1733433169.320262	0.000000
224.000000	88148.239332	19317.718663	187500.000000	187500.000000	86606.550110	102534.425561	112246.236175	133607.530130	-0.076000	0.762000	0.582000	192.000000	0.000000	0.000000	0.000000	0.000000	0.000000	0.000000	0.000000	0.000000	0.000000	1733433169.324233	0.000000
225.000000	88145.467716	19315.170564	187500.000000	187500.000000	86606.594814	102543.343907	112246.012657	133621.388211	-0.076000	0.762000	0.582000	192.000000	0.000000	0.000000	0.000000	0.000000	0.000000	0.000000	0.000000	0.000000	0.000000	1733433169.328282	0.000000
226.000000	88133.353070	19306.386329	187500.000000	187500.000000	86594.368409	102534.582023	112237.071960	133595.013153	-0.076000	0.762000	0.582000	192.000000	0.000000	0.000000	0.000000	0.000000	0.000000	0.000000	0.000000	0.000000	0.000000	1733433169.332241	0.000000
227.000000	88134.850637	19310.856677	187500.000000	187500.000000	86589.629840	102526.513043	112236.893146	133595.437836	-0.076000	0.762000	0.582000	192.000000	0.000000	0.000000	0.000000	0.000000	0.000000	0.000000	0.000000	0.000000	0.000000	1733433169.335271	0.000000
228.000000	88145.668882	19317.897477	187500.000000	187500.000000	86601.744485	102541.756933	112245.565623	133599.215281	-0.076000	0.762000	0.582000	192.000000	0.000000	0.000000	0.000000	0.000000	0.000000	0.000000	0.000000	0.000000	0.000000	1733433169.339240	0.000000
229.000000	88137.354033	19310.744919	187500.000000	187500.000000	86590.747427	102543.008631	112237.966029	133603.685630	-0.076000	0.762000	0.582000	192.000000	0.000000	0.000000	0.000000	0.000000	0.000000	0.000000	0.000000	0.000000	0.000000	1733433169.343466	0.000000
230.000000	88135.230617	19313.829459	187500.000000	187500.000000	86585.762988	102536.705439	112239.262431	133608.535958	-0.076000	0.762000	0.582000	192.000000	0.000000	0.000000	0.000000	0.000000	0.000000	0.000000	0.000000	0.000000	0.000000	1733433169.348392	0.000000
231.000000	88122.937158	19294.763421	187500.000000	187500.000000	86570.496746	102531.922165	112235.663800	133620.896473	-0.076000	0.762000	0.582000	192.000000	0.000000	0.000000	0.000000	0.000000	0.000000	0.000000	0.000000	0.000000	0.000000	1733433169.352575	0.000000
232.000000	88127.452210	19303.212381	187500.000000	187500.000000	86567.233392	102539.499407	112237.407236	133641.303616	-0.076000	0.762000	0.582000	192.000000	0.000000	0.000000	0.000000	0.000000	0.000000	0.000000	0.000000	0.000000	0.000000	1733433169.356577	0.000000
233.000000	88128.033355	19316.310503	187500.000000	187500.000000	86577.582249	102555.100924	112239.240079	133620.985880	-0.078000	0.764000	0.578000	192.000000	253.000000	144.000000	23.000000	224.000000	18.000000	16.000000	0.000000	0.000000	0.000000	1733433169.360267	0.000000
234.000000	88130.983786	19330.973247	187500.000000	187500.000000	86580.063293	102548.887139	112242.548137	133608.133627	-0.078000	0.764000	0.578000	192.000000	0.000000	0.000000	0.000000	0.000000	0.000000	0.000000	0.000000	0.000000	0.000000	1733433169.363264	0.000000
235.000000	88138.069289	19321.853736	187500.000000	187500.000000	86592.021476	102561.940558	112257.121474	133611.106409	-0.078000	0.764000	0.578000	192.000000	0.000000	0.000000	0.000000	0.000000	0.000000	0.000000	0.000000	0.000000	0.000000	1733433169.367294	0.000000
236.000000	88146.987635	19318.523326	187500.000000	187500.000000	86602.929128	102578.391442	112269.280823	133611.531092	-0.078000	0.764000	0.578000	192.000000	0.000000	0.000000	0.000000	0.000000	0.000000	0.000000	0.000000	0.000000	0.000000	1733433169.371512	0.000000
237.000000	88148.485201	19319.082119	187500.000000	187500.000000	86604.203177	102575.195143	112267.425629	133610.637022	-0.078000	0.764000	0.578000	192.000000	0.000000	0.000000	0.000000	0.000000	0.000000	0.000000	0.000000	0.000000	0.000000	1733433169.375287	0.000000
238.000000	88148.932236	19321.585515	187500.000000	187500.000000	86605.700744	102566.030927	112262.642355	133615.174426	-0.078000	0.764000	0.578000	192.000000	0.000000	0.000000	0.000000	0.000000	0.000000	0.000000	0.000000	0.000000	0.000000	1733433169.380462	0.000000
239.000000	88139.276283	19313.203611	187500.000000	187500.000000	86587.059389	102546.964889	112245.833843	133609.430028	-0.078000	0.764000	0.578000	192.000000	0.000000	0.000000	0.000000	0.000000	0.000000	0.000000	0.000000	0.000000	0.000000	1733433169.384336	0.000000
240.000000	88132.794277	19308.241523	187500.000000	187500.000000	86578.163395	102545.266157	112245.275050	133608.982993	-0.078000	0.764000	0.578000	192.000000	0.000000	0.000000	0.000000	0.000000	0.000000	0.000000	0.000000	0.000000	0.000000	1733433169.388589	0.000000
241.000000	88144.081908	19317.025759	187500.000000	187500.000000	86582.142005	102553.871578	112259.937794	133653.552372	-0.078000	0.764000	0.578000	192.000000	0.000000	0.000000	0.000000	0.000000	0.000000	0.000000	0.000000	0.000000	0.000000	1733433169.391514	0.000000
242.000000	88136.214094	19309.180297	187500.000000	187500.000000	86575.503537	102548.328346	112248.784274	133612.380458	-0.078000	0.764000	0.578000	192.000000	0.000000	0.000000	0.000000	0.000000	0.000000	0.000000	0.000000	0.000000	0.000000	1733433169.395461	0.000000
243.000000	88130.872027	19308.777965	187500.000000	187500.000000	86571.882555	102561.292358	112248.761922	133598.701191	-0.076000	0.766000	0.582000	192.000000	253.000000	160.000000	23.000000	240.000000	18.000000	48.000000	0.000000	0.000000	0.000000	1733433169.399411	0.000000
244.000000	88126.312271	19310.633160	187500.000000	187500.000000	86578.096339	102579.821954	112249.588937	133614.548578	-0.076000	0.766000	0.582000	192.000000	0.000000	0.000000	0.000000	0.000000	0.000000	0.000000	0.000000	0.000000	0.000000	1733433169.403419	0.000000
245.000000	88127.921597	19316.109337	187500.000000	187500.000000	86583.013723	102567.103811	112254.796893	133612.313403	-0.076000	0.766000	0.582000	192.000000	0.000000	0.000000	0.000000	0.000000	0.000000	0.000000	0.000000	0.000000	0.000000	1733433169.407476	0.000000
246.000000	88128.972129	19318.925657	187500.000000	187500.000000	86584.980677	102560.152419	112263.067038	133612.983956	-0.076000	0.766000	0.582000	192.000000	0.000000	0.000000	0.000000	0.000000	0.000000	0.000000	0.000000	0.000000	0.000000	1733433169.412408	0.000000
247.000000	88135.387079	19329.386274	187500.000000	187500.000000	86591.216813	102571.238884	112271.337184	133611.911072	-0.076000	0.766000	0.582000	192.000000	0.000000	0.000000	0.000000	0.000000	0.000000	0.000000	0.000000	0.000000	0.000000	1733433169.415457	0.000000
248.000000	88134.515361	19332.694332	187500.000000	187500.000000	86587.886404	102569.160172	112265.257509	133623.936310	-0.076000	0.766000	0.582000	192.000000	0.000000	0.000000	0.000000	0.000000	0.000000	0.000000	0.000000	0.000000	0.000000	1733433169.419596	0.000000
249.000000	88130.939082	19327.195803	187500.000000	187500.000000	86584.891270	102563.236959	112268.297347	133620.963528	-0.076000	0.766000	0.582000	192.000000	0.000000	0.000000	0.000000	0.000000	0.000000	0.000000	0.000000	0.000000	0.000000	1733433169.423659	0.000000
250.000000	88132.637815	19314.768233	187500.000000	187500.000000	86580.487976	102561.515875	112272.700640	133630.015985	-0.076000	0.766000	0.582000	192.000000	0.000000	0.000000	0.000000	0.000000	0.000000	0.000000	0.000000	0.000000	0.000000	1733433169.427615	0.000000
251.000000	88137.890475	19317.338683	187500.000000	187500.000000	86586.590002	102571.261236	112280.948434	133632.675842	-0.076000	0.766000	0.582000	192.000000	0.000000	0.000000	0.000000	0.000000	0.000000	0.000000	0.000000	0.000000	0.000000	1733433169.431731	0.000000
252.000000	88150.005120	19331.040303	187500.000000	187500.000000	86594.770741	102579.777250	112285.128210	133627.847866	-0.076000	0.766000	0.582000	192.000000	0.000000	0.000000	0.000000	0.000000	0.000000	0.000000	0.000000	0.000000	0.000000	1733433169.435428	0.000000
253.000000	88149.669844	19330.325047	187500.000000	187500.000000	86587.707590	102575.977454	112275.516960	133622.125819	-0.080000	0.768000	0.582000	192.000000	253.000000	128.000000	24.000000	0.000000	18.000000	48.000000	0.000000	0.000000	0.000000	1733433169.440554	0.000000
254.000000	88141.198533	19324.044207	187500.000000	187500.000000	86575.414130	102571.730622	112271.270129	133635.134534	-0.080000	0.768000	0.582000	192.000000	0.000000	0.000000	0.000000	0.000000	0.000000	0.000000	0.000000	0.000000	0.000000	1733433169.443442	0.000000
255.000000	88140.595036	19325.452367	187500.000000	187500.000000	86577.358732	102571.395346	112274.734649	133621.276453	-0.080000	0.768000	0.582000	192.000000	0.000000	0.000000	0.000000	0.000000	0.000000	0.000000	0.000000	0.000000	0.000000	1733433169.447444	0.000000
0.000000	88145.467716	19329.743901	187500.000000	187500.000000	86582.387874	102575.753936	112276.276919	133615.733220	-0.080000	0.768000	0.582000	192.000000	0.000000	0.000000	0.000000	0.000000	0.000000	0.000000	0.000000	0.000000	0.000000	1733433169.451489	0.000000
1.000000	88156.174202	19344.160777	187500.000000	187500.000000	86594.636630	102585.476945	112290.090297	133658.112128	-0.080000	0.768000	0.582000	192.000000	0.000000	0.000000	0.000000	0.000000	0.000000	0.000000	0.000000	0.000000	0.000000	1733433169.455596	0.000000
2.000000	88148.641664	19328.358093	187500.000000	187500.000000	86589.182805	102582.459460	112282.066021	133653.440613	-0.080000	0.768000	0.582000	192.000000	0.000000	0.000000	0.000000	0.000000	0.000000	0.000000	0.000000	0.000000	0.000000	1733433169.459634	0.000000
3.000000	88141.265588	19322.211364	187500.000000	187500.000000	86581.292639	102585.320483	112280.143771	133631.245331	-0.080000	0.768000	0.582000	192.000000	0.000000	0.000000	0.000000	0.000000	0.000000	0.000000	0.000000	0.000000	0.000000	1733433169.463659	0.000000
4.000000	88148.976940	19328.067521	187500.000000	187500.000000	86586.075912	102600.854945	112291.051422	133638.934331	-0.080000	0.768000	0.582000	192.000000	0.000000	0.000000	0.000000	0.000000	0.000000	0.000000	0.000000	0.000000	0.000000	1733433169.468582	0.000000
5.000000	88159.906943	19341.143291	187500.000000	187500.000000	86604.091418	102591.914248	112300.617969	133653.284151	-0.080000	0.768000	0.582000	192.000000	0.000000	0.000000	0.000000	0.000000	0.000000	0.000000	0.000000	0.000000	0.000000	1733433169.471498	0.000000
6.000000	88166.590114	19349.882823	187500.000000	187500.000000	86612.160398	102590.684902	112297.265207	133631.602959	-0.080000	0.768000	0.582000	192.000000	0.000000	0.000000	0.000000	0.000000	0.000000	0.000000	0.000000	0.000000	0.000000	1733433169.475424	0.000000
7.000000	88161.069234	19338.237564	187500.000000	187500.000000	86611.154570	102597.055149	112304.864801	133633.324043	-0.076000	0.766000	0.582000	192.000000	253.000000	160.000000	23.000000	240.000000	18.000000	48.000000	0.000000	0.000000	0.000000	1733433169.479433	0.000000
8.000000	88160.242219	19330.526213	187500.000000	187500.000000	86603.934956	102596.988093	112311.726786	133652.121860	-0.076000	0.766000	0.582000	192.000000	0.000000	0.000000	0.000000	0.000000	0.000000	0.000000	0.000000	0.000000	0.000000	1733433169.483501	0.000000
9.000000	88163.416167	19336.807053	187500.000000	187500.000000	86601.230395	102600.787890	112312.911429	133680.821500	-0.076000	0.766000	0.582000	192.000000	0.000000	0.000000	0.000000	0.000000	0.000000	0.000000	0.000000	0.000000	0.000000	1733433169.487501	0.000000
10.000000	88162.455042	19336.918811	187500.000000	187500.000000	86598.749351	102600.072634	112308.083452	133676.641724	-0.076000	0.766000	0.582000	192.000000	0.000000	0.000000	0.000000	0.000000	0.000000	0.000000	0.000000	0.000000	0.000000	1733433169.491534	0.000000
11.000000	88154.274303	19329.833308	187500.000000	187500.000000	86593.519043	102584.627579	112302.786088	133671.791395	-0.076000	0.766000	0.582000	192.000000	0.000000	0.000000	0.000000	0.000000	0.000000	0.000000	0.000000	0.000000	0.000000	1733433169.496665	0.000000
12.000000	88141.600864	19319.283285	187500.000000	187500.000000	86586.500595	102583.174715	112299.276864	133644.634026	-0.076000	0.766000	0.582000	192.000000	0.000000	0.000000	0.000000	0.000000	0.000000	0.000000	0.000000	0.000000	0.000000	1733433169.499621	0.000000
13.000000	88144.551294	19319.484451	187500.000000	187500.000000	86580.890308	102569.897779	112293.979501	133634.732203	-0.076000	0.766000	0.582000	192.000000	0.000000	0.000000	0.000000	0.000000	0.000000	0.000000	0.000000	0.000000	0.000000	1733433169.503745	0.000000
14.000000	88151.502687	19324.468890	187500.000000	187500.000000	86586.478244	102570.545980	112299.723899	133634.598092	-0.076000	0.766000	0.582000	192.000000	0.000000	0.000000	0.000000	0.000000	0.000000	0.000000	0.000000	0.000000	0.000000	1733433169.507824	0.000000
15.000000	88158.387024	19326.726416	187500.000000	187500.000000	86594.681334	102577.430317	112303.613103	133635.313348	-0.076000	0.766000	0.582000	192.000000	0.000000	0.000000	0.000000	0.000000	0.000000	0.000000	0.000000	0.000000	0.000000	1733433169.511544	0.000000
16.000000	88165.539582	19338.326971	187500.000000	187500.000000	86598.503482	102582.638274	112304.663635	133662.493069	-0.076000	0.766000	0.582000	192.000000	0.000000	0.000000	0.000000	0.000000	0.000000	0.000000	0.000000	0.000000	0.000000	1733433169.515642	0.000000
17.000000	88172.468623	19354.777855	187500.000000	187500.000000	86600.537491	102593.233000	112302.339053	133660.324950	-0.076000	0.776000	0.586000	192.000000	253.000000	160.000000	24.000000	64.000000	18.000000	80.000000	0.000000	0.000000	0.000000	1733433169.519522	0.000000
18.000000	88164.287885	19354.800207	187500.000000	187500.000000	86604.516101	102585.521649	112310.184516	133656.681616	-0.076000	0.776000	0.586000	192.000000	0.000000	0.000000	0.000000	0.000000	0.000000	0.000000	0.000000	0.000000	0.000000	1733433169.524552	0.000000
19.000000	88163.215001	19360.410495	187500.000000	187500.000000	86608.382953	102594.216477	112315.504231	133673.356017	-0.076000	0.776000	0.586000	192.000000	0.000000	0.000000	0.000000	0.000000	0.000000	0.000000	0.000000	0.000000	0.000000	1733433169.527547	0.000000
20.000000	88171.239277	19347.401780	187500.000000	187500.000000	86609.299375	102605.392349	112323.617914	133653.798241	-0.076000	0.776000	0.586000	192.000000	0.000000	0.000000	0.000000	0.000000	0.000000	0.000000	0.000000	0.000000	0.000000	1733433169.531820	0.000000
21.000000	88176.961324	19339.153986	187500.000000	187500.000000	86615.781381	102611.092044	112331.284563	133668.081006	-0.076000	0.776000	0.586000	192.000000	0.000000	0.000000	0.000000	0.000000	0.000000	0.000000	0.000000	0.000000	0.000000	1733433169.535805	0.000000
22.000000	88169.808766	19333.342532	187500.000000	187500.000000	86610.394610	102593.814146	112328.200022	133682.542584	-0.076000	0.776000	0.586000	192.000000	0.000000	0.000000	0.000000	0.000000	0.000000	0.000000	0.000000	0.000000	0.000000	1733433169.540006	0.000000
23.000000	88171.239277	19343.557280	187500.000000	187500.000000	86610.282851	102602.084291	112334.905545	133703.039134	-0.076000	0.776000	0.586000	192.000000	0.000000	0.000000	0.000000	0.000000	0.000000	0.000000	0.000000	0.000000	0.000000	1733433169.543747	0.000000
24.000000	88176.357827	19349.212271	187500.000000	187500.000000	86624.945596	102623.765483	112347.221356	133689.225756	-0.076000	0.776000	0.586000	192.000000	0.000000	0.000000	0.000000	0.000000	0.000000	0.000000	0.000000	0.000000	0.000000	1733433169.547667	0.000000
25.000000	88182.973943	19351.425094	187500.000000	187500.000000	86626.554921	102605.526460	112340.448778	133676.775834	-0.076000	0.776000	0.586000	192.000000	0.000000	0.000000	0.000000	0.000000	0.000000	0.000000	0.000000	0.000000	0.000000	1733433169.551555	0.000000
26.000000	88187.176071	19357.862396	187500.000000	187500.000000	86625.012651	102604.095948	112331.642190	133661.800165	-0.076000	0.776000	0.586000	192.000000	0.000000	0.000000	0.000000	0.000000	0.000000	0.000000	0.000000	0.000000	0.000000	1733433169.554706	0.000000
27.000000	88184.471510	19357.527120	187500.000000	187500.000000	86625.839666	102608.029855	112336.313705	133665.108224	-0.074000	0.770000	0.588000	192.000000	253.000000	176.000000	24.000000	16.000000	18.000000	96.000000	0.000000	0.000000	0.000000	1733433169.558604	0.000000
28.000000	88176.804862	19352.162701	187500.000000	187500.000000	86624.364450	102610.689713	112336.045484	133666.203459	-0.074000	0.770000	0.588000	192.000000	0.000000	0.000000	0.000000	0.000000	0.000000	0.000000	0.000000	0.000000	0.000000	1733433169.563592	0.000000
29.000000	88174.189708	19353.749675	187500.000000	187500.000000	86624.655023	102600.586724	112330.949286	133680.776796	-0.074000	0.770000	0.588000	192.000000	0.000000	0.000000	0.000000	0.000000	0.000000	0.000000	0.000000	0.000000	0.000000	1733433169.567858	0.000000
30.000000	88189.165376	19370.781704	187500.000000	187500.000000	86632.500485	102606.398178	112331.776301	133686.521195	-0.074000	0.770000	0.588000	192.000000	0.000000	0.000000	0.000000	0.000000	0.000000	0.000000	0.000000	0.000000	0.000000	1733433169.571724	0.000000
31.000000	88198.106074	19381.957577	187500.000000	187500.000000	86641.083555	102616.054132	112338.258307	133676.418206	-0.074000	0.770000	0.588000	192.000000	0.000000	0.000000	0.000000	0.000000	0.000000	0.000000	0.000000	0.000000	0.000000	1733433169.575723	0.000000
32.000000	88199.000144	19382.114039	187500.000000	187500.000000	86641.552942	102621.485605	112343.198042	133687.795244	-0.074000	0.770000	0.588000	192.000000	0.000000	0.000000	0.000000	0.000000	0.000000	0.000000	0.000000	0.000000	0.000000	1733433169.579947	0.000000
33.000000	88194.127464	19374.737963	187500.000000	187500.000000	86637.306111	102621.373847	112336.380760	133708.582367	-0.074000	0.770000	0.588000	192.000000	0.000000	0.000000	0.000000	0.000000	0.000000	0.000000	0.000000	0.000000	0.000000	1733433169.582854	0.000000
34.000000	88182.862184	19359.494073	187500.000000	187500.000000	86628.946558	102611.740245	112314.632513	133695.484244	-0.074000	0.770000	0.588000	192.000000	0.000000	0.000000	0.000000	0.000000	0.000000	0.000000	0.000000	0.000000	0.000000	1733433169.586667	0.000000
35.000000	88179.889402	19353.682620	187500.000000	187500.000000	86639.898913	102629.599289	112321.338036	133670.338532	-0.074000	0.770000	0.588000	192.000000	0.000000	0.000000	0.000000	0.000000	0.000000	0.000000	0.000000	0.000000	0.000000	1733433169.591669	0.000000
36.000000	88185.924373	19364.567919	187500.000000	187500.000000	86648.079651	102635.410742	112348.964792	133683.526061	-0.074000	0.770000	0.588000	192.000000	0.000000	0.000000	0.000000	0.000000	0.000000	0.000000	0.000000	0.000000	0.000000	1733433169.595724	0.000000
37.000000	88185.566745	19363.383277	187500.000000	187500.000000	86647.073823	102630.828635	112349.881214	133685.068331	-0.072000	0.768000	0.586000	192.000000	253.000000	192.000000	24.000000	0.000000	18.000000	80.000000	0.000000	0.000000	0.000000	1733433169.599668	0.000000
38.000000	88184.292696	19363.696201	187500.000000	187500.000000	86643.341082	102626.201823	112348.540109	133692.936145	-0.072000	0.768000	0.586000	192.000000	0.000000	0.000000	0.000000	0.000000	0.000000	0.000000	0.000000	0.000000	0.000000	1733433169.603873	0.000000
39.000000	88178.928277	19364.836140	187500.000000	187500.000000	86644.503372	102620.010390	112338.906507	133671.836099	-0.072000	0.768000	0.586000	192.000000	0.000000	0.000000	0.000000	0.000000	0.000000	0.000000	0.000000	0.000000	0.000000	1733433169.606905	0.000000
40.000000	88186.192594	19363.092704	187500.000000	187500.000000	86651.857096	102621.172681	112334.346751	133677.222869	-0.072000	0.768000	0.586000	192.000000	0.000000	0.000000	0.000000	0.000000	0.000000	0.000000	0.000000	0.000000	0.000000	1733433169.611108	0.000000
41.000000	88190.126501	19361.930413	187500.000000	187500.000000	86660.976608	102625.307754	112343.175691	133683.391951	-0.072000	0.768000	0.586000	192.000000	0.000000	0.000000	0.000000	0.000000	0.000000	0.000000	0.000000	0.000000	0.000000	1733433169.614837	0.000000
42.000000	88199.134254	19375.676736	187500.000000	187500.000000	86668.531498	102632.303850	112353.077513	133688.443445	-0.072000	0.768000	0.586000	192.000000	0.000000	0.000000	0.000000	0.000000	0.000000	0.000000	0.000000	0.000000	0.000000	1733433169.619694	0.000000
43.000000	88199.514234	19376.615510	187500.000000	187500.000000	86663.837631	102631.119207	112358.598394	133711.018707	-0.072000	0.768000	0.586000	192.000000	0.000000	0.000000	0.000000	0.000000	0.000000	0.000000	0.000000	0.000000	0.000000	1733433169.623656	0.000000
44.000000	88201.548243	19377.084896	187500.000000	187500.000000	86670.900782	102638.294117	112363.649888	133714.997317	-0.072000	0.768000	0.586000	192.000000	0.000000	0.000000	0.000000	0.000000	0.000000	0.000000	0.000000	0.000000	0.000000	1733433169.627719	0.000000
45.000000	88189.031266	19359.717591	187500.000000	187500.000000	86666.139861	102629.219309	112356.542034	133717.701878	-0.072000	0.768000	0.586000	192.000000	0.000000	0.000000	0.000000	0.000000	0.000000	0.000000	0.000000	0.000000	0.000000	1733433169.631724	0.000000
46.000000	88175.910792	19344.965439	187500.000000	187500.000000	86656.506259	102626.782969	112353.010458	133694.791340	-0.072000	0.768000	0.586000	192.000000	0.000000	0.000000	0.000000	0.000000	0.000000	0.000000	0.000000	0.000000	0.000000	1733433169.634766	0.000000
47.000000	88182.392798	19356.588347	187500.000000	187500.000000	86656.282742	102627.967611	112348.160130	133669.377407	-0.078000	0.766000	0.580000	192.000000	253.000000	144.000000	23.000000	240.000000	18.000000	32.000000	0.000000	0.000000	0.000000	1733433169.638921	0.000000
48.000000	88194.261574	19370.066448	187500.000000	187500.000000	86661.043663	102626.090065	112356.743199	133683.235488	-0.078000	0.766000	0.580000	192.000000	0.000000	0.000000	0.000000	0.000000	0.000000	0.000000	0.000000	0.000000	0.000000	1733433169.642974	0.000000
49.000000	88197.435522	19379.051850	187500.000000	187500.000000	86659.479041	102634.315507	112373.015269	133718.864169	-0.078000	0.766000	0.580000	192.000000	0.000000	0.000000	0.000000	0.000000	0.000000	0.000000	0.000000	0.000000	0.000000	1733433169.647921	0.000000
50.000000	88199.670696	19378.202483	187500.000000	187500.000000	86662.608285	102624.480739	112366.756781	133722.775724	-0.078000	0.766000	0.580000	192.000000	0.000000	0.000000	0.000000	0.000000	0.000000	0.000000	0.000000	0.000000	0.000000	1733433169.651756	0.000000
51.000000	88202.062333	19378.828332	187500.000000	187500.000000	86667.905649	102627.721742	112364.655717	133675.367674	-0.078000	0.766000	0.580000	192.000000	0.000000	0.000000	0.000000	0.000000	0.000000	0.000000	0.000000	0.000000	0.000000	1733433169.655891	0.000000
52.000000	88204.923356	19376.637861	187500.000000	187500.000000	86669.872602	102634.807245	112373.998746	133678.094587	-0.078000	0.766000	0.580000	192.000000	0.000000	0.000000	0.000000	0.000000	0.000000	0.000000	0.000000	0.000000	0.000000	1733433169.659791	0.000000
53.000000	88205.593908	19378.828332	187500.000000	187500.000000	86674.544117	102644.776123	112383.073554	133700.826311	-0.078000	0.766000	0.580000	192.000000	0.000000	0.000000	0.000000	0.000000	0.000000	0.000000	0.000000	0.000000	0.000000	1733433169.662780	0.000000
54.000000	88201.123560	19376.123771	187500.000000	187500.000000	86670.744320	102635.053114	112380.659566	133712.002183	-0.078000	0.766000	0.580000	192.000000	0.000000	0.000000	0.000000	0.000000	0.000000	0.000000	0.000000	0.000000	0.000000	1733433169.666816	0.000000
55.000000	88197.815501	19367.138370	187500.000000	187500.000000	86664.754053	102620.144501	112358.821912	133709.476436	-0.078000	0.766000	0.580000	192.000000	0.000000	0.000000	0.000000	0.000000	0.000000	0.000000	0.000000	0.000000	0.000000	1733433169.670786	0.000000
56.000000	88196.295583	19367.473646	187500.000000	187500.000000	86661.133070	102626.805321	112357.011420	133709.498788	-0.078000	0.766000	0.580000	192.000000	0.000000	0.000000	0.000000	0.000000	0.000000	0.000000	0.000000	0.000000	0.000000	1733433169.674898	0.000000
57.000000	88190.148853	19367.317184	187500.000000	187500.000000	86658.294399	102627.498225	112366.823836	133717.590120	-0.074000	0.764000	0.578000	192.000000	253.000000	176.000000	23.000000	224.000000	18.000000	16.000000	0.000000	0.000000	0.000000	1733433169.680022	0.000000
58.000000	88191.758179	19362.265690	187500.000000	187500.000000	86673.024198	102629.733399	112368.388458	133691.550337	-0.074000	0.764000	0.578000	192.000000	0.000000	0.000000	0.000000	0.000000	0.000000	0.000000	0.000000	0.000000	0.000000	1733433169.684100	0.000000
59.000000	88193.814539	19366.266652	187500.000000	187500.000000	86675.214669	102638.741152	112364.320441	133666.874011	-0.074000	0.764000	0.578000	192.000000	0.000000	0.000000	0.000000	0.000000	0.000000	0.000000	0.000000	0.000000	0.000000	1733433169.686798	0.000000
60.000000	88201.615298	19376.123771	187500.000000	187500.000000	86676.846346	102654.365022	112366.376801	133664.571782	-0.074000	0.764000	0.578000	192.000000	0.000000	0.000000	0.000000	0.000000	0.000000	0.000000	0.000000	0.000000	0.000000	1733433169.690797	0.000000
61.000000	88200.855339	19376.570806	187500.000000	187500.000000	86679.975591	102645.916062	112372.478828	133688.577555	-0.074000	0.764000	0.578000	192.000000	0.000000	0.000000	0.000000	0.000000	0.000000	0.000000	0.000000	0.000000	0.000000	1733433169.694810	0.000000
62.000000	88193.322801	19365.014954	187500.000000	187500.000000	86675.527594	102643.300908	112369.461342	133686.811767	-0.074000	0.764000	0.578000	192.000000	0.000000	0.000000	0.000000	0.000000	0.000000	0.000000	0.000000	0.000000	0.000000	1733433169.698822	0.000000
63.000000	88179.196498	19345.479530	187500.000000	187500.000000	86655.947465	102618.512823	112348.361295	133683.056674	-0.074000	0.764000	0.578000	192.000000	0.000000	0.000000	0.000000	0.000000	0.000000	0.000000	0.000000	0.000000	0.000000	1733433169.702792	0.000000
64.000000	88179.151795	19350.888652	187500.000000	187500.000000	86656.282742	102611.673190	112345.924955	133682.676695	-0.074000	0.764000	0.578000	192.000000	0.000000	0.000000	0.000000	0.000000	0.000000	0.000000	0.000000	0.000000	0.000000	1733433169.707853	0.000000
65.000000	88182.728074	19359.136445	187500.000000	187500.000000	86665.782233	102623.005524	112351.021153	133685.023628	-0.074000	0.764000	0.578000	192.000000	0.000000	0.000000	0.000000	0.000000	0.000000	0.000000	0.000000	0.000000	0.000000	1733433169.712018	0.000000
66.000000	88185.879670	19366.043134	187500.000000	187500.000000	86671.973666	102636.885957	112360.587699	133698.568785	-0.074000	0.764000	0.578000	192.000000	0.000000	0.000000	0.000000	0.000000	0.000000	0.000000	0.000000	0.000000	0.000000	1733433169.714914	0.000000
67.000000	88190.394722	19378.068373	187500.000000	187500.000000	86680.534384	102644.642013	112375.429258	133694.232547	-0.072000	0.768000	0.580000	192.000000	253.000000	192.000000	24.000000	0.000000	18.000000	32.000000	0.000000	0.000000	0.000000	1733433169.719183	0.000000
68.000000	88186.036132	19372.301623	187500.000000	187500.000000	86678.902707	102637.265937	112378.379688	133691.058599	-0.072000	0.768000	0.580000	192.000000	0.000000	0.000000	0.000000	0.000000	0.000000	0.000000	0.000000	0.000000	0.000000	1733433169.723053	0.000000
69.000000	88188.539527	19365.573748	187500.000000	187500.000000	86681.271992	102635.343687	112372.702345	133710.258747	-0.072000	0.768000	0.580000	192.000000	0.000000	0.000000	0.000000	0.000000	0.000000	0.000000	0.000000	0.000000	0.000000	1733433169.727017	0.000000
70.000000	88187.667809	19360.946937	187500.000000	187500.000000	86680.154405	102628.481701	112359.872444	133684.978924	-0.072000	0.768000	0.580000	192.000000	0.000000	0.000000	0.000000	0.000000	0.000000	0.000000	0.000000	0.000000	0.000000	1733433169.730835	0.000000
71.000000	88175.530812	19356.275422	187500.000000	187500.000000	86662.876506	102623.944297	112353.725714	133665.018817	-0.072000	0.768000	0.580000	192.000000	0.000000	0.000000	0.000000	0.000000	0.000000	0.000000	0.000000	0.000000	0.000000	1733433169.735821	0.000000
72.000000	88178.101263	19358.912928	187500.000000	187500.000000	86655.321617	102610.041512	112354.038638	133670.427939	-0.072000	0.768000	0.580000	192.000000	0.000000	0.000000	0.000000	0.000000	0.000000	0.000000	0.000000	0.000000	0.000000	1733433169.740876	0.000000
73.000000	88181.275211	19364.143236	187500.000000	187500.000000	86663.167079	102623.698428	112364.968641	133697.585308	-0.072000	0.768000	0.580000	192.000000	0.000000	0.000000	0.000000	0.000000	0.000000	0.000000	0.000000	0.000000	0.000000	1733433169.743906	0.000000
74.000000	88176.201365	19360.835178	187500.000000	187500.000000	86665.871640	102622.513786	112372.031793	133687.772892	-0.072000	0.768000	0.580000	192.000000	0.000000	0.000000	0.000000	0.000000	0.000000	0.000000	0.000000	0.000000	0.000000	1733433169.747881	0.000000
75.000000	88172.267458	19353.414399	187500.000000	187500.000000	86664.821108	102607.158137	112365.840359	133666.203459	-0.072000	0.768000	0.580000	192.000000	0.000000	0.000000	0.000000	0.000000	0.000000	0.000000	0.000000	0.000000	0.000000	1733433169.751040	0.000000
76.000000	88179.732940	19363.271518	187500.000000	187500.000000	86670.699617	102619.518652	112374.088153	133696.154797	-0.072000	0.768000	0.580000	192.000000	0.000000	0.000000	0.000000	0.000000	0.000000	0.000000	0.000000	0.000000	0.000000	1733433169.755130	0.000000
77.000000	88166.880687	19351.000410	187500.000000	187500.000000	86656.215686	102608.678056	112357.167883	133686.700009	-0.074000	0.770000	0.576000	192.000000	253.000000	176.000000	24.000000	16.000000	18.000000	0.000000	0.000000	0.000000	0.000000	1733433169.758926	0.000000
78.000000	88171.708664	19356.454236	187500.000000	187500.000000	86656.193335	102607.962800	112356.430275	133708.068276	-0.074000	0.770000	0.576000	192.000000	0.000000	0.000000	0.000000	0.000000	0.000000	0.000000	0.000000	0.000000	0.000000	1733433169.764160	0.000000
79.000000	88175.307295	19358.152969	187500.000000	187500.000000	86664.172907	102614.467158	112355.491502	133690.544509	-0.074000	0.770000	0.576000	192.000000	0.000000	0.000000	0.000000	0.000000	0.000000	0.000000	0.000000	0.000000	0.000000	1733433169.767885	0.000000
80.000000	88180.314086	19364.612623	187500.000000	187500.000000	86667.078634	102618.579879	112360.185368	133684.174262	-0.074000	0.770000	0.576000	192.000000	0.000000	0.000000	0.000000	0.000000	0.000000	0.000000	0.000000	0.000000	0.000000	1733433169.770925	0.000000
81.000000	88180.627010	19367.250129	187500.000000	187500.000000	86673.582992	102630.739228	112367.092057	133679.502747	-0.074000	0.770000	0.576000	192.000000	0.000000	0.000000	0.000000	0.000000	0.000000	0.000000	0.000000	0.000000	0.000000	1733433169.774917	0.000000
82.000000	88161.158641	19355.269594	187500.000000	187500.000000	86661.960085	102624.927774	112360.118313	133676.306448	-0.074000	0.770000	0.576000	192.000000	0.000000	0.000000	0.000000	0.000000	0.000000	0.000000	0.000000	0.000000	0.000000	1733433169.778967	0.000000
83.000000	88170.881649	19368.099495	187500.000000	187500.000000	86658.897896	102637.578861	112367.896720	133704.939032	-0.074000	0.770000	0.576000	192.000000	0.000000	0.000000	0.000000	0.000000	0.000000	0.000000	0.000000	0.000000	0.000000	1733433169.782962	0.000000
84.000000	88180.247030	19360.812826	187500.000000	187500.000000	86673.158309	102653.806228	112383.632348	133697.205329	-0.074000	0.770000	0.576000	192.000000	0.000000	0.000000	0.000000	0.000000	0.000000	0.000000	0.000000	0.000000	0.000000	1733433169.787240	0.000000
85.000000	88167.417129	19349.771064	187500.000000	187500.000000	86669.202050	102620.502129	112376.636252	133694.254898	-0.074000	0.770000	0.576000	192.000000	0.000000	0.000000	0.000000	0.000000	0.000000	0.000000	0.000000	0.000000	0.000000	1733433169.792339	0.000000
86.000000	88172.982713	19368.926509	187500.000000	187500.000000	86677.472195	102630.850986	112368.053182	133689.941012	-0.074000	0.770000	0.576000	192.000000	0.000000	0.000000	0.000000	0.000000	0.000000	0.000000	0.000000	0.000000	0.000000	1733433169.795226	0.000000
87.000000	88172.379216	19371.295794	187500.000000	187500.000000	86666.072806	102626.492396	112360.677106	133690.812730	-0.074000	0.770000	0.578000	192.000000	253.000000	176.000000	24.000000	16.000000	18.000000	16.000000	0.000000	0.000000	0.000000	1733433169.798161	0.000000
88.000000	88167.975923	19363.226815	187500.000000	187500.000000	86650.515992	102614.198937	112363.672240	133690.410398	-0.074000	0.770000	0.578000	192.000000	0.000000	0.000000	0.000000	0.000000	0.000000	0.000000	0.000000	0.000000	0.000000	1733433169.802931	0.000000
89.000000	88160.599847	19358.644707	187500.000000	187500.000000	86640.435355	102599.491489	112350.887042	133671.165546	-0.074000	0.770000	0.578000	192.000000	0.000000	0.000000	0.000000	0.000000	0.000000	0.000000	0.000000	0.000000	0.000000	1733433169.806982	0.000000
90.000000	88162.611504	19369.239434	187500.000000	187500.000000	86635.048584	102594.752919	112340.404074	133673.557183	-0.074000	0.770000	0.578000	192.000000	0.000000	0.000000	0.000000	0.000000	0.000000	0.000000	0.000000	0.000000	0.000000	1733433169.810952	0.000000
91.000000	88165.070196	19373.285100	187500.000000	187500.000000	86637.060241	102600.407910	112348.316592	133696.355962	-0.074000	0.770000	0.578000	192.000000	0.000000	0.000000	0.000000	0.000000	0.000000	0.000000	0.000000	0.000000	0.000000	1733433169.815000	0.000000
92.000000	88162.969132	19365.037306	187500.000000	187500.000000	86634.825067	102611.472024	112364.432200	133706.548358	-0.074000	0.770000	0.578000	192.000000	0.000000	0.000000	0.000000	0.000000	0.000000	0.000000	0.000000	0.000000	0.000000	1733433169.820010	0.000000
93.000000	88156.576533	19361.729248	187500.000000	187500.000000	86633.975701	102600.273800	112359.715981	133694.053733	-0.074000	0.770000	0.578000	192.000000	0.000000	0.000000	0.000000	0.000000	0.000000	0.000000	0.000000	0.000000	0.000000	1733433169.823256	0.000000
94.000000	88157.939989	19368.635937	187500.000000	187500.000000	86640.390651	102605.034721	112355.200929	133671.500822	-0.074000	0.770000	0.578000	192.000000	0.000000	0.000000	0.000000	0.000000	0.000000	0.000000	0.000000	0.000000	0.000000	1733433169.826209	0.000000
95.000000	88154.721338	19359.494073	187500.000000	187500.000000	86635.383861	102614.400102	112352.921051	133669.243296	-0.074000	0.770000	0.578000	192.000000	0.000000	0.000000	0.000000	0.000000	0.000000	0.000000	0.000000	0.000000	0.000000	1733433169.831254	0.000000
96.000000	88154.207248	19348.318201	187500.000000	187500.000000	86632.008747	102609.527422	112354.128045	133670.718511	-0.074000	0.770000	0.578000	192.000000	0.000000	0.000000	0.000000	0.000000	0.000000	0.000000	0.000000	0.000000	0.000000	1733433169.835234	0.000000
97.000000	88147.814649	19347.245317	187500.000000	187500.000000	86632.120506	102590.662550	112351.870519	133674.965343	-0.070000	0.770000	0.570000	192.000000	253.000000	208.000000	24.000000	16.000000	17.000000	208.000000	0.000000	0.000000	0.000000	1733433169.839049	0.000000
98.000000	88150.876838	19355.291945	187500.000000	187500.000000	86641.709404	102595.132899	112355.580909	133701.519215	-0.070000	0.770000	0.570000	192.000000	0.000000	0.000000	0.000000	0.000000	0.000000	0.000000	0.000000	0.000000	0.000000	1733433169.843012	0.000000
99.000000	88161.516268	19367.294832	187500.000000	187500.000000	86651.320654	102594.663512	112362.197025	133680.866203	-0.070000	0.770000	0.570000	192.000000	0.000000	0.000000	0.000000	0.000000	0.000000	0.000000	0.000000	0.000000	0.000000	1733433169.848011	0.000000
100.000000	88168.959399	19366.847797	187500.000000	187500.000000	86657.690901	102613.081350	112372.098848	133684.531890	-0.070000	0.770000	0.570000	192.000000	0.000000	0.000000	0.000000	0.000000	0.000000	0.000000	0.000000	0.000000	0.000000	1733433169.851032	0.000000
101.000000	88162.723263	19357.907099	187500.000000	187500.000000	86648.303169	102612.008466	112363.515778	133685.068331	-0.070000	0.770000	0.570000	192.000000	0.000000	0.000000	0.000000	0.000000	0.000000	0.000000	0.000000	0.000000	0.000000	1733433169.854042	0.000000
102.000000	88150.832135	19345.792454	187500.000000	187500.000000	86632.142858	102603.425396	112350.127083	133670.897325	-0.070000	0.770000	0.570000	192.000000	0.000000	0.000000	0.000000	0.000000	0.000000	0.000000	0.000000	0.000000	0.000000	1733433169.859285	0.000000
103.000000	88156.285960	19364.053829	187500.000000	187500.000000	86638.222532	102622.692600	112364.968641	133678.362808	-0.070000	0.770000	0.570000	192.000000	0.000000	0.000000	0.000000	0.000000	0.000000	0.000000	0.000000	0.000000	0.000000	1733433169.863306	0.000000
104.000000	88157.068271	19365.014954	187500.000000	187500.000000	86642.916398	102635.924832	112368.768438	133708.515311	-0.070000	0.770000	0.570000	192.000000	0.000000	0.000000	0.000000	0.000000	0.000000	0.000000	0.000000	0.000000	0.000000	1733433169.867318	0.000000
105.000000	88159.884591	19360.499902	187500.000000	187500.000000	86646.336215	102617.417588	112350.082380	133696.914756	-0.070000	0.770000	0.570000	192.000000	0.000000	0.000000	0.000000	0.000000	0.000000	0.000000	0.000000	0.000000	0.000000	1733433169.871111	0.000000
106.000000	88151.234466	19351.939184	187500.000000	187500.000000	86634.132163	102596.988093	112324.891964	133711.264576	-0.070000	0.770000	0.570000	192.000000	0.000000	0.000000	0.000000	0.000000	0.000000	0.000000	0.000000	0.000000	0.000000	1733433169.875067	0.000000
107.000000	88147.702890	19352.006239	187500.000000	187500.000000	86626.934901	102596.518707	112335.486690	133697.451198	-0.070000	0.770000	0.570000	192.000000	0.000000	0.000000	0.000000	0.000000	0.000000	0.000000	0.000000	0.000000	0.000000	1733433169.879060	0.000000
108.000000	88153.402585	19351.313335	187500.000000	187500.000000	86637.909608	102619.719818	112362.040563	133662.113090	-0.068000	0.768000	0.574000	192.000000	253.000000	224.000000	24.000000	0.000000	17.000000	240.000000	0.000000	0.000000	0.000000	1733433169.882080	0.000000
109.000000	88153.380233	19345.993620	187500.000000	187500.000000	86640.949445	102617.663457	112364.499255	133674.630067	-0.068000	0.768000	0.574000	192.000000	0.000000	0.000000	0.000000	0.000000	0.000000	0.000000	0.000000	0.000000	0.000000	1733433169.887126	0.000000
110.000000	88153.469640	19355.247242	187500.000000	187500.000000	86640.368300	102615.227117	112366.376801	133688.845776	-0.068000	0.768000	0.574000	192.000000	0.000000	0.000000	0.000000	0.000000	0.000000	0.000000	0.000000	0.000000	0.000000	1733433169.891098	0.000000
111.000000	88146.428841	19349.368733	187500.000000	187500.000000	86637.999015	102620.233908	112368.053182	133717.120733	-0.068000	0.768000	0.574000	192.000000	0.000000	0.000000	0.000000	0.000000	0.000000	0.000000	0.000000	0.000000	0.000000	1733433169.895204	0.000000
112.000000	88155.034263	19352.565033	187500.000000	187500.000000	86649.063128	102615.294172	112370.936557	133680.441520	-0.068000	0.768000	0.574000	192.000000	0.000000	0.000000	0.000000	0.000000	0.000000	0.000000	0.000000	0.000000	0.000000	1733433169.899366	0.000000
113.000000	88158.811707	19355.627222	187500.000000	187500.000000	86654.807526	102621.083274	112371.115371	133671.992561	-0.068000	0.768000	0.574000	192.000000	0.000000	0.000000	0.000000	0.000000	0.000000	0.000000	0.000000	0.000000	0.000000	1733433169.903543	0.000000
114.000000	88154.900152	19349.860471	187500.000000	187500.000000	86655.053396	102616.545870	112369.908377	133692.511462	-0.068000	0.768000	0.574000	192.000000	0.000000	0.000000	0.000000	0.000000	0.000000	0.000000	0.000000	0.000000	0.000000	1733433169.907163	0.000000
115.000000	88159.258742	19354.934317	187500.000000	187500.000000	86654.226381	102619.585707	112373.685822	133705.654288	-0.068000	0.768000	0.574000	192.000000	0.000000	0.000000	0.000000	0.000000	0.000000	0.000000	0.000000	0.000000	0.000000	1733433169.910154	0.000000
116.000000	88152.441460	19353.593213	187500.000000	187500.000000	86660.864849	102617.663457	112368.522569	133679.927430	-0.068000	0.768000	0.574000	192.000000	0.000000	0.000000	0.000000	0.000000	0.000000	0.000000	0.000000	0.000000	0.000000	1733433169.914141	0.000000
117.000000	88158.699949	19362.712725	187500.000000	187500.000000	86670.520803	102624.257222	112372.970566	133697.965288	-0.068000	0.768000	0.574000	192.000000	0.000000	0.000000	0.000000	0.000000	0.000000	0.000000	0.000000	0.000000	0.000000	1733433169.919121	0.000000
118.000000	88155.190725	19367.965384	187500.000000	187500.000000	86667.726835	102622.200861	112369.841322	133698.233509	-0.070000	0.764000	0.576000	192.000000	253.000000	208.000000	23.000000	224.000000	18.000000	0.000000	0.000000	0.000000	0.000000	1733433169.923227	0.000000
119.000000	88147.099393	19365.171416	187500.000000	187500.000000	86661.311884	102637.020068	112376.055107	133688.666962	-0.070000	0.764000	0.576000	192.000000	0.000000	0.000000	0.000000	0.000000	0.000000	0.000000	0.000000	0.000000	0.000000	1733433169.927152	0.000000
120.000000	88147.971111	19356.074256	187500.000000	187500.000000	86655.098099	102611.919059	112365.818008	133700.625146	-0.070000	0.764000	0.576000	192.000000	0.000000	0.000000	0.000000	0.000000	0.000000	0.000000	0.000000	0.000000	0.000000	1733433169.931175	0.000000
121.000000	88147.434669	19347.424131	187500.000000	187500.000000	86656.103928	102602.665437	112349.322420	133701.630974	-0.070000	0.764000	0.576000	192.000000	0.000000	0.000000	0.000000	0.000000	0.000000	0.000000	0.000000	0.000000	0.000000	1733433169.934197	0.000000
122.000000	88150.161582	19353.436751	187500.000000	187500.000000	86663.055320	102619.898632	112375.161037	133701.832140	-0.070000	0.764000	0.576000	192.000000	0.000000	0.000000	0.000000	0.000000	0.000000	0.000000	0.000000	0.000000	0.000000	1733433169.938307	0.000000
123.000000	88152.888495	19351.067466	187500.000000	187500.000000	86668.263277	102622.625544	112395.612883	133682.631991	-0.070000	0.764000	0.576000	192.000000	0.000000	0.000000	0.000000	0.000000	0.000000	0.000000	0.000000	0.000000	0.000000	1733433169.942490	0.000000
124.000000	88150.787431	19356.454236	187500.000000	187500.000000	86668.844422	102614.981248	112386.985110	133685.604773	-0.070000	0.764000	0.576000	192.000000	0.000000	0.000000	0.000000	0.000000	0.000000	0.000000	0.000000	0.000000	0.000000	1733433169.947440	0.000000
125.000000	88146.540600	19353.772027	187500.000000	187500.000000	86659.166117	102612.209631	112375.049278	133683.704875	-0.070000	0.764000	0.576000	192.000000	0.000000	0.000000	0.000000	0.000000	0.000000	0.000000	0.000000	0.000000	0.000000	1733433169.951188	0.000000
126.000000	88144.327777	19348.944050	187500.000000	187500.000000	86654.427547	102614.914193	112373.663470	133688.689314	-0.070000	0.764000	0.576000	192.000000	0.000000	0.000000	0.000000	0.000000	0.000000	0.000000	0.000000	0.000000	0.000000	1733433169.955411	0.000000
127.000000	88148.351091	19349.458140	187500.000000	187500.000000	86650.024253	102595.468175	112370.198950	133695.551300	-0.070000	0.764000	0.576000	192.000000	0.000000	0.000000	0.000000	0.000000	0.000000	0.000000	0.000000	0.000000	0.000000	1733433169.958194	0.000000
128.000000	88155.481297	19363.271518	187500.000000	187500.000000	86654.718119	102600.922001	112372.590586	133691.527986	-0.070000	0.768000	0.582000	192.000000	253.000000	208.000000	24.000000	0.000000	18.000000	48.000000	0.000000	0.000000	0.000000	1733433169.962251	0.000000
129.000000	88152.732033	19360.365791	187500.000000	187500.000000	86658.786137	102599.223268	112370.310708	133660.347302	-0.070000	0.768000	0.582000	192.000000	0.000000	0.000000	0.000000	0.000000	0.000000	0.000000	0.000000	0.000000	0.000000	1733433169.966216	0.000000
130.000000	88142.561989	19351.939184	187500.000000	187500.000000	86650.113660	102586.259256	112354.977412	133676.418206	-0.070000	0.768000	0.582000	192.000000	0.000000	0.000000	0.000000	0.000000	0.000000	0.000000	0.000000	0.000000	0.000000	1733433169.970215	0.000000
131.000000	88149.625140	19358.242376	187500.000000	187500.000000	86652.550000	102591.556620	112360.207720	133694.478416	-0.070000	0.768000	0.582000	192.000000	0.000000	0.000000	0.000000	0.000000	0.000000	0.000000	0.000000	0.000000	0.000000	1733433169.975278	0.000000
132.000000	88137.868123	19337.589364	187500.000000	187500.000000	86645.397442	102586.102794	112358.486636	133689.136349	-0.070000	0.768000	0.582000	192.000000	0.000000	0.000000	0.000000	0.000000	0.000000	0.000000	0.000000	0.000000	0.000000	1733433169.979529	0.000000
133.000000	88147.591132	19347.133559	187500.000000	187500.000000	86657.333274	102597.457480	112372.590586	133723.803905	-0.070000	0.768000	0.582000	192.000000	0.000000	0.000000	0.000000	0.000000	0.000000	0.000000	0.000000	0.000000	0.000000	1733433169.983472	0.000000
134.000000	88158.275265	19357.080085	187500.000000	187500.000000	86672.063073	102594.350588	112373.641118	133691.975020	-0.070000	0.768000	0.582000	192.000000	0.000000	0.000000	0.000000	0.000000	0.000000	0.000000	0.000000	0.000000	0.000000	1733433169.989294	0.000000
135.000000	88154.967207	19354.554338	187500.000000	187500.000000	86671.079596	102602.956009	112359.403057	133675.367674	-0.070000	0.768000	0.582000	192.000000	0.000000	0.000000	0.000000	0.000000	0.000000	0.000000	0.000000	0.000000	0.000000	1733433169.990353	0.000000
136.000000	88151.770908	19360.030515	187500.000000	187500.000000	86673.314771	102611.628486	112383.364127	133667.008122	-0.070000	0.768000	0.582000	192.000000	0.000000	0.000000	0.000000	0.000000	0.000000	0.000000	0.000000	0.000000	0.000000	1733433169.994256	0.000000
137.000000	88150.966245	19354.800207	187500.000000	187500.000000	86671.459576	102607.582820	112392.193066	133683.257840	-0.070000	0.768000	0.582000	192.000000	0.000000	0.000000	0.000000	0.000000	0.000000	0.000000	0.000000	0.000000	0.000000	1733433169.998246	0.000000
138.000000	88155.213076	19360.499902	187500.000000	187500.000000	86668.062111	102621.083274	112387.141572	133708.381201	-0.074000	0.764000	0.578000	192.000000	253.000000	176.000000	23.000000	224.000000	18.000000	16.000000	0.000000	0.000000	0.000000	1733433170.002265	0.000000
139.000000	88150.474507	19355.202538	187500.000000	187500.000000	86659.590800	102594.730567	112373.372897	133699.015820	-0.074000	0.764000	0.578000	192.000000	0.000000	0.000000	0.000000	0.000000	0.000000	0.000000	0.000000	0.000000	0.000000	1733433170.007276	0.000000
140.000000	88145.244198	19343.289059	187500.000000	187500.000000	86654.539306	102585.365186	112363.135798	133662.805994	-0.074000	0.764000	0.578000	192.000000	0.000000	0.000000	0.000000	0.000000	0.000000	0.000000	0.000000	0.000000	0.000000	1733433170.011280	0.000000
141.000000	88142.360823	19342.171471	187500.000000	187500.000000	86652.371186	102588.807355	112360.833569	133657.128651	-0.074000	0.764000	0.578000	192.000000	0.000000	0.000000	0.000000	0.000000	0.000000	0.000000	0.000000	0.000000	0.000000	1733433170.014249	0.000000
142.000000	88148.440498	19351.022762	187500.000000	187500.000000	86659.411986	102605.593515	112373.082325	133671.612581	-0.074000	0.764000	0.578000	192.000000	0.000000	0.000000	0.000000	0.000000	0.000000	0.000000	0.000000	0.000000	0.000000	1733433170.018452	0.000000
143.000000	88156.464774	19361.997469	187500.000000	187500.000000	86673.001846	102615.964725	112384.749935	133688.331686	-0.074000	0.764000	0.578000	192.000000	0.000000	0.000000	0.000000	0.000000	0.000000	0.000000	0.000000	0.000000	0.000000	1733433170.022530	0.000000
144.000000	88153.044957	19364.232643	187500.000000	187500.000000	86672.219535	102610.153271	112381.307767	133693.003201	-0.074000	0.764000	0.578000	192.000000	0.000000	0.000000	0.000000	0.000000	0.000000	0.000000	0.000000	0.000000	0.000000	1733433170.026679	0.000000
145.000000	88147.099393	19359.024687	187500.000000	187500.000000	86671.861907	102603.961838	112374.892816	133674.317142	-0.074000	0.764000	0.578000	192.000000	0.000000	0.000000	0.000000	0.000000	0.000000	0.000000	0.000000	0.000000	0.000000	1733433170.030858	0.000000
146.000000	88142.539637	19345.568937	187500.000000	187500.000000	86666.944524	102598.597419	112374.490485	133680.374465	-0.074000	0.764000	0.578000	192.000000	0.000000	0.000000	0.000000	0.000000	0.000000	0.000000	0.000000	0.000000	0.000000	1733433170.035390	0.000000
147.000000	88149.535733	19350.598079	187500.000000	187500.000000	86674.946448	102604.207707	112382.693575	133711.801018	-0.074000	0.764000	0.578000	192.000000	0.000000	0.000000	0.000000	0.000000	0.000000	0.000000	0.000000	0.000000	0.000000	1733433170.039422	0.000000
148.000000	88151.010949	19350.978059	187500.000000	187500.000000	86683.171890	102607.873393	112384.548770	133716.427829	-0.074000	0.766000	0.580000	192.000000	253.000000	176.000000	23.000000	240.000000	18.000000	32.000000	0.000000	0.000000	0.000000	1733433170.042328	0.000000
149.000000	88154.475469	19355.962498	187500.000000	187500.000000	86693.788969	102624.816015	112376.591549	133681.045017	-0.074000	0.766000	0.580000	192.000000	0.000000	0.000000	0.000000	0.000000	0.000000	0.000000	0.000000	0.000000	0.000000	1733433170.046326	0.000000
150.000000	88150.899190	19358.778818	187500.000000	187500.000000	86691.978477	102629.889861	112372.054144	133667.969247	-0.074000	0.766000	0.580000	192.000000	0.000000	0.000000	0.000000	0.000000	0.000000	0.000000	0.000000	0.000000	0.000000	1733433170.050359	0.000000
151.000000	88165.159603	19370.893463	187500.000000	187500.000000	86701.165044	102607.225192	112392.751860	133683.123730	-0.074000	0.766000	0.580000	192.000000	0.000000	0.000000	0.000000	0.000000	0.000000	0.000000	0.000000	0.000000	0.000000	1733433170.054332	0.000000
152.000000	88167.707702	19375.140294	187500.000000	187500.000000	86703.601385	102614.198937	112400.843191	133702.860320	-0.074000	0.766000	0.580000	192.000000	0.000000	0.000000	0.000000	0.000000	0.000000	0.000000	0.000000	0.000000	0.000000	1733433170.058419	0.000000
153.000000	88170.278152	19377.621338	187500.000000	187500.000000	86701.209748	102614.333047	112405.626465	133726.083782	-0.074000	0.766000	0.580000	192.000000	0.000000	0.000000	0.000000	0.000000	0.000000	0.000000	0.000000	0.000000	0.000000	1733433170.063491	0.000000
154.000000	88171.619257	19373.173341	187500.000000	187500.000000	86699.019277	102613.863661	112397.870409	133721.456971	-0.074000	0.766000	0.580000	192.000000	0.000000	0.000000	0.000000	0.000000	0.000000	0.000000	0.000000	0.000000	0.000000	1733433170.066491	0.000000
155.000000	88171.663960	19372.502789	187500.000000	187500.000000	86704.316640	102621.753826	112412.756671	133719.110038	-0.074000	0.766000	0.580000	192.000000	0.000000	0.000000	0.000000	0.000000	0.000000	0.000000	0.000000	0.000000	0.000000	1733433170.070664	0.000000
156.000000	88168.110033	19366.356059	187500.000000	187500.000000	86694.168948	102612.902536	112402.564276	133708.761180	-0.074000	0.766000	0.580000	192.000000	0.000000	0.000000	0.000000	0.000000	0.000000	0.000000	0.000000	0.000000	0.000000	1733433170.074493	0.000000
157.000000	88153.134364	19349.525195	187500.000000	187500.000000	86676.242849	102608.722759	112396.998691	133707.509483	-0.074000	0.766000	0.580000	192.000000	0.000000	0.000000	0.000000	0.000000	0.000000	0.000000	0.000000	0.000000	0.000000	1733433170.078432	0.000000
158.000000	88155.458946	19354.241413	187500.000000	187500.000000	86679.975591	102608.432187	112400.910246	133705.095494	-0.064000	0.768000	0.576000	192.000000	254.000000	0.000000	24.000000	0.000000	18.000000	0.000000	0.000000	0.000000	0.000000	1733433170.082441	0.000000
159.000000	88164.399643	19373.016879	187500.000000	187500.000000	86687.061094	102619.071617	112400.843191	133699.440503	-0.064000	0.768000	0.576000	192.000000	0.000000	0.000000	0.000000	0.000000	0.000000	0.000000	0.000000	0.000000	0.000000	1733433170.086446	0.000000
160.000000	88159.996350	19360.701068	187500.000000	187500.000000	86686.144672	102616.523518	112388.840304	133702.748561	-0.064000	0.768000	0.576000	192.000000	0.000000	0.000000	0.000000	0.000000	0.000000	0.000000	0.000000	0.000000	0.000000	1733433170.091477	0.000000
161.000000	88171.015760	19371.720478	187500.000000	187500.000000	86702.997887	102623.966649	112396.350491	133689.471625	-0.064000	0.768000	0.576000	192.000000	0.000000	0.000000	0.000000	0.000000	0.000000	0.000000	0.000000	0.000000	0.000000	1733433170.094448	0.000000
162.000000	88167.640646	19370.267614	187500.000000	187500.000000	86713.212635	102638.852911	112410.879125	133667.745729	-0.064000	0.768000	0.576000	192.000000	0.000000	0.000000	0.000000	0.000000	0.000000	0.000000	0.000000	0.000000	0.000000	1733433170.098544	0.000000
163.000000	88160.689254	19349.748713	187500.000000	187500.000000	86712.810303	102639.299946	112409.336854	133680.821500	-0.064000	0.768000	0.576000	192.000000	0.000000	0.000000	0.000000	0.000000	0.000000	0.000000	0.000000	0.000000	0.000000	1733433170.102512	0.000000
164.000000	88156.263608	19346.150082	187500.000000	187500.000000	86708.094085	102625.397161	112398.295092	133682.855509	-0.064000	0.768000	0.576000	192.000000	0.000000	0.000000	0.000000	0.000000	0.000000	0.000000	0.000000	0.000000	0.000000	1733433170.106778	0.000000
165.000000	88158.297617	19357.795341	187500.000000	187500.000000	86707.579995	102616.814091	112401.424337	133711.309279	-0.064000	0.768000	0.576000	192.000000	0.000000	0.000000	0.000000	0.000000	0.000000	0.000000	0.000000	0.000000	0.000000	1733433170.110610	0.000000
166.000000	88163.259705	19370.915815	187500.000000	187500.000000	86713.860835	102631.387428	112413.583686	133708.649422	-0.064000	0.768000	0.576000	192.000000	0.000000	0.000000	0.000000	0.000000	0.000000	0.000000	0.000000	0.000000	0.000000	1733433170.114454	0.000000
167.000000	88163.170298	19358.465893	187500.000000	187500.000000	86719.091143	102634.807245	112423.999599	133706.369544	-0.064000	0.768000	0.576000	192.000000	0.000000	0.000000	0.000000	0.000000	0.000000	0.000000	0.000000	0.000000	0.000000	1733433170.119439	0.000000
168.000000	88159.728129	19354.107303	187500.000000	187500.000000	86715.626623	102631.119207	112418.411662	133720.048811	-0.072000	0.766000	0.578000	192.000000	253.000000	192.000000	23.000000	240.000000	18.000000	16.000000	0.000000	0.000000	0.000000	1733433170.122659	0.000000
169.000000	88160.376329	19354.643745	187500.000000	187500.000000	86716.252472	102621.709123	112411.706139	133699.395800	-0.072000	0.766000	0.578000	192.000000	0.000000	0.000000	0.000000	0.000000	0.000000	0.000000	0.000000	0.000000	0.000000	1733433170.126403	0.000000
170.000000	88152.888495	19345.099550	187500.000000	187500.000000	86713.279690	102615.472986	112403.324235	133686.834119	-0.072000	0.766000	0.578000	192.000000	0.000000	0.000000	0.000000	0.000000	0.000000	0.000000	0.000000	0.000000	0.000000	1733433170.130485	0.000000
171.000000	88147.255855	19344.786625	187500.000000	187500.000000	86706.685925	102618.177547	112408.085156	133687.147044	-0.072000	0.766000	0.578000	192.000000	0.000000	0.000000	0.000000	0.000000	0.000000	0.000000	0.000000	0.000000	0.000000	1733433170.134955	0.000000
172.000000	88147.524076	19353.012067	187500.000000	187500.000000	86700.695658	102624.391332	112418.925753	133705.184901	-0.072000	0.766000	0.578000	192.000000	0.000000	0.000000	0.000000	0.000000	0.000000	0.000000	0.000000	0.000000	0.000000	1733433170.138619	0.000000
173.000000	88150.295693	19354.263765	187500.000000	187500.000000	86699.980402	102624.704257	112415.595343	133715.489056	-0.072000	0.766000	0.578000	192.000000	0.000000	0.000000	0.000000	0.000000	0.000000	0.000000	0.000000	0.000000	0.000000	1733433170.142478	0.000000
174.000000	88150.072175	19355.604870	187500.000000	187500.000000	86707.490588	102628.593460	112417.562296	133701.742733	-0.072000	0.766000	0.578000	192.000000	0.000000	0.000000	0.000000	0.000000	0.000000	0.000000	0.000000	0.000000	0.000000	1733433170.147705	0.000000
175.000000	88145.110088	19354.621393	187500.000000	187500.000000	86707.200015	102634.360210	112413.069595	133692.645573	-0.072000	0.766000	0.578000	192.000000	0.000000	0.000000	0.000000	0.000000	0.000000	0.000000	0.000000	0.000000	0.000000	1733433170.150852	0.000000
176.000000	88140.483277	19349.301678	187500.000000	187500.000000	86698.549890	102615.674152	112397.669244	133696.490073	-0.072000	0.766000	0.578000	192.000000	0.000000	0.000000	0.000000	0.000000	0.000000	0.000000	0.000000	0.000000	0.000000	1733433170.154486	0.000000
177.000000	88141.511457	19337.321143	187500.000000	187500.000000	86689.922117	102619.406893	112387.767421	133675.211212	-0.072000	0.766000	0.578000	192.000000	0.000000	0.000000	0.000000	0.000000	0.000000	0.000000	0.000000	0.000000	0.000000	1733433170.159467	0.000000
178.000000	88146.518248	19343.847852	187500.000000	187500.000000	86708.384658	102620.546832	112403.011310	133679.100416	-0.076000	0.766000	0.582000	192.000000	253.000000	160.000000	23.000000	240.000000	18.000000	48.000000	0.000000	0.000000	0.000000	1733433170.162494	0.000000
179.000000	88155.235428	19353.772027	187500.000000	187500.000000	86722.734478	102615.830614	112414.365997	133725.323823	-0.076000	0.766000	0.582000	192.000000	0.000000	0.000000	0.000000	0.000000	0.000000	0.000000	0.000000	0.000000	0.000000	1733433170.165505	0.000000
180.000000	88171.552202	19366.087838	187500.000000	187500.000000	86733.262149	102624.324277	112425.631276	133729.324785	-0.076000	0.766000	0.582000	192.000000	0.000000	0.000000	0.000000	0.000000	0.000000	0.000000	0.000000	0.000000	0.000000	1733433170.170688	0.000000
181.000000	88165.316065	19360.566957	187500.000000	187500.000000	86727.808324	102635.544853	112426.435939	133699.842834	-0.076000	0.766000	0.582000	192.000000	0.000000	0.000000	0.000000	0.000000	0.000000	0.000000	0.000000	0.000000	0.000000	1733433170.174541	0.000000
182.000000	88155.302483	19357.929451	187500.000000	187500.000000	86727.137772	102626.939431	112420.289209	133708.112980	-0.076000	0.766000	0.582000	192.000000	0.000000	0.000000	0.000000	0.000000	0.000000	0.000000	0.000000	0.000000	0.000000	1733433170.178674	0.000000
183.000000	88153.804917	19360.879881	187500.000000	187500.000000	86733.195094	102628.571108	112423.016122	133686.856471	-0.076000	0.766000	0.582000	192.000000	0.000000	0.000000	0.000000	0.000000	0.000000	0.000000	0.000000	0.000000	0.000000	1733433170.182728	0.000000
184.000000	88141.533809	19351.626259	187500.000000	187500.000000	86724.187341	102628.794626	112423.038473	133694.746637	-0.076000	0.766000	0.582000	192.000000	0.000000	0.000000	0.000000	0.000000	0.000000	0.000000	0.000000	0.000000	0.000000	1733433170.187552	0.000000
185.000000	88147.457021	19354.196710	187500.000000	187500.000000	86730.311719	102639.389353	112429.900459	133697.808826	-0.076000	0.766000	0.582000	192.000000	0.000000	0.000000	0.000000	0.000000	0.000000	0.000000	0.000000	0.000000	0.000000	1733433170.190722	0.000000
186.000000	88148.820478	19346.127730	187500.000000	187500.000000	86741.062908	102646.653670	112431.666247	133713.924433	-0.076000	0.766000	0.582000	192.000000	0.000000	0.000000	0.000000	0.000000	0.000000	0.000000	0.000000	0.000000	0.000000	1733433170.193580	0.000000
187.000000	88156.487126	19352.810902	187500.000000	187500.000000	86745.466202	102661.562283	112432.180337	133739.204256	-0.076000	0.766000	0.582000	192.000000	0.000000	0.000000	0.000000	0.000000	0.000000	0.000000	0.000000	0.000000	0.000000	1733433170.198570	0.000000
188.000000	88159.929295	19356.364829	187500.000000	187500.000000	86738.805382	102661.070545	112442.730360	133725.145009	-0.068000	0.768000	0.582000	192.000000	253.000000	224.000000	24.000000	0.000000	18.000000	48.000000	0.000000	0.000000	0.000000	1733433170.202572	0.000000
189.000000	88155.235428	19350.642783	187500.000000	187500.000000	86725.819019	102642.093914	112427.553526	133708.269442	-0.068000	0.768000	0.582000	192.000000	0.000000	0.000000	0.000000	0.000000	0.000000	0.000000	0.000000	0.000000	0.000000	1733433170.206536	0.000000
190.000000	88150.496858	19346.798282	187500.000000	187500.000000	86718.979385	102642.339783	112420.780947	133714.662041	-0.068000	0.768000	0.582000	192.000000	0.000000	0.000000	0.000000	0.000000	0.000000	0.000000	0.000000	0.000000	0.000000	1733433170.210795	0.000000
191.000000	88155.213076	19352.185053	187500.000000	187500.000000	86723.181513	102644.530254	112425.385407	133736.656158	-0.068000	0.768000	0.582000	192.000000	0.000000	0.000000	0.000000	0.000000	0.000000	0.000000	0.000000	0.000000	0.000000	1733433170.214736	0.000000
192.000000	88161.784489	19358.018858	187500.000000	187500.000000	86731.988100	102646.854835	112432.180337	133697.138273	-0.068000	0.768000	0.582000	192.000000	0.000000	0.000000	0.000000	0.000000	0.000000	0.000000	0.000000	0.000000	0.000000	1733433170.218917	0.000000
193.000000	88153.715510	19350.553376	187500.000000	187500.000000	86722.555664	102620.189204	112412.689616	133687.817596	-0.068000	0.768000	0.582000	192.000000	0.000000	0.000000	0.000000	0.000000	0.000000	0.000000	0.000000	0.000000	0.000000	1733433170.221657	0.000000
194.000000	88156.308312	19360.052867	187500.000000	187500.000000	86726.690737	102628.615812	112418.903401	133709.319974	-0.068000	0.768000	0.582000	192.000000	0.000000	0.000000	0.000000	0.000000	0.000000	0.000000	0.000000	0.000000	0.000000	1733433170.226599	0.000000
195.000000	88157.694120	19361.282213	187500.000000	187500.000000	86733.083336	102640.395181	112432.426206	133716.718402	-0.068000	0.768000	0.582000	192.000000	0.000000	0.000000	0.000000	0.000000	0.000000	0.000000	0.000000	0.000000	0.000000	1733433170.230690	0.000000
196.000000	88155.414242	19350.374562	187500.000000	187500.000000	86733.731536	102638.495283	112423.373750	133723.960367	-0.068000	0.768000	0.582000	192.000000	0.000000	0.000000	0.000000	0.000000	0.000000	0.000000	0.000000	0.000000	0.000000	1733433170.234585	0.000000
197.000000	88158.811707	19353.637916	187500.000000	187500.000000	86728.143600	102637.400047	112421.406796	133721.680489	-0.068000	0.768000	0.582000	192.000000	0.000000	0.000000	0.000000	0.000000	0.000000	0.000000	0.000000	0.000000	0.000000	1733433170.238803	0.000000
198.000000	88160.152812	19359.404666	187500.000000	187500.000000	86733.887998	102658.120115	112429.833404	133711.532797	-0.072000	0.758000	0.580000	192.000000	253.000000	192.000000	23.000000	176.000000	18.000000	32.000000	0.000000	0.000000	0.000000	1733433170.242624	0.000000
199.000000	88165.852507	19367.585405	187500.000000	187500.000000	86747.299045	102675.599179	112453.615660	133738.556056	-0.072000	0.758000	0.580000	192.000000	0.000000	0.000000	0.000000	0.000000	0.000000	0.000000	0.000000	0.000000	0.000000	1733433170.246900	0.000000
200.000000	88161.069234	19363.807960	187500.000000	187500.000000	86743.387490	102665.943225	112450.687581	133710.862244	-0.072000	0.758000	0.580000	192.000000	0.000000	0.000000	0.000000	0.000000	0.000000	0.000000	0.000000	0.000000	0.000000	1733433170.249889	0.000000
201.000000	88159.526963	19366.221948	187500.000000	187500.000000	86742.538123	102631.879167	112445.725494	133698.702895	-0.072000	0.758000	0.580000	192.000000	0.000000	0.000000	0.000000	0.000000	0.000000	0.000000	0.000000	0.000000	0.000000	1733433170.253796	0.000000
202.000000	88162.745614	19376.637861	187500.000000	187500.000000	86743.745118	102645.267862	112446.932488	133703.709686	-0.072000	0.758000	0.580000	192.000000	0.000000	0.000000	0.000000	0.000000	0.000000	0.000000	0.000000	0.000000	0.000000	1733433170.258740	0.000000
203.000000	88156.710643	19356.543643	187500.000000	187500.000000	86745.242685	102659.237702	112441.456311	133707.330669	-0.072000	0.758000	0.580000	192.000000	0.000000	0.000000	0.000000	0.000000	0.000000	0.000000	0.000000	0.000000	0.000000	1733433170.262773	0.000000
204.000000	88151.972074	19345.926564	187500.000000	187500.000000	86735.050289	102646.653670	112442.350381	133745.641559	-0.072000	0.758000	0.580000	192.000000	0.000000	0.000000	0.000000	0.000000	0.000000	0.000000	0.000000	0.000000	0.000000	1733433170.266613	0.000000
205.000000	88150.899190	19344.361942	187500.000000	187500.000000	86728.858856	102637.735324	112430.749825	133707.241262	-0.072000	0.758000	0.580000	192.000000	0.000000	0.000000	0.000000	0.000000	0.000000	0.000000	0.000000	0.000000	0.000000	1733433170.269670	0.000000
206.000000	88150.787431	19342.752617	187500.000000	187500.000000	86734.402088	102643.211501	112432.940296	133702.279175	-0.072000	0.758000	0.580000	192.000000	0.000000	0.000000	0.000000	0.000000	0.000000	0.000000	0.000000	0.000000	0.000000	1733433170.273671	0.000000
207.000000	88150.653321	19343.467873	187500.000000	187500.000000	86743.990987	102641.535120	112438.952916	133714.304413	-0.072000	0.758000	0.580000	192.000000	0.000000	0.000000	0.000000	0.000000	0.000000	0.000000	0.000000	0.000000	0.000000	1733433170.277670	0.000000
208.000000	88153.693158	19350.441617	187500.000000	187500.000000	86750.607103	102649.894673	112446.753674	133713.410343	-0.068000	0.758000	0.576000	192.000000	253.000000	224.000000	23.000000	176.000000	18.000000	0.000000	0.000000	0.000000	0.000000	1733433170.281676	0.000000
209.000000	88160.331626	19352.386219	187500.000000	187500.000000	86754.138679	102645.781952	112445.010238	133716.740753	-0.068000	0.758000	0.576000	192.000000	0.000000	0.000000	0.000000	0.000000	0.000000	0.000000	0.000000	0.000000	0.000000	1733433170.286862	0.000000
210.000000	88155.347187	19349.838120	187500.000000	187500.000000	86745.399147	102628.593460	112437.008314	133731.291739	-0.068000	0.758000	0.576000	192.000000	0.000000	0.000000	0.000000	0.000000	0.000000	0.000000	0.000000	0.000000	0.000000	1733433170.290934	0.000000
211.000000	88155.369539	19352.453274	187500.000000	187500.000000	86751.657635	102649.112362	112443.713837	133717.612471	-0.068000	0.758000	0.576000	192.000000	0.000000	0.000000	0.000000	0.000000	0.000000	0.000000	0.000000	0.000000	0.000000	1733433170.294902	0.000000
212.000000	88144.014853	19346.261841	187500.000000	187500.000000	86747.164935	102646.586614	112425.899497	133706.973041	-0.068000	0.758000	0.576000	192.000000	0.000000	0.000000	0.000000	0.000000	0.000000	0.000000	0.000000	0.000000	0.000000	1733433170.298051	0.000000
213.000000	88151.078004	19363.495036	187500.000000	187500.000000	86745.868533	102622.044399	112409.292151	133710.683431	-0.068000	0.758000	0.576000	192.000000	0.000000	0.000000	0.000000	0.000000	0.000000	0.000000	0.000000	0.000000	0.000000	1733433170.301877	0.000000
214.000000	88169.026455	19375.587329	187500.000000	187500.000000	86759.950132	102646.273690	112441.188090	133719.825294	-0.068000	0.758000	0.576000	192.000000	0.000000	0.000000	0.000000	0.000000	0.000000	0.000000	0.000000	0.000000	0.000000	1733433170.305786	0.000000
215.000000	88163.572629	19371.385201	187500.000000	187500.000000	86762.654693	102657.963652	112451.648706	133720.048811	-0.068000	0.758000	0.576000	192.000000	0.000000	0.000000	0.000000	0.000000	0.000000	0.000000	0.000000	0.000000	0.000000	1733433170.309716	0.000000
216.000000	88163.974960	19363.897367	187500.000000	187500.000000	86764.845164	102645.603138	112460.857625	133711.443390	-0.068000	0.758000	0.576000	192.000000	0.000000	0.000000	0.000000	0.000000	0.000000	0.000000	0.000000	0.000000	0.000000	1733433170.314718	0.000000
217.000000	88157.269437	19354.733152	187500.000000	187500.000000	86756.530315	102659.952958	112460.544701	133729.436544	-0.068000	0.758000	0.576000	192.000000	0.000000	0.000000	0.000000	0.000000	0.000000	0.000000	0.000000	0.000000	0.000000	1733433170.318766	0.000000
218.000000	88154.296655	19355.984849	187500.000000	187500.000000	86748.975426	102648.799437	112449.905270	133719.154742	-0.072000	0.766000	0.576000	192.000000	253.000000	192.000000	23.000000	240.000000	18.000000	0.000000	0.000000	0.000000	0.000000	1733433170.322757	0.000000
219.000000	88162.499745	19362.019820	187500.000000	187500.000000	86751.344711	102632.303850	112459.516520	133725.480285	-0.072000	0.766000	0.576000	192.000000	0.000000	0.000000	0.000000	0.000000	0.000000	0.000000	0.000000	0.000000	0.000000	1733433170.325897	0.000000
220.000000	88157.492954	19354.554338	187500.000000	187500.000000	86757.871420	102636.595385	112461.796398	133723.155704	-0.072000	0.766000	0.576000	192.000000	0.000000	0.000000	0.000000	0.000000	0.000000	0.000000	0.000000	0.000000	0.000000	1733433170.329853	0.000000
221.000000	88153.112013	19351.715666	187500.000000	187500.000000	86757.670254	102631.052152	112449.972326	133735.695033	-0.072000	0.766000	0.576000	192.000000	0.000000	0.000000	0.000000	0.000000	0.000000	0.000000	0.000000	0.000000	0.000000	1733433170.333916	0.000000
222.000000	88156.397719	19360.499902	187500.000000	187500.000000	86756.798536	102636.930661	112454.710895	133726.888445	-0.072000	0.766000	0.576000	192.000000	0.000000	0.000000	0.000000	0.000000	0.000000	0.000000	0.000000	0.000000	0.000000	1733433170.338042	0.000000
223.000000	88153.626103	19360.276384	187500.000000	187500.000000	86754.876286	102640.015202	112459.114189	133746.043890	-0.072000	0.766000	0.576000	192.000000	0.000000	0.000000	0.000000	0.000000	0.000000	0.000000	0.000000	0.000000	0.000000	1733433170.342734	0.000000
224.000000	88154.430765	19350.016934	187500.000000	187500.000000	86756.709129	102654.677946	112463.763352	133732.677547	-0.072000	0.766000	0.576000	192.000000	0.000000	0.000000	0.000000	0.000000	0.000000	0.000000	0.000000	0.000000	0.000000	1733433170.346729	0.000000
225.000000	88156.375367	19349.636954	187500.000000	187500.000000	86757.983179	102661.227007	112464.344497	133705.430771	-0.072000	0.766000	0.576000	192.000000	0.000000	0.000000	0.000000	0.000000	0.000000	0.000000	0.000000	0.000000	0.000000	1733433170.350751	0.000000
226.000000	88157.314140	19356.186015	187500.000000	187500.000000	86756.865592	102653.515655	112462.757523	133708.582367	-0.072000	0.766000	0.576000	192.000000	0.000000	0.000000	0.000000	0.000000	0.000000	0.000000	0.000000	0.000000	0.000000	1733433170.353865	0.000000
227.000000	88164.801975	19367.943033	187500.000000	187500.000000	86755.032749	102641.423361	112456.566090	133722.395745	-0.072000	0.766000	0.576000	192.000000	0.000000	0.000000	0.000000	0.000000	0.000000	0.000000	0.000000	0.000000	0.000000	1733433170.358043	0.000000
228.000000	88163.304408	19358.979983	187500.000000	187500.000000	86749.601275	102639.054077	112444.451445	133724.228588	-0.070000	0.764000	0.574000	192.000000	253.000000	208.000000	23.000000	224.000000	17.000000	240.000000	0.000000	0.000000	0.000000	1733433170.361875	0.000000
229.000000	88164.109071	19362.891538	187500.000000	187500.000000	86753.177554	102654.677946	112465.462084	133740.299492	-0.070000	0.764000	0.574000	192.000000	0.000000	0.000000	0.000000	0.000000	0.000000	0.000000	0.000000	0.000000	0.000000	1733433170.366098	0.000000
230.000000	88155.168373	19358.532948	187500.000000	187500.000000	86747.388452	102655.728478	112463.092800	133723.423925	-0.070000	0.764000	0.574000	192.000000	0.000000	0.000000	0.000000	0.000000	0.000000	0.000000	0.000000	0.000000	0.000000	1733433170.369856	0.000000
231.000000	88150.407451	19347.915870	187500.000000	187500.000000	86744.303911	102645.603138	112456.767256	133734.018652	-0.070000	0.764000	0.574000	192.000000	0.000000	0.000000	0.000000	0.000000	0.000000	0.000000	0.000000	0.000000	0.000000	1733433170.374785	0.000000
232.000000	88154.721338	19353.280288	187500.000000	187500.000000	86745.622664	102644.507902	112474.603948	133750.178963	-0.070000	0.764000	0.574000	192.000000	0.000000	0.000000	0.000000	0.000000	0.000000	0.000000	0.000000	0.000000	0.000000	1733433170.377827	0.000000
233.000000	88155.458946	19350.128692	187500.000000	187500.000000	86744.505077	102657.226045	112478.180227	133732.409326	-0.070000	0.764000	0.574000	192.000000	0.000000	0.000000	0.000000	0.000000	0.000000	0.000000	0.000000	0.000000	0.000000	1733433170.381816	0.000000
234.000000	88162.186821	19359.717591	187500.000000	187500.000000	86746.606141	102667.954882	112477.509675	133723.446277	-0.070000	0.764000	0.574000	192.000000	0.000000	0.000000	0.000000	0.000000	0.000000	0.000000	0.000000	0.000000	0.000000	1733433170.385798	0.000000
235.000000	88163.438518	19364.411457	187500.000000	187500.000000	86741.666405	102667.463144	112473.978099	133724.697974	-0.070000	0.764000	0.574000	192.000000	0.000000	0.000000	0.000000	0.000000	0.000000	0.000000	0.000000	0.000000	0.000000	1733433170.390116	0.000000
236.000000	88162.969132	19361.192806	187500.000000	187500.000000	86744.303911	102683.310531	112484.952806	133723.312166	-0.070000	0.764000	0.574000	192.000000	0.000000	0.000000	0.000000	0.000000	0.000000	0.000000	0.000000	0.000000	0.000000	1733433170.394022	0.000000
237.000000	88162.812670	19362.668021	187500.000000	187500.000000	86741.040557	102695.089900	112487.970291	133752.972931	-0.070000	0.764000	0.574000	192.000000	0.000000	0.000000	0.000000	0.000000	0.000000	0.000000	0.000000	0.000000	0.000000	1733433170.398161	0.000000
238.000000	88152.888495	19348.161739	187500.000000	187500.000000	86723.785010	102660.958786	112476.950881	133778.140995	-0.072000	0.772000	0.574000	192.000000	253.000000	192.000000	24.000000	32.000000	17.000000	240.000000	0.000000	0.000000	0.000000	1733433170.403027	0.000000
239.000000	88159.817536	19360.544605	187500.000000	187500.000000	86733.619777	102665.384432	112474.268672	133709.364678	-0.072000	0.772000	0.574000	192.000000	0.000000	0.000000	0.000000	0.000000	0.000000	0.000000	0.000000	0.000000	0.000000	1733433170.405830	0.000000
240.000000	88156.129498	19363.293870	187500.000000	187500.000000	86728.210655	102641.870396	112461.304660	133703.352058	-0.072000	0.772000	0.574000	192.000000	0.000000	0.000000	0.000000	0.000000	0.000000	0.000000	0.000000	0.000000	0.000000	1733433170.409860	0.000000
241.000000	88153.894324	19349.480492	187500.000000	187500.000000	86721.728649	102642.138617	112456.499035	133704.223776	-0.072000	0.772000	0.574000	192.000000	0.000000	0.000000	0.000000	0.000000	0.000000	0.000000	0.000000	0.000000	0.000000	1733433170.413862	0.000000
242.000000	88155.838925	19345.345419	187500.000000	187500.000000	86736.190228	102655.326147	112477.576730	133722.686317	-0.072000	0.772000	0.574000	192.000000	0.000000	0.000000	0.000000	0.000000	0.000000	0.000000	0.000000	0.000000	0.000000	1733433170.417914	0.000000
243.000000	88152.910847	19346.798282	187500.000000	187500.000000	86737.911312	102652.778048	112476.213274	133708.828236	-0.072000	0.772000	0.574000	192.000000	0.000000	0.000000	0.000000	0.000000	0.000000	0.000000	0.000000	0.000000	0.000000	1733433170.422124	0.000000
244.000000	88154.743690	19359.337611	187500.000000	187500.000000	86739.028900	102655.527312	112476.548550	133728.721288	-0.072000	0.772000	0.574000	192.000000	0.000000	0.000000	0.000000	0.000000	0.000000	0.000000	0.000000	0.000000	0.000000	1733433170.426007	0.000000
245.000000	88147.434669	19343.691390	187500.000000	187500.000000	86740.638225	102656.935472	112463.293965	133723.334518	-0.072000	0.772000	0.574000	192.000000	0.000000	0.000000	0.000000	0.000000	0.000000	0.000000	0.000000	0.000000	0.000000	1733433170.431111	0.000000
246.000000	88157.984693	19346.150082	187500.000000	187500.000000	86750.607103	102661.875208	112473.575768	133712.493922	-0.072000	0.772000	0.574000	192.000000	0.000000	0.000000	0.000000	0.000000	0.000000	0.000000	0.000000	0.000000	0.000000	1733433170.434065	0.000000
247.000000	88158.990521	19352.386219	187500.000000	187500.000000	86753.892810	102672.916969	112485.064564	133710.236396	-0.072000	0.772000	0.574000	192.000000	0.000000	0.000000	0.000000	0.000000	0.000000	0.000000	0.000000	0.000000	0.000000	1733433170.437192	0.000000
248.000000	88162.142117	19365.484341	187500.000000	187500.000000	86750.696510	102677.789650	112485.958634	133728.341309	-0.074000	0.770000	0.572000	192.000000	253.000000	176.000000	24.000000	16.000000	17.000000	224.000000	0.000000	0.000000	0.000000	1733433170.441900	0.000000
249.000000	88159.303446	19366.110190	187500.000000	187500.000000	86745.175629	102674.503943	112491.725384	133759.477289	-0.074000	0.770000	0.572000	192.000000	0.000000	0.000000	0.000000	0.000000	0.000000	0.000000	0.000000	0.000000	0.000000	1733433170.445890	0.000000
250.000000	88159.214039	19354.777855	187500.000000	187500.000000	86758.452565	102671.754679	112497.358024	133739.137201	-0.074000	0.770000	0.572000	192.000000	0.000000	0.000000	0.000000	0.000000	0.000000	0.000000	0.000000	0.000000	0.000000	1733433170.449879	0.000000
251.000000	88159.705777	19346.686524	187500.000000	187500.000000	86762.632342	102676.225028	112504.577637	133720.629957	-0.074000	0.770000	0.572000	192.000000	0.000000	0.000000	0.000000	0.000000	0.000000	0.000000	0.000000	0.000000	0.000000	1733433170.453970	0.000000
252.000000	88156.911809	19346.932393	187500.000000	187500.000000	86761.961789	102671.821734	112502.230704	133739.584236	-0.074000	0.770000	0.572000	192.000000	0.000000	0.000000	0.000000	0.000000	0.000000	0.000000	0.000000	0.000000	0.000000	1733433170.458952	0.000000
253.000000	88154.900152	19354.554338	187500.000000	187500.000000	86767.147394	102670.637091	112499.749660	133756.482155	-0.074000	0.770000	0.572000	192.000000	0.000000	0.000000	0.000000	0.000000	0.000000	0.000000	0.000000	0.000000	0.000000	1733433170.461935	0.000000
254.000000	88153.469640	19353.727323	187500.000000	187500.000000	86763.682874	102676.135621	112490.116059	133716.383125	-0.074000	0.770000	0.572000	192.000000	0.000000	0.000000	0.000000	0.000000	0.000000	0.000000	0.000000	0.000000	0.000000	1733433170.465147	0.000000
255.000000	88161.560972	19361.304565	187500.000000	187500.000000	86766.387435	102676.046214	112492.552399	133755.364568	-0.074000	0.770000	0.572000	192.000000	0.000000	0.000000	0.000000	0.000000	0.000000	0.000000	0.000000	0.000000	0.000000	1733433170.470091	0.000000
0.000000	88161.337454	19356.387181	187500.000000	187500.000000	86760.486574	102675.554475	112501.828373	133737.460820	-0.074000	0.770000	0.572000	192.000000	0.000000	0.000000	0.000000	0.000000	0.000000	0.000000	0.000000	0.000000	0.000000	1733433170.474197	0.000000
1.000000	88160.264571	19359.047038	187500.000000	187500.000000	86765.336903	102685.277484	112501.470745	133719.847646	-0.074000	0.770000	0.572000	192.000000	0.000000	0.000000	0.000000	0.000000	0.000000	0.000000	0.000000	0.000000	0.000000	1733433170.478108	0.000000
2.000000	88165.874859	19374.715611	187500.000000	187500.000000	86774.143490	102701.527202	112512.288989	133725.323823	-0.072000	0.766000	0.574000	192.000000	253.000000	192.000000	23.000000	240.000000	17.000000	240.000000	0.000000	0.000000	0.000000	1733433170.481941	0.000000
3.000000	88158.990521	19369.686469	187500.000000	187500.000000	86770.455452	102685.389243	112507.930399	133732.319919	-0.072000	0.766000	0.574000	192.000000	0.000000	0.000000	0.000000	0.000000	0.000000	0.000000	0.000000	0.000000	0.000000	1733433170.486966	0.000000
4.000000	88153.559047	19367.250129	187500.000000	187500.000000	86760.531278	102671.397051	112490.652500	133722.798076	-0.072000	0.766000	0.574000	192.000000	0.000000	0.000000	0.000000	0.000000	0.000000	0.000000	0.000000	0.000000	0.000000	1733433170.489944	0.000000
5.000000	88164.176126	19376.101419	187500.000000	187500.000000	86768.332037	102681.030653	112492.798268	133731.023518	-0.072000	0.766000	0.574000	192.000000	0.000000	0.000000	0.000000	0.000000	0.000000	0.000000	0.000000	0.000000	0.000000	1733433170.493006	0.000000
6.000000	88157.515306	19354.688448	187500.000000	187500.000000	86763.571115	102683.489345	112494.653463	133738.310187	-0.072000	0.766000	0.574000	192.000000	0.000000	0.000000	0.000000	0.000000	0.000000	0.000000	0.000000	0.000000	0.000000	1733433170.498011	0.000000
7.000000	88151.413280	19349.346381	187500.000000	187500.000000	86761.045368	102685.232781	112487.746774	133740.791230	-0.072000	0.766000	0.574000	192.000000	0.000000	0.000000	0.000000	0.000000	0.000000	0.000000	0.000000	0.000000	0.000000	1733433170.502166	0.000000
8.000000	88149.356919	19357.772989	187500.000000	187500.000000	86763.302894	102670.570036	112487.076221	133735.583274	-0.072000	0.766000	0.574000	192.000000	0.000000	0.000000	0.000000	0.000000	0.000000	0.000000	0.000000	0.000000	0.000000	1733433170.506216	0.000000
9.000000	88150.832135	19357.974155	187500.000000	187500.000000	86761.447699	102673.587522	112496.195733	133719.937053	-0.072000	0.766000	0.574000	192.000000	0.000000	0.000000	0.000000	0.000000	0.000000	0.000000	0.000000	0.000000	0.000000	1733433170.509995	0.000000
10.000000	88160.532792	19368.546530	187500.000000	187500.000000	86773.696455	102673.654577	112511.953713	133736.343233	-0.072000	0.766000	0.574000	192.000000	0.000000	0.000000	0.000000	0.000000	0.000000	0.000000	0.000000	0.000000	0.000000	1733433170.514143	0.000000
11.000000	88162.142117	19371.519312	187500.000000	187500.000000	86774.746987	102685.389243	112516.468765	133740.299492	-0.072000	0.766000	0.574000	192.000000	0.000000	0.000000	0.000000	0.000000	0.000000	0.000000	0.000000	0.000000	0.000000	1733433170.517057	0.000000
12.000000	88160.175164	19361.393972	187500.000000	187500.000000	86775.372836	102687.579714	112515.865268	133755.364568	-0.072000	0.766000	0.574000	192.000000	253.000000	192.000000	23.000000	240.000000	17.000000	240.000000	0.000000	0.000000	0.000000	1733433170.521000	0.000000
13.000000	88152.664978	19347.893518	187500.000000	187500.000000	86767.080339	102679.242513	112508.243323	133766.965123	-0.072000	0.766000	0.574000	192.000000	0.000000	0.000000	0.000000	0.000000	0.000000	0.000000	0.000000	0.000000	0.000000	1733433170.525999	0.000000
14.000000	88162.008007	19359.270556	187500.000000	187500.000000	86774.009380	102701.102519	112517.698111	133753.419966	-0.072000	0.766000	0.574000	192.000000	0.000000	0.000000	0.000000	0.000000	0.000000	0.000000	0.000000	0.000000	0.000000	1733433170.530043	0.000000
15.000000	88161.091585	19363.495036	187500.000000	187500.000000	86768.890830	102681.969426	112500.599027	133740.098326	-0.072000	0.766000	0.574000	192.000000	0.000000	0.000000	0.000000	0.000000	0.000000	0.000000	0.000000	0.000000	0.000000	1733433170.534072	0.000000
16.000000	88159.616370	19366.870149	187500.000000	187500.000000	86763.124080	102669.675966	112500.263751	133721.836951	-0.072000	0.766000	0.574000	192.000000	0.000000	0.000000	0.000000	0.000000	0.000000	0.000000	0.000000	0.000000	0.000000	1733433170.538045	0.000000
17.000000	88161.404510	19374.112114	187500.000000	187500.000000	86759.883077	102675.599179	112506.254018	133744.658082	-0.072000	0.766000	0.574000	192.000000	0.000000	0.000000	0.000000	0.000000	0.000000	0.000000	0.000000	0.000000	0.000000	1733433170.541164	0.000000
18.000000	88158.834059	19369.150027	187500.000000	187500.000000	86740.146487	102668.804248	112498.453259	133716.092553	-0.072000	0.766000	0.574000	192.000000	0.000000	0.000000	0.000000	0.000000	0.000000	0.000000	0.000000	0.000000	0.000000	1733433170.545167	0.000000
19.000000	88164.399643	19375.073239	187500.000000	187500.000000	86748.640150	102681.991778	112506.701053	133699.574614	-0.072000	0.766000	0.574000	192.000000	0.000000	0.000000	0.000000	0.000000	0.000000	0.000000	0.000000	0.000000	0.000000	1733433170.549329	0.000000
20.000000	88164.734920	19365.573748	187500.000000	187500.000000	86751.121193	102675.710937	112511.618437	133726.486114	-0.072000	0.766000	0.574000	192.000000	0.000000	0.000000	0.000000	0.000000	0.000000	0.000000	0.000000	0.000000	0.000000	1733433170.553129	0.000000
21.000000	88153.469640	19353.012067	187500.000000	187500.000000	86738.917141	102667.284330	112506.008149	133716.338422	-0.072000	0.766000	0.574000	192.000000	0.000000	0.000000	0.000000	0.000000	0.000000	0.000000	0.000000	0.000000	0.000000	1733433170.558262	0.000000
22.000000	88161.069234	19364.456161	187500.000000	187500.000000	86747.187286	102670.614740	112509.875001	133740.612416	-0.072000	0.770000	0.582000	192.000000	253.000000	192.000000	24.000000	16.000000	18.000000	48.000000	0.000000	0.000000	0.000000	1733433170.562060	0.000000
23.000000	88159.638722	19364.791437	187500.000000	187500.000000	86752.931685	102674.883923	112505.136431	133767.367454	-0.072000	0.770000	0.582000	192.000000	0.000000	0.000000	0.000000	0.000000	0.000000	0.000000	0.000000	0.000000	0.000000	1733433170.566104	0.000000
24.000000	88169.741710	19372.122809	187500.000000	187500.000000	86765.135737	102692.430042	112512.467803	133740.120678	-0.072000	0.770000	0.582000	192.000000	0.000000	0.000000	0.000000	0.000000	0.000000	0.000000	0.000000	0.000000	0.000000	1733433170.569101	0.000000
25.000000	88160.599847	19353.950841	187500.000000	187500.000000	86757.044406	102679.264865	112504.622341	133733.973948	-0.072000	0.770000	0.582000	192.000000	0.000000	0.000000	0.000000	0.000000	0.000000	0.000000	0.000000	0.000000	0.000000	1733433170.573321	0.000000
26.000000	88156.375367	19354.867262	187500.000000	187500.000000	86747.477859	102675.219199	112509.517373	133732.476381	-0.072000	0.770000	0.582000	192.000000	0.000000	0.000000	0.000000	0.000000	0.000000	0.000000	0.000000	0.000000	0.000000	1733433170.577313	0.000000
27.000000	88160.421033	19360.477550	187500.000000	187500.000000	86759.726615	102691.871249	112518.972161	133737.930207	-0.072000	0.770000	0.582000	192.000000	0.000000	0.000000	0.000000	0.000000	0.000000	0.000000	0.000000	0.000000	0.000000	1733433170.581456	0.000000
28.000000	88167.752405	19361.908062	187500.000000	187500.000000	86761.537106	102692.139470	112503.884733	133747.899085	-0.072000	0.770000	0.582000	192.000000	0.000000	0.000000	0.000000	0.000000	0.000000	0.000000	0.000000	0.000000	0.000000	1733433170.586269	0.000000
29.000000	88159.258742	19345.792454	187500.000000	187500.000000	86755.815060	102682.483516	112514.412405	133737.997262	-0.072000	0.770000	0.582000	192.000000	0.000000	0.000000	0.000000	0.000000	0.000000	0.000000	0.000000	0.000000	0.000000	1733433170.590334	0.000000
30.000000	88162.276228	19357.974155	187500.000000	187500.000000	86751.948208	102661.539931	112517.385187	133745.909780	-0.072000	0.770000	0.582000	192.000000	0.000000	0.000000	0.000000	0.000000	0.000000	0.000000	0.000000	0.000000	0.000000	1733433170.594126	0.000000
31.000000	88167.327722	19380.884693	187500.000000	187500.000000	86760.330112	102682.282350	112525.118890	133740.433602	-0.072000	0.770000	0.582000	192.000000	0.000000	0.000000	0.000000	0.000000	0.000000	0.000000	0.000000	0.000000	0.000000	1733433170.597110	0.000000
32.000000	88174.569687	19378.113076	187500.000000	187500.000000	86766.521545	102687.333845	112529.812757	133751.028329	-0.078000	0.770000	0.584000	192.000000	253.000000	144.000000	24.000000	16.000000	18.000000	64.000000	0.000000	0.000000	0.000000	1733433170.601116	0.000000
33.000000	88167.841812	19360.991640	187500.000000	187500.000000	86757.804365	102677.342615	112512.512507	133733.817486	-0.078000	0.770000	0.584000	192.000000	0.000000	0.000000	0.000000	0.000000	0.000000	0.000000	0.000000	0.000000	0.000000	1733433170.605146	0.000000
34.000000	88165.807803	19359.002335	187500.000000	187500.000000	86751.791746	102685.478650	112513.943018	133743.696957	-0.078000	0.770000	0.584000	192.000000	0.000000	0.000000	0.000000	0.000000	0.000000	0.000000	0.000000	0.000000	0.000000	1733433170.609280	0.000000
35.000000	88161.560972	19349.636954	187500.000000	187500.000000	86755.010397	102690.172516	112519.150975	133736.365585	-0.078000	0.770000	0.584000	192.000000	0.000000	0.000000	0.000000	0.000000	0.000000	0.000000	0.000000	0.000000	0.000000	1733433170.614305	0.000000
36.000000	88166.590114	19354.397876	187500.000000	187500.000000	86757.782013	102688.809060	112527.979914	133730.464724	-0.078000	0.770000	0.584000	192.000000	0.000000	0.000000	0.000000	0.000000	0.000000	0.000000	0.000000	0.000000	0.000000	1733433170.618389	0.000000
37.000000	88169.585248	19365.797265	187500.000000	187500.000000	86754.250438	102683.869324	112534.730141	133745.529800	-0.078000	0.770000	0.584000	192.000000	0.000000	0.000000	0.000000	0.000000	0.000000	0.000000	0.000000	0.000000	0.000000	1733433170.621310	0.000000
38.000000	88174.256763	19375.296757	187500.000000	187500.000000	86758.161993	102694.195830	112539.893394	133761.310132	-0.078000	0.770000	0.584000	192.000000	0.000000	0.000000	0.000000	0.000000	0.000000	0.000000	0.000000	0.000000	0.000000	1733433170.625157	0.000000
39.000000	88171.596905	19371.251091	187500.000000	187500.000000	86764.845164	102707.986856	112534.439568	133755.833954	-0.078000	0.770000	0.584000	192.000000	0.000000	0.000000	0.000000	0.000000	0.000000	0.000000	0.000000	0.000000	0.000000	1733433170.629167	0.000000
40.000000	88167.931219	19364.947899	187500.000000	187500.000000	86754.988045	102688.496135	112525.208297	133766.048702	-0.078000	0.770000	0.584000	192.000000	0.000000	0.000000	0.000000	0.000000	0.000000	0.000000	0.000000	0.000000	0.000000	1733433170.633204	0.000000
41.000000	88167.707702	19366.087838	187500.000000	187500.000000	86750.383586	102685.679815	112515.865268	133737.572579	-0.078000	0.770000	0.584000	192.000000	0.000000	0.000000	0.000000	0.000000	0.000000	0.000000	0.000000	0.000000	0.000000	1733433170.637173	0.000000
42.000000	88169.831117	19374.737963	187500.000000	187500.000000	86748.014301	102699.560249	112529.656295	133750.693053	-0.072000	0.772000	0.580000	192.000000	253.000000	192.000000	24.000000	32.000000	18.000000	32.000000	0.000000	0.000000	0.000000	1733433170.641274	0.000000
43.000000	88165.763100	19369.150027	187500.000000	187500.000000	86743.432193	102697.794461	112529.097501	133731.805829	-0.072000	0.772000	0.580000	192.000000	0.000000	0.000000	0.000000	0.000000	0.000000	0.000000	0.000000	0.000000	0.000000	1733433170.646380	0.000000
44.000000	88157.671768	19364.947899	187500.000000	187500.000000	86734.715013	102683.802269	112509.159745	133721.568730	-0.072000	0.772000	0.580000	192.000000	0.000000	0.000000	0.000000	0.000000	0.000000	0.000000	0.000000	0.000000	0.000000	1733433170.649370	0.000000
45.000000	88160.376329	19369.328841	187500.000000	187500.000000	86738.648920	102685.165725	112519.888582	133721.658137	-0.072000	0.772000	0.580000	192.000000	0.000000	0.000000	0.000000	0.000000	0.000000	0.000000	0.000000	0.000000	0.000000	1733433170.653386	0.000000
46.000000	88158.364672	19367.160722	187500.000000	187500.000000	86740.817039	102696.967446	112524.336579	133729.883579	-0.072000	0.772000	0.580000	192.000000	0.000000	0.000000	0.000000	0.000000	0.000000	0.000000	0.000000	0.000000	0.000000	1733433170.657585	0.000000
47.000000	88151.569742	19346.284192	187500.000000	187500.000000	86748.841315	102709.640886	112524.671856	133727.447239	-0.072000	0.772000	0.580000	192.000000	0.000000	0.000000	0.000000	0.000000	0.000000	0.000000	0.000000	0.000000	0.000000	1733433170.661227	0.000000
48.000000	88162.767966	19360.142274	187500.000000	187500.000000	86753.624589	102691.088938	112534.908954	133731.336442	-0.072000	0.772000	0.580000	192.000000	0.000000	0.000000	0.000000	0.000000	0.000000	0.000000	0.000000	0.000000	0.000000	1733433170.665245	0.000000
49.000000	88169.697007	19373.687431	187500.000000	187500.000000	86758.273752	102698.688531	112543.290859	133733.482210	-0.072000	0.772000	0.580000	192.000000	0.000000	0.000000	0.000000	0.000000	0.000000	0.000000	0.000000	0.000000	0.000000	1733433170.670285	0.000000
50.000000	88162.455042	19366.646632	187500.000000	187500.000000	86755.971522	102687.803231	112533.567850	133745.820373	-0.072000	0.772000	0.580000	192.000000	0.000000	0.000000	0.000000	0.000000	0.000000	0.000000	0.000000	0.000000	0.000000	1733433170.674246	0.000000
51.000000	88154.810745	19365.417286	187500.000000	187500.000000	86746.874362	102676.783821	112524.493042	133759.589047	-0.072000	0.772000	0.580000	192.000000	0.000000	0.000000	0.000000	0.000000	0.000000	0.000000	0.000000	0.000000	0.000000	1733433170.677469	0.000000
52.000000	88152.709681	19354.867262	187500.000000	187500.000000	86749.377757	102690.619551	112532.025579	133761.734815	-0.068000	0.766000	0.576000	192.000000	253.000000	224.000000	23.000000	240.000000	18.000000	0.000000	0.000000	0.000000	0.000000	1733433170.681448	0.000000
53.000000	88148.932236	19349.659306	187500.000000	187500.000000	86746.874362	102685.121022	112520.715597	133733.549265	-0.068000	0.766000	0.576000	192.000000	0.000000	0.000000	0.000000	0.000000	0.000000	0.000000	0.000000	0.000000	0.000000	1733433170.685541	0.000000
54.000000	88145.534771	19341.433864	187500.000000	187500.000000	86741.934626	102682.997606	112502.722442	133722.954538	-0.068000	0.766000	0.576000	192.000000	0.000000	0.000000	0.000000	0.000000	0.000000	0.000000	0.000000	0.000000	0.000000	1733433170.689396	0.000000
55.000000	88146.518248	19349.212271	187500.000000	187500.000000	86739.386527	102702.018941	112507.393957	133745.194524	-0.068000	0.766000	0.576000	192.000000	0.000000	0.000000	0.000000	0.000000	0.000000	0.000000	0.000000	0.000000	0.000000	1733433170.693393	0.000000
56.000000	88149.088699	19356.476588	187500.000000	187500.000000	86748.416632	102699.806118	112515.194716	133743.808716	-0.068000	0.766000	0.576000	192.000000	0.000000	0.000000	0.000000	0.000000	0.000000	0.000000	0.000000	0.000000	0.000000	1733433170.697231	0.000000
57.000000	88159.169335	19363.964422	187500.000000	187500.000000	86759.033711	102691.692435	112521.341446	133728.341309	-0.068000	0.766000	0.576000	192.000000	0.000000	0.000000	0.000000	0.000000	0.000000	0.000000	0.000000	0.000000	0.000000	1733433170.702302	0.000000
58.000000	88160.085757	19367.987736	187500.000000	187500.000000	86753.713996	102690.150164	112533.456091	133718.998279	-0.068000	0.766000	0.576000	192.000000	0.000000	0.000000	0.000000	0.000000	0.000000	0.000000	0.000000	0.000000	0.000000	1733433170.705657	0.000000
59.000000	88148.596960	19345.479530	187500.000000	187500.000000	86737.196057	102678.974292	112514.479460	133729.391841	-0.068000	0.766000	0.576000	192.000000	0.000000	0.000000	0.000000	0.000000	0.000000	0.000000	0.000000	0.000000	0.000000	1733433170.709308	0.000000
60.000000	88143.746632	19337.455253	187500.000000	187500.000000	86732.770411	102681.075356	112509.338559	133726.419059	-0.068000	0.766000	0.576000	192.000000	0.000000	0.000000	0.000000	0.000000	0.000000	0.000000	0.000000	0.000000	0.000000	1733433170.713384	0.000000
61.000000	88136.370556	19326.637009	187500.000000	187500.000000	86732.837466	102682.170592	112512.668969	133702.748561	-0.068000	0.766000	0.576000	192.000000	0.000000	0.000000	0.000000	0.000000	0.000000	0.000000	0.000000	0.000000	0.000000	1733433170.717371	0.000000
62.000000	88144.841867	19337.343495	187500.000000	187500.000000	86737.397222	102683.779917	112513.920666	133722.686317	-0.070000	0.766000	0.576000	192.000000	253.000000	208.000000	23.000000	240.000000	18.000000	0.000000	0.000000	0.000000	0.000000	1733433170.721501	0.000000
63.000000	88160.711606	19357.638879	187500.000000	187500.000000	86749.534219	102706.019903	112521.877887	133727.156666	-0.070000	0.766000	0.576000	192.000000	0.000000	0.000000	0.000000	0.000000	0.000000	0.000000	0.000000	0.000000	0.000000	1733433170.725528	0.000000
64.000000	88152.910847	19357.191844	187500.000000	187500.000000	86745.868533	102708.456243	112516.558172	133729.391841	-0.070000	0.766000	0.576000	192.000000	0.000000	0.000000	0.000000	0.000000	0.000000	0.000000	0.000000	0.000000	0.000000	1733433170.730297	0.000000
65.000000	88151.659149	19352.341515	187500.000000	187500.000000	86752.685815	102698.688531	112522.079053	133761.243076	-0.070000	0.766000	0.576000	192.000000	0.000000	0.000000	0.000000	0.000000	0.000000	0.000000	0.000000	0.000000	0.000000	1733433170.733342	0.000000
66.000000	88159.594018	19365.551396	187500.000000	187500.000000	86760.821850	102709.216202	112524.805966	133725.949672	-0.070000	0.766000	0.576000	192.000000	0.000000	0.000000	0.000000	0.000000	0.000000	0.000000	0.000000	0.000000	0.000000	1733433170.737527	0.000000
67.000000	88151.882667	19356.409533	187500.000000	187500.000000	86757.402033	102701.482499	112526.057664	133715.422000	-0.070000	0.766000	0.576000	192.000000	0.000000	0.000000	0.000000	0.000000	0.000000	0.000000	0.000000	0.000000	0.000000	1733433170.741365	0.000000
68.000000	88143.098431	19336.985867	187500.000000	187500.000000	86755.032749	102702.756548	112528.873983	133722.239282	-0.070000	0.766000	0.576000	192.000000	0.000000	0.000000	0.000000	0.000000	0.000000	0.000000	0.000000	0.000000	0.000000	1733433170.745654	0.000000
69.000000	88154.341358	19340.182166	187500.000000	187500.000000	86761.648865	102713.038351	112538.440530	133729.905931	-0.070000	0.766000	0.576000	192.000000	0.000000	0.000000	0.000000	0.000000	0.000000	0.000000	0.000000	0.000000	0.000000	1733433170.749521	0.000000
70.000000	88163.282056	19352.140349	187500.000000	187500.000000	86760.218353	102712.054874	112530.125681	133761.421890	-0.070000	0.766000	0.576000	192.000000	0.000000	0.000000	0.000000	0.000000	0.000000	0.000000	0.000000	0.000000	0.000000	1733433170.753693	0.000000
71.000000	88159.951646	19358.689411	187500.000000	187500.000000	86754.876286	102702.533031	112512.758376	133752.481193	-0.070000	0.766000	0.576000	192.000000	0.000000	0.000000	0.000000	0.000000	0.000000	0.000000	0.000000	0.000000	0.000000	1733433170.757597	0.000000
72.000000	88151.927370	19350.888652	187500.000000	187500.000000	86755.546839	102716.972258	112528.516356	133724.876788	-0.070000	0.766000	0.576000	192.000000	0.000000	0.000000	0.000000	0.000000	0.000000	0.000000	0.000000	0.000000	0.000000	1733433170.760512	0.000000
73.000000	88155.816574	19356.990678	187500.000000	187500.000000	86762.833507	102729.019848	112545.481330	133738.109021	-0.074000	0.766000	0.572000	192.000000	253.000000	176.000000	23.000000	240.000000	17.000000	224.000000	0.000000	0.000000	0.000000	1733433170.764500	0.000000
74.000000	88163.684388	19371.586367	187500.000000	187500.000000	86769.494327	102728.393999	112543.939059	133742.557018	-0.074000	0.766000	0.572000	192.000000	0.000000	0.000000	0.000000	0.000000	0.000000	0.000000	0.000000	0.000000	0.000000	1733433170.769441	0.000000
75.000000	88164.399643	19357.527120	187500.000000	187500.000000	86754.518658	102721.062627	112528.762225	133741.975873	-0.074000	0.766000	0.572000	192.000000	0.000000	0.000000	0.000000	0.000000	0.000000	0.000000	0.000000	0.000000	0.000000	1733433170.773446	0.000000
76.000000	88159.236390	19354.330820	187500.000000	187500.000000	86745.577961	102710.803176	112518.033387	133739.338367	-0.074000	0.766000	0.572000	192.000000	0.000000	0.000000	0.000000	0.000000	0.000000	0.000000	0.000000	0.000000	0.000000	1733433170.777421	0.000000
77.000000	88148.105222	19345.904213	187500.000000	187500.000000	86742.046385	102694.620513	112519.642713	133725.033250	-0.074000	0.766000	0.572000	192.000000	0.000000	0.000000	0.000000	0.000000	0.000000	0.000000	0.000000	0.000000	0.000000	1733433170.781745	0.000000
78.000000	88143.612521	19331.755558	187500.000000	187500.000000	86736.704318	102674.526295	112512.423100	133708.448256	-0.074000	0.766000	0.572000	192.000000	0.000000	0.000000	0.000000	0.000000	0.000000	0.000000	0.000000	0.000000	0.000000	1733433170.785827	0.000000
79.000000	88163.147946	19360.365791	187500.000000	187500.000000	86750.987083	102690.798365	112521.676722	133723.468628	-0.074000	0.766000	0.572000	192.000000	0.000000	0.000000	0.000000	0.000000	0.000000	0.000000	0.000000	0.000000	0.000000	1733433170.788640	0.000000
80.000000	88167.707702	19371.429905	187500.000000	187500.000000	86758.810193	102710.177327	112535.914783	133712.806846	-0.074000	0.766000	0.572000	192.000000	0.000000	0.000000	0.000000	0.000000	0.000000	0.000000	0.000000	0.000000	0.000000	1733433170.793758	0.000000
81.000000	88161.784489	19349.614602	187500.000000	187500.000000	86753.445775	102723.431912	112536.160652	133728.430716	-0.074000	0.766000	0.572000	192.000000	0.000000	0.000000	0.000000	0.000000	0.000000	0.000000	0.000000	0.000000	0.000000	1733433170.797611	0.000000
82.000000	88159.549315	19335.287134	187500.000000	187500.000000	86750.383586	102714.290048	112537.278239	133770.563754	-0.074000	0.766000	0.572000	192.000000	0.000000	0.000000	0.000000	0.000000	0.000000	0.000000	0.000000	0.000000	0.000000	1733433170.801436	0.000000
83.000000	88156.867106	19335.197727	187500.000000	187500.000000	86751.992911	102728.192833	112539.468710	133751.162440	-0.076000	0.762000	0.566000	192.000000	253.000000	160.000000	23.000000	208.000000	17.000000	176.000000	0.000000	0.000000	0.000000	1733433170.805576	0.000000
84.000000	88162.276228	19344.630163	187500.000000	187500.000000	86754.250438	102728.371647	112534.953658	133731.068221	-0.076000	0.762000	0.566000	192.000000	0.000000	0.000000	0.000000	0.000000	0.000000	0.000000	0.000000	0.000000	0.000000	1733433170.809475	0.000000
85.000000	88170.747539	19361.103399	187500.000000	187500.000000	86763.861688	102729.422179	112526.214126	133733.750431	-0.076000	0.762000	0.566000	192.000000	0.000000	0.000000	0.000000	0.000000	0.000000	0.000000	0.000000	0.000000	0.000000	1733433170.813467	0.000000
86.000000	88166.478356	19366.311355	187500.000000	187500.000000	86770.701321	102728.259889	112529.164556	133743.473440	-0.076000	0.762000	0.566000	192.000000	0.000000	0.000000	0.000000	0.000000	0.000000	0.000000	0.000000	0.000000	0.000000	1733433170.816470	0.000000
87.000000	88163.907905	19357.437713	187500.000000	187500.000000	86770.388397	102740.553348	112543.335562	133733.683376	-0.076000	0.762000	0.566000	192.000000	0.000000	0.000000	0.000000	0.000000	0.000000	0.000000	0.000000	0.000000	0.000000	1733433170.821652	0.000000
88.000000	88145.981806	19331.353227	187500.000000	187500.000000	86764.554592	102721.464958	112538.328771	133737.483172	-0.076000	0.762000	0.566000	192.000000	0.000000	0.000000	0.000000	0.000000	0.000000	0.000000	0.000000	0.000000	0.000000	1733433170.825621	0.000000
89.000000	88142.986672	19335.287134	187500.000000	187500.000000	86763.504060	102719.989743	112532.405559	133720.361736	-0.076000	0.762000	0.566000	192.000000	0.000000	0.000000	0.000000	0.000000	0.000000	0.000000	0.000000	0.000000	0.000000	1733433170.829763	0.000000
90.000000	88143.500762	19341.545623	187500.000000	187500.000000	86758.027882	102715.050008	112528.471652	133731.559960	-0.076000	0.762000	0.566000	192.000000	0.000000	0.000000	0.000000	0.000000	0.000000	0.000000	0.000000	0.000000	0.000000	1733433170.834234	0.000000
91.000000	88149.155754	19345.770102	187500.000000	187500.000000	86755.323321	102706.288124	112514.524164	133739.271312	-0.076000	0.762000	0.566000	192.000000	0.000000	0.000000	0.000000	0.000000	0.000000	0.000000	0.000000	0.000000	0.000000	1733433170.837634	0.000000
92.000000	88159.236390	19351.000410	187500.000000	187500.000000	86764.040502	102713.597144	112525.007132	133721.904006	-0.076000	0.762000	0.566000	192.000000	0.000000	0.000000	0.000000	0.000000	0.000000	0.000000	0.000000	0.000000	0.000000	1733433170.840506	0.000000
93.000000	88162.767966	19375.900254	187500.000000	187500.000000	86777.160976	102729.422179	112537.971143	133718.841817	-0.074000	0.764000	0.568000	192.000000	253.000000	176.000000	23.000000	224.000000	17.000000	192.000000	0.000000	0.000000	0.000000	1733433170.844519	0.000000
94.000000	88170.501670	19377.040193	187500.000000	187500.000000	86786.526357	102744.867235	112545.436626	133738.734870	-0.074000	0.764000	0.568000	192.000000	0.000000	0.000000	0.000000	0.000000	0.000000	0.000000	0.000000	0.000000	0.000000	1733433170.848492	0.000000
95.000000	88170.300504	19355.716629	187500.000000	187500.000000	86787.196909	102717.933383	112544.184928	133739.941864	-0.074000	0.764000	0.568000	192.000000	0.000000	0.000000	0.000000	0.000000	0.000000	0.000000	0.000000	0.000000	0.000000	1733433170.852501	0.000000
96.000000	88169.652303	19358.488245	187500.000000	187500.000000	86787.152205	102717.553403	112551.225728	133789.830958	-0.074000	0.764000	0.568000	192.000000	0.000000	0.000000	0.000000	0.000000	0.000000	0.000000	0.000000	0.000000	0.000000	1733433170.857517	0.000000
97.000000	88170.233449	19358.845873	187500.000000	187500.000000	86786.705170	102727.142301	112540.116911	133770.697864	-0.074000	0.764000	0.568000	192.000000	0.000000	0.000000	0.000000	0.000000	0.000000	0.000000	0.000000	0.000000	0.000000	1733433170.861546	0.000000
98.000000	88164.846678	19356.677754	187500.000000	187500.000000	86792.628383	102732.372610	112537.546460	133726.799038	-0.074000	0.764000	0.568000	192.000000	0.000000	0.000000	0.000000	0.000000	0.000000	0.000000	0.000000	0.000000	0.000000	1733433170.867698	0.000000
99.000000	88168.378254	19364.813789	187500.000000	187500.000000	86800.831473	102742.520302	112543.044989	133725.972024	-0.074000	0.764000	0.568000	192.000000	0.000000	0.000000	0.000000	0.000000	0.000000	0.000000	0.000000	0.000000	0.000000	1733433170.870600	0.000000
100.000000	88167.931219	19356.811864	187500.000000	187500.000000	86799.512720	102736.060647	112553.192681	133736.097364	-0.074000	0.764000	0.568000	192.000000	0.000000	0.000000	0.000000	0.000000	0.000000	0.000000	0.000000	0.000000	0.000000	1733433170.873864	0.000000
101.000000	88165.763100	19355.448408	187500.000000	187500.000000	86798.171615	102725.264755	112550.577527	133728.676585	-0.074000	0.764000	0.568000	192.000000	0.000000	0.000000	0.000000	0.000000	0.000000	0.000000	0.000000	0.000000	0.000000	1733433170.877099	0.000000
102.000000	88170.948705	19360.656364	187500.000000	187500.000000	86798.931575	102728.326944	112555.316097	133729.704765	-0.074000	0.764000	0.568000	192.000000	0.000000	0.000000	0.000000	0.000000	0.000000	0.000000	0.000000	0.000000	0.000000	1733433170.881707	0.000000
103.000000	88174.480280	19363.875015	187500.000000	187500.000000	86791.622554	102741.335659	112555.316097	133748.100251	-0.072000	0.762000	0.574000	192.000000	253.000000	192.000000	23.000000	208.000000	17.000000	240.000000	0.000000	0.000000	0.000000	1733433170.885583	0.000000
104.000000	88169.674655	19362.936242	187500.000000	187500.000000	86779.597316	102725.912956	112540.787463	133754.604608	-0.072000	0.762000	0.574000	192.000000	0.000000	0.000000	0.000000	0.000000	0.000000	0.000000	0.000000	0.000000	0.000000	1733433170.889606	0.000000
105.000000	88173.049769	19375.922606	187500.000000	187500.000000	86782.391284	102714.893545	112542.687362	133786.768769	-0.072000	0.762000	0.574000	192.000000	0.000000	0.000000	0.000000	0.000000	0.000000	0.000000	0.000000	0.000000	0.000000	1733433170.893588	0.000000
106.000000	88165.763100	19357.661230	187500.000000	187500.000000	86778.077397	102711.049045	112531.891469	133765.221687	-0.072000	0.762000	0.574000	192.000000	0.000000	0.000000	0.000000	0.000000	0.000000	0.000000	0.000000	0.000000	0.000000	1733433170.896598	0.000000
107.000000	88154.363710	19342.842024	187500.000000	187500.000000	86767.415615	102715.519394	112524.202469	133733.862190	-0.072000	0.762000	0.574000	192.000000	0.000000	0.000000	0.000000	0.000000	0.000000	0.000000	0.000000	0.000000	0.000000	1733433170.900639	0.000000
108.000000	88169.093510	19350.642783	187500.000000	187500.000000	86781.117234	102720.749703	112542.575603	133731.671719	-0.072000	0.762000	0.574000	192.000000	0.000000	0.000000	0.000000	0.000000	0.000000	0.000000	0.000000	0.000000	0.000000	1733433170.904821	0.000000
109.000000	88179.956458	19359.047038	187500.000000	187500.000000	86790.236746	102726.851729	112557.528920	133727.357832	-0.072000	0.762000	0.574000	192.000000	0.000000	0.000000	0.000000	0.000000	0.000000	0.000000	0.000000	0.000000	0.000000	1733433170.908821	0.000000
110.000000	88172.558030	19355.515463	187500.000000	187500.000000	86785.118197	102730.293897	112563.318022	133724.429753	-0.072000	0.762000	0.574000	192.000000	0.000000	0.000000	0.000000	0.000000	0.000000	0.000000	0.000000	0.000000	0.000000	1733433170.913898	0.000000
111.000000	88171.552202	19358.488245	187500.000000	187500.000000	86790.952002	102740.598052	112570.939967	133749.173134	-0.072000	0.762000	0.574000	192.000000	0.000000	0.000000	0.000000	0.000000	0.000000	0.000000	0.000000	0.000000	0.000000	1733433170.918558	0.000000
112.000000	88174.815556	19355.917794	187500.000000	187500.000000	86782.391284	102728.416351	112557.931251	133771.010789	-0.072000	0.762000	0.574000	192.000000	0.000000	0.000000	0.000000	0.000000	0.000000	0.000000	0.000000	0.000000	0.000000	1733433170.920640	0.000000
113.000000	88161.337454	19345.233660	187500.000000	187500.000000	86774.255249	102726.002362	112558.758266	133752.570600	-0.076000	0.768000	0.580000	192.000000	253.000000	160.000000	24.000000	0.000000	18.000000	32.000000	0.000000	0.000000	0.000000	1733433170.924621	0.000000
114.000000	88151.055652	19332.336704	187500.000000	187500.000000	86776.423368	102732.774941	112558.311231	133743.249922	-0.076000	0.768000	0.580000	192.000000	0.000000	0.000000	0.000000	0.000000	0.000000	0.000000	0.000000	0.000000	0.000000	1733433170.929652	0.000000
115.000000	88153.402585	19335.622410	187500.000000	187500.000000	86775.149319	102734.294860	112551.717466	133744.255751	-0.076000	0.768000	0.580000	192.000000	0.000000	0.000000	0.000000	0.000000	0.000000	0.000000	0.000000	0.000000	0.000000	1733433170.933616	0.000000
116.000000	88155.905981	19334.504823	187500.000000	187500.000000	86767.460319	102740.016906	112546.487158	133758.046777	-0.076000	0.768000	0.580000	192.000000	0.000000	0.000000	0.000000	0.000000	0.000000	0.000000	0.000000	0.000000	0.000000	1733433170.936623	0.000000
117.000000	88159.817536	19342.417341	187500.000000	187500.000000	86764.800461	102738.161711	112545.011943	133749.575466	-0.076000	0.768000	0.580000	192.000000	0.000000	0.000000	0.000000	0.000000	0.000000	0.000000	0.000000	0.000000	0.000000	1733433170.941636	0.000000
118.000000	88154.386062	19333.566050	187500.000000	187500.000000	86758.519621	102731.255022	112545.883661	133761.801870	-0.076000	0.768000	0.580000	192.000000	0.000000	0.000000	0.000000	0.000000	0.000000	0.000000	0.000000	0.000000	0.000000	1733433170.945639	0.000000
119.000000	88149.446326	19322.054901	187500.000000	187500.000000	86752.462298	102752.444476	112543.626135	133765.489908	-0.076000	0.768000	0.580000	192.000000	0.000000	0.000000	0.000000	0.000000	0.000000	0.000000	0.000000	0.000000	0.000000	1733433170.948858	0.000000
120.000000	88154.654283	19339.399855	187500.000000	187500.000000	86759.100766	102731.590299	112536.697094	133735.046832	-0.076000	0.768000	0.580000	192.000000	0.000000	0.000000	0.000000	0.000000	0.000000	0.000000	0.000000	0.000000	0.000000	1733433170.952808	0.000000
121.000000	88158.498783	19352.743847	187500.000000	187500.000000	86748.059004	102701.773072	112524.403635	133711.421038	-0.076000	0.768000	0.580000	192.000000	0.000000	0.000000	0.000000	0.000000	0.000000	0.000000	0.000000	0.000000	0.000000	1733433170.956726	0.000000
122.000000	88168.869992	19351.313335	187500.000000	187500.000000	86757.223220	102705.952848	112536.205356	133720.361736	-0.076000	0.768000	0.580000	192.000000	0.000000	0.000000	0.000000	0.000000	0.000000	0.000000	0.000000	0.000000	0.000000	1733433170.960914	0.000000
123.000000	88170.769891	19352.274460	187500.000000	187500.000000	86765.448662	102724.884775	112551.851577	133737.706690	-0.076000	0.766000	0.576000	192.000000	253.000000	160.000000	23.000000	240.000000	18.000000	0.000000	0.000000	0.000000	0.000000	1733433170.964961	0.000000
124.000000	88165.159603	19352.766198	187500.000000	187500.000000	86768.197926	102720.414426	112551.069266	133733.079878	-0.076000	0.766000	0.576000	192.000000	0.000000	0.000000	0.000000	0.000000	0.000000	0.000000	0.000000	0.000000	0.000000	1733433170.969716	0.000000
125.000000	88161.449213	19342.216175	187500.000000	187500.000000	86761.671217	102719.341543	112549.728161	133722.954538	-0.076000	0.766000	0.576000	192.000000	0.000000	0.000000	0.000000	0.000000	0.000000	0.000000	0.000000	0.000000	0.000000	1733433170.973726	0.000000
126.000000	88164.846678	19337.969343	187500.000000	187500.000000	86765.515717	102736.530034	112541.949754	133745.865076	-0.076000	0.766000	0.576000	192.000000	0.000000	0.000000	0.000000	0.000000	0.000000	0.000000	0.000000	0.000000	0.000000	1733433170.976692	0.000000
127.000000	88166.701873	19339.869242	187500.000000	187500.000000	86769.539031	102751.595110	112558.445341	133729.123620	-0.076000	0.766000	0.576000	192.000000	0.000000	0.000000	0.000000	0.000000	0.000000	0.000000	0.000000	0.000000	0.000000	1733433170.980741	0.000000
128.000000	88158.901114	19347.088855	187500.000000	187500.000000	86761.671217	102738.653450	112560.524054	133714.460875	-0.076000	0.766000	0.576000	192.000000	0.000000	0.000000	0.000000	0.000000	0.000000	0.000000	0.000000	0.000000	0.000000	1733433170.984696	0.000000
129.000000	88158.029396	19337.276439	187500.000000	187500.000000	86757.379682	102741.089790	112562.334545	133730.598835	-0.076000	0.766000	0.576000	192.000000	0.000000	0.000000	0.000000	0.000000	0.000000	0.000000	0.000000	0.000000	0.000000	1733433170.988783	0.000000
130.000000	88154.900152	19330.213288	187500.000000	187500.000000	86759.726615	102757.652433	112554.265565	133739.181905	-0.076000	0.766000	0.576000	192.000000	0.000000	0.000000	0.000000	0.000000	0.000000	0.000000	0.000000	0.000000	0.000000	1733433170.992895	0.000000
131.000000	88139.499800	19321.809032	187500.000000	187500.000000	86755.300970	102738.228767	112551.628059	133752.302379	-0.076000	0.766000	0.576000	192.000000	0.000000	0.000000	0.000000	0.000000	0.000000	0.000000	0.000000	0.000000	0.000000	1733433170.998154	0.000000
132.000000	88146.518248	19340.718608	187500.000000	187500.000000	86751.501173	102720.883813	112550.868100	133749.553114	-0.076000	0.766000	0.576000	192.000000	0.000000	0.000000	0.000000	0.000000	0.000000	0.000000	0.000000	0.000000	0.000000	1733433171.001998	0.000000
133.000000	88148.775774	19341.031532	187500.000000	187500.000000	86747.433155	102732.931403	112543.134396	133730.844704	-0.074000	0.768000	0.572000	192.000000	253.000000	176.000000	24.000000	0.000000	17.000000	224.000000	0.000000	0.000000	0.000000	1733433171.004784	0.000000
134.000000	88150.586265	19336.963515	187500.000000	187500.000000	86750.785917	102742.766171	112550.130492	133719.825294	-0.074000	0.768000	0.572000	192.000000	0.000000	0.000000	0.000000	0.000000	0.000000	0.000000	0.000000	0.000000	0.000000	1733433171.008719	0.000000
135.000000	88152.217943	19340.092759	187500.000000	187500.000000	86751.836449	102739.480464	112552.723295	133736.678509	-0.074000	0.768000	0.572000	192.000000	0.000000	0.000000	0.000000	0.000000	0.000000	0.000000	0.000000	0.000000	0.000000	1733433171.012813	0.000000
136.000000	88151.949722	19337.678771	187500.000000	187500.000000	86747.857839	102725.376514	112544.006114	133745.105117	-0.074000	0.768000	0.572000	192.000000	0.000000	0.000000	0.000000	0.000000	0.000000	0.000000	0.000000	0.000000	0.000000	1733433171.016742	0.000000
137.000000	88152.463812	19334.705989	187500.000000	187500.000000	86748.997778	102733.601956	112547.224766	133731.425849	-0.074000	0.768000	0.572000	192.000000	0.000000	0.000000	0.000000	0.000000	0.000000	0.000000	0.000000	0.000000	0.000000	1733433171.020953	0.000000
138.000000	88149.871010	19329.095701	187500.000000	187500.000000	86744.460373	102737.513511	112540.608649	133726.150838	-0.074000	0.768000	0.572000	192.000000	0.000000	0.000000	0.000000	0.000000	0.000000	0.000000	0.000000	0.000000	0.000000	1733433171.025736	0.000000
139.000000	88154.117841	19338.148157	187500.000000	187500.000000	86745.689719	102742.743819	112536.764149	133741.305320	-0.074000	0.768000	0.572000	192.000000	0.000000	0.000000	0.000000	0.000000	0.000000	0.000000	0.000000	0.000000	0.000000	1733433171.028752	0.000000
140.000000	88165.785452	19353.548509	187500.000000	187500.000000	86759.480746	102761.452229	112560.725219	133723.826256	-0.074000	0.768000	0.572000	192.000000	0.000000	0.000000	0.000000	0.000000	0.000000	0.000000	0.000000	0.000000	0.000000	1733433171.031808	0.000000
141.000000	88160.622199	19348.586422	187500.000000	187500.000000	86749.288350	102751.885683	112572.169312	133725.256768	-0.074000	0.768000	0.572000	192.000000	0.000000	0.000000	0.000000	0.000000	0.000000	0.000000	0.000000	0.000000	0.000000	1733433171.036872	0.000000
142.000000	88156.062443	19342.283230	187500.000000	187500.000000	86745.265036	102746.722430	112566.871949	133727.849570	-0.074000	0.768000	0.572000	192.000000	0.000000	0.000000	0.000000	0.000000	0.000000	0.000000	0.000000	0.000000	0.000000	1733433171.040934	0.000000
143.000000	88151.837963	19337.879936	187500.000000	187500.000000	86743.611007	102755.618424	112562.580414	133732.208160	-0.078000	0.768000	0.574000	192.000000	253.000000	144.000000	24.000000	0.000000	17.000000	240.000000	0.000000	0.000000	0.000000	1733433171.044982	0.000000
144.000000	88143.053728	19313.561238	187500.000000	187500.000000	86738.201885	102738.206415	112555.025525	133731.783477	-0.078000	0.768000	0.574000	192.000000	0.000000	0.000000	0.000000	0.000000	0.000000	0.000000	0.000000	0.000000	0.000000	1733433171.049000	0.000000
145.000000	88145.601826	19313.672997	187500.000000	187500.000000	86741.331129	102736.239461	112548.498815	133765.668722	-0.078000	0.768000	0.574000	192.000000	0.000000	0.000000	0.000000	0.000000	0.000000	0.000000	0.000000	0.000000	0.000000	1733433171.052788	0.000000
146.000000	88155.682463	19322.390178	187500.000000	187500.000000	86743.633359	102745.113104	112545.816606	133759.857268	-0.078000	0.768000	0.574000	192.000000	0.000000	0.000000	0.000000	0.000000	0.000000	0.000000	0.000000	0.000000	0.000000	1733433171.056792	0.000000
147.000000	88156.218905	19323.954800	187500.000000	187500.000000	86747.656673	102753.740877	112553.617365	133735.605626	-0.078000	0.768000	0.574000	192.000000	0.000000	0.000000	0.000000	0.000000	0.000000	0.000000	0.000000	0.000000	0.000000	1733433171.059839	0.000000
148.000000	88154.319007	19331.755558	187500.000000	187500.000000	86750.137717	102742.766171	112564.390905	133734.353928	-0.078000	0.768000	0.574000	192.000000	0.000000	0.000000	0.000000	0.000000	0.000000	0.000000	0.000000	0.000000	0.000000	1733433171.064851	0.000000
149.000000	88153.380233	19330.302695	187500.000000	187500.000000	86749.847144	102755.216092	112567.766019	133721.948710	-0.078000	0.768000	0.574000	192.000000	0.000000	0.000000	0.000000	0.000000	0.000000	0.000000	0.000000	0.000000	0.000000	1733433171.068845	0.000000
150.000000	88148.909885	19325.184146	187500.000000	187500.000000	86750.048310	102748.242348	112558.579452	133722.306338	-0.078000	0.768000	0.574000	192.000000	0.000000	0.000000	0.000000	0.000000	0.000000	0.000000	0.000000	0.000000	0.000000	1733433171.072956	0.000000
151.000000	88145.132440	19316.556372	187500.000000	187500.000000	86741.666405	102723.543671	112545.257812	133717.634823	-0.078000	0.768000	0.574000	192.000000	0.000000	0.000000	0.000000	0.000000	0.000000	0.000000	0.000000	0.000000	0.000000	1733433171.077009	0.000000
152.000000	88147.077042	19324.670055	187500.000000	187500.000000	86746.136754	102718.291011	112544.296687	133718.730059	-0.078000	0.768000	0.574000	192.000000	0.000000	0.000000	0.000000	0.000000	0.000000	0.000000	0.000000	0.000000	0.000000	1733433171.081082	0.000000
153.000000	88146.607655	19324.334779	187500.000000	187500.000000	86750.517696	102715.027656	112539.513414	133725.882617	-0.082000	0.768000	0.578000	192.000000	253.000000	112.000000	24.000000	0.000000	18.000000	16.000000	0.000000	0.000000	0.000000	1733433171.085018	0.000000
154.000000	88165.204306	19337.567012	187500.000000	187500.000000	86765.627475	102744.420200	112555.606670	133744.211047	-0.082000	0.768000	0.578000	192.000000	0.000000	0.000000	0.000000	0.000000	0.000000	0.000000	0.000000	0.000000	0.000000	1733433171.087856	0.000000
155.000000	88166.835984	19346.127730	187500.000000	187500.000000	86764.867516	102768.381270	112567.877778	133736.700861	-0.082000	0.768000	0.578000	192.000000	0.000000	0.000000	0.000000	0.000000	0.000000	0.000000	0.000000	0.000000	0.000000	1733433171.092863	0.000000
156.000000	88164.511402	19338.081102	187500.000000	187500.000000	86764.018150	102764.939101	112559.540577	133731.895236	-0.082000	0.768000	0.578000	192.000000	0.000000	0.000000	0.000000	0.000000	0.000000	0.000000	0.000000	0.000000	0.000000	1733433171.096858	0.000000
157.000000	88171.283981	19344.406646	187500.000000	187500.000000	86766.923877	102759.082944	112565.374382	133738.779573	-0.082000	0.768000	0.578000	192.000000	0.000000	0.000000	0.000000	0.000000	0.000000	0.000000	0.000000	0.000000	0.000000	1733433171.101055	0.000000
158.000000	88161.069234	19331.710855	187500.000000	187500.000000	86759.793670	102746.498912	112565.083810	133745.619207	-0.082000	0.768000	0.578000	192.000000	0.000000	0.000000	0.000000	0.000000	0.000000	0.000000	0.000000	0.000000	0.000000	1733433171.104920	0.000000
159.000000	88159.638722	19334.393064	187500.000000	187500.000000	86765.359255	102748.421162	112569.509455	133747.675568	-0.082000	0.768000	0.578000	192.000000	0.000000	0.000000	0.000000	0.000000	0.000000	0.000000	0.000000	0.000000	0.000000	1733433171.109081	0.000000
160.000000	88165.249010	19348.251146	187500.000000	187500.000000	86763.012321	102743.168502	112564.189740	133770.966085	-0.082000	0.768000	0.578000	192.000000	0.000000	0.000000	0.000000	0.000000	0.000000	0.000000	0.000000	0.000000	0.000000	1733433171.112062	0.000000
161.000000	88165.226658	19337.589364	187500.000000	187500.000000	86769.628438	102755.908997	112576.885531	133761.623056	-0.082000	0.768000	0.578000	192.000000	0.000000	0.000000	0.000000	0.000000	0.000000	0.000000	0.000000	0.000000	0.000000	1733433171.116071	0.000000
162.000000	88167.595943	19334.907154	187500.000000	187500.000000	86776.579830	102762.882741	112585.669766	133766.361626	-0.082000	0.768000	0.578000	192.000000	0.000000	0.000000	0.000000	0.000000	0.000000	0.000000	0.000000	0.000000	0.000000	1733433171.121100	0.000000
163.000000	88156.353015	19333.901326	187500.000000	187500.000000	86757.893772	102739.949851	112563.295670	133744.635730	-0.074000	0.764000	0.580000	192.000000	253.000000	176.000000	23.000000	224.000000	18.000000	32.000000	0.000000	0.000000	0.000000	1733433171.125124	0.000000
164.000000	88158.610542	19335.912983	187500.000000	187500.000000	86755.658597	102745.515435	112552.365667	133736.879675	-0.074000	0.764000	0.580000	192.000000	0.000000	0.000000	0.000000	0.000000	0.000000	0.000000	0.000000	0.000000	0.000000	1733433171.128898	0.000000
165.000000	88155.570704	19335.220079	187500.000000	187500.000000	86758.139641	102749.315232	112563.474484	133731.023518	-0.074000	0.764000	0.580000	192.000000	0.000000	0.000000	0.000000	0.000000	0.000000	0.000000	0.000000	0.000000	0.000000	1733433171.132928	0.000000
166.000000	88165.070196	19349.659306	187500.000000	187500.000000	86762.028845	102748.152941	112572.817513	133742.646425	-0.074000	0.764000	0.580000	192.000000	0.000000	0.000000	0.000000	0.000000	0.000000	0.000000	0.000000	0.000000	0.000000	1733433171.135964	0.000000
167.000000	88161.560972	19338.662247	187500.000000	187500.000000	86759.950132	102737.245290	112564.904996	133739.673643	-0.074000	0.764000	0.580000	192.000000	0.000000	0.000000	0.000000	0.000000	0.000000	0.000000	0.000000	0.000000	0.000000	1733433171.139986	0.000000
168.000000	88160.644550	19345.390123	187500.000000	187500.000000	86756.999702	102742.766171	112565.910824	133741.059451	-0.074000	0.764000	0.580000	192.000000	0.000000	0.000000	0.000000	0.000000	0.000000	0.000000	0.000000	0.000000	0.000000	1733433171.143986	0.000000
169.000000	88160.890420	19345.725399	187500.000000	187500.000000	86749.981254	102750.097543	112562.960394	133737.036137	-0.074000	0.764000	0.580000	192.000000	0.000000	0.000000	0.000000	0.000000	0.000000	0.000000	0.000000	0.000000	0.000000	1733433171.148178	0.000000
170.000000	88155.324835	19330.213288	187500.000000	187500.000000	86733.105687	102741.492121	112545.950716	133746.759146	-0.074000	0.764000	0.580000	192.000000	0.000000	0.000000	0.000000	0.000000	0.000000	0.000000	0.000000	0.000000	0.000000	1733433171.153377	0.000000
171.000000	88157.358844	19333.476643	187500.000000	187500.000000	86729.931740	102734.361915	112535.803024	133757.823260	-0.074000	0.764000	0.580000	192.000000	0.000000	0.000000	0.000000	0.000000	0.000000	0.000000	0.000000	0.000000	0.000000	1733433171.158793	0.000000
172.000000	88158.319969	19338.014047	187500.000000	187500.000000	86743.700414	102753.785581	112555.204338	133734.666852	-0.074000	0.764000	0.580000	192.000000	0.000000	0.000000	0.000000	0.000000	0.000000	0.000000	0.000000	0.000000	0.000000	1733433171.161170	0.000000
173.000000	88158.945818	19332.515518	187500.000000	187500.000000	86759.480746	102744.129627	112570.112952	133749.396652	-0.072000	0.760000	0.570000	192.000000	253.000000	192.000000	23.000000	192.000000	17.000000	208.000000	0.000000	0.000000	0.000000	1733433171.163959	0.000000
174.000000	88162.656207	19337.164681	187500.000000	187500.000000	86756.999702	102753.070325	112570.135304	133760.617228	-0.072000	0.760000	0.570000	192.000000	0.000000	0.000000	0.000000	0.000000	0.000000	0.000000	0.000000	0.000000	0.000000	1733433171.168003	0.000000
175.000000	88159.146984	19329.475681	187500.000000	187500.000000	86759.279580	102754.947872	112562.647469	133729.190675	-0.072000	0.760000	0.570000	192.000000	0.000000	0.000000	0.000000	0.000000	0.000000	0.000000	0.000000	0.000000	0.000000	1733433171.172231	0.000000
176.000000	88155.146021	19316.466965	187500.000000	187500.000000	86756.105632	102736.731200	112558.266527	133737.974910	-0.072000	0.760000	0.570000	192.000000	0.000000	0.000000	0.000000	0.000000	0.000000	0.000000	0.000000	0.000000	0.000000	1733433171.176037	0.000000
177.000000	88171.351036	19341.076236	187500.000000	187500.000000	86771.997723	102755.417258	112574.426839	133751.922399	-0.072000	0.760000	0.570000	192.000000	0.000000	0.000000	0.000000	0.000000	0.000000	0.000000	0.000000	0.000000	0.000000	1733433171.181061	0.000000
178.000000	88176.022551	19353.682620	187500.000000	187500.000000	86776.155147	102770.482334	112581.400583	133734.957425	-0.072000	0.760000	0.570000	192.000000	0.000000	0.000000	0.000000	0.000000	0.000000	0.000000	0.000000	0.000000	0.000000	1733433171.185034	0.000000
179.000000	88171.820423	19351.000410	187500.000000	187500.000000	86772.042426	102757.183046	112571.409353	133730.911759	-0.072000	0.760000	0.570000	192.000000	0.000000	0.000000	0.000000	0.000000	0.000000	0.000000	0.000000	0.000000	0.000000	1733433171.189171	0.000000
180.000000	88158.521135	19324.491242	187500.000000	187500.000000	86765.381606	102734.853653	112556.098408	133738.153724	-0.072000	0.760000	0.570000	192.000000	0.000000	0.000000	0.000000	0.000000	0.000000	0.000000	0.000000	0.000000	0.000000	1733433171.192191	0.000000
181.000000	88156.867106	19329.140404	187500.000000	187500.000000	86769.874307	102741.201549	112542.843824	133750.000149	-0.072000	0.760000	0.570000	192.000000	0.000000	0.000000	0.000000	0.000000	0.000000	0.000000	0.000000	0.000000	0.000000	1733433171.196398	0.000000
182.000000	88156.062443	19322.077253	187500.000000	187500.000000	86775.596353	102746.074229	112543.737894	133758.069129	-0.072000	0.760000	0.570000	192.000000	0.000000	0.000000	0.000000	0.000000	0.000000	0.000000	0.000000	0.000000	0.000000	1733433171.200243	0.000000
183.000000	88162.276228	19333.141367	187500.000000	187500.000000	86769.851955	102724.482444	112552.410370	133757.152707	-0.074000	0.764000	0.574000	192.000000	253.000000	176.000000	23.000000	224.000000	17.000000	240.000000	0.000000	0.000000	0.000000	1733433171.204037	0.000000
184.000000	88159.884591	19323.619523	187500.000000	187500.000000	86762.073548	102718.134548	112563.005097	133746.178001	-0.074000	0.764000	0.574000	192.000000	0.000000	0.000000	0.000000	0.000000	0.000000	0.000000	0.000000	0.000000	0.000000	1733433171.208020	0.000000
185.000000	88164.913734	19329.229811	187500.000000	187500.000000	86769.360217	102742.497950	112579.143057	133732.565788	-0.074000	0.764000	0.574000	192.000000	0.000000	0.000000	0.000000	0.000000	0.000000	0.000000	0.000000	0.000000	0.000000	1733433171.213115	0.000000
186.000000	88175.575516	19342.730265	187500.000000	187500.000000	86773.875269	102748.979956	112587.457906	133754.202277	-0.074000	0.764000	0.574000	192.000000	0.000000	0.000000	0.000000	0.000000	0.000000	0.000000	0.000000	0.000000	0.000000	1733433171.217043	0.000000
187.000000	88171.239277	19343.199652	187500.000000	187500.000000	86761.850031	102744.621366	112584.418068	133767.210992	-0.074000	0.764000	0.574000	192.000000	0.000000	0.000000	0.000000	0.000000	0.000000	0.000000	0.000000	0.000000	0.000000	1733433171.220083	0.000000
188.000000	88158.498783	19336.091797	187500.000000	187500.000000	86747.746080	102742.341488	112564.480312	133756.392748	-0.074000	0.764000	0.574000	192.000000	0.000000	0.000000	0.000000	0.000000	0.000000	0.000000	0.000000	0.000000	0.000000	1733433171.224080	0.000000
189.000000	88165.003141	19335.778872	187500.000000	187500.000000	86751.389414	102746.722430	112567.922481	133740.031271	-0.074000	0.764000	0.574000	192.000000	0.000000	0.000000	0.000000	0.000000	0.000000	0.000000	0.000000	0.000000	0.000000	1733433171.228157	0.000000
190.000000	88166.433652	19334.437768	187500.000000	187500.000000	86755.636246	102737.021773	112574.605653	133747.988492	-0.074000	0.764000	0.574000	192.000000	0.000000	0.000000	0.000000	0.000000	0.000000	0.000000	0.000000	0.000000	0.000000	1733433171.232324	0.000000
191.000000	88161.516268	19330.146233	187500.000000	187500.000000	86755.569190	102722.739008	112562.356897	133747.966140	-0.074000	0.764000	0.574000	192.000000	0.000000	0.000000	0.000000	0.000000	0.000000	0.000000	0.000000	0.000000	0.000000	1733433171.236168	0.000000
192.000000	88159.035225	19325.944105	187500.000000	187500.000000	86750.920028	102728.505758	112552.678591	133747.072070	-0.074000	0.764000	0.574000	192.000000	0.000000	0.000000	0.000000	0.000000	0.000000	0.000000	0.000000	0.000000	0.000000	1733433171.241194	0.000000
193.000000	88158.834059	19328.738073	187500.000000	187500.000000	86757.156164	102739.525168	112555.293745	133735.650329	-0.074000	0.766000	0.580000	192.000000	253.000000	176.000000	23.000000	240.000000	18.000000	32.000000	0.000000	0.000000	0.000000	1733433171.245094	0.000000
194.000000	88155.593056	19322.770157	187500.000000	187500.000000	86756.865592	102728.036371	112543.804949	133735.963253	-0.074000	0.766000	0.580000	192.000000	0.000000	0.000000	0.000000	0.000000	0.000000	0.000000	0.000000	0.000000	0.000000	1733433171.248125	0.000000
195.000000	88161.024530	19327.955762	187500.000000	187500.000000	86755.524487	102737.737028	112549.035257	133749.843687	-0.074000	0.766000	0.580000	192.000000	0.000000	0.000000	0.000000	0.000000	0.000000	0.000000	0.000000	0.000000	0.000000	1733433171.252131	0.000000
196.000000	88158.141155	19327.687541	187500.000000	187500.000000	86753.289313	102733.423142	112569.621214	133729.950634	-0.074000	0.766000	0.580000	192.000000	0.000000	0.000000	0.000000	0.000000	0.000000	0.000000	0.000000	0.000000	0.000000	1733433171.256149	0.000000
197.000000	88161.784489	19339.601021	187500.000000	187500.000000	86753.557533	102713.395979	112568.749496	133706.950689	-0.074000	0.766000	0.580000	192.000000	0.000000	0.000000	0.000000	0.000000	0.000000	0.000000	0.000000	0.000000	0.000000	1733433171.260409	0.000000
198.000000	88160.175164	19332.761387	187500.000000	187500.000000	86743.298083	102708.188022	112562.692173	133732.141105	-0.074000	0.766000	0.580000	192.000000	0.000000	0.000000	0.000000	0.000000	0.000000	0.000000	0.000000	0.000000	0.000000	1733433171.264417	0.000000
199.000000	88155.011911	19333.208422	187500.000000	187500.000000	86743.901580	102714.044179	112550.286955	133739.874809	-0.074000	0.766000	0.580000	192.000000	0.000000	0.000000	0.000000	0.000000	0.000000	0.000000	0.000000	0.000000	0.000000	1733433171.269359	0.000000
200.000000	88160.488088	19327.933410	187500.000000	187500.000000	86750.897676	102731.925575	112558.288879	133741.305320	-0.074000	0.766000	0.580000	192.000000	0.000000	0.000000	0.000000	0.000000	0.000000	0.000000	0.000000	0.000000	0.000000	1733433171.272134	0.000000
201.000000	88175.083777	19337.991695	187500.000000	187500.000000	86770.321342	102738.407581	112564.904996	133750.246018	-0.074000	0.766000	0.580000	192.000000	0.000000	0.000000	0.000000	0.000000	0.000000	0.000000	0.000000	0.000000	0.000000	1733433171.276125	0.000000
202.000000	88177.430710	19334.236602	187500.000000	187500.000000	86785.431121	102739.703982	112572.415182	133738.958387	-0.074000	0.766000	0.580000	192.000000	0.000000	0.000000	0.000000	0.000000	0.000000	0.000000	0.000000	0.000000	0.000000	1733433171.280159	0.000000
203.000000	88168.758234	19323.999503	187500.000000	187500.000000	86778.166804	102738.742857	112570.403525	133733.370451	-0.074000	0.760000	0.580000	192.000000	253.000000	176.000000	23.000000	192.000000	18.000000	32.000000	0.000000	0.000000	0.000000	1733433171.284169	0.000000
204.000000	88162.343283	19323.887744	187500.000000	187500.000000	86768.957885	102736.082999	112566.693135	133718.126561	-0.074000	0.760000	0.580000	192.000000	0.000000	0.000000	0.000000	0.000000	0.000000	0.000000	0.000000	0.000000	0.000000	1733433171.288486	0.000000
205.000000	88164.980789	19327.486375	187500.000000	187500.000000	86758.027882	102729.578642	112567.877778	133736.253826	-0.074000	0.760000	0.580000	192.000000	0.000000	0.000000	0.000000	0.000000	0.000000	0.000000	0.000000	0.000000	0.000000	1733433171.292492	0.000000
206.000000	88165.718396	19319.931486	187500.000000	187500.000000	86749.377757	102731.031505	112564.323850	133743.406384	-0.074000	0.760000	0.580000	192.000000	0.000000	0.000000	0.000000	0.000000	0.000000	0.000000	0.000000	0.000000	0.000000	1733433171.297291	0.000000
207.000000	88171.798071	19324.133614	187500.000000	187500.000000	86750.785917	102750.142247	112568.056592	133745.887428	-0.074000	0.760000	0.580000	192.000000	0.000000	0.000000	0.000000	0.000000	0.000000	0.000000	0.000000	0.000000	0.000000	1733433171.300476	0.000000
208.000000	88165.584286	19326.815823	187500.000000	187500.000000	86738.380699	102738.072304	112561.619289	133757.845611	-0.074000	0.760000	0.580000	192.000000	0.000000	0.000000	0.000000	0.000000	0.000000	0.000000	0.000000	0.000000	0.000000	1733433171.304386	0.000000
209.000000	88166.344245	19322.457233	187500.000000	187500.000000	86737.732498	102729.690400	112557.461865	133762.181850	-0.074000	0.760000	0.580000	192.000000	0.000000	0.000000	0.000000	0.000000	0.000000	0.000000	0.000000	0.000000	0.000000	1733433171.308302	0.000000
210.000000	88164.690216	19322.189012	187500.000000	187500.000000	86748.863667	102727.142301	112566.246100	133752.905876	-0.074000	0.760000	0.580000	192.000000	0.000000	0.000000	0.000000	0.000000	0.000000	0.000000	0.000000	0.000000	0.000000	1733433171.312222	0.000000
211.000000	88161.672731	19314.254143	187500.000000	187500.000000	86758.810193	102739.435761	112565.799065	133750.558943	-0.074000	0.760000	0.580000	192.000000	0.000000	0.000000	0.000000	0.000000	0.000000	0.000000	0.000000	0.000000	0.000000	1733433171.316183	0.000000
212.000000	88160.063405	19312.644817	187500.000000	187500.000000	86754.742176	102742.229729	112564.301498	133755.990417	-0.074000	0.760000	0.580000	192.000000	0.000000	0.000000	0.000000	0.000000	0.000000	0.000000	0.000000	0.000000	0.000000	1733433171.320200	0.000000
213.000000	88160.175164	19315.662302	187500.000000	187500.000000	86750.383586	102733.512549	112566.268452	133728.430716	-0.072000	0.764000	0.578000	192.000000	253.000000	192.000000	23.000000	224.000000	18.000000	16.000000	0.000000	0.000000	0.000000	1733433171.324226	0.000000
214.000000	88168.199440	19318.478622	187500.000000	187500.000000	86749.847144	102741.045087	112561.127551	133758.963199	-0.072000	0.764000	0.578000	192.000000	0.000000	0.000000	0.000000	0.000000	0.000000	0.000000	0.000000	0.000000	0.000000	1733433171.328278	0.000000
215.000000	88174.837908	19333.878974	187500.000000	187500.000000	86746.762603	102725.622383	112561.552234	133753.554076	-0.072000	0.764000	0.578000	192.000000	0.000000	0.000000	0.000000	0.000000	0.000000	0.000000	0.000000	0.000000	0.000000	1733433171.331342	0.000000
216.000000	88167.908867	19323.887744	187500.000000	187500.000000	86750.204772	102736.440627	112579.120705	133732.968120	-0.072000	0.764000	0.578000	192.000000	0.000000	0.000000	0.000000	0.000000	0.000000	0.000000	0.000000	0.000000	0.000000	1733433171.336748	0.000000
217.000000	88159.415204	19311.214305	187500.000000	187500.000000	86750.942379	102748.689383	112577.086696	133740.187733	-0.072000	0.764000	0.578000	192.000000	0.000000	0.000000	0.000000	0.000000	0.000000	0.000000	0.000000	0.000000	0.000000	1733433171.340284	0.000000
218.000000	88160.488088	19321.183183	187500.000000	187500.000000	86755.680949	102730.495063	112571.677574	133731.358794	-0.072000	0.764000	0.578000	192.000000	0.000000	0.000000	0.000000	0.000000	0.000000	0.000000	0.000000	0.000000	0.000000	1733433171.344264	0.000000
219.000000	88160.443385	19335.711817	187500.000000	187500.000000	86757.893772	102734.071342	112578.584263	133724.921492	-0.072000	0.764000	0.578000	192.000000	0.000000	0.000000	0.000000	0.000000	0.000000	0.000000	0.000000	0.000000	0.000000	1733433171.348267	0.000000
220.000000	88156.889457	19318.478622	187500.000000	187500.000000	86758.050234	102752.444476	112582.808743	133736.097364	-0.072000	0.764000	0.578000	192.000000	0.000000	0.000000	0.000000	0.000000	0.000000	0.000000	0.000000	0.000000	0.000000	1733433171.352271	0.000000
221.000000	88158.275265	19315.707006	187500.000000	187500.000000	86750.987083	102747.951776	112577.086696	133755.029292	-0.072000	0.764000	0.578000	192.000000	0.000000	0.000000	0.000000	0.000000	0.000000	0.000000	0.000000	0.000000	0.000000	1733433171.356292	0.000000
222.000000	88155.213076	19319.596209	187500.000000	187500.000000	86727.696565	102713.015999	112563.608594	133735.493867	-0.072000	0.764000	0.578000	192.000000	0.000000	0.000000	0.000000	0.000000	0.000000	0.000000	0.000000	0.000000	0.000000	1733433171.359317	0.000000
223.000000	88146.317082	19300.440764	187500.000000	187500.000000	86706.685925	102702.734197	112553.416199	133747.362643	-0.068000	0.764000	0.576000	192.000000	253.000000	224.000000	23.000000	224.000000	18.000000	0.000000	0.000000	0.000000	0.000000	1733433171.364503	0.000000
224.000000	88142.807858	19297.915017	187500.000000	187500.000000	86706.507111	102712.770130	112554.533786	133753.643483	-0.068000	0.764000	0.576000	192.000000	0.000000	0.000000	0.000000	0.000000	0.000000	0.000000	0.000000	0.000000	0.000000	1733433171.368555	0.000000
225.000000	88141.176181	19302.206552	187500.000000	187500.000000	86694.236004	102709.529127	112560.881682	133741.037099	-0.068000	0.764000	0.576000	192.000000	0.000000	0.000000	0.000000	0.000000	0.000000	0.000000	0.000000	0.000000	0.000000	1733433171.372358	0.000000
226.000000	88141.466754	19309.962608	187500.000000	187500.000000	86681.674323	102703.762377	112545.347219	133718.797114	-0.068000	0.764000	0.576000	192.000000	0.000000	0.000000	0.000000	0.000000	0.000000	0.000000	0.000000	0.000000	0.000000	1733433171.376308	0.000000
227.000000	88141.578512	19310.208477	187500.000000	187500.000000	86684.669457	102712.948944	112552.164501	133710.415210	-0.068000	0.764000	0.576000	192.000000	0.000000	0.000000	0.000000	0.000000	0.000000	0.000000	0.000000	0.000000	0.000000	1733433171.379353	0.000000
228.000000	88153.894324	19323.887744	187500.000000	187500.000000	86696.292364	102716.815796	112562.669821	133711.778666	-0.068000	0.764000	0.576000	192.000000	0.000000	0.000000	0.000000	0.000000	0.000000	0.000000	0.000000	0.000000	0.000000	1733433171.383318	0.000000
229.000000	88151.636797	19324.625352	187500.000000	187500.000000	86693.408989	102709.305609	112556.880719	133700.938070	-0.068000	0.764000	0.576000	192.000000	0.000000	0.000000	0.000000	0.000000	0.000000	0.000000	0.000000	0.000000	0.000000	1733433171.387365	0.000000
230.000000	88152.709681	19318.411567	187500.000000	187500.000000	86696.471178	102716.502871	112557.752437	133721.345213	-0.068000	0.764000	0.576000	192.000000	0.000000	0.000000	0.000000	0.000000	0.000000	0.000000	0.000000	0.000000	0.000000	1733433171.392353	0.000000
231.000000	88155.637760	19309.359111	187500.000000	187500.000000	86701.522672	102736.865310	112564.681478	133762.718292	-0.068000	0.764000	0.576000	192.000000	0.000000	0.000000	0.000000	0.000000	0.000000	0.000000	0.000000	0.000000	0.000000	1733433171.396466	0.000000
232.000000	88157.537658	19312.220134	187500.000000	187500.000000	86704.003716	102742.676764	112565.486141	133761.980684	-0.068000	0.764000	0.576000	192.000000	0.000000	0.000000	0.000000	0.000000	0.000000	0.000000	0.000000	0.000000	0.000000	1733433171.400476	0.000000
233.000000	88147.434669	19297.758555	187500.000000	187500.000000	86697.409951	102711.496080	112558.445341	133720.518198	-0.072000	0.766000	0.574000	192.000000	253.000000	192.000000	23.000000	240.000000	17.000000	240.000000	0.000000	0.000000	0.000000	1733433171.404655	0.000000
234.000000	88144.730108	19303.190029	187500.000000	187500.000000	86692.738437	102705.617572	112558.847673	133705.363715	-0.072000	0.766000	0.574000	192.000000	0.000000	0.000000	0.000000	0.000000	0.000000	0.000000	0.000000	0.000000	0.000000	1733433171.407398	0.000000
235.000000	88152.553219	19310.141422	187500.000000	187500.000000	86708.407010	102736.306517	112577.667842	133711.443390	-0.072000	0.766000	0.574000	192.000000	0.000000	0.000000	0.000000	0.000000	0.000000	0.000000	0.000000	0.000000	0.000000	1733433171.411440	0.000000
236.000000	88158.543486	19311.817802	187500.000000	187500.000000	86715.872492	102741.626232	112586.921464	133747.206181	-0.072000	0.766000	0.574000	192.000000	0.000000	0.000000	0.000000	0.000000	0.000000	0.000000	0.000000	0.000000	0.000000	1733433171.415374	0.000000
237.000000	88155.704815	19309.225000	187500.000000	187500.000000	86707.959975	102743.459075	112582.205246	133762.472422	-0.072000	0.766000	0.574000	192.000000	0.000000	0.000000	0.000000	0.000000	0.000000	0.000000	0.000000	0.000000	0.000000	1733433171.419451	0.000000
238.000000	88150.899190	19306.766308	187500.000000	187500.000000	86697.678172	102718.179252	112560.456998	133757.063300	-0.072000	0.766000	0.574000	192.000000	0.000000	0.000000	0.000000	0.000000	0.000000	0.000000	0.000000	0.000000	0.000000	1733433171.424451	0.000000
239.000000	88158.387024	19322.546640	187500.000000	187500.000000	86703.601385	102736.328868	112564.145036	133733.795134	-0.072000	0.766000	0.574000	192.000000	0.000000	0.000000	0.000000	0.000000	0.000000	0.000000	0.000000	0.000000	0.000000	1733433171.428451	0.000000
240.000000	88156.911809	19312.443651	187500.000000	187500.000000	86705.300117	102731.836168	112576.930234	133740.120678	-0.072000	0.766000	0.574000	192.000000	0.000000	0.000000	0.000000	0.000000	0.000000	0.000000	0.000000	0.000000	0.000000	1733433171.432542	0.000000
241.000000	88156.822402	19306.073404	187500.000000	187500.000000	86708.921100	102724.728313	112585.736821	133734.376280	-0.072000	0.766000	0.574000	192.000000	0.000000	0.000000	0.000000	0.000000	0.000000	0.000000	0.000000	0.000000	0.000000	1733433171.435527	0.000000
242.000000	88156.621236	19317.830422	187500.000000	187500.000000	86711.200978	102727.790502	112577.041993	133721.054640	-0.072000	0.766000	0.574000	192.000000	0.000000	0.000000	0.000000	0.000000	0.000000	0.000000	0.000000	0.000000	0.000000	1733433171.439705	0.000000
243.000000	88159.929295	19322.993675	187500.000000	187500.000000	86715.090181	102740.575700	112582.115839	133743.048756	-0.072000	0.770000	0.576000	192.000000	253.000000	192.000000	24.000000	16.000000	18.000000	0.000000	0.000000	0.000000	0.000000	1733433171.443737	0.000000
244.000000	88147.635835	19302.363015	187500.000000	187500.000000	86701.634431	102732.819645	112574.538597	133730.598835	-0.072000	0.770000	0.576000	192.000000	0.000000	0.000000	0.000000	0.000000	0.000000	0.000000	0.000000	0.000000	0.000000	1733433171.447458	0.000000
245.000000	88140.192704	19299.591398	187500.000000	187500.000000	86697.052323	102732.640831	112554.734952	133731.112925	-0.072000	0.770000	0.576000	192.000000	0.000000	0.000000	0.000000	0.000000	0.000000	0.000000	0.000000	0.000000	0.000000	1733433171.452476	0.000000
246.000000	88148.105222	19311.728395	187500.000000	187500.000000	86696.873510	102721.017923	112533.299629	133723.066297	-0.072000	0.770000	0.576000	192.000000	0.000000	0.000000	0.000000	0.000000	0.000000	0.000000	0.000000	0.000000	0.000000	1733433171.456420	0.000000
247.000000	88155.011911	19303.458250	187500.000000	187500.000000	86706.015373	102710.154976	112552.008039	133729.838876	-0.072000	0.770000	0.576000	192.000000	0.000000	0.000000	0.000000	0.000000	0.000000	0.000000	0.000000	0.000000	0.000000	1733433171.460447	0.000000
248.000000	88152.664978	19298.138535	187500.000000	187500.000000	86715.693678	102728.259889	112572.303423	133723.535684	-0.072000	0.770000	0.576000	192.000000	0.000000	0.000000	0.000000	0.000000	0.000000	0.000000	0.000000	0.000000	0.000000	1733433171.463444	0.000000
249.000000	88151.212114	19299.367881	187500.000000	187500.000000	86718.241777	102720.727351	112569.509455	133723.289814	-0.072000	0.770000	0.576000	192.000000	0.000000	0.000000	0.000000	0.000000	0.000000	0.000000	0.000000	0.000000	0.000000	1733433171.467685	0.000000
250.000000	88158.543486	19313.315369	187500.000000	187500.000000	86722.488609	102733.110217	112577.176103	133738.176076	-0.072000	0.770000	0.576000	192.000000	0.000000	0.000000	0.000000	0.000000	0.000000	0.000000	0.000000	0.000000	0.000000	1733433171.471621	0.000000
251.000000	88153.894324	19301.424241	187500.000000	187500.000000	86718.711164	102738.944023	112579.098353	133718.171265	-0.072000	0.770000	0.576000	192.000000	0.000000	0.000000	0.000000	0.000000	0.000000	0.000000	0.000000	0.000000	0.000000	1733433171.476607	0.000000
252.000000	88146.138268	19302.385366	187500.000000	187500.000000	86703.623736	102713.597144	112568.660089	133742.557018	-0.072000	0.770000	0.576000	192.000000	0.000000	0.000000	0.000000	0.000000	0.000000	0.000000	0.000000	0.000000	0.000000	1733433171.480719	0.000000
253.000000	88149.960417	19315.394082	187500.000000	187500.000000	86702.215576	102739.458113	112571.789333	133740.634768	-0.074000	0.766000	0.576000	192.000000	253.000000	176.000000	23.000000	240.000000	18.000000	0.000000	0.000000	0.000000	0.000000	1733433171.484484	0.000000
254.000000	88156.375367	19310.923733	187500.000000	187500.000000	86715.760734	102738.049953	112584.775696	133741.931169	-0.074000	0.766000	0.576000	192.000000	0.000000	0.000000	0.000000	0.000000	0.000000	0.000000	0.000000	0.000000	0.000000	1733433171.488816	0.000000
255.000000	88152.553219	19306.095756	187500.000000	187500.000000	86719.381716	102730.316249	112583.613406	133719.154742	-0.074000	0.766000	0.576000	192.000000	0.000000	0.000000	0.000000	0.000000	0.000000	0.000000	0.000000	0.000000	0.000000	1733433171.491498	0.000000
0.000000	88152.106184	19311.750747	187500.000000	187500.000000	86727.070716	102745.582491	112584.082792	133727.089611	-0.074000	0.766000	0.576000	192.000000	0.000000	0.000000	0.000000	0.000000	0.000000	0.000000	0.000000	0.000000	0.000000	1733433171.495463	0.000000
1.000000	88162.365635	19329.654494	187500.000000	187500.000000	86733.105687	102759.977014	112586.608539	133747.161477	-0.074000	0.766000	0.576000	192.000000	0.000000	0.000000	0.000000	0.000000	0.000000	0.000000	0.000000	0.000000	0.000000	1733433171.499505	0.000000
2.000000	88168.378254	19328.179279	187500.000000	187500.000000	86727.361289	102751.282185	112591.458868	133754.738719	-0.074000	0.766000	0.576000	192.000000	0.000000	0.000000	0.000000	0.000000	0.000000	0.000000	0.000000	0.000000	0.000000	1733433171.503508	0.000000
4.000000	88150.429803	19288.348471	187500.000000	187500.000000	86711.960937	102740.978031	112577.310214	133768.730911	-0.074000	0.766000	0.576000	192.000000	0.000000	0.000000	0.000000	0.000000	0.000000	0.000000	0.000000	0.000000	0.000000	1733433171.519545	0.000000
5.000000	88154.319007	19296.193933	187500.000000	187500.000000	86709.412838	102715.228822	112560.188777	133754.694015	-0.074000	0.766000	0.576000	192.000000	0.000000	0.000000	0.000000	0.000000	0.000000	0.000000	0.000000	0.000000	0.000000	1733433171.522743	0.000000
6.000000	88157.291789	19306.140459	187500.000000	187500.000000	86722.622719	102723.834243	112565.754362	133724.496809	-0.074000	0.766000	0.576000	192.000000	0.000000	0.000000	0.000000	0.000000	0.000000	0.000000	0.000000	0.000000	0.000000	1733433171.525505	0.000000
7.000000	88157.492954	19303.391195	187500.000000	187500.000000	86724.209693	102728.617517	112585.736821	133731.068221	-0.074000	0.762000	0.574000	192.000000	253.000000	176.000000	23.000000	208.000000	17.000000	240.000000	0.000000	0.000000	0.000000	1733433171.529526	0.000000
8.000000	88164.131423	19314.321198	187500.000000	187500.000000	86725.282577	102721.420255	112583.278129	133751.967103	-0.074000	0.762000	0.574000	192.000000	0.000000	0.000000	0.000000	0.000000	0.000000	0.000000	0.000000	0.000000	0.000000	1733433171.532560	0.000000
9.000000	88174.055597	19324.468890	187500.000000	187500.000000	86735.989062	102744.576662	112599.617255	133748.390823	-0.074000	0.762000	0.574000	192.000000	0.000000	0.000000	0.000000	0.000000	0.000000	0.000000	0.000000	0.000000	0.000000	1733433171.535540	0.000000
10.000000	88174.055597	19325.497070	187500.000000	187500.000000	86732.278673	102757.764191	112612.603618	133758.717329	-0.074000	0.762000	0.574000	192.000000	0.000000	0.000000	0.000000	0.000000	0.000000	0.000000	0.000000	0.000000	0.000000	1733433171.538822	0.000000
11.000000	88162.164469	19320.132651	187500.000000	187500.000000	86721.147504	102750.790447	112600.556028	133737.796097	-0.074000	0.762000	0.574000	192.000000	0.000000	0.000000	0.000000	0.000000	0.000000	0.000000	0.000000	0.000000	0.000000	1733433171.542715	0.000000
12.000000	88166.433652	19307.235695	187500.000000	187500.000000	86721.885112	102753.740877	112595.035147	133735.426812	-0.074000	0.762000	0.574000	192.000000	0.000000	0.000000	0.000000	0.000000	0.000000	0.000000	0.000000	0.000000	0.000000	1733433171.545733	0.000000
13.000000	88165.293713	19309.292055	187500.000000	187500.000000	86724.008527	102757.808895	112602.031243	133752.190620	-0.074000	0.762000	0.574000	192.000000	0.000000	0.000000	0.000000	0.000000	0.000000	0.000000	0.000000	0.000000	0.000000	1733433171.548750	0.000000
14.000000	88154.341358	19293.489372	187500.000000	187500.000000	86714.777257	102743.347316	112587.010871	133755.632789	-0.074000	0.762000	0.574000	192.000000	0.000000	0.000000	0.000000	0.000000	0.000000	0.000000	0.000000	0.000000	0.000000	1733433171.551756	0.000000
15.000000	88152.240294	19290.851866	187500.000000	187500.000000	86696.515882	102727.589336	112564.368554	133768.283876	-0.074000	0.762000	0.574000	192.000000	0.000000	0.000000	0.000000	0.000000	0.000000	0.000000	0.000000	0.000000	0.000000	1733433171.555685	0.000000
16.000000	88152.977902	19297.602093	187500.000000	187500.000000	86704.987193	102726.695267	112564.100333	133729.660062	-0.074000	0.762000	0.574000	192.000000	0.000000	0.000000	0.000000	0.000000	0.000000	0.000000	0.000000	0.000000	0.000000	1733433171.559538	0.000000
17.000000	88153.782565	19305.156983	187500.000000	187500.000000	86712.922062	102732.551424	112584.976862	133721.859303	-0.074000	0.758000	0.580000	192.000000	253.000000	176.000000	23.000000	176.000000	18.000000	32.000000	0.000000	0.000000	0.000000	1733433171.563545	0.000000
18.000000	88154.073138	19300.150192	187500.000000	187500.000000	86708.161140	102731.299726	112585.669766	133710.661079	-0.074000	0.758000	0.580000	192.000000	0.000000	0.000000	0.000000	0.000000	0.000000	0.000000	0.000000	0.000000	0.000000	1733433171.568598	0.000000
19.000000	88157.157678	19301.983035	187500.000000	187500.000000	86699.980402	102737.401752	112581.355879	133723.513332	-0.074000	0.758000	0.580000	192.000000	0.000000	0.000000	0.000000	0.000000	0.000000	0.000000	0.000000	0.000000	0.000000	1733433171.571617	0.000000
20.000000	88158.364672	19309.873201	187500.000000	187500.000000	86702.081466	102732.506720	112581.557045	133753.196448	-0.074000	0.758000	0.580000	192.000000	0.000000	0.000000	0.000000	0.000000	0.000000	0.000000	0.000000	0.000000	0.000000	1733433171.575597	0.000000
21.000000	88162.410338	19315.572895	187500.000000	187500.000000	86714.263167	102747.884720	112595.213961	133752.190620	-0.074000	0.758000	0.580000	192.000000	0.000000	0.000000	0.000000	0.000000	0.000000	0.000000	0.000000	0.000000	0.000000	1733433171.579792	0.000000
22.000000	88164.399643	19320.646741	187500.000000	187500.000000	86715.514864	102745.828360	112599.080813	133736.969082	-0.074000	0.758000	0.580000	192.000000	0.000000	0.000000	0.000000	0.000000	0.000000	0.000000	0.000000	0.000000	0.000000	1733433171.583868	0.000000
23.000000	88164.176126	19324.066558	187500.000000	187500.000000	86716.788914	102753.003270	112600.287807	133733.370451	-0.074000	0.758000	0.580000	192.000000	0.000000	0.000000	0.000000	0.000000	0.000000	0.000000	0.000000	0.000000	0.000000	1733433171.587813	0.000000
24.000000	88162.253876	19307.749785	187500.000000	187500.000000	86716.252472	102762.055726	112590.944778	133754.694015	-0.074000	0.758000	0.580000	192.000000	0.000000	0.000000	0.000000	0.000000	0.000000	0.000000	0.000000	0.000000	0.000000	1733433171.591864	0.000000
25.000000	88159.772832	19307.660378	187500.000000	187500.000000	86708.988155	102758.345337	112595.437478	133785.986458	-0.074000	0.758000	0.580000	192.000000	0.000000	0.000000	0.000000	0.000000	0.000000	0.000000	0.000000	0.000000	0.000000	1733433171.596622	0.000000
26.000000	88159.549315	19313.091852	187500.000000	187500.000000	86702.573204	102742.386191	112592.576455	133776.330504	-0.074000	0.758000	0.580000	192.000000	0.000000	0.000000	0.000000	0.000000	0.000000	0.000000	0.000000	0.000000	0.000000	1733433171.599625	0.000000
27.000000	88158.699949	19315.908172	187500.000000	187500.000000	86706.350649	102746.521264	112588.955473	133750.782460	-0.078000	0.766000	0.578000	192.000000	253.000000	144.000000	23.000000	240.000000	18.000000	16.000000	0.000000	0.000000	0.000000	1733433171.603664	0.000000
28.000000	88154.721338	19301.670110	187500.000000	187500.000000	86699.913347	102742.721467	112591.190647	133746.937960	-0.078000	0.766000	0.578000	192.000000	0.000000	0.000000	0.000000	0.000000	0.000000	0.000000	0.000000	0.000000	0.000000	1733433171.607627	0.000000
29.000000	88152.329701	19301.245427	187500.000000	187500.000000	86697.208786	102729.422179	112583.635757	133732.074050	-0.078000	0.766000	0.578000	192.000000	0.000000	0.000000	0.000000	0.000000	0.000000	0.000000	0.000000	0.000000	0.000000	1733433171.611754	0.000000
30.000000	88151.055652	19305.827535	187500.000000	187500.000000	86687.016390	102712.032522	112569.978842	133725.592044	-0.078000	0.766000	0.578000	192.000000	0.000000	0.000000	0.000000	0.000000	0.000000	0.000000	0.000000	0.000000	0.000000	1733433171.616004	0.000000
31.000000	88156.934161	19315.662302	187500.000000	187500.000000	86688.089274	102724.214223	112573.532769	133732.118753	-0.078000	0.766000	0.578000	192.000000	0.000000	0.000000	0.000000	0.000000	0.000000	0.000000	0.000000	0.000000	0.000000	1733433171.619901	0.000000
32.000000	88151.346225	19301.714814	187500.000000	187500.000000	86675.102910	102730.539767	112568.101295	133728.877751	-0.078000	0.766000	0.578000	192.000000	0.000000	0.000000	0.000000	0.000000	0.000000	0.000000	0.000000	0.000000	0.000000	1733433171.624964	0.000000
33.000000	88154.967207	19298.317349	187500.000000	187500.000000	86674.789986	102753.271491	112571.834036	133769.401463	-0.078000	0.766000	0.578000	192.000000	0.000000	0.000000	0.000000	0.000000	0.000000	0.000000	0.000000	0.000000	0.000000	1733433171.627666	0.000000
34.000000	88154.564876	19298.250294	187500.000000	187500.000000	86676.600477	102765.542598	112583.926330	133768.663856	-0.078000	0.766000	0.578000	192.000000	0.000000	0.000000	0.000000	0.000000	0.000000	0.000000	0.000000	0.000000	0.000000	1733433171.631692	0.000000
35.000000	88144.931274	19288.415526	187500.000000	187500.000000	86676.734588	102748.912901	112571.029374	133714.125599	-0.078000	0.766000	0.578000	192.000000	0.000000	0.000000	0.000000	0.000000	0.000000	0.000000	0.000000	0.000000	0.000000	1733433171.635657	0.000000
36.000000	88151.368576	19295.836305	187500.000000	187500.000000	86677.919230	102751.058668	112577.757249	133711.219872	-0.078000	0.766000	0.578000	192.000000	0.000000	0.000000	0.000000	0.000000	0.000000	0.000000	0.000000	0.000000	0.000000	1733433171.639670	0.000000
37.000000	88156.598885	19304.084099	187500.000000	187500.000000	86682.031951	102742.810874	112586.027394	133724.474457	-0.078000	0.766000	0.578000	192.000000	0.000000	0.000000	0.000000	0.000000	0.000000	0.000000	0.000000	0.000000	0.000000	1733433171.643673	0.000000
38.000000	88151.793260	19305.000520	187500.000000	187500.000000	86681.607268	102754.724354	112589.514266	133731.157628	-0.076000	0.762000	0.566000	192.000000	253.000000	160.000000	23.000000	208.000000	17.000000	176.000000	0.000000	0.000000	0.000000	1733433171.647915	0.000000
39.000000	88159.705777	19303.949988	187500.000000	187500.000000	86680.646143	102761.988671	112594.319891	133751.251847	-0.076000	0.762000	0.566000	192.000000	0.000000	0.000000	0.000000	0.000000	0.000000	0.000000	0.000000	0.000000	0.000000	1733433171.653053	0.000000
40.000000	88159.705777	19307.079233	187500.000000	187500.000000	86676.019332	102746.476560	112591.056537	133759.678454	-0.076000	0.762000	0.566000	192.000000	0.000000	0.000000	0.000000	0.000000	0.000000	0.000000	0.000000	0.000000	0.000000	1733433171.656139	0.000000
41.000000	88162.544449	19310.811974	187500.000000	187500.000000	86684.043608	102751.818627	112597.516191	133767.836841	-0.076000	0.762000	0.566000	192.000000	0.000000	0.000000	0.000000	0.000000	0.000000	0.000000	0.000000	0.000000	0.000000	1733433171.659874	0.000000
42.000000	88150.474507	19296.216285	187500.000000	187500.000000	86683.685980	102752.578587	112581.132362	133741.573541	-0.076000	0.762000	0.566000	192.000000	0.000000	0.000000	0.000000	0.000000	0.000000	0.000000	0.000000	0.000000	0.000000	1733433171.663739	0.000000
43.000000	88149.736899	19294.048166	187500.000000	187500.000000	86688.916288	102763.441534	112584.440420	133732.029346	-0.076000	0.762000	0.566000	192.000000	0.000000	0.000000	0.000000	0.000000	0.000000	0.000000	0.000000	0.000000	0.000000	1733433171.667749	0.000000
44.000000	88154.073138	19308.979131	187500.000000	187500.000000	86687.753998	102750.701040	112582.786391	133745.641559	-0.076000	0.762000	0.566000	192.000000	0.000000	0.000000	0.000000	0.000000	0.000000	0.000000	0.000000	0.000000	0.000000	1733433171.671986	0.000000
45.000000	88150.116879	19300.954855	187500.000000	187500.000000	86682.166062	102736.082999	112590.944778	133719.780591	-0.076000	0.762000	0.566000	192.000000	0.000000	0.000000	0.000000	0.000000	0.000000	0.000000	0.000000	0.000000	0.000000	1733433171.675748	0.000000
46.000000	88144.238370	19282.961700	187500.000000	187500.000000	86680.802605	102735.524206	112587.770830	133721.725192	-0.076000	0.762000	0.566000	192.000000	0.000000	0.000000	0.000000	0.000000	0.000000	0.000000	0.000000	0.000000	0.000000	1733433171.678982	0.000000
47.000000	88145.266550	19278.625462	187500.000000	187500.000000	86679.550908	102729.757456	112587.860237	133749.463707	-0.076000	0.762000	0.566000	192.000000	0.000000	0.000000	0.000000	0.000000	0.000000	0.000000	0.000000	0.000000	0.000000	1733433171.683033	0.000000
48.000000	88147.054690	19279.251311	187500.000000	187500.000000	86673.225364	102737.558214	112592.419993	133750.201315	-0.076000	0.766000	0.578000	192.000000	253.000000	160.000000	23.000000	240.000000	18.000000	16.000000	0.000000	0.000000	0.000000	1733433171.687310	0.000000
49.000000	88151.726204	19289.197837	187500.000000	187500.000000	86680.802605	102760.558159	112603.461755	133761.220725	-0.076000	0.766000	0.578000	192.000000	0.000000	0.000000	0.000000	0.000000	0.000000	0.000000	0.000000	0.000000	0.000000	1733433171.692060	0.000000
50.000000	88155.011911	19301.603055	187500.000000	187500.000000	86680.310867	102743.794351	112605.071080	133775.145862	-0.076000	0.766000	0.578000	192.000000	0.000000	0.000000	0.000000	0.000000	0.000000	0.000000	0.000000	0.000000	0.000000	1733433171.695793	0.000000
51.000000	88161.963303	19310.521401	187500.000000	187500.000000	86692.559623	102764.134439	112611.128403	133749.128431	-0.076000	0.766000	0.578000	192.000000	0.000000	0.000000	0.000000	0.000000	0.000000	0.000000	0.000000	0.000000	0.000000	1733433171.699768	0.000000
52.000000	88154.475469	19301.133669	187500.000000	187500.000000	86690.972649	102761.631043	112609.116746	133745.820373	-0.076000	0.766000	0.578000	192.000000	0.000000	0.000000	0.000000	0.000000	0.000000	0.000000	0.000000	0.000000	0.000000	1733433171.703990	0.000000
53.000000	88148.976940	19293.176448	187500.000000	187500.000000	86677.606306	102756.400735	112598.454964	133749.463707	-0.076000	0.766000	0.578000	192.000000	0.000000	0.000000	0.000000	0.000000	0.000000	0.000000	0.000000	0.000000	0.000000	1733433171.707794	0.000000
54.000000	88155.481297	19306.453384	187500.000000	187500.000000	86687.619887	102762.770982	112605.428708	133736.387937	-0.076000	0.766000	0.578000	192.000000	0.000000	0.000000	0.000000	0.000000	0.000000	0.000000	0.000000	0.000000	0.000000	1733433171.710793	0.000000
55.000000	88154.140193	19313.203611	187500.000000	187500.000000	86682.143710	102756.333680	112596.532714	133729.950634	-0.076000	0.766000	0.578000	192.000000	0.000000	0.000000	0.000000	0.000000	0.000000	0.000000	0.000000	0.000000	0.000000	1733433171.714859	0.000000
56.000000	88153.626103	19307.503916	187500.000000	187500.000000	86678.053341	102748.152941	112598.030281	133733.973948	-0.076000	0.766000	0.578000	192.000000	0.000000	0.000000	0.000000	0.000000	0.000000	0.000000	0.000000	0.000000	0.000000	1733433171.720009	0.000000
57.000000	88156.710643	19306.609846	187500.000000	187500.000000	86679.483852	102758.993537	112600.108993	133774.832937	-0.076000	0.766000	0.578000	192.000000	0.000000	0.000000	0.000000	0.000000	0.000000	0.000000	0.000000	0.000000	0.000000	1733433171.724037	0.000000
58.000000	88157.850582	19311.974265	187500.000000	187500.000000	86685.451768	102762.279244	112598.186743	133784.600649	-0.078000	0.766000	0.588000	192.000000	253.000000	144.000000	23.000000	240.000000	18.000000	96.000000	0.000000	0.000000	0.000000	1733433171.728024	0.000000
59.000000	88153.804917	19305.313445	187500.000000	187500.000000	86690.704428	102757.607729	112612.335397	133757.689149	-0.078000	0.766000	0.588000	192.000000	0.000000	0.000000	0.000000	0.000000	0.000000	0.000000	0.000000	0.000000	0.000000	1733433171.732007	0.000000
60.000000	88144.484239	19298.138535	187500.000000	187500.000000	86688.245736	102759.574683	112600.354862	133723.982718	-0.078000	0.766000	0.588000	192.000000	0.000000	0.000000	0.000000	0.000000	0.000000	0.000000	0.000000	0.000000	0.000000	1733433171.735838	0.000000
61.000000	88138.091640	19287.968491	187500.000000	187500.000000	86677.807471	102756.736011	112574.628004	133737.617283	-0.078000	0.766000	0.588000	192.000000	0.000000	0.000000	0.000000	0.000000	0.000000	0.000000	0.000000	0.000000	0.000000	1733433171.739028	0.000000
62.000000	88132.503704	19273.417505	187500.000000	187500.000000	86674.342951	102738.385229	112575.857350	133730.755297	-0.078000	0.766000	0.588000	192.000000	0.000000	0.000000	0.000000	0.000000	0.000000	0.000000	0.000000	0.000000	0.000000	1733433171.742807	0.000000
63.000000	88155.414242	19309.716738	187500.000000	187500.000000	86686.010562	102726.784674	112599.393737	133740.679472	-0.078000	0.766000	0.588000	192.000000	0.000000	0.000000	0.000000	0.000000	0.000000	0.000000	0.000000	0.000000	0.000000	1733433171.750361	0.000000
64.000000	88163.460870	19319.909134	187500.000000	187500.000000	86688.469254	102733.601956	112600.891304	133749.866039	-0.078000	0.766000	0.588000	192.000000	0.000000	0.000000	0.000000	0.000000	0.000000	0.000000	0.000000	0.000000	0.000000	1733433171.751810	0.000000
65.000000	88168.646475	19330.995599	187500.000000	187500.000000	86693.543100	102744.263738	112616.090490	133749.039024	-0.078000	0.766000	0.588000	192.000000	0.000000	0.000000	0.000000	0.000000	0.000000	0.000000	0.000000	0.000000	0.000000	1733433171.755864	0.000000
66.000000	88164.287885	19322.636047	187500.000000	187500.000000	86686.837576	102748.599976	112607.485069	133748.368472	-0.078000	0.766000	0.588000	192.000000	0.000000	0.000000	0.000000	0.000000	0.000000	0.000000	0.000000	0.000000	0.000000	1733433171.760001	0.000000
67.000000	88159.996350	19306.900419	187500.000000	187500.000000	86686.591707	102757.160694	112604.512287	133742.758184	-0.078000	0.766000	0.588000	192.000000	0.000000	0.000000	0.000000	0.000000	0.000000	0.000000	0.000000	0.000000	0.000000	1733433171.763168	0.000000
68.000000	88163.080891	19317.003407	187500.000000	187500.000000	86688.737475	102756.177218	112615.598752	133760.505469	-0.076000	0.766000	0.588000	192.000000	253.000000	160.000000	23.000000	240.000000	18.000000	96.000000	0.000000	0.000000	0.000000	1733433171.767189	0.000000
69.000000	88154.073138	19310.029663	187500.000000	187500.000000	86673.426530	102749.270528	112601.047766	133786.500548	-0.076000	0.766000	0.588000	192.000000	0.000000	0.000000	0.000000	0.000000	0.000000	0.000000	0.000000	0.000000	0.000000	1733433171.771060	0.000000
70.000000	88158.029396	19315.841116	187500.000000	187500.000000	86680.981419	102758.367688	112596.577417	133751.743585	-0.076000	0.766000	0.588000	192.000000	0.000000	0.000000	0.000000	0.000000	0.000000	0.000000	0.000000	0.000000	0.000000	1733433171.775190	0.000000
71.000000	88160.108109	19316.556372	187500.000000	187500.000000	86681.920192	102746.945947	112599.840772	133763.321789	-0.076000	0.766000	0.588000	192.000000	0.000000	0.000000	0.000000	0.000000	0.000000	0.000000	0.000000	0.000000	0.000000	1733433171.779871	0.000000
72.000000	88155.570704	19302.742994	187500.000000	187500.000000	86677.583954	102751.930386	112590.520095	133759.253771	-0.076000	0.766000	0.588000	192.000000	0.000000	0.000000	0.000000	0.000000	0.000000	0.000000	0.000000	0.000000	0.000000	1733433171.783888	0.000000
73.000000	88162.142117	19313.091852	187500.000000	187500.000000	86689.788007	102763.955625	112589.916598	133726.307300	-0.076000	0.766000	0.588000	192.000000	0.000000	0.000000	0.000000	0.000000	0.000000	0.000000	0.000000	0.000000	0.000000	1733433171.786917	0.000000
74.000000	88155.257780	19300.396061	187500.000000	187500.000000	86680.489681	102743.906110	112583.076964	133739.852457	-0.076000	0.766000	0.588000	192.000000	0.000000	0.000000	0.000000	0.000000	0.000000	0.000000	0.000000	0.000000	0.000000	1733433171.790924	0.000000
75.000000	88165.673693	19310.208477	187500.000000	187500.000000	86694.057190	102753.293842	112625.634685	133757.264466	-0.076000	0.766000	0.588000	192.000000	0.000000	0.000000	0.000000	0.000000	0.000000	0.000000	0.000000	0.000000	0.000000	1733433171.795134	0.000000
76.000000	88169.138213	19313.717701	187500.000000	187500.000000	86700.807417	102753.740877	112633.211927	133752.995283	-0.076000	0.766000	0.588000	192.000000	0.000000	0.000000	0.000000	0.000000	0.000000	0.000000	0.000000	0.000000	0.000000	1733433171.799160	0.000000
77.000000	88175.486109	19318.970361	187500.000000	187500.000000	86701.254451	102766.168447	112626.461700	133746.312111	-0.076000	0.766000	0.588000	192.000000	0.000000	0.000000	0.000000	0.000000	0.000000	0.000000	0.000000	0.000000	0.000000	1733433171.804164	0.000000
78.000000	88173.295638	19327.128747	187500.000000	187500.000000	86700.718010	102759.328813	112613.654150	133725.815562	-0.070000	0.764000	0.580000	192.000000	253.000000	208.000000	23.000000	224.000000	18.000000	32.000000	0.000000	0.000000	0.000000	1733433171.808180	0.000000
79.000000	88170.524021	19327.419320	187500.000000	187500.000000	86705.523635	102766.190799	112620.672598	133727.983681	-0.070000	0.764000	0.580000	192.000000	0.000000	0.000000	0.000000	0.000000	0.000000	0.000000	0.000000	0.000000	0.000000	1733433171.811950	0.000000
80.000000	88169.920524	19313.985922	187500.000000	187500.000000	86705.724800	102775.667939	112621.901944	133759.790213	-0.070000	0.764000	0.580000	192.000000	0.000000	0.000000	0.000000	0.000000	0.000000	0.000000	0.000000	0.000000	0.000000	1733433171.814914	0.000000
81.000000	88168.422957	19312.801279	187500.000000	187500.000000	86690.369152	102759.328813	112599.550199	133783.304248	-0.070000	0.764000	0.580000	192.000000	0.000000	0.000000	0.000000	0.000000	0.000000	0.000000	0.000000	0.000000	0.000000	1733433171.818929	0.000000
82.000000	88169.317027	19312.331893	187500.000000	187500.000000	86688.201033	102754.411430	112606.143964	133772.530707	-0.070000	0.764000	0.580000	192.000000	0.000000	0.000000	0.000000	0.000000	0.000000	0.000000	0.000000	0.000000	0.000000	1733433171.822956	0.000000
83.000000	88180.716417	19326.726416	187500.000000	187500.000000	86689.743303	102757.652433	112612.737729	133757.376225	-0.070000	0.764000	0.580000	192.000000	0.000000	0.000000	0.000000	0.000000	0.000000	0.000000	0.000000	0.000000	0.000000	1733433171.826944	0.000000
84.000000	88177.922449	19330.906192	187500.000000	187500.000000	86693.878376	102765.252026	112631.982581	133782.991324	-0.070000	0.764000	0.580000	192.000000	0.000000	0.000000	0.000000	0.000000	0.000000	0.000000	0.000000	0.000000	0.000000	1733433171.831936	0.000000
85.000000	88167.417129	19322.837212	187500.000000	187500.000000	86682.210765	102753.919691	112608.602656	133743.384033	-0.070000	0.764000	0.580000	192.000000	0.000000	0.000000	0.000000	0.000000	0.000000	0.000000	0.000000	0.000000	0.000000	1733433171.836121	0.000000
86.000000	88173.250934	19320.490279	187500.000000	187500.000000	86678.142748	102749.158770	112609.921409	133722.306338	-0.070000	0.764000	0.580000	192.000000	0.000000	0.000000	0.000000	0.000000	0.000000	0.000000	0.000000	0.000000	0.000000	1733433171.840157	0.000000
87.000000	88170.792242	19309.917904	187500.000000	187500.000000	86679.483852	102753.830284	112629.680351	133744.591027	-0.070000	0.764000	0.580000	192.000000	0.000000	0.000000	0.000000	0.000000	0.000000	0.000000	0.000000	0.000000	0.000000	1733433171.843189	0.000000
88.000000	88172.178051	19307.816840	187500.000000	187500.000000	86660.574277	102740.598052	112622.460738	133759.700806	-0.074000	0.768000	0.584000	192.000000	253.000000	176.000000	24.000000	0.000000	18.000000	64.000000	0.000000	0.000000	0.000000	1733433171.847209	0.000000
89.000000	88184.315048	19324.670055	187500.000000	187500.000000	86663.100024	102759.775848	112636.385874	133769.960257	-0.074000	0.768000	0.584000	192.000000	0.000000	0.000000	0.000000	0.000000	0.000000	0.000000	0.000000	0.000000	0.000000	1733433171.851001	0.000000
90.000000	88192.652248	19340.718608	187500.000000	187500.000000	86679.528556	102776.405546	112641.482072	133753.464669	-0.074000	0.768000	0.584000	192.000000	0.000000	0.000000	0.000000	0.000000	0.000000	0.000000	0.000000	0.000000	0.000000	1733433171.855277	0.000000
91.000000	88193.188690	19343.177300	187500.000000	187500.000000	86672.979495	102773.455116	112639.559822	133748.994321	-0.074000	0.768000	0.584000	192.000000	0.000000	0.000000	0.000000	0.000000	0.000000	0.000000	0.000000	0.000000	0.000000	1733433171.858996	0.000000
92.000000	88182.705722	19328.939239	187500.000000	187500.000000	86669.537326	102767.554255	112639.738636	133761.421890	-0.074000	0.768000	0.584000	192.000000	0.000000	0.000000	0.000000	0.000000	0.000000	0.000000	0.000000	0.000000	0.000000	1733433171.864032	0.000000
93.000000	88191.333496	19352.497977	187500.000000	187500.000000	86677.248678	102783.289884	112651.942688	133782.879565	-0.074000	0.768000	0.584000	192.000000	0.000000	0.000000	0.000000	0.000000	0.000000	0.000000	0.000000	0.000000	0.000000	1733433171.868035	0.000000
94.000000	88181.319914	19334.482471	187500.000000	187500.000000	86656.640369	102782.574628	112638.531642	133785.360609	-0.074000	0.768000	0.584000	192.000000	0.000000	0.000000	0.000000	0.000000	0.000000	0.000000	0.000000	0.000000	0.000000	1733433171.871116	0.000000
95.000000	88174.077949	19322.837212	187500.000000	187500.000000	86654.807526	102793.884610	112630.797938	133777.381036	-0.074000	0.768000	0.584000	192.000000	0.000000	0.000000	0.000000	0.000000	0.000000	0.000000	0.000000	0.000000	0.000000	1733433171.875038	0.000000
96.000000	88174.681446	19309.604980	187500.000000	187500.000000	86649.197239	102772.069308	112628.562764	133767.546268	-0.074000	0.768000	0.584000	192.000000	0.000000	0.000000	0.000000	0.000000	0.000000	0.000000	0.000000	0.000000	0.000000	1733433171.879298	0.000000
97.000000	88176.670751	19315.014102	187500.000000	187500.000000	86646.269160	102768.090697	112638.218717	133762.405367	-0.074000	0.768000	0.584000	192.000000	0.000000	0.000000	0.000000	0.000000	0.000000	0.000000	0.000000	0.000000	0.000000	1733433171.883236	0.000000
98.000000	88178.883574	19321.764329	187500.000000	187500.000000	86654.405195	102783.491049	112640.096264	133759.678454	-0.066000	0.764000	0.586000	192.000000	253.000000	240.000000	23.000000	224.000000	18.000000	80.000000	0.000000	0.000000	0.000000	1733433171.887143	0.000000
99.000000	88168.534716	19312.130727	187500.000000	187500.000000	86643.877523	102789.213096	112629.456834	133749.620169	-0.066000	0.764000	0.586000	192.000000	0.000000	0.000000	0.000000	0.000000	0.000000	0.000000	0.000000	0.000000	0.000000	1733433171.892035	0.000000
100.000000	88171.239277	19318.612733	187500.000000	187500.000000	86642.692881	102785.703872	112633.994238	133758.471460	-0.066000	0.764000	0.586000	192.000000	0.000000	0.000000	0.000000	0.000000	0.000000	0.000000	0.000000	0.000000	0.000000	1733433171.896044	0.000000
101.000000	88172.133347	19325.027683	187500.000000	187500.000000	86646.582084	102773.164543	112638.911621	133760.706635	-0.066000	0.764000	0.586000	192.000000	0.000000	0.000000	0.000000	0.000000	0.000000	0.000000	0.000000	0.000000	0.000000	1733433171.899073	0.000000
102.000000	88167.417129	19328.402797	187500.000000	187500.000000	86636.099116	102780.294750	112631.088511	133745.686262	-0.066000	0.764000	0.586000	192.000000	0.000000	0.000000	0.000000	0.000000	0.000000	0.000000	0.000000	0.000000	0.000000	1733433171.903036	0.000000
103.000000	88169.451138	19333.566050	187500.000000	187500.000000	86634.892122	102791.068291	112638.241069	133763.344140	-0.066000	0.764000	0.586000	192.000000	0.000000	0.000000	0.000000	0.000000	0.000000	0.000000	0.000000	0.000000	0.000000	1733433171.907064	0.000000
104.000000	88167.819460	19328.715721	187500.000000	187500.000000	86631.740526	102786.128555	112636.989371	133759.097309	-0.066000	0.764000	0.586000	192.000000	0.000000	0.000000	0.000000	0.000000	0.000000	0.000000	0.000000	0.000000	0.000000	1733433171.911219	0.000000
105.000000	88165.316065	19321.451404	187500.000000	187500.000000	86629.192427	102782.239352	112642.711418	133774.676475	-0.066000	0.764000	0.586000	192.000000	0.000000	0.000000	0.000000	0.000000	0.000000	0.000000	0.000000	0.000000	0.000000	1733433171.915170	0.000000
106.000000	88166.545411	19312.980093	187500.000000	187500.000000	86628.857151	102775.980863	112640.476244	133790.099179	-0.066000	0.764000	0.586000	192.000000	0.000000	0.000000	0.000000	0.000000	0.000000	0.000000	0.000000	0.000000	0.000000	1733433171.920296	0.000000
107.000000	88167.283019	19306.363977	187500.000000	187500.000000	86627.672509	102784.139250	112635.134177	133782.164309	-0.066000	0.764000	0.586000	192.000000	0.000000	0.000000	0.000000	0.000000	0.000000	0.000000	0.000000	0.000000	0.000000	1733433171.923258	0.000000
108.000000	88173.139176	19319.775023	187500.000000	187500.000000	86652.862925	102801.171279	112647.159415	133761.332483	-0.068000	0.762000	0.586000	192.000000	253.000000	224.000000	23.000000	208.000000	18.000000	80.000000	0.000000	0.000000	0.000000	1733433171.927260	0.000000
109.000000	88174.480280	19319.752672	187500.000000	187500.000000	86657.355625	102792.521154	112651.070970	133756.705672	-0.068000	0.762000	0.586000	192.000000	0.000000	0.000000	0.000000	0.000000	0.000000	0.000000	0.000000	0.000000	0.000000	1733433171.931076	0.000000
110.000000	88179.621181	19331.979076	187500.000000	187500.000000	86654.472250	102787.514363	112654.736657	133793.295478	-0.068000	0.762000	0.586000	192.000000	0.000000	0.000000	0.000000	0.000000	0.000000	0.000000	0.000000	0.000000	0.000000	1733433171.935078	0.000000
111.000000	88169.987580	19321.764329	187500.000000	187500.000000	86644.995111	102778.484258	112636.609392	133774.765882	-0.068000	0.762000	0.586000	192.000000	0.000000	0.000000	0.000000	0.000000	0.000000	0.000000	0.000000	0.000000	0.000000	1733433171.939187	0.000000
112.000000	88159.750481	19303.659416	187500.000000	187500.000000	86636.724965	102768.515380	112620.873764	133757.823260	-0.068000	0.762000	0.586000	192.000000	0.000000	0.000000	0.000000	0.000000	0.000000	0.000000	0.000000	0.000000	0.000000	1733433171.943105	0.000000
113.000000	88173.675617	19318.791547	187500.000000	187500.000000	86660.440166	102768.001290	112647.897023	133778.185699	-0.068000	0.762000	0.586000	192.000000	0.000000	0.000000	0.000000	0.000000	0.000000	0.000000	0.000000	0.000000	0.000000	1733433171.947144	0.000000
114.000000	88183.398626	19333.454291	187500.000000	187500.000000	86675.885221	102795.650398	112656.994183	133769.826146	-0.068000	0.762000	0.586000	192.000000	0.000000	0.000000	0.000000	0.000000	0.000000	0.000000	0.000000	0.000000	0.000000	1733433171.951371	0.000000
115.000000	88185.633801	19337.835233	187500.000000	187500.000000	86677.360437	102789.347206	112650.892156	133777.313981	-0.068000	0.762000	0.586000	192.000000	0.000000	0.000000	0.000000	0.000000	0.000000	0.000000	0.000000	0.000000	0.000000	1733433171.954322	0.000000
116.000000	88183.957420	19328.022817	187500.000000	187500.000000	86675.840518	102773.119840	112646.019476	133780.644391	-0.068000	0.762000	0.586000	192.000000	0.000000	0.000000	0.000000	0.000000	0.000000	0.000000	0.000000	0.000000	0.000000	1733433171.959336	0.000000
117.000000	88169.115862	19310.074366	187500.000000	187500.000000	86674.275896	102767.531904	112650.623936	133774.631771	-0.068000	0.762000	0.586000	192.000000	0.000000	0.000000	0.000000	0.000000	0.000000	0.000000	0.000000	0.000000	0.000000	1733433171.963391	0.000000
118.000000	88177.430710	19316.802241	187500.000000	187500.000000	86672.912439	102768.425973	112652.210909	133799.419856	-0.066000	0.770000	0.588000	192.000000	253.000000	240.000000	24.000000	16.000000	18.000000	96.000000	0.000000	0.000000	0.000000	1733433171.967237	0.000000
119.000000	88182.884536	19331.532041	187500.000000	187500.000000	86673.001846	102791.112994	112651.808578	133805.454827	-0.066000	0.770000	0.588000	192.000000	0.000000	0.000000	0.000000	0.000000	0.000000	0.000000	0.000000	0.000000	0.000000	1733433171.971242	0.000000
120.000000	88174.949667	19325.966457	187500.000000	187500.000000	86671.772500	102788.810764	112643.918412	133768.440338	-0.066000	0.770000	0.588000	192.000000	0.000000	0.000000	0.000000	0.000000	0.000000	0.000000	0.000000	0.000000	0.000000	1733433171.975174	0.000000
121.000000	88174.636742	19329.878012	187500.000000	187500.000000	86680.288515	102773.097488	112652.099151	133750.000149	-0.066000	0.770000	0.588000	192.000000	0.000000	0.000000	0.000000	0.000000	0.000000	0.000000	0.000000	0.000000	0.000000	1733433171.979153	0.000000
122.000000	88165.696045	19314.790584	187500.000000	187500.000000	86666.050454	102778.484258	112649.796921	133776.889298	-0.066000	0.770000	0.588000	192.000000	0.000000	0.000000	0.000000	0.000000	0.000000	0.000000	0.000000	0.000000	0.000000	1733433171.982149	0.000000
123.000000	88162.522097	19307.190991	187500.000000	187500.000000	86656.282742	102769.342395	112643.873709	133795.709466	-0.066000	0.770000	0.588000	192.000000	0.000000	0.000000	0.000000	0.000000	0.000000	0.000000	0.000000	0.000000	0.000000	1733433171.987194	0.000000
124.000000	88166.053673	19313.941218	187500.000000	187500.000000	86664.262314	102776.718471	112634.910659	133770.787271	-0.066000	0.770000	0.588000	192.000000	0.000000	0.000000	0.000000	0.000000	0.000000	0.000000	0.000000	0.000000	0.000000	1733433171.991223	0.000000
125.000000	88167.797109	19315.639951	187500.000000	187500.000000	86664.575239	102775.064442	112641.638534	133764.841707	-0.066000	0.770000	0.588000	192.000000	0.000000	0.000000	0.000000	0.000000	0.000000	0.000000	0.000000	0.000000	0.000000	1733433171.995262	0.000000
126.000000	88166.321893	19308.733262	187500.000000	187500.000000	86656.014521	102780.607674	112639.246898	133759.186716	-0.066000	0.770000	0.588000	192.000000	0.000000	0.000000	0.000000	0.000000	0.000000	0.000000	0.000000	0.000000	0.000000	1733433171.999434	0.000000
127.000000	88166.813632	19307.727433	187500.000000	187500.000000	86646.515029	102772.270474	112630.619124	133753.330559	-0.066000	0.770000	0.588000	192.000000	0.000000	0.000000	0.000000	0.000000	0.000000	0.000000	0.000000	0.000000	0.000000	1733433172.003572	0.000000
128.000000	88167.662998	19316.221096	187500.000000	187500.000000	86647.856134	102778.663072	112643.091398	133763.657065	-0.072000	0.770000	0.584000	192.000000	253.000000	192.000000	24.000000	16.000000	18.000000	64.000000	0.000000	0.000000	0.000000	1733433172.007268	0.000000
129.000000	88166.456004	19318.322160	187500.000000	187500.000000	86649.577218	102787.469660	112645.840662	133759.454937	-0.072000	0.770000	0.584000	192.000000	0.000000	0.000000	0.000000	0.000000	0.000000	0.000000	0.000000	0.000000	0.000000	1733433172.010230	0.000000
130.000000	88160.711606	19307.503916	187500.000000	187500.000000	86640.792983	102787.804936	112639.515119	133756.057472	-0.072000	0.770000	0.584000	192.000000	0.000000	0.000000	0.000000	0.000000	0.000000	0.000000	0.000000	0.000000	0.000000	1733433172.015210	0.000000
131.000000	88171.932181	19328.648666	187500.000000	187500.000000	86646.827954	102801.484204	112639.760988	133782.432530	-0.072000	0.770000	0.584000	192.000000	0.000000	0.000000	0.000000	0.000000	0.000000	0.000000	0.000000	0.000000	0.000000	1733433172.019226	0.000000
132.000000	88170.658132	19335.242431	187500.000000	187500.000000	86646.604436	102783.692215	112628.830985	133760.840745	-0.072000	0.770000	0.584000	192.000000	0.000000	0.000000	0.000000	0.000000	0.000000	0.000000	0.000000	0.000000	0.000000	1733433172.023240	0.000000
133.000000	88180.381141	19326.212326	187500.000000	187500.000000	86655.142803	102790.017759	112636.721150	133757.711501	-0.072000	0.770000	0.584000	192.000000	0.000000	0.000000	0.000000	0.000000	0.000000	0.000000	0.000000	0.000000	0.000000	1733433172.027249	0.000000
134.000000	88186.393760	19329.475681	187500.000000	187500.000000	86661.133070	102800.791299	112650.065142	133784.980629	-0.072000	0.770000	0.584000	192.000000	0.000000	0.000000	0.000000	0.000000	0.000000	0.000000	0.000000	0.000000	0.000000	1733433172.030234	0.000000
135.000000	88171.060463	19315.014102	187500.000000	187500.000000	86645.419794	102777.478430	112638.889270	133761.533649	-0.072000	0.770000	0.584000	192.000000	0.000000	0.000000	0.000000	0.000000	0.000000	0.000000	0.000000	0.000000	0.000000	1733433172.034384	0.000000
136.000000	88172.893306	19321.786680	187500.000000	187500.000000	86645.196276	102781.345282	112636.162357	133780.331466	-0.072000	0.770000	0.584000	192.000000	0.000000	0.000000	0.000000	0.000000	0.000000	0.000000	0.000000	0.000000	0.000000	1733433172.038442	0.000000
137.000000	88172.647437	19328.223983	187500.000000	187500.000000	86641.150611	102783.535753	112633.100168	133780.845556	-0.072000	0.770000	0.584000	192.000000	0.000000	0.000000	0.000000	0.000000	0.000000	0.000000	0.000000	0.000000	0.000000	1733433172.042439	0.000000
138.000000	88166.992446	19319.283285	187500.000000	187500.000000	86641.061204	102784.273360	112626.931086	133755.275161	-0.072000	0.770000	0.584000	192.000000	253.000000	192.000000	24.000000	16.000000	18.000000	64.000000	0.000000	0.000000	0.000000	1733433172.047569	0.000000
139.000000	88166.321893	19319.015064	187500.000000	187500.000000	86641.240018	102782.775793	112620.583191	133753.419966	-0.072000	0.770000	0.584000	192.000000	0.000000	0.000000	0.000000	0.000000	0.000000	0.000000	0.000000	0.000000	0.000000	1733433172.051301	0.000000
140.000000	88178.771815	19333.856622	187500.000000	187500.000000	86649.018425	102793.415224	112624.964133	133765.534611	-0.072000	0.770000	0.584000	192.000000	0.000000	0.000000	0.000000	0.000000	0.000000	0.000000	0.000000	0.000000	0.000000	1733433172.058161	0.000000
141.000000	88175.083777	19326.055864	187500.000000	187500.000000	86651.968855	102805.596924	112637.503462	133762.606533	-0.072000	0.770000	0.584000	192.000000	0.000000	0.000000	0.000000	0.000000	0.000000	0.000000	0.000000	0.000000	0.000000	1733433172.058411	0.000000
142.000000	88177.520117	19331.420282	187500.000000	187500.000000	86658.450861	102806.356884	112646.064180	133777.425739	-0.072000	0.770000	0.584000	192.000000	0.000000	0.000000	0.000000	0.000000	0.000000	0.000000	0.000000	0.000000	0.000000	1733433172.062326	0.000000
143.000000	88179.867051	19341.970306	187500.000000	187500.000000	86663.323541	102800.679541	112642.800825	133761.086614	-0.072000	0.770000	0.584000	192.000000	0.000000	0.000000	0.000000	0.000000	0.000000	0.000000	0.000000	0.000000	0.000000	1733433172.066308	0.000000
144.000000	88173.787376	19333.990733	187500.000000	187500.000000	86651.857096	102783.513401	112630.864993	133770.139071	-0.072000	0.770000	0.584000	192.000000	0.000000	0.000000	0.000000	0.000000	0.000000	0.000000	0.000000	0.000000	0.000000	1733433172.070318	0.000000
145.000000	88177.475414	19335.935335	187500.000000	187500.000000	86660.909553	102785.279189	112627.445177	133773.670646	-0.072000	0.770000	0.584000	192.000000	0.000000	0.000000	0.000000	0.000000	0.000000	0.000000	0.000000	0.000000	0.000000	1733433172.075402	0.000000
146.000000	88170.725187	19328.559259	187500.000000	187500.000000	86669.425567	102799.807823	112632.742540	133759.656103	-0.072000	0.770000	0.584000	192.000000	0.000000	0.000000	0.000000	0.000000	0.000000	0.000000	0.000000	0.000000	0.000000	1733433172.079524	0.000000
147.000000	88168.378254	19326.301733	187500.000000	187500.000000	86666.229268	102799.517250	112629.613296	133782.656048	-0.072000	0.770000	0.584000	192.000000	0.000000	0.000000	0.000000	0.000000	0.000000	0.000000	0.000000	0.000000	0.000000	1733433172.083559	0.000000
148.000000	88171.328684	19323.954800	187500.000000	187500.000000	86659.926076	102782.060538	112624.539450	133802.012658	-0.076000	0.772000	0.580000	192.000000	253.000000	160.000000	24.000000	32.000000	18.000000	32.000000	0.000000	0.000000	0.000000	1733433172.086704	0.000000
149.000000	88169.026455	19312.354244	187500.000000	187500.000000	86667.860945	102798.332608	112626.171127	133771.457824	-0.076000	0.772000	0.580000	192.000000	0.000000	0.000000	0.000000	0.000000	0.000000	0.000000	0.000000	0.000000	0.000000	1733433172.090404	0.000000
150.000000	88173.519155	19323.530117	187500.000000	187500.000000	86675.907573	102810.000218	112636.005895	133779.951487	-0.076000	0.772000	0.580000	192.000000	0.000000	0.000000	0.000000	0.000000	0.000000	0.000000	0.000000	0.000000	0.000000	1733433172.094434	0.000000
151.000000	88172.669789	19315.684654	187500.000000	187500.000000	86671.616038	102813.442387	112630.216793	133798.704600	-0.076000	0.772000	0.580000	192.000000	0.000000	0.000000	0.000000	0.000000	0.000000	0.000000	0.000000	0.000000	0.000000	1733433172.098461	0.000000
152.000000	88169.026455	19310.297884	187500.000000	187500.000000	86668.084463	102799.003160	112623.913601	133802.370286	-0.076000	0.772000	0.580000	192.000000	0.000000	0.000000	0.000000	0.000000	0.000000	0.000000	0.000000	0.000000	0.000000	1733433172.103419	0.000000
153.000000	88175.083777	19321.920791	187500.000000	187500.000000	86668.978532	102800.433672	112631.401435	133766.518088	-0.076000	0.772000	0.580000	192.000000	0.000000	0.000000	0.000000	0.000000	0.000000	0.000000	0.000000	0.000000	0.000000	1733433172.107839	0.000000
154.000000	88177.095434	19322.837212	187500.000000	187500.000000	86671.817204	102807.608581	112638.732807	133761.466594	-0.076000	0.772000	0.580000	192.000000	0.000000	0.000000	0.000000	0.000000	0.000000	0.000000	0.000000	0.000000	0.000000	1733433172.111590	0.000000
155.000000	88171.552202	19321.138480	187500.000000	187500.000000	86671.146652	102806.423939	112634.441273	133784.980629	-0.076000	0.772000	0.580000	192.000000	0.000000	0.000000	0.000000	0.000000	0.000000	0.000000	0.000000	0.000000	0.000000	1733433172.114743	0.000000
156.000000	88170.166394	19312.220134	187500.000000	187500.000000	86670.140823	102789.816593	112622.348979	133789.138054	-0.076000	0.772000	0.580000	192.000000	0.000000	0.000000	0.000000	0.000000	0.000000	0.000000	0.000000	0.000000	0.000000	1733433172.118646	0.000000
157.000000	88170.725187	19308.643855	187500.000000	187500.000000	86667.570373	102789.593075	112611.374272	133764.506431	-0.076000	0.772000	0.580000	192.000000	0.000000	0.000000	0.000000	0.000000	0.000000	0.000000	0.000000	0.000000	0.000000	1733433172.122442	0.000000
158.000000	88168.937048	19306.207515	187500.000000	187500.000000	86678.232155	102792.565857	112613.028301	133766.272219	-0.080000	0.766000	0.580000	192.000000	253.000000	128.000000	23.000000	240.000000	18.000000	32.000000	0.000000	0.000000	0.000000	1733433172.126410	0.000000
159.000000	88155.995388	19294.629311	187500.000000	187500.000000	86674.477062	102780.808840	112611.038996	133760.594876	-0.080000	0.766000	0.580000	192.000000	0.000000	0.000000	0.000000	0.000000	0.000000	0.000000	0.000000	0.000000	0.000000	1733433172.131436	0.000000
160.000000	88173.250934	19307.883895	187500.000000	187500.000000	86685.205899	102795.136308	112620.560839	133774.072978	-0.080000	0.766000	0.580000	192.000000	0.000000	0.000000	0.000000	0.000000	0.000000	0.000000	0.000000	0.000000	0.000000	1733433172.135408	0.000000
161.000000	88171.932181	19305.715776	187500.000000	187500.000000	86678.902707	102805.462814	112627.735749	133818.418839	-0.080000	0.766000	0.580000	192.000000	0.000000	0.000000	0.000000	0.000000	0.000000	0.000000	0.000000	0.000000	0.000000	1733433172.139462	0.000000
162.000000	88177.475414	19323.619523	187500.000000	187500.000000	86678.858003	102812.905945	112630.306200	133788.266336	-0.080000	0.766000	0.580000	192.000000	0.000000	0.000000	0.000000	0.000000	0.000000	0.000000	0.000000	0.000000	0.000000	1733433172.142444	0.000000
163.000000	88184.985600	19333.856622	187500.000000	187500.000000	86680.869660	102791.448270	112634.418921	133767.769786	-0.080000	0.766000	0.580000	192.000000	0.000000	0.000000	0.000000	0.000000	0.000000	0.000000	0.000000	0.000000	0.000000	1733433172.146600	0.000000
164.000000	88179.911754	19314.544715	187500.000000	187500.000000	86676.891050	102787.246142	112633.144871	133780.063245	-0.080000	0.766000	0.580000	192.000000	0.000000	0.000000	0.000000	0.000000	0.000000	0.000000	0.000000	0.000000	0.000000	1733433172.150531	0.000000
165.000000	88172.669789	19301.066613	187500.000000	187500.000000	86669.045588	102791.291808	112620.471432	133795.508301	-0.080000	0.766000	0.580000	192.000000	0.000000	0.000000	0.000000	0.000000	0.000000	0.000000	0.000000	0.000000	0.000000	1733433172.154660	0.000000
166.000000	88185.030304	19322.144308	187500.000000	187500.000000	86681.383751	102807.161547	112630.775586	133788.780426	-0.080000	0.766000	0.580000	192.000000	0.000000	0.000000	0.000000	0.000000	0.000000	0.000000	0.000000	0.000000	0.000000	1733433172.158747	0.000000
167.000000	88179.218850	19316.623427	187500.000000	187500.000000	86683.842442	102808.972038	112635.603563	133775.257620	-0.080000	0.766000	0.580000	192.000000	0.000000	0.000000	0.000000	0.000000	0.000000	0.000000	0.000000	0.000000	0.000000	1733433172.163438	0.000000
168.000000	88176.044902	19307.906247	187500.000000	187500.000000	86683.596573	102808.793224	112639.157491	133791.663801	-0.070000	0.764000	0.578000	192.000000	253.000000	208.000000	23.000000	224.000000	18.000000	16.000000	0.000000	0.000000	0.000000	1733433172.167531	0.000000
169.000000	88178.972981	19309.202648	187500.000000	187500.000000	86679.215631	102797.997331	112622.259572	133789.160405	-0.070000	0.764000	0.578000	192.000000	0.000000	0.000000	0.000000	0.000000	0.000000	0.000000	0.000000	0.000000	0.000000	1733433172.170687	0.000000
170.000000	88177.296600	19306.319273	187500.000000	187500.000000	86686.547004	102807.072140	112634.754197	133784.041856	-0.070000	0.764000	0.578000	192.000000	0.000000	0.000000	0.000000	0.000000	0.000000	0.000000	0.000000	0.000000	0.000000	1733433172.174450	0.000000
171.000000	88172.669789	19305.827535	187500.000000	187500.000000	86687.798701	102810.536660	112637.548165	133779.347989	-0.070000	0.764000	0.578000	192.000000	0.000000	0.000000	0.000000	0.000000	0.000000	0.000000	0.000000	0.000000	0.000000	1733433172.178482	0.000000
172.000000	88171.641609	19306.252218	187500.000000	187500.000000	86680.199108	102792.051767	112625.545278	133764.662893	-0.070000	0.764000	0.578000	192.000000	0.000000	0.000000	0.000000	0.000000	0.000000	0.000000	0.000000	0.000000	0.000000	1733433172.182700	0.000000
173.000000	88175.374350	19304.374672	187500.000000	187500.000000	86687.262259	102795.560991	112630.999104	133775.168213	-0.070000	0.764000	0.578000	192.000000	0.000000	0.000000	0.000000	0.000000	0.000000	0.000000	0.000000	0.000000	0.000000	1733433172.186628	0.000000
174.000000	88187.556051	19321.473756	187500.000000	187500.000000	86696.538233	102809.329666	112638.330476	133782.141958	-0.070000	0.764000	0.578000	192.000000	0.000000	0.000000	0.000000	0.000000	0.000000	0.000000	0.000000	0.000000	0.000000	1733433172.191870	0.000000
175.000000	88168.333550	19303.659416	187500.000000	187500.000000	86684.065960	102808.569707	112620.739653	133779.303286	-0.070000	0.764000	0.578000	192.000000	0.000000	0.000000	0.000000	0.000000	0.000000	0.000000	0.000000	0.000000	0.000000	1733433172.194613	0.000000
176.000000	88167.640646	19305.045224	187500.000000	187500.000000	86680.869660	102818.449178	112618.459775	133781.069074	-0.070000	0.764000	0.578000	192.000000	0.000000	0.000000	0.000000	0.000000	0.000000	0.000000	0.000000	0.000000	0.000000	1733433172.197519	0.000000
177.000000	88179.956458	19319.998541	187500.000000	187500.000000	86690.212690	102810.156680	112624.830022	133781.002019	-0.070000	0.764000	0.578000	192.000000	0.000000	0.000000	0.000000	0.000000	0.000000	0.000000	0.000000	0.000000	0.000000	1733433172.202517	0.000000
178.000000	88183.331571	19314.477660	187500.000000	187500.000000	86692.224347	102784.943913	112620.314970	133794.681286	-0.072000	0.762000	0.578000	192.000000	253.000000	192.000000	23.000000	208.000000	18.000000	16.000000	0.000000	0.000000	0.000000	1733433172.206535	0.000000
179.000000	88181.610487	19308.666206	187500.000000	187500.000000	86697.141730	102791.448270	112622.527793	133780.130301	-0.072000	0.762000	0.578000	192.000000	0.000000	0.000000	0.000000	0.000000	0.000000	0.000000	0.000000	0.000000	0.000000	1733433172.210524	0.000000
180.000000	88180.761120	19311.281361	187500.000000	187500.000000	86709.099914	102790.285980	112637.816386	133785.539423	-0.072000	0.762000	0.578000	192.000000	0.000000	0.000000	0.000000	0.000000	0.000000	0.000000	0.000000	0.000000	0.000000	1733433172.214546	0.000000
181.000000	88182.191632	19310.744919	187500.000000	187500.000000	86717.325356	102803.138233	112651.294488	133784.153615	-0.072000	0.762000	0.578000	192.000000	0.000000	0.000000	0.000000	0.000000	0.000000	0.000000	0.000000	0.000000	0.000000	1733433172.219639	0.000000
182.000000	88174.010894	19302.586532	187500.000000	187500.000000	86706.976498	102795.896267	112643.605488	133801.118589	-0.072000	0.762000	0.578000	192.000000	0.000000	0.000000	0.000000	0.000000	0.000000	0.000000	0.000000	0.000000	0.000000	1733433172.222774	0.000000
183.000000	88180.157623	19318.545677	187500.000000	187500.000000	86707.758809	102797.527945	112642.443197	133797.855234	-0.072000	0.762000	0.578000	192.000000	0.000000	0.000000	0.000000	0.000000	0.000000	0.000000	0.000000	0.000000	0.000000	1733433172.225587	0.000000
184.000000	88187.109016	19319.596209	187500.000000	187500.000000	86704.763675	102799.986637	112649.729866	133773.290667	-0.072000	0.762000	0.578000	192.000000	0.000000	0.000000	0.000000	0.000000	0.000000	0.000000	0.000000	0.000000	0.000000	1733433172.230765	0.000000
185.000000	88194.775664	19318.903305	187500.000000	187500.000000	86705.858911	102805.015779	112651.696819	133790.300344	-0.072000	0.762000	0.578000	192.000000	0.000000	0.000000	0.000000	0.000000	0.000000	0.000000	0.000000	0.000000	0.000000	1733433172.234599	0.000000
186.000000	88194.082760	19315.572895	187500.000000	187500.000000	86702.059114	102817.152776	112640.319781	133798.302269	-0.072000	0.762000	0.578000	192.000000	0.000000	0.000000	0.000000	0.000000	0.000000	0.000000	0.000000	0.000000	0.000000	1733433172.238783	0.000000
187.000000	88192.361676	19315.014102	187500.000000	187500.000000	86709.055210	102813.420035	112647.494691	133788.355742	-0.072000	0.762000	0.578000	192.000000	0.000000	0.000000	0.000000	0.000000	0.000000	0.000000	0.000000	0.000000	0.000000	1733433172.242553	0.000000
188.000000	88187.243126	19314.500012	187500.000000	187500.000000	86697.856986	102802.758253	112642.353790	133809.031106	-0.074000	0.764000	0.582000	192.000000	253.000000	176.000000	23.000000	224.000000	18.000000	48.000000	0.000000	0.000000	0.000000	1733433172.247608	0.000000
189.000000	88181.789301	19314.790584	187500.000000	187500.000000	86685.340009	102830.854396	112619.800880	133796.000039	-0.074000	0.764000	0.582000	192.000000	0.000000	0.000000	0.000000	0.000000	0.000000	0.000000	0.000000	0.000000	0.000000	1733433172.250578	0.000000
190.000000	88185.544394	19307.079233	187500.000000	187500.000000	86701.276803	102828.373352	112630.283848	133768.194469	-0.074000	0.764000	0.582000	192.000000	0.000000	0.000000	0.000000	0.000000	0.000000	0.000000	0.000000	0.000000	0.000000	1733433172.253594	0.000000
191.000000	88190.819405	19315.304675	187500.000000	187500.000000	86717.593577	102804.971076	112652.725000	133778.900955	-0.074000	0.764000	0.582000	192.000000	0.000000	0.000000	0.000000	0.000000	0.000000	0.000000	0.000000	0.000000	0.000000	1733433172.258724	0.000000
192.000000	88185.477338	19317.405739	187500.000000	187500.000000	86716.096010	102803.115881	112647.092360	133776.889298	-0.074000	0.764000	0.582000	192.000000	0.000000	0.000000	0.000000	0.000000	0.000000	0.000000	0.000000	0.000000	0.000000	1733433172.262817	0.000000
193.000000	88185.142062	19316.914000	187500.000000	187500.000000	86712.944414	102810.849584	112640.476244	133801.252699	-0.074000	0.764000	0.582000	192.000000	0.000000	0.000000	0.000000	0.000000	0.000000	0.000000	0.000000	0.000000	0.000000	1733433172.266834	0.000000
194.000000	88193.926298	19328.559259	187500.000000	187500.000000	86718.554702	102819.365599	112644.298392	133797.095275	-0.074000	0.764000	0.582000	192.000000	0.000000	0.000000	0.000000	0.000000	0.000000	0.000000	0.000000	0.000000	0.000000	1733433172.270629	0.000000
195.000000	88197.748446	19335.890631	187500.000000	187500.000000	86725.930777	102826.361695	112648.522872	133778.073940	-0.074000	0.764000	0.582000	192.000000	0.000000	0.000000	0.000000	0.000000	0.000000	0.000000	0.000000	0.000000	0.000000	1733433172.274618	0.000000
196.000000	88197.144949	19328.738073	187500.000000	187500.000000	86729.194132	102832.083742	112658.022363	133800.425685	-0.074000	0.764000	0.582000	192.000000	0.000000	0.000000	0.000000	0.000000	0.000000	0.000000	0.000000	0.000000	0.000000	1733433172.278615	0.000000
197.000000	88195.535623	19328.201631	187500.000000	187500.000000	86729.417649	102831.413189	112656.010706	133808.315850	-0.074000	0.764000	0.582000	192.000000	0.000000	0.000000	0.000000	0.000000	0.000000	0.000000	0.000000	0.000000	0.000000	1733433172.281635	0.000000
198.000000	88191.869937	19317.897477	187500.000000	187500.000000	86727.920083	102836.777608	112656.278927	133819.625833	-0.072000	0.770000	0.578000	192.000000	253.000000	192.000000	24.000000	16.000000	18.000000	16.000000	0.000000	0.000000	0.000000	1733433172.286678	0.000000
199.000000	88192.942821	19318.925657	187500.000000	187500.000000	86732.055155	102837.738733	112659.341116	133807.153560	-0.072000	0.770000	0.578000	192.000000	0.000000	0.000000	0.000000	0.000000	0.000000	0.000000	0.000000	0.000000	0.000000	1733433172.290655	0.000000
200.000000	88185.790263	19309.649683	187500.000000	187500.000000	86727.473048	102822.181919	112644.723075	133789.473330	-0.072000	0.770000	0.578000	192.000000	0.000000	0.000000	0.000000	0.000000	0.000000	0.000000	0.000000	0.000000	0.000000	1733433172.294955	0.000000
201.000000	88181.498728	19306.408680	187500.000000	187500.000000	86723.963824	102802.914715	112632.988409	133770.809623	-0.072000	0.770000	0.578000	192.000000	0.000000	0.000000	0.000000	0.000000	0.000000	0.000000	0.000000	0.000000	0.000000	1733433172.298815	0.000000
202.000000	88194.686257	19327.419320	187500.000000	187500.000000	86732.792763	102811.251916	112637.235241	133780.040894	-0.072000	0.770000	0.578000	192.000000	0.000000	0.000000	0.000000	0.000000	0.000000	0.000000	0.000000	0.000000	0.000000	1733433172.301925	0.000000
203.000000	88199.670696	19337.946992	187500.000000	187500.000000	86739.922969	102805.351055	112644.700723	133781.650219	-0.072000	0.770000	0.578000	192.000000	0.000000	0.000000	0.000000	0.000000	0.000000	0.000000	0.000000	0.000000	0.000000	1733433172.305698	0.000000
204.000000	88192.741655	19314.343550	187500.000000	187500.000000	86732.658652	102807.094491	112640.588002	133784.421835	-0.072000	0.770000	0.578000	192.000000	0.000000	0.000000	0.000000	0.000000	0.000000	0.000000	0.000000	0.000000	0.000000	1733433172.309670	0.000000
205.000000	88192.339324	19299.971378	187500.000000	187500.000000	86734.759716	102807.966209	112624.204174	133801.587975	-0.072000	0.770000	0.578000	192.000000	0.000000	0.000000	0.000000	0.000000	0.000000	0.000000	0.000000	0.000000	0.000000	1733433172.314658	0.000000
206.000000	88192.965173	19301.513648	187500.000000	187500.000000	86740.504115	102815.163471	112637.570517	133797.832882	-0.072000	0.770000	0.578000	192.000000	0.000000	0.000000	0.000000	0.000000	0.000000	0.000000	0.000000	0.000000	0.000000	1733433172.318686	0.000000
207.000000	88197.167301	19307.325102	187500.000000	187500.000000	86746.382623	102817.532756	112654.870767	133797.877586	-0.072000	0.770000	0.578000	192.000000	0.000000	0.000000	0.000000	0.000000	0.000000	0.000000	0.000000	0.000000	0.000000	1733433172.322729	0.000000
208.000000	88202.844644	19317.919829	187500.000000	187500.000000	86751.031786	102825.042942	112660.123427	133814.619042	-0.078000	0.768000	0.580000	192.000000	253.000000	144.000000	24.000000	0.000000	18.000000	32.000000	0.000000	0.000000	0.000000	1733433172.326736	0.000000
209.000000	88190.081798	19313.337721	187500.000000	187500.000000	86742.247551	102816.035189	112644.723075	133814.484932	-0.078000	0.768000	0.580000	192.000000	0.000000	0.000000	0.000000	0.000000	0.000000	0.000000	0.000000	0.000000	0.000000	1733433172.329750	0.000000
210.000000	88192.540490	19321.294942	187500.000000	187500.000000	86744.505077	102811.520137	112653.663773	133785.718237	-0.078000	0.768000	0.580000	192.000000	0.000000	0.000000	0.000000	0.000000	0.000000	0.000000	0.000000	0.000000	0.000000	1733433172.333842	0.000000
211.000000	88190.461778	19318.523326	187500.000000	187500.000000	86737.240760	102811.274268	112656.211872	133766.451033	-0.078000	0.768000	0.580000	192.000000	0.000000	0.000000	0.000000	0.000000	0.000000	0.000000	0.000000	0.000000	0.000000	1733433172.338100	0.000000
212.000000	88195.468568	19320.557334	187500.000000	187500.000000	86738.872437	102822.852471	112652.635593	133787.014638	-0.078000	0.768000	0.580000	192.000000	0.000000	0.000000	0.000000	0.000000	0.000000	0.000000	0.000000	0.000000	0.000000	1733433172.342927	0.000000
213.000000	88193.836891	19318.456271	187500.000000	187500.000000	86739.878266	102822.248974	112652.277965	133788.512205	-0.078000	0.768000	0.580000	192.000000	0.000000	0.000000	0.000000	0.000000	0.000000	0.000000	0.000000	0.000000	0.000000	1733433172.346696	0.000000
214.000000	88194.753312	19313.002445	187500.000000	187500.000000	86736.078469	102823.075989	112647.382933	133809.075810	-0.078000	0.768000	0.580000	192.000000	0.000000	0.000000	0.000000	0.000000	0.000000	0.000000	0.000000	0.000000	0.000000	1733433172.350738	0.000000
215.000000	88198.508406	19313.538887	187500.000000	187500.000000	86731.608120	102834.944765	112648.209947	133824.766734	-0.078000	0.768000	0.580000	192.000000	0.000000	0.000000	0.000000	0.000000	0.000000	0.000000	0.000000	0.000000	0.000000	1733433172.355093	0.000000
216.000000	88203.291679	19318.590381	187500.000000	187500.000000	86741.599350	102826.428750	112663.900872	133790.747379	-0.078000	0.768000	0.580000	192.000000	0.000000	0.000000	0.000000	0.000000	0.000000	0.000000	0.000000	0.000000	0.000000	1733433172.357749	0.000000
217.000000	88204.968060	19323.954800	187500.000000	187500.000000	86739.542990	102807.139195	112659.586985	133790.255641	-0.078000	0.768000	0.580000	192.000000	0.000000	0.000000	0.000000	0.000000	0.000000	0.000000	0.000000	0.000000	0.000000	1733433172.362102	0.000000
218.000000	88198.463702	19318.948009	187500.000000	187500.000000	86739.185362	102813.218869	112654.133159	133782.030199	-0.080000	0.764000	0.578000	192.000000	253.000000	128.000000	23.000000	224.000000	18.000000	16.000000	0.000000	0.000000	0.000000	1733433172.365847	0.000000
219.000000	88193.143987	19307.615674	187500.000000	187500.000000	86732.077507	102814.425864	112651.383895	133795.262432	-0.080000	0.764000	0.578000	192.000000	0.000000	0.000000	0.000000	0.000000	0.000000	0.000000	0.000000	0.000000	0.000000	1733433172.369780	0.000000
220.000000	88195.692086	19309.649683	187500.000000	187500.000000	86731.049327	102804.501689	112641.973810	133784.667705	-0.080000	0.764000	0.578000	192.000000	0.000000	0.000000	0.000000	0.000000	0.000000	0.000000	0.000000	0.000000	0.000000	1733433172.374917	0.000000
221.000000	88209.281946	19329.900364	187500.000000	187500.000000	86747.544914	102819.075026	112653.753180	133804.247833	-0.080000	0.764000	0.578000	192.000000	0.000000	0.000000	0.000000	0.000000	0.000000	0.000000	0.000000	0.000000	0.000000	1733433172.378802	0.000000
222.000000	88214.981641	19320.244410	187500.000000	187500.000000	86751.791746	102828.708628	112659.072895	133805.588937	-0.080000	0.764000	0.578000	192.000000	0.000000	0.000000	0.000000	0.000000	0.000000	0.000000	0.000000	0.000000	0.000000	1733433172.382789	0.000000
223.000000	88206.778551	19309.537924	187500.000000	187500.000000	86746.717900	102834.676544	112653.440255	133788.959240	-0.080000	0.764000	0.578000	192.000000	0.000000	0.000000	0.000000	0.000000	0.000000	0.000000	0.000000	0.000000	0.000000	1733433172.385804	0.000000
224.000000	88207.739676	19310.476698	187500.000000	187500.000000	86745.019167	102815.409340	112655.161340	133792.244946	-0.080000	0.764000	0.578000	192.000000	0.000000	0.000000	0.000000	0.000000	0.000000	0.000000	0.000000	0.000000	0.000000	1733433172.389809	0.000000
225.000000	88210.891272	19318.120994	187500.000000	187500.000000	86747.701376	102815.297582	112662.313898	133809.858121	-0.080000	0.764000	0.578000	192.000000	0.000000	0.000000	0.000000	0.000000	0.000000	0.000000	0.000000	0.000000	0.000000	1733433172.393806	0.000000
226.000000	88209.617223	19329.296867	187500.000000	187500.000000	86752.015263	102829.401532	112659.117598	133830.444077	-0.080000	0.764000	0.578000	192.000000	0.000000	0.000000	0.000000	0.000000	0.000000	0.000000	0.000000	0.000000	0.000000	1733433172.397868	0.000000
227.000000	88204.453970	19321.831384	187500.000000	187500.000000	86747.522562	102822.360733	112663.051505	133797.922289	-0.080000	0.764000	0.578000	192.000000	0.000000	0.000000	0.000000	0.000000	0.000000	0.000000	0.000000	0.000000	0.000000	1733433172.402954	0.000000
228.000000	88200.631821	19312.175430	187500.000000	187500.000000	86745.734423	102814.179994	112662.604471	133784.444187	-0.078000	0.766000	0.578000	192.000000	253.000000	144.000000	23.000000	240.000000	18.000000	16.000000	0.000000	0.000000	0.000000	1733433172.407032	0.000000
229.000000	88195.803844	19303.033567	187500.000000	187500.000000	86737.196057	102804.881669	112651.473302	133809.388734	-0.078000	0.766000	0.578000	192.000000	0.000000	0.000000	0.000000	0.000000	0.000000	0.000000	0.000000	0.000000	0.000000	1733433172.410898	0.000000
230.000000	88192.205214	19300.708985	187500.000000	187500.000000	86735.899655	102817.532756	112655.004877	133836.523752	-0.078000	0.766000	0.578000	192.000000	0.000000	0.000000	0.000000	0.000000	0.000000	0.000000	0.000000	0.000000	0.000000	1733433172.413844	0.000000
231.000000	88185.432635	19296.953892	187500.000000	187500.000000	86730.512885	102823.970058	112644.834834	133810.662783	-0.078000	0.766000	0.578000	192.000000	0.000000	0.000000	0.000000	0.000000	0.000000	0.000000	0.000000	0.000000	0.000000	1733433172.417842	0.000000
232.000000	88191.936993	19298.250294	187500.000000	187500.000000	86732.435135	102813.241221	112640.386837	133783.930097	-0.078000	0.766000	0.578000	192.000000	0.000000	0.000000	0.000000	0.000000	0.000000	0.000000	0.000000	0.000000	0.000000	1733433172.421981	0.000000
233.000000	88200.475359	19321.585515	187500.000000	187500.000000	86747.053176	102823.299506	112646.019476	133791.350876	-0.078000	0.766000	0.578000	192.000000	0.000000	0.000000	0.000000	0.000000	0.000000	0.000000	0.000000	0.000000	0.000000	1733433172.425859	0.000000
234.000000	88194.462740	19322.881916	187500.000000	187500.000000	86751.300007	102818.516233	112662.492712	133793.250775	-0.078000	0.766000	0.578000	192.000000	0.000000	0.000000	0.000000	0.000000	0.000000	0.000000	0.000000	0.000000	0.000000	1733433172.431058	0.000000
235.000000	88196.273231	19317.517497	187500.000000	187500.000000	86747.924894	102806.558050	112661.665697	133795.888280	-0.078000	0.766000	0.578000	192.000000	0.000000	0.000000	0.000000	0.000000	0.000000	0.000000	0.000000	0.000000	0.000000	1733433172.435082	0.000000
236.000000	88200.564766	19317.338683	187500.000000	187500.000000	86745.756775	102803.562916	112655.407209	133822.598615	-0.078000	0.766000	0.578000	192.000000	0.000000	0.000000	0.000000	0.000000	0.000000	0.000000	0.000000	0.000000	0.000000	1733433172.438164	0.000000
237.000000	88198.106074	19312.667169	187500.000000	187500.000000	86750.383586	102800.456023	112656.457741	133815.982499	-0.078000	0.766000	0.578000	192.000000	0.000000	0.000000	0.000000	0.000000	0.000000	0.000000	0.000000	0.000000	0.000000	1733433172.441941	0.000000
238.000000	88200.274193	19316.824593	187500.000000	187500.000000	86754.652769	102809.933163	112652.434427	133797.274089	-0.070000	0.766000	0.582000	192.000000	253.000000	208.000000	23.000000	240.000000	18.000000	48.000000	0.000000	0.000000	0.000000	1733433172.445876	0.000000
239.000000	88197.144949	19318.389215	187500.000000	187500.000000	86751.367062	102813.017704	112651.875633	133786.321734	-0.070000	0.766000	0.582000	192.000000	0.000000	0.000000	0.000000	0.000000	0.000000	0.000000	0.000000	0.000000	0.000000	1733433172.449895	0.000000
240.000000	88185.611449	19302.944160	187500.000000	187500.000000	86735.810248	102806.490994	112638.933973	133795.441245	-0.070000	0.766000	0.582000	192.000000	0.000000	0.000000	0.000000	0.000000	0.000000	0.000000	0.000000	0.000000	0.000000	1733433172.454100	0.000000
241.000000	88182.862184	19293.489372	187500.000000	187500.000000	86731.272844	102791.492974	112626.104072	133798.481083	-0.070000	0.766000	0.582000	192.000000	0.000000	0.000000	0.000000	0.000000	0.000000	0.000000	0.000000	0.000000	0.000000	1733433172.457906	0.000000
242.000000	88180.358789	19288.303767	187500.000000	187500.000000	86734.133868	102794.331645	112625.187650	133780.353818	-0.070000	0.766000	0.582000	192.000000	0.000000	0.000000	0.000000	0.000000	0.000000	0.000000	0.000000	0.000000	0.000000	1733433172.462932	0.000000
243.000000	88189.768873	19311.214305	187500.000000	187500.000000	86739.297120	102792.610561	112625.701740	133807.667650	-0.070000	0.766000	0.582000	192.000000	0.000000	0.000000	0.000000	0.000000	0.000000	0.000000	0.000000	0.000000	0.000000	1733433172.465932	0.000000
244.000000	88197.100246	19316.466965	187500.000000	187500.000000	86746.427327	102803.138233	112643.471377	133803.264356	-0.070000	0.766000	0.582000	192.000000	0.000000	0.000000	0.000000	0.000000	0.000000	0.000000	0.000000	0.000000	0.000000	1733433172.470121	0.000000
245.000000	88192.898118	19315.125861	187500.000000	187500.000000	86743.633359	102814.872898	112659.296412	133786.612306	-0.070000	0.766000	0.582000	192.000000	0.000000	0.000000	0.000000	0.000000	0.000000	0.000000	0.000000	0.000000	0.000000	1733433172.474237	0.000000
246.000000	88193.389856	19313.382425	187500.000000	187500.000000	86748.394280	102809.061445	112666.448971	133804.672516	-0.070000	0.766000	0.582000	192.000000	0.000000	0.000000	0.000000	0.000000	0.000000	0.000000	0.000000	0.000000	0.000000	1733433172.478193	0.000000
247.000000	88195.535623	19301.424241	187500.000000	187500.000000	86752.417594	102800.679541	112648.388761	133811.132170	-0.070000	0.766000	0.582000	192.000000	0.000000	0.000000	0.000000	0.000000	0.000000	0.000000	0.000000	0.000000	0.000000	1733433172.482108	0.000000
248.000000	88191.668772	19297.065651	187500.000000	187500.000000	86757.849068	102800.545430	112648.813444	133803.934908	-0.062000	0.762000	0.580000	192.000000	254.000000	16.000000	23.000000	208.000000	18.000000	32.000000	0.000000	0.000000	0.000000	1733433172.486003	0.000000
249.000000	88183.711551	19298.719680	187500.000000	187500.000000	86752.328188	102800.388968	112648.031133	133783.326600	-0.062000	0.762000	0.580000	192.000000	0.000000	0.000000	0.000000	0.000000	0.000000	0.000000	0.000000	0.000000	0.000000	1733433172.490939	0.000000
250.000000	88182.526908	19292.483543	187500.000000	187500.000000	86750.405937	102808.994390	112636.676447	133789.003943	-0.062000	0.762000	0.580000	192.000000	0.000000	0.000000	0.000000	0.000000	0.000000	0.000000	0.000000	0.000000	0.000000	1733433172.493971	0.000000
251.000000	88192.853414	19300.574875	187500.000000	187500.000000	86763.369949	102813.621201	112646.824139	133796.335315	-0.062000	0.762000	0.580000	192.000000	0.000000	0.000000	0.000000	0.000000	0.000000	0.000000	0.000000	0.000000	0.000000	1733433172.497980	0.000000
252.000000	88200.832987	19309.403814	187500.000000	187500.000000	86772.131833	102804.993427	112665.823122	133813.546158	-0.062000	0.762000	0.580000	192.000000	0.000000	0.000000	0.000000	0.000000	0.000000	0.000000	0.000000	0.000000	0.000000	1733433172.501952	0.000000
253.000000	88195.692086	19312.756576	187500.000000	187500.000000	86772.064778	102810.871936	112670.561692	133804.314888	-0.062000	0.762000	0.580000	192.000000	0.000000	0.000000	0.000000	0.000000	0.000000	0.000000	0.000000	0.000000	0.000000	1733433172.506184	0.000000
254.000000	88190.126501	19300.351358	187500.000000	187500.000000	86770.343694	102810.536660	112661.352773	133810.685135	-0.062000	0.762000	0.580000	192.000000	0.000000	0.000000	0.000000	0.000000	0.000000	0.000000	0.000000	0.000000	0.000000	1733433172.510139	0.000000
255.000000	88186.103187	19294.875180	187500.000000	187500.000000	86761.827679	102801.841831	112651.652116	133811.512150	-0.062000	0.762000	0.580000	192.000000	0.000000	0.000000	0.000000	0.000000	0.000000	0.000000	0.000000	0.000000	0.000000	1733433172.514373	0.000000
0.000000	88192.182862	19311.326064	187500.000000	187500.000000	86758.944304	102781.658206	112640.342133	133789.696847	-0.062000	0.762000	0.580000	192.000000	0.000000	0.000000	0.000000	0.000000	0.000000	0.000000	0.000000	0.000000	0.000000	1733433172.519251	0.000000
1.000000	88189.724170	19292.148267	187500.000000	187500.000000	86745.645016	102785.010968	112629.635647	133793.206071	-0.062000	0.762000	0.580000	192.000000	0.000000	0.000000	0.000000	0.000000	0.000000	0.000000	0.000000	0.000000	0.000000	1733433172.522246	0.000000
2.000000	88185.209118	19280.570064	187500.000000	187500.000000	86737.911312	102802.959419	112639.917450	133780.934963	-0.068000	0.770000	0.580000	192.000000	253.000000	224.000000	24.000000	16.000000	18.000000	32.000000	0.000000	0.000000	0.000000	1733433172.526001	0.000000
3.000000	88197.077894	19296.573913	187500.000000	187500.000000	86752.372891	102796.388006	112643.761950	133808.382906	-0.068000	0.770000	0.580000	192.000000	0.000000	0.000000	0.000000	0.000000	0.000000	0.000000	0.000000	0.000000	0.000000	1733433172.529985	0.000000
4.000000	88210.466589	19313.091852	187500.000000	187500.000000	86763.816984	102801.350093	112638.732807	133828.924159	-0.068000	0.770000	0.580000	192.000000	0.000000	0.000000	0.000000	0.000000	0.000000	0.000000	0.000000	0.000000	0.000000	1733433172.534034	0.000000
5.000000	88203.895176	19311.594285	187500.000000	187500.000000	86761.827679	102817.376294	112659.028191	133801.744437	-0.068000	0.770000	0.580000	192.000000	0.000000	0.000000	0.000000	0.000000	0.000000	0.000000	0.000000	0.000000	0.000000	1733433172.538445	0.000000
6.000000	88194.373333	19299.993730	187500.000000	187500.000000	86770.433101	102797.215020	112666.292508	133786.478196	-0.068000	0.770000	0.580000	192.000000	0.000000	0.000000	0.000000	0.000000	0.000000	0.000000	0.000000	0.000000	0.000000	1733433172.542045	0.000000
7.000000	88202.241147	19306.743956	187500.000000	187500.000000	86779.597316	102804.814613	112668.080648	133799.017525	-0.068000	0.770000	0.580000	192.000000	0.000000	0.000000	0.000000	0.000000	0.000000	0.000000	0.000000	0.000000	0.000000	1733433172.546375	0.000000
8.000000	88198.530757	19304.307616	187500.000000	187500.000000	86774.590525	102801.305390	112661.039848	133836.568455	-0.068000	0.770000	0.580000	192.000000	0.000000	0.000000	0.000000	0.000000	0.000000	0.000000	0.000000	0.000000	0.000000	1733433172.549251	0.000000
9.000000	88194.127464	19299.569046	187500.000000	187500.000000	86771.081301	102806.401587	112649.662811	133833.394508	-0.068000	0.770000	0.580000	192.000000	0.000000	0.000000	0.000000	0.000000	0.000000	0.000000	0.000000	0.000000	0.000000	1733433172.554223	0.000000
10.000000	88190.551184	19306.565142	187500.000000	187500.000000	86775.082263	102814.917602	112646.958249	133799.665725	-0.068000	0.770000	0.580000	192.000000	0.000000	0.000000	0.000000	0.000000	0.000000	0.000000	0.000000	0.000000	0.000000	1733433172.558504	0.000000
11.000000	88196.161472	19305.604017	187500.000000	187500.000000	86775.618705	102810.737826	112649.349886	133802.973783	-0.068000	0.770000	0.580000	192.000000	0.000000	0.000000	0.000000	0.000000	0.000000	0.000000	0.000000	0.000000	0.000000	1733433172.562493	0.000000
12.000000	88197.860205	19292.394136	187500.000000	187500.000000	86769.941362	102812.011875	112644.477206	133796.670591	-0.068000	0.770000	0.580000	192.000000	0.000000	0.000000	0.000000	0.000000	0.000000	0.000000	0.000000	0.000000	0.000000	1733433172.566059	0.000000
13.000000	88198.687219	19292.438840	187500.000000	187500.000000	86767.840298	102806.803919	112649.662811	133811.400391	-0.066000	0.772000	0.574000	192.000000	253.000000	240.000000	24.000000	32.000000	17.000000	240.000000	0.000000	0.000000	0.000000	1733433172.570088	0.000000
14.000000	88194.641554	19287.297939	187500.000000	187500.000000	86763.727577	102812.235393	112652.166206	133822.106877	-0.066000	0.772000	0.574000	192.000000	0.000000	0.000000	0.000000	0.000000	0.000000	0.000000	0.000000	0.000000	0.000000	1733433172.574098	0.000000
15.000000	88204.655135	19305.469907	187500.000000	187500.000000	86781.474862	102811.855413	112656.457741	133803.063190	-0.066000	0.772000	0.574000	192.000000	0.000000	0.000000	0.000000	0.000000	0.000000	0.000000	0.000000	0.000000	0.000000	1733433172.577032	0.000000
16.000000	88201.525891	19306.185163	187500.000000	187500.000000	86781.497214	102798.489070	112647.740561	133831.874589	-0.066000	0.772000	0.574000	192.000000	0.000000	0.000000	0.000000	0.000000	0.000000	0.000000	0.000000	0.000000	0.000000	1733433172.582095	0.000000
17.000000	88194.619202	19307.660378	187500.000000	187500.000000	86783.620630	102803.071177	112652.523834	133825.772563	-0.066000	0.772000	0.574000	192.000000	0.000000	0.000000	0.000000	0.000000	0.000000	0.000000	0.000000	0.000000	0.000000	1733433172.586067	0.000000
18.000000	88187.198423	19301.312483	187500.000000	187500.000000	86778.435025	102807.653285	112657.798846	133815.334298	-0.066000	0.772000	0.574000	192.000000	0.000000	0.000000	0.000000	0.000000	0.000000	0.000000	0.000000	0.000000	0.000000	1733433172.590223	0.000000
19.000000	88189.902984	19297.088003	187500.000000	187500.000000	86788.046275	102823.478320	112673.936805	133788.758074	-0.066000	0.772000	0.574000	192.000000	0.000000	0.000000	0.000000	0.000000	0.000000	0.000000	0.000000	0.000000	0.000000	1733433172.594210	0.000000
20.000000	88179.844699	19279.698346	187500.000000	187500.000000	86789.230918	102816.146948	112661.620994	133788.020466	-0.066000	0.772000	0.574000	192.000000	0.000000	0.000000	0.000000	0.000000	0.000000	0.000000	0.000000	0.000000	0.000000	1733433172.598372	0.000000
21.000000	88185.924373	19285.733317	187500.000000	187500.000000	86794.908261	102824.707666	112657.575328	133810.483970	-0.066000	0.772000	0.574000	192.000000	0.000000	0.000000	0.000000	0.000000	0.000000	0.000000	0.000000	0.000000	0.000000	1733433172.602250	0.000000
22.000000	88192.249917	19304.933465	187500.000000	187500.000000	86794.863557	102835.704724	112655.541319	133814.328470	-0.066000	0.772000	0.574000	192.000000	0.000000	0.000000	0.000000	0.000000	0.000000	0.000000	0.000000	0.000000	0.000000	1733433172.605091	0.000000
23.000000	88188.606583	19298.406756	187500.000000	187500.000000	86795.534110	102832.687239	112644.432502	133824.453810	-0.068000	0.772000	0.570000	192.000000	253.000000	224.000000	24.000000	32.000000	17.000000	208.000000	0.000000	0.000000	0.000000	1733433172.610128	0.000000
24.000000	88189.545356	19310.744919	187500.000000	187500.000000	86792.986011	102824.975887	112643.873709	133803.711391	-0.068000	0.772000	0.570000	192.000000	0.000000	0.000000	0.000000	0.000000	0.000000	0.000000	0.000000	0.000000	0.000000	1733433172.614144	0.000000
25.000000	88196.519100	19310.431994	187500.000000	187500.000000	86798.328078	102828.730980	112648.411113	133815.691926	-0.068000	0.772000	0.570000	192.000000	0.000000	0.000000	0.000000	0.000000	0.000000	0.000000	0.000000	0.000000	0.000000	1733433172.618201	0.000000
26.000000	88191.914641	19292.796468	187500.000000	187500.000000	86797.657525	102818.091550	112650.892156	133793.653106	-0.068000	0.772000	0.570000	192.000000	0.000000	0.000000	0.000000	0.000000	0.000000	0.000000	0.000000	0.000000	0.000000	1733433172.622157	0.000000
27.000000	88187.846623	19286.560331	187500.000000	187500.000000	86796.472883	102823.679486	112653.708476	133780.711446	-0.068000	0.772000	0.570000	192.000000	0.000000	0.000000	0.000000	0.000000	0.000000	0.000000	0.000000	0.000000	0.000000	1733433172.626277	0.000000
28.000000	88181.744597	19280.190084	187500.000000	187500.000000	86792.337810	102828.440407	112648.500520	133802.102065	-0.068000	0.772000	0.570000	192.000000	0.000000	0.000000	0.000000	0.000000	0.000000	0.000000	0.000000	0.000000	0.000000	1733433172.630338	0.000000
29.000000	88173.563859	19271.629366	187500.000000	187500.000000	86769.226106	102790.844773	112614.391758	133808.226443	-0.068000	0.772000	0.570000	192.000000	0.000000	0.000000	0.000000	0.000000	0.000000	0.000000	0.000000	0.000000	0.000000	1733433172.633412	0.000000
30.000000	88186.460815	19286.962663	187500.000000	187500.000000	86774.009380	102810.737826	112628.339246	133788.467501	-0.068000	0.772000	0.570000	192.000000	0.000000	0.000000	0.000000	0.000000	0.000000	0.000000	0.000000	0.000000	0.000000	1733433172.637508	0.000000
31.000000	88185.991429	19287.856732	187500.000000	187500.000000	86784.246479	102824.037114	112646.287697	133786.902879	-0.068000	0.772000	0.570000	192.000000	0.000000	0.000000	0.000000	0.000000	0.000000	0.000000	0.000000	0.000000	0.000000	1733433172.642131	0.000000
32.000000	88180.515251	19280.681822	187500.000000	187500.000000	86777.809176	102820.326724	112651.719171	133785.740588	-0.068000	0.772000	0.570000	192.000000	0.000000	0.000000	0.000000	0.000000	0.000000	0.000000	0.000000	0.000000	0.000000	1733433172.646169	0.000000
33.000000	88179.062388	19277.530226	187500.000000	187500.000000	86775.618705	102820.438483	112644.924241	133781.851385	-0.070000	0.770000	0.572000	192.000000	253.000000	208.000000	24.000000	16.000000	17.000000	224.000000	0.000000	0.000000	0.000000	1733433172.650198	0.000000
34.000000	88177.386007	19272.456380	187500.000000	187500.000000	86766.655656	102805.172241	112638.129310	133792.289650	-0.070000	0.770000	0.572000	192.000000	0.000000	0.000000	0.000000	0.000000	0.000000	0.000000	0.000000	0.000000	0.000000	1733433172.654541	0.000000
35.000000	88181.677542	19282.715831	187500.000000	187500.000000	86771.416577	102812.481262	112638.665752	133807.712353	-0.070000	0.770000	0.572000	192.000000	0.000000	0.000000	0.000000	0.000000	0.000000	0.000000	0.000000	0.000000	0.000000	1733433172.658224	0.000000
36.000000	88186.483167	19288.929616	187500.000000	187500.000000	86778.122101	102824.193576	112638.822214	133832.925121	-0.070000	0.770000	0.572000	192.000000	0.000000	0.000000	0.000000	0.000000	0.000000	0.000000	0.000000	0.000000	0.000000	1733433172.661309	0.000000
37.000000	88177.207193	19279.206607	187500.000000	187500.000000	86771.796557	102841.270309	112638.196366	133796.849405	-0.070000	0.770000	0.572000	192.000000	0.000000	0.000000	0.000000	0.000000	0.000000	0.000000	0.000000	0.000000	0.000000	1733433172.665355	0.000000
38.000000	88173.072120	19271.986994	187500.000000	187500.000000	86772.377702	102819.767930	112633.860127	133784.310077	-0.070000	0.770000	0.572000	192.000000	0.000000	0.000000	0.000000	0.000000	0.000000	0.000000	0.000000	0.000000	0.000000	1733433172.670415	0.000000
39.000000	88177.609524	19276.904378	187500.000000	187500.000000	86765.269848	102793.638741	112618.571534	133779.459748	-0.070000	0.770000	0.572000	192.000000	0.000000	0.000000	0.000000	0.000000	0.000000	0.000000	0.000000	0.000000	0.000000	1733433172.674260	0.000000
40.000000	88179.688237	19265.504988	187500.000000	187500.000000	86765.962752	102819.991448	112622.460738	133784.600649	-0.070000	0.770000	0.572000	192.000000	0.000000	0.000000	0.000000	0.000000	0.000000	0.000000	0.000000	0.000000	0.000000	1733433172.678231	0.000000
41.000000	88179.889402	19266.041430	187500.000000	187500.000000	86772.310647	102805.619276	112626.171127	133789.138054	-0.070000	0.770000	0.572000	192.000000	0.000000	0.000000	0.000000	0.000000	0.000000	0.000000	0.000000	0.000000	0.000000	1733433172.681242	0.000000
42.000000	88181.319914	19268.030735	187500.000000	187500.000000	86768.868478	102790.442442	112622.281924	133782.834862	-0.070000	0.770000	0.572000	192.000000	0.000000	0.000000	0.000000	0.000000	0.000000	0.000000	0.000000	0.000000	0.000000	1733433172.685223	0.000000
43.000000	88182.281039	19270.310613	187500.000000	187500.000000	86764.532240	102800.098395	112618.459775	133793.206071	-0.066000	0.770000	0.578000	192.000000	253.000000	240.000000	24.000000	16.000000	18.000000	16.000000	0.000000	0.000000	0.000000	1733433172.689277	0.000000
44.000000	88187.287830	19280.614767	187500.000000	187500.000000	86764.331074	102800.478375	112629.166261	133811.936833	-0.066000	0.770000	0.578000	192.000000	0.000000	0.000000	0.000000	0.000000	0.000000	0.000000	0.000000	0.000000	0.000000	1733433172.693280	0.000000
45.000000	88179.777644	19269.573005	187500.000000	187500.000000	86766.275676	102793.683445	112634.910659	133764.908763	-0.066000	0.770000	0.578000	192.000000	0.000000	0.000000	0.000000	0.000000	0.000000	0.000000	0.000000	0.000000	0.000000	1733433172.698472	0.000000
46.000000	88178.861222	19278.357241	187500.000000	187500.000000	86765.091034	102791.828250	112631.043807	133768.417986	-0.066000	0.770000	0.578000	192.000000	0.000000	0.000000	0.000000	0.000000	0.000000	0.000000	0.000000	0.000000	0.000000	1733433172.702492	0.000000
47.000000	88174.122652	19281.039450	187500.000000	187500.000000	86762.073548	102789.369558	112620.180860	133763.634713	-0.066000	0.770000	0.578000	192.000000	0.000000	0.000000	0.000000	0.000000	0.000000	0.000000	0.000000	0.000000	0.000000	1733433172.706452	0.000000
48.000000	88185.164414	19294.361090	187500.000000	187500.000000	86762.051196	102793.616389	112621.097281	133796.290612	-0.066000	0.770000	0.578000	192.000000	0.000000	0.000000	0.000000	0.000000	0.000000	0.000000	0.000000	0.000000	0.000000	1733433172.709449	0.000000
49.000000	88183.644495	19278.714869	187500.000000	187500.000000	86768.063816	102812.168337	112635.871784	133799.442208	-0.066000	0.770000	0.578000	192.000000	0.000000	0.000000	0.000000	0.000000	0.000000	0.000000	0.000000	0.000000	0.000000	1733433172.713713	0.000000
50.000000	88180.381141	19269.952985	187500.000000	187500.000000	86774.590525	102836.554091	112638.241069	133800.917423	-0.066000	0.770000	0.578000	192.000000	0.000000	0.000000	0.000000	0.000000	0.000000	0.000000	0.000000	0.000000	0.000000	1733433172.717316	0.000000
51.000000	88187.645458	19278.737221	187500.000000	187500.000000	86773.450586	102793.124651	112628.965095	133796.178853	-0.066000	0.770000	0.578000	192.000000	0.000000	0.000000	0.000000	0.000000	0.000000	0.000000	0.000000	0.000000	0.000000	1733433172.721648	0.000000
52.000000	88196.027362	19297.915017	187500.000000	187500.000000	86784.537051	102786.866163	112641.392665	133791.440283	-0.066000	0.770000	0.578000	192.000000	0.000000	0.000000	0.000000	0.000000	0.000000	0.000000	0.000000	0.000000	0.000000	1733433172.725304	0.000000
53.000000	88196.027362	19288.728450	187500.000000	187500.000000	86790.549671	102809.776701	112648.455816	133794.524824	-0.060000	0.772000	0.582000	192.000000	254.000000	32.000000	24.000000	32.000000	18.000000	48.000000	0.000000	0.000000	0.000000	1733433172.730330	0.000000
54.000000	88194.708609	19274.199816	187500.000000	187500.000000	86796.048200	102816.817500	112656.390686	133808.338202	-0.060000	0.772000	0.582000	192.000000	0.000000	0.000000	0.000000	0.000000	0.000000	0.000000	0.000000	0.000000	0.000000	1733433172.734343	0.000000
55.000000	88193.747484	19273.976299	187500.000000	187500.000000	86790.773188	102813.218869	112651.808578	133771.748396	-0.060000	0.772000	0.582000	192.000000	0.000000	0.000000	0.000000	0.000000	0.000000	0.000000	0.000000	0.000000	0.000000	1733433172.737485	0.000000
56.000000	88191.288792	19287.588511	187500.000000	187500.000000	86780.893717	102820.103207	112647.740561	133798.861062	-0.060000	0.772000	0.582000	192.000000	0.000000	0.000000	0.000000	0.000000	0.000000	0.000000	0.000000	0.000000	0.000000	1733433172.741498	0.000000
57.000000	88185.209118	19278.960738	187500.000000	187500.000000	86782.659505	102809.687294	112633.547203	133782.253716	-0.060000	0.772000	0.582000	192.000000	0.000000	0.000000	0.000000	0.000000	0.000000	0.000000	0.000000	0.000000	0.000000	1733433172.745588	0.000000
58.000000	88178.436539	19275.831494	187500.000000	187500.000000	86777.608010	102799.003160	112622.393682	133767.568620	-0.060000	0.772000	0.582000	192.000000	0.000000	0.000000	0.000000	0.000000	0.000000	0.000000	0.000000	0.000000	0.000000	1733433172.749559	0.000000
59.000000	88191.467606	19294.428145	187500.000000	187500.000000	86774.344656	102825.646439	112639.649229	133792.155539	-0.060000	0.772000	0.582000	192.000000	0.000000	0.000000	0.000000	0.000000	0.000000	0.000000	0.000000	0.000000	0.000000	1733433172.754539	0.000000
60.000000	88187.332533	19276.725564	187500.000000	187500.000000	86775.417540	102840.175073	112639.693932	133810.640432	-0.060000	0.772000	0.582000	192.000000	0.000000	0.000000	0.000000	0.000000	0.000000	0.000000	0.000000	0.000000	0.000000	1733433172.758336	0.000000
61.000000	88177.922449	19269.930633	187500.000000	187500.000000	86784.067665	102804.658151	112650.646287	133802.660859	-0.060000	0.772000	0.582000	192.000000	0.000000	0.000000	0.000000	0.000000	0.000000	0.000000	0.000000	0.000000	0.000000	1733433172.762420	0.000000
62.000000	88172.982713	19263.068648	187500.000000	187500.000000	86781.586621	102797.706759	112646.153587	133775.816414	-0.060000	0.772000	0.582000	192.000000	0.000000	0.000000	0.000000	0.000000	0.000000	0.000000	0.000000	0.000000	0.000000	1733433172.765444	0.000000
63.000000	88175.776681	19266.332002	187500.000000	187500.000000	86790.929650	102820.237317	112654.624898	133778.252754	-0.062000	0.768000	0.580000	192.000000	254.000000	16.000000	24.000000	0.000000	18.000000	32.000000	0.000000	0.000000	0.000000	1733433172.769601	0.000000
64.000000	88182.839833	19281.911168	187500.000000	187500.000000	86796.204662	102822.450140	112662.358601	133793.362533	-0.062000	0.768000	0.580000	192.000000	0.000000	0.000000	0.000000	0.000000	0.000000	0.000000	0.000000	0.000000	0.000000	1733433172.773451	0.000000
65.000000	88187.980734	19288.013195	187500.000000	187500.000000	86792.918955	102811.117805	112650.065142	133807.913519	-0.062000	0.768000	0.580000	192.000000	0.000000	0.000000	0.000000	0.000000	0.000000	0.000000	0.000000	0.000000	0.000000	1733433172.777594	0.000000
66.000000	88188.047789	19283.811067	187500.000000	187500.000000	86787.643944	102818.896212	112653.037924	133819.670536	-0.062000	0.768000	0.580000	192.000000	0.000000	0.000000	0.000000	0.000000	0.000000	0.000000	0.000000	0.000000	0.000000	1733433172.781766	0.000000
67.000000	88183.555088	19272.322270	187500.000000	187500.000000	86786.883984	102825.802901	112649.506348	133799.017525	-0.062000	0.768000	0.580000	192.000000	0.000000	0.000000	0.000000	0.000000	0.000000	0.000000	0.000000	0.000000	0.000000	1733433172.786440	0.000000
68.000000	88186.483167	19271.651718	187500.000000	187500.000000	86786.347543	102819.834986	112645.795959	133797.788179	-0.062000	0.768000	0.580000	192.000000	0.000000	0.000000	0.000000	0.000000	0.000000	0.000000	0.000000	0.000000	0.000000	1733433172.790455	0.000000
69.000000	88180.627010	19268.455418	187500.000000	187500.000000	86780.580792	102805.909849	112636.944668	133813.255586	-0.062000	0.768000	0.580000	192.000000	0.000000	0.000000	0.000000	0.000000	0.000000	0.000000	0.000000	0.000000	0.000000	1733433172.793451	0.000000
70.000000	88175.553164	19262.465151	187500.000000	187500.000000	86782.815967	102814.984657	112642.197328	133802.258528	-0.062000	0.768000	0.580000	192.000000	0.000000	0.000000	0.000000	0.000000	0.000000	0.000000	0.000000	0.000000	0.000000	1733433172.797448	0.000000
71.000000	88170.546373	19255.781979	187500.000000	187500.000000	86779.262040	102801.618314	112625.321761	133768.730911	-0.062000	0.768000	0.580000	192.000000	0.000000	0.000000	0.000000	0.000000	0.000000	0.000000	0.000000	0.000000	0.000000	1733433172.801752	0.000000
72.000000	88184.002123	19282.604072	187500.000000	187500.000000	86778.636191	102783.446346	112625.724092	133772.821280	-0.062000	0.768000	0.580000	192.000000	0.000000	0.000000	0.000000	0.000000	0.000000	0.000000	0.000000	0.000000	0.000000	1733433172.805629	0.000000
73.000000	88188.226603	19279.228959	187500.000000	187500.000000	86789.879118	102808.949686	112638.732807	133775.972876	-0.064000	0.760000	0.572000	192.000000	254.000000	0.000000	23.000000	192.000000	17.000000	224.000000	0.000000	0.000000	0.000000	1733433172.809678	0.000000
74.000000	88178.034208	19259.917052	187500.000000	187500.000000	86782.614801	102791.358863	112622.818365	133800.872719	-0.064000	0.760000	0.572000	192.000000	0.000000	0.000000	0.000000	0.000000	0.000000	0.000000	0.000000	0.000000	0.000000	1733433172.814682	0.000000
75.000000	88164.310236	19245.254307	187500.000000	187500.000000	86763.727577	102774.304482	112594.208133	133778.006885	-0.064000	0.760000	0.572000	192.000000	0.000000	0.000000	0.000000	0.000000	0.000000	0.000000	0.000000	0.000000	0.000000	1733433172.817417	0.000000
76.000000	88170.881649	19251.266927	187500.000000	187500.000000	86769.024941	102787.492011	112614.682330	133793.988382	-0.064000	0.760000	0.572000	192.000000	0.000000	0.000000	0.000000	0.000000	0.000000	0.000000	0.000000	0.000000	0.000000	1733433172.820684	0.000000
77.000000	88169.205269	19255.156130	187500.000000	187500.000000	86765.694531	102784.899209	112611.642493	133783.840690	-0.064000	0.760000	0.572000	192.000000	0.000000	0.000000	0.000000	0.000000	0.000000	0.000000	0.000000	0.000000	0.000000	1733433172.825462	0.000000
78.000000	88174.927315	19263.985069	187500.000000	187500.000000	86771.953019	102810.179032	112627.601639	133769.580277	-0.064000	0.760000	0.572000	192.000000	0.000000	0.000000	0.000000	0.000000	0.000000	0.000000	0.000000	0.000000	0.000000	1733433172.829479	0.000000
79.000000	88176.469585	19262.308688	187500.000000	187500.000000	86778.479729	102815.386989	112650.690991	133767.278047	-0.064000	0.760000	0.572000	192.000000	0.000000	0.000000	0.000000	0.000000	0.000000	0.000000	0.000000	0.000000	0.000000	1733433172.833478	0.000000
80.000000	88182.258687	19260.408790	187500.000000	187500.000000	86775.439891	102798.556125	112647.941726	133805.499530	-0.064000	0.760000	0.572000	192.000000	0.000000	0.000000	0.000000	0.000000	0.000000	0.000000	0.000000	0.000000	0.000000	1733433172.837634	0.000000
81.000000	88187.488995	19267.874273	187500.000000	187500.000000	86770.567211	102789.704834	112643.739598	133797.743475	-0.064000	0.760000	0.572000	192.000000	0.000000	0.000000	0.000000	0.000000	0.000000	0.000000	0.000000	0.000000	0.000000	1733433172.842626	0.000000
82.000000	88189.120673	19273.931596	187500.000000	187500.000000	86774.679932	102797.416186	112641.124444	133777.939830	-0.064000	0.760000	0.572000	192.000000	0.000000	0.000000	0.000000	0.000000	0.000000	0.000000	0.000000	0.000000	0.000000	1733433172.845809	0.000000
83.000000	88189.165376	19274.982128	187500.000000	187500.000000	86779.418502	102802.020645	112641.057389	133784.466539	-0.066000	0.770000	0.580000	192.000000	253.000000	240.000000	24.000000	16.000000	18.000000	32.000000	0.000000	0.000000	0.000000	1733433172.848794	0.000000
84.000000	88184.516213	19266.689630	187500.000000	187500.000000	86776.937458	102802.199459	112636.430578	133791.641449	-0.066000	0.770000	0.580000	192.000000	0.000000	0.000000	0.000000	0.000000	0.000000	0.000000	0.000000	0.000000	0.000000	1733433172.853523	0.000000
85.000000	88178.391835	19252.362162	187500.000000	187500.000000	86775.462243	102811.162509	112634.150700	133777.381036	-0.066000	0.770000	0.580000	192.000000	0.000000	0.000000	0.000000	0.000000	0.000000	0.000000	0.000000	0.000000	0.000000	1733433172.857492	0.000000
86.000000	88175.262591	19248.919994	187500.000000	187500.000000	86767.326208	102787.223791	112625.031188	133779.571507	-0.066000	0.770000	0.580000	192.000000	0.000000	0.000000	0.000000	0.000000	0.000000	0.000000	0.000000	0.000000	0.000000	1733433172.861596	0.000000
87.000000	88166.634818	19245.231956	187500.000000	187500.000000	86752.216429	102781.747613	112610.524906	133801.431513	-0.066000	0.770000	0.580000	192.000000	0.000000	0.000000	0.000000	0.000000	0.000000	0.000000	0.000000	0.000000	0.000000	1733433172.865520	0.000000
88.000000	88177.050731	19261.459322	187500.000000	187500.000000	86754.608065	102814.627029	112615.710511	133774.251792	-0.066000	0.770000	0.580000	192.000000	0.000000	0.000000	0.000000	0.000000	0.000000	0.000000	0.000000	0.000000	0.000000	1733433172.869530	0.000000
89.000000	88181.185804	19266.019078	187500.000000	187500.000000	86751.344711	102810.089625	112615.531697	133761.466594	-0.066000	0.770000	0.580000	192.000000	0.000000	0.000000	0.000000	0.000000	0.000000	0.000000	0.000000	0.000000	0.000000	1733433172.873515	0.000000
90.000000	88182.772777	19264.767380	187500.000000	187500.000000	86742.292254	102807.295657	112638.129310	133773.827109	-0.066000	0.770000	0.580000	192.000000	0.000000	0.000000	0.000000	0.000000	0.000000	0.000000	0.000000	0.000000	0.000000	1733433172.876738	0.000000
91.000000	88190.327667	19266.779037	187500.000000	187500.000000	86745.175629	102825.691143	112641.035037	133814.507284	-0.066000	0.770000	0.580000	192.000000	0.000000	0.000000	0.000000	0.000000	0.000000	0.000000	0.000000	0.000000	0.000000	1733433172.881755	0.000000
92.000000	88180.850527	19255.133778	187500.000000	187500.000000	86727.003661	102806.200422	112624.047711	133810.819246	-0.066000	0.770000	0.580000	192.000000	0.000000	0.000000	0.000000	0.000000	0.000000	0.000000	0.000000	0.000000	0.000000	1733433172.885840	0.000000
93.000000	88182.348094	19252.228052	187500.000000	187500.000000	86725.953129	102795.985674	112622.661903	133779.415045	-0.056000	0.774000	0.578000	192.000000	254.000000	64.000000	24.000000	48.000000	18.000000	16.000000	0.000000	0.000000	0.000000	1733433172.889599	0.000000
94.000000	88188.897155	19270.936462	187500.000000	187500.000000	86730.803458	102818.538585	112627.176956	133790.032123	-0.056000	0.774000	0.578000	192.000000	0.000000	0.000000	0.000000	0.000000	0.000000	0.000000	0.000000	0.000000	0.000000	1733433172.893533	0.000000
95.000000	88187.153719	19268.991860	187500.000000	187500.000000	86726.578978	102795.024549	112619.957342	133804.985440	-0.056000	0.774000	0.578000	192.000000	0.000000	0.000000	0.000000	0.000000	0.000000	0.000000	0.000000	0.000000	0.000000	1733433172.898592	0.000000
96.000000	88190.417074	19263.873311	187500.000000	187500.000000	86731.094030	102799.874878	112626.394645	133768.686207	-0.056000	0.774000	0.578000	192.000000	0.000000	0.000000	0.000000	0.000000	0.000000	0.000000	0.000000	0.000000	0.000000	1733433172.901593	0.000000
97.000000	88178.950629	19253.770322	187500.000000	187500.000000	86726.288405	102802.959419	112618.057444	133774.162385	-0.056000	0.774000	0.578000	192.000000	0.000000	0.000000	0.000000	0.000000	0.000000	0.000000	0.000000	0.000000	0.000000	1733433172.904818	0.000000
98.000000	88179.956458	19253.949136	187500.000000	187500.000000	86720.208731	102789.324855	112606.725109	133785.651181	-0.056000	0.774000	0.578000	192.000000	0.000000	0.000000	0.000000	0.000000	0.000000	0.000000	0.000000	0.000000	0.000000	1733433172.908795	0.000000
99.000000	88181.699894	19257.436008	187500.000000	187500.000000	86723.896769	102790.330683	112609.787298	133820.296385	-0.056000	0.774000	0.578000	192.000000	0.000000	0.000000	0.000000	0.000000	0.000000	0.000000	0.000000	0.000000	0.000000	1733433172.913756	0.000000
100.000000	88185.007952	19255.133778	187500.000000	187500.000000	86726.690737	102798.332608	112617.029264	133768.954428	-0.056000	0.774000	0.578000	192.000000	0.000000	0.000000	0.000000	0.000000	0.000000	0.000000	0.000000	0.000000	0.000000	1733433172.917861	0.000000
101.000000	88182.862184	19251.602203	187500.000000	187500.000000	86733.843295	102789.816593	112615.107014	133755.498678	-0.056000	0.774000	0.578000	192.000000	0.000000	0.000000	0.000000	0.000000	0.000000	0.000000	0.000000	0.000000	0.000000	1733433172.921850	0.000000
102.000000	88181.699894	19246.595412	187500.000000	187500.000000	86729.350594	102788.274323	112611.977769	133766.048702	-0.056000	0.774000	0.578000	192.000000	0.000000	0.000000	0.000000	0.000000	0.000000	0.000000	0.000000	0.000000	0.000000	1733433172.927162	0.000000
103.000000	88179.420016	19238.392322	187500.000000	187500.000000	86723.807362	102792.699968	112611.418976	133771.681341	-0.070000	0.766000	0.576000	192.000000	253.000000	208.000000	23.000000	240.000000	18.000000	0.000000	0.000000	0.000000	0.000000	1733433172.929587	0.000000
104.000000	88174.279115	19234.726636	187500.000000	187500.000000	86715.559568	102777.009043	112590.497743	133780.398521	-0.070000	0.766000	0.576000	192.000000	0.000000	0.000000	0.000000	0.000000	0.000000	0.000000	0.000000	0.000000	0.000000	1733433172.932627	0.000000
105.000000	88179.889402	19248.785883	187500.000000	187500.000000	86715.738382	102767.353090	112586.474429	133776.643428	-0.070000	0.766000	0.576000	192.000000	0.000000	0.000000	0.000000	0.000000	0.000000	0.000000	0.000000	0.000000	0.000000	1733433172.937857	0.000000
106.000000	88176.044902	19233.765511	187500.000000	187500.000000	86706.082428	102772.561046	112602.724147	133790.725027	-0.070000	0.766000	0.576000	192.000000	0.000000	0.000000	0.000000	0.000000	0.000000	0.000000	0.000000	0.000000	0.000000	1733433172.941638	0.000000
107.000000	88162.790318	19227.685836	187500.000000	187500.000000	86702.953184	102787.268494	112606.412185	133806.125379	-0.070000	0.766000	0.576000	192.000000	0.000000	0.000000	0.000000	0.000000	0.000000	0.000000	0.000000	0.000000	0.000000	1733433172.945673	0.000000
108.000000	88166.411300	19237.297086	187500.000000	187500.000000	86711.893882	102789.481317	112599.304330	133772.083673	-0.070000	0.766000	0.576000	192.000000	0.000000	0.000000	0.000000	0.000000	0.000000	0.000000	0.000000	0.000000	0.000000	1733433172.949681	0.000000
109.000000	88175.799033	19247.645944	187500.000000	187500.000000	86716.587748	102784.899209	112595.370423	133751.788289	-0.070000	0.766000	0.576000	192.000000	0.000000	0.000000	0.000000	0.000000	0.000000	0.000000	0.000000	0.000000	0.000000	1733433172.953650	0.000000
110.000000	88175.061426	19244.337886	187500.000000	187500.000000	86719.202902	102769.878837	112582.898150	133748.793155	-0.070000	0.766000	0.576000	192.000000	0.000000	0.000000	0.000000	0.000000	0.000000	0.000000	0.000000	0.000000	0.000000	1733433172.956842	0.000000
111.000000	88178.213022	19255.826683	187500.000000	187500.000000	86726.690737	102776.338491	112595.884513	133767.814489	-0.070000	0.766000	0.576000	192.000000	0.000000	0.000000	0.000000	0.000000	0.000000	0.000000	0.000000	0.000000	0.000000	1733433172.960967	0.000000
112.000000	88166.970094	19240.873366	187500.000000	187500.000000	86715.067829	102767.196628	112595.728051	133779.459748	-0.070000	0.766000	0.576000	192.000000	0.000000	0.000000	0.000000	0.000000	0.000000	0.000000	0.000000	0.000000	0.000000	1733433172.964911	0.000000
113.000000	88168.579420	19242.527395	187500.000000	187500.000000	86709.323431	102776.852581	112589.558970	133793.496644	-0.068000	0.770000	0.580000	192.000000	253.000000	224.000000	24.000000	16.000000	18.000000	32.000000	0.000000	0.000000	0.000000	1733433172.969900	0.000000
114.000000	88157.761175	19233.810214	187500.000000	187500.000000	86696.471178	102777.858410	112583.144019	133772.731873	-0.068000	0.770000	0.580000	192.000000	0.000000	0.000000	0.000000	0.000000	0.000000	0.000000	0.000000	0.000000	0.000000	1733433172.973665	0.000000
115.000000	88167.640646	19240.001647	187500.000000	187500.000000	86703.802550	102771.108183	112591.056537	133744.702786	-0.068000	0.770000	0.580000	192.000000	0.000000	0.000000	0.000000	0.000000	0.000000	0.000000	0.000000	0.000000	0.000000	1733433172.977701	0.000000
116.000000	88175.195536	19244.270831	187500.000000	187500.000000	86707.870568	102783.200477	112604.042900	133763.411196	-0.068000	0.770000	0.580000	192.000000	0.000000	0.000000	0.000000	0.000000	0.000000	0.000000	0.000000	0.000000	0.000000	1733433172.980672	0.000000
117.000000	88172.155699	19239.509909	187500.000000	187500.000000	86709.189321	102795.695102	112596.443307	133799.509263	-0.068000	0.770000	0.580000	192.000000	0.000000	0.000000	0.000000	0.000000	0.000000	0.000000	0.000000	0.000000	0.000000	1733433172.984689	0.000000
118.000000	88171.194574	19243.600278	187500.000000	187500.000000	86713.793780	102790.956532	112601.628912	133784.868870	-0.068000	0.770000	0.580000	192.000000	0.000000	0.000000	0.000000	0.000000	0.000000	0.000000	0.000000	0.000000	0.000000	1733433172.988720	0.000000
119.000000	88173.787376	19253.926784	187500.000000	187500.000000	86718.688812	102795.851564	112610.659016	133783.661876	-0.068000	0.770000	0.580000	192.000000	0.000000	0.000000	0.000000	0.000000	0.000000	0.000000	0.000000	0.000000	0.000000	1733433172.992704	0.000000
120.000000	88175.083777	19261.660488	187500.000000	187500.000000	86727.607158	102796.879744	112626.841679	133796.827054	-0.068000	0.770000	0.580000	192.000000	0.000000	0.000000	0.000000	0.000000	0.000000	0.000000	0.000000	0.000000	0.000000	1733433172.997922	0.000000
121.000000	88166.858335	19244.740217	187500.000000	187500.000000	86724.701431	102779.311273	112617.610409	133790.479158	-0.068000	0.770000	0.580000	192.000000	0.000000	0.000000	0.000000	0.000000	0.000000	0.000000	0.000000	0.000000	0.000000	1733433173.001882	0.000000
122.000000	88169.920524	19241.968601	187500.000000	187500.000000	86729.752926	102781.211171	112614.592923	133791.261469	-0.068000	0.770000	0.580000	192.000000	0.000000	0.000000	0.000000	0.000000	0.000000	0.000000	0.000000	0.000000	0.000000	1733433173.006003	0.000000
123.000000	88172.960362	19249.501139	187500.000000	187500.000000	86738.246588	102797.706759	112614.950551	133769.267353	-0.074000	0.774000	0.572000	192.000000	253.000000	176.000000	24.000000	48.000000	17.000000	224.000000	0.000000	0.000000	0.000000	1733433173.009238	0.000000
124.000000	88165.472527	19249.456435	187500.000000	187500.000000	86729.931740	102783.245180	112603.081775	133767.926248	-0.074000	0.774000	0.572000	192.000000	0.000000	0.000000	0.000000	0.000000	0.000000	0.000000	0.000000	0.000000	0.000000	1733433173.012930	0.000000
125.000000	88166.031321	19245.477825	187500.000000	187500.000000	86726.824847	102768.604787	112597.739708	133800.425685	-0.074000	0.774000	0.572000	192.000000	0.000000	0.000000	0.000000	0.000000	0.000000	0.000000	0.000000	0.000000	0.000000	1733433173.016793	0.000000
126.000000	88163.796146	19241.432159	187500.000000	187500.000000	86721.929815	102777.411375	112595.571589	133773.424777	-0.074000	0.774000	0.572000	192.000000	0.000000	0.000000	0.000000	0.000000	0.000000	0.000000	0.000000	0.000000	0.000000	1733433173.021038	0.000000
127.000000	88151.078004	19231.463281	187500.000000	187500.000000	86713.883187	102776.249084	112585.803877	133780.823205	-0.074000	0.774000	0.572000	192.000000	0.000000	0.000000	0.000000	0.000000	0.000000	0.000000	0.000000	0.000000	0.000000	1733433173.025762	0.000000
128.000000	88159.191687	19233.989028	187500.000000	187500.000000	86716.632452	102768.202456	112595.638644	133762.025388	-0.074000	0.774000	0.572000	192.000000	0.000000	0.000000	0.000000	0.000000	0.000000	0.000000	0.000000	0.000000	0.000000	1733433173.029778	0.000000
129.000000	88161.583324	19233.854918	187500.000000	187500.000000	86723.382678	102772.136363	112597.538542	133747.899085	-0.074000	0.774000	0.572000	192.000000	0.000000	0.000000	0.000000	0.000000	0.000000	0.000000	0.000000	0.000000	0.000000	1733433173.033756	0.000000
130.000000	88163.237353	19244.270831	187500.000000	187500.000000	86717.146542	102772.829267	112592.129420	133781.158481	-0.074000	0.774000	0.572000	192.000000	0.000000	0.000000	0.000000	0.000000	0.000000	0.000000	0.000000	0.000000	0.000000	1733433173.036777	0.000000
131.000000	88161.404510	19243.086188	187500.000000	187500.000000	86699.354553	102781.389985	112582.518170	133801.073885	-0.074000	0.774000	0.572000	192.000000	0.000000	0.000000	0.000000	0.000000	0.000000	0.000000	0.000000	0.000000	0.000000	1733433173.040857	0.000000
132.000000	88156.308312	19237.788825	187500.000000	187500.000000	86698.035800	102783.245180	112572.169312	133775.123510	-0.074000	0.774000	0.572000	192.000000	0.000000	0.000000	0.000000	0.000000	0.000000	0.000000	0.000000	0.000000	0.000000	1733433173.045008	0.000000
133.000000	88156.129498	19239.375799	187500.000000	187500.000000	86708.250547	102775.556180	112582.026432	133775.257620	-0.074000	0.772000	0.570000	192.000000	253.000000	176.000000	24.000000	32.000000	17.000000	208.000000	0.000000	0.000000	0.000000	1733433173.049057	0.000000
134.000000	88159.035225	19241.096883	187500.000000	187500.000000	86707.468236	102780.317102	112584.172199	133776.464614	-0.074000	0.772000	0.570000	192.000000	0.000000	0.000000	0.000000	0.000000	0.000000	0.000000	0.000000	0.000000	0.000000	1733433173.053963	0.000000
135.000000	88165.986617	19254.686744	187500.000000	187500.000000	86717.817094	102799.874878	112597.113859	133785.002981	-0.074000	0.772000	0.570000	192.000000	0.000000	0.000000	0.000000	0.000000	0.000000	0.000000	0.000000	0.000000	0.000000	1733433173.058174	0.000000
136.000000	88171.753367	19264.186235	187500.000000	187500.000000	86723.516789	102805.082834	112597.158563	133768.730911	-0.074000	0.772000	0.570000	192.000000	0.000000	0.000000	0.000000	0.000000	0.000000	0.000000	0.000000	0.000000	0.000000	1733433173.061814	0.000000
137.000000	88167.752405	19250.574023	187500.000000	187500.000000	86720.365193	102803.272343	112597.136211	133761.712463	-0.074000	0.772000	0.570000	192.000000	0.000000	0.000000	0.000000	0.000000	0.000000	0.000000	0.000000	0.000000	0.000000	1733433173.064801	0.000000
138.000000	88163.527925	19233.653752	187500.000000	187500.000000	86720.722821	102791.381215	112592.956435	133775.592896	-0.074000	0.772000	0.570000	192.000000	0.000000	0.000000	0.000000	0.000000	0.000000	0.000000	0.000000	0.000000	0.000000	1733433173.068796	0.000000
139.000000	88165.763100	19234.793691	187500.000000	187500.000000	86723.069754	102802.713549	112588.530789	133757.599742	-0.074000	0.772000	0.570000	192.000000	0.000000	0.000000	0.000000	0.000000	0.000000	0.000000	0.000000	0.000000	0.000000	1733433173.072841	0.000000
140.000000	88170.121690	19236.559479	187500.000000	187500.000000	86717.124190	102786.262666	112581.735859	133762.740643	-0.074000	0.772000	0.570000	192.000000	0.000000	0.000000	0.000000	0.000000	0.000000	0.000000	0.000000	0.000000	0.000000	1733433173.076860	0.000000
141.000000	88165.651341	19236.425368	187500.000000	187500.000000	86708.094085	102773.991558	112564.279147	133771.748396	-0.074000	0.772000	0.570000	192.000000	0.000000	0.000000	0.000000	0.000000	0.000000	0.000000	0.000000	0.000000	0.000000	1733433173.080831	0.000000
142.000000	88163.572629	19235.732464	187500.000000	187500.000000	86704.763675	102783.535753	112561.731048	133789.987420	-0.074000	0.772000	0.570000	192.000000	0.000000	0.000000	0.000000	0.000000	0.000000	0.000000	0.000000	0.000000	0.000000	1733433173.086005	0.000000
143.000000	88163.930257	19239.845185	187500.000000	187500.000000	86695.957088	102782.999311	112566.111990	133795.709466	-0.074000	0.770000	0.572000	192.000000	253.000000	176.000000	24.000000	16.000000	17.000000	224.000000	0.000000	0.000000	0.000000	1733433173.088957	0.000000
144.000000	88159.035225	19247.109502	187500.000000	187500.000000	86703.266108	102796.991503	112568.056592	133775.548193	-0.074000	0.770000	0.572000	192.000000	0.000000	0.000000	0.000000	0.000000	0.000000	0.000000	0.000000	0.000000	0.000000	1733433173.093049	0.000000
145.000000	88161.471565	19228.512851	187500.000000	187500.000000	86710.150446	102789.950703	112585.759173	133798.391676	-0.074000	0.770000	0.572000	192.000000	0.000000	0.000000	0.000000	0.000000	0.000000	0.000000	0.000000	0.000000	0.000000	1733433173.097058	0.000000
146.000000	88158.856411	19221.583810	187500.000000	187500.000000	86709.815170	102797.371483	112593.448173	133790.233289	-0.074000	0.770000	0.572000	192.000000	0.000000	0.000000	0.000000	0.000000	0.000000	0.000000	0.000000	0.000000	0.000000	1733433173.100875	0.000000
147.000000	88158.789356	19228.266982	187500.000000	187500.000000	86702.059114	102795.113956	112586.608539	133771.524879	-0.074000	0.770000	0.572000	192.000000	0.000000	0.000000	0.000000	0.000000	0.000000	0.000000	0.000000	0.000000	0.000000	1733433173.105152	0.000000
148.000000	88167.841812	19237.677066	187500.000000	187500.000000	86701.030934	102802.601791	112594.230484	133775.592896	-0.074000	0.770000	0.572000	192.000000	0.000000	0.000000	0.000000	0.000000	0.000000	0.000000	0.000000	0.000000	0.000000	1733433173.108900	0.000000
149.000000	88174.234411	19243.868499	187500.000000	187500.000000	86706.082428	102796.320951	112594.409298	133790.948545	-0.074000	0.770000	0.572000	192.000000	0.000000	0.000000	0.000000	0.000000	0.000000	0.000000	0.000000	0.000000	0.000000	1733433173.113949	0.000000
150.000000	88174.033245	19249.657601	187500.000000	187500.000000	86699.242794	102784.630988	112585.110973	133768.507393	-0.074000	0.770000	0.572000	192.000000	0.000000	0.000000	0.000000	0.000000	0.000000	0.000000	0.000000	0.000000	0.000000	1733433173.116921	0.000000
151.000000	88180.559955	19262.420447	187500.000000	187500.000000	86696.292364	102788.251971	112587.256740	133774.363550	-0.074000	0.770000	0.572000	192.000000	0.000000	0.000000	0.000000	0.000000	0.000000	0.000000	0.000000	0.000000	0.000000	1733433173.121139	0.000000
152.000000	88172.468623	19246.662467	187500.000000	187500.000000	86681.473158	102779.154811	112570.090600	133785.226498	-0.074000	0.770000	0.572000	192.000000	0.000000	0.000000	0.000000	0.000000	0.000000	0.000000	0.000000	0.000000	0.000000	1733433173.125056	0.000000
153.000000	88167.931219	19235.151319	187500.000000	187500.000000	86685.004733	102779.423032	112570.224711	133789.987420	-0.074000	0.774000	0.574000	192.000000	253.000000	176.000000	24.000000	48.000000	17.000000	240.000000	0.000000	0.000000	0.000000	1733433173.129253	0.000000
154.000000	88171.932181	19234.257249	187500.000000	187500.000000	86681.316695	102788.028453	112567.631908	133806.058324	-0.074000	0.774000	0.574000	192.000000	0.000000	0.000000	0.000000	0.000000	0.000000	0.000000	0.000000	0.000000	0.000000	1733433173.133156	0.000000
155.000000	88167.551239	19235.240726	187500.000000	187500.000000	86667.570373	102803.160584	112540.407484	133789.428626	-0.074000	0.774000	0.574000	192.000000	0.000000	0.000000	0.000000	0.000000	0.000000	0.000000	0.000000	0.000000	0.000000	1733433173.137002	0.000000
156.000000	88156.084795	19227.931705	187500.000000	187500.000000	86653.198201	102775.645587	112528.829280	133768.753263	-0.074000	0.774000	0.574000	192.000000	0.000000	0.000000	0.000000	0.000000	0.000000	0.000000	0.000000	0.000000	0.000000	1733433173.141930	0.000000
157.000000	88168.892344	19238.727598	187500.000000	187500.000000	86667.168041	102787.648474	112582.160542	133775.995228	-0.074000	0.774000	0.574000	192.000000	0.000000	0.000000	0.000000	0.000000	0.000000	0.000000	0.000000	0.000000	0.000000	1733433173.144948	0.000000
158.000000	88177.967152	19242.661505	187500.000000	187500.000000	86678.612134	102815.655210	112594.185781	133787.707542	-0.074000	0.774000	0.574000	192.000000	0.000000	0.000000	0.000000	0.000000	0.000000	0.000000	0.000000	0.000000	0.000000	1733433173.149004	0.000000
159.000000	88179.107091	19246.371895	187500.000000	187500.000000	86684.289477	102804.747558	112592.397641	133769.088539	-0.074000	0.774000	0.574000	192.000000	0.000000	0.000000	0.000000	0.000000	0.000000	0.000000	0.000000	0.000000	0.000000	1733433173.152972	0.000000
160.000000	88171.351036	19245.611935	187500.000000	187500.000000	86667.525669	102776.494953	112576.751420	133779.392693	-0.074000	0.774000	0.574000	192.000000	0.000000	0.000000	0.000000	0.000000	0.000000	0.000000	0.000000	0.000000	0.000000	1733433173.157064	0.000000
161.000000	88166.545411	19242.460339	187500.000000	187500.000000	86662.585934	102777.970168	112565.329679	133805.879510	-0.074000	0.774000	0.574000	192.000000	0.000000	0.000000	0.000000	0.000000	0.000000	0.000000	0.000000	0.000000	0.000000	1733433173.161263	0.000000
162.000000	88168.333550	19238.548784	187500.000000	187500.000000	86658.361454	102775.869104	112561.485179	133806.862987	-0.074000	0.774000	0.574000	192.000000	0.000000	0.000000	0.000000	0.000000	0.000000	0.000000	0.000000	0.000000	0.000000	1733433173.165184	0.000000
163.000000	88171.462795	19239.644020	187500.000000	187500.000000	86659.568448	102778.841886	112570.001193	133777.537498	-0.068000	0.772000	0.576000	192.000000	253.000000	224.000000	24.000000	32.000000	18.000000	0.000000	0.000000	0.000000	0.000000	1733433173.170002	0.000000
164.000000	88171.999237	19247.109502	187500.000000	187500.000000	86650.694805	102776.383194	112571.565815	133756.280989	-0.068000	0.772000	0.576000	192.000000	0.000000	0.000000	0.000000	0.000000	0.000000	0.000000	0.000000	0.000000	0.000000	1733433173.173189	0.000000
165.000000	88166.925391	19238.325267	187500.000000	187500.000000	86639.004843	102778.618369	112563.854464	133761.466594	-0.068000	0.772000	0.576000	192.000000	0.000000	0.000000	0.000000	0.000000	0.000000	0.000000	0.000000	0.000000	0.000000	1733433173.176973	0.000000
166.000000	88156.151850	19224.198964	187500.000000	187500.000000	86629.639462	102765.408488	112548.878795	133772.888335	-0.068000	0.772000	0.576000	192.000000	0.000000	0.000000	0.000000	0.000000	0.000000	0.000000	0.000000	0.000000	0.000000	1733433173.181026	0.000000
167.000000	88152.888495	19212.844278	187500.000000	187500.000000	86623.604491	102752.667994	112538.999324	133761.511297	-0.068000	0.772000	0.576000	192.000000	0.000000	0.000000	0.000000	0.000000	0.000000	0.000000	0.000000	0.000000	0.000000	1733433173.185020	0.000000
168.000000	88168.981751	19226.210621	187500.000000	187500.000000	86631.718174	102777.634892	112542.262678	133801.096237	-0.068000	0.772000	0.576000	192.000000	0.000000	0.000000	0.000000	0.000000	0.000000	0.000000	0.000000	0.000000	0.000000	1733433173.189037	0.000000
169.000000	88183.286868	19250.037581	187500.000000	187500.000000	86640.368300	102769.632968	112550.152844	133800.202167	-0.068000	0.772000	0.576000	192.000000	0.000000	0.000000	0.000000	0.000000	0.000000	0.000000	0.000000	0.000000	0.000000	1733433173.193253	0.000000
170.000000	88177.721283	19243.890851	187500.000000	187500.000000	86643.408137	102772.449287	112567.676612	133785.606478	-0.068000	0.772000	0.576000	192.000000	0.000000	0.000000	0.000000	0.000000	0.000000	0.000000	0.000000	0.000000	0.000000	1733433173.197151	0.000000
171.000000	88179.844699	19237.006514	187500.000000	187500.000000	86645.732718	102785.748575	112575.879702	133787.104045	-0.068000	0.772000	0.576000	192.000000	0.000000	0.000000	0.000000	0.000000	0.000000	0.000000	0.000000	0.000000	0.000000	1733433173.200317	0.000000
172.000000	88175.195536	19238.459377	187500.000000	187500.000000	86644.346910	102786.039148	112582.339356	133781.024370	-0.068000	0.772000	0.576000	192.000000	0.000000	0.000000	0.000000	0.000000	0.000000	0.000000	0.000000	0.000000	0.000000	1733433173.204238	0.000000
173.000000	88174.569687	19239.666371	187500.000000	187500.000000	86650.851268	102787.782584	112593.291711	133790.680324	-0.070000	0.768000	0.580000	192.000000	253.000000	208.000000	24.000000	0.000000	18.000000	32.000000	0.000000	0.000000	0.000000	1733433173.209034	0.000000
174.000000	88161.650379	19219.952133	187500.000000	187500.000000	86644.816297	102782.731090	112590.341281	133786.098216	-0.070000	0.768000	0.580000	192.000000	0.000000	0.000000	0.000000	0.000000	0.000000	0.000000	0.000000	0.000000	0.000000	1733433173.213084	0.000000
175.000000	88164.198478	19222.567287	187500.000000	187500.000000	86636.993186	102777.478430	112576.863179	133813.456752	-0.070000	0.768000	0.580000	192.000000	0.000000	0.000000	0.000000	0.000000	0.000000	0.000000	0.000000	0.000000	0.000000	1733433173.217075	0.000000
176.000000	88169.205269	19233.050255	187500.000000	187500.000000	86633.863942	102790.934180	112571.074077	133823.850313	-0.070000	0.768000	0.580000	192.000000	0.000000	0.000000	0.000000	0.000000	0.000000	0.000000	0.000000	0.000000	0.000000	1733433173.221273	0.000000
177.000000	88170.166394	19233.519642	187500.000000	187500.000000	86650.001901	102796.589171	112590.877723	133803.756094	-0.070000	0.768000	0.580000	192.000000	0.000000	0.000000	0.000000	0.000000	0.000000	0.000000	0.000000	0.000000	0.000000	1733433173.225069	0.000000
178.000000	88172.982713	19239.308743	187500.000000	187500.000000	86657.109756	102796.812689	112608.893229	133827.180723	-0.070000	0.768000	0.580000	192.000000	0.000000	0.000000	0.000000	0.000000	0.000000	0.000000	0.000000	0.000000	0.000000	1733433173.228326	0.000000
179.000000	88179.397664	19249.903470	187500.000000	187500.000000	86656.975646	102796.365654	112610.949589	133829.237083	-0.070000	0.768000	0.580000	192.000000	0.000000	0.000000	0.000000	0.000000	0.000000	0.000000	0.000000	0.000000	0.000000	1733433173.232260	0.000000
180.000000	88176.000199	19249.568194	187500.000000	187500.000000	86657.534439	102786.910866	112602.813554	133800.425685	-0.070000	0.768000	0.580000	192.000000	0.000000	0.000000	0.000000	0.000000	0.000000	0.000000	0.000000	0.000000	0.000000	1733433173.237486	0.000000
181.000000	88179.688237	19250.484616	187500.000000	187500.000000	86662.161250	102784.586285	112602.187705	133794.614231	-0.070000	0.768000	0.580000	192.000000	0.000000	0.000000	0.000000	0.000000	0.000000	0.000000	0.000000	0.000000	0.000000	1733433173.241228	0.000000
182.000000	88191.311144	19260.297031	187500.000000	187500.000000	86661.490698	102774.684462	112589.626025	133844.570380	-0.070000	0.768000	0.580000	192.000000	0.000000	0.000000	0.000000	0.000000	0.000000	0.000000	0.000000	0.000000	0.000000	1733433173.245093	0.000000
183.000000	88198.284888	19253.993840	187500.000000	187500.000000	86664.307018	102775.734994	112570.850560	133824.342051	-0.078000	0.772000	0.580000	192.000000	253.000000	144.000000	24.000000	32.000000	18.000000	32.000000	0.000000	0.000000	0.000000	1733433173.249090	0.000000
184.000000	88193.747484	19251.110464	187500.000000	187500.000000	86665.804585	102791.560029	112592.531752	133795.351839	-0.078000	0.772000	0.580000	192.000000	0.000000	0.000000	0.000000	0.000000	0.000000	0.000000	0.000000	0.000000	0.000000	1733433173.253096	0.000000
185.000000	88189.724170	19240.515738	187500.000000	187500.000000	86655.858058	102777.992520	112590.833019	133794.100141	-0.078000	0.772000	0.580000	192.000000	0.000000	0.000000	0.000000	0.000000	0.000000	0.000000	0.000000	0.000000	0.000000	1733433173.256125	0.000000
186.000000	88182.750426	19236.246554	187500.000000	187500.000000	86646.917361	102768.269511	112587.010871	133798.235214	-0.078000	0.772000	0.580000	192.000000	0.000000	0.000000	0.000000	0.000000	0.000000	0.000000	0.000000	0.000000	0.000000	1733433173.260122	0.000000
187.000000	88184.180937	19239.934592	187500.000000	187500.000000	86648.392576	102765.028508	112586.317967	133804.784275	-0.078000	0.772000	0.580000	192.000000	0.000000	0.000000	0.000000	0.000000	0.000000	0.000000	0.000000	0.000000	0.000000	1733433173.264148	0.000000
188.000000	88190.372371	19249.188214	187500.000000	187500.000000	86651.700634	102771.689328	112589.067231	133799.039876	-0.078000	0.772000	0.580000	192.000000	0.000000	0.000000	0.000000	0.000000	0.000000	0.000000	0.000000	0.000000	0.000000	1733433173.269260	0.000000
189.000000	88187.421940	19249.635249	187500.000000	187500.000000	86653.220553	102767.375441	112588.262569	133794.725990	-0.078000	0.772000	0.580000	192.000000	0.000000	0.000000	0.000000	0.000000	0.000000	0.000000	0.000000	0.000000	0.000000	1733433173.273245	0.000000
190.000000	88184.672676	19237.878232	187500.000000	187500.000000	86660.082538	102765.028508	112590.900074	133801.655030	-0.078000	0.772000	0.580000	192.000000	0.000000	0.000000	0.000000	0.000000	0.000000	0.000000	0.000000	0.000000	0.000000	1733433173.277249	0.000000
191.000000	88177.944801	19234.212546	187500.000000	187500.000000	86659.970779	102753.651470	112579.254815	133799.509263	-0.078000	0.772000	0.580000	192.000000	0.000000	0.000000	0.000000	0.000000	0.000000	0.000000	0.000000	0.000000	0.000000	1733433173.281379	0.000000
192.000000	88181.878708	19236.201851	187500.000000	187500.000000	86661.378939	102756.803066	112576.505551	133802.325583	-0.078000	0.772000	0.580000	192.000000	0.000000	0.000000	0.000000	0.000000	0.000000	0.000000	0.000000	0.000000	0.000000	1733433173.284178	0.000000
193.000000	88180.671713	19237.989990	187500.000000	187500.000000	86668.844422	102762.972148	112586.876760	133809.880472	-0.076000	0.772000	0.582000	192.000000	253.000000	160.000000	24.000000	32.000000	18.000000	48.000000	0.000000	0.000000	0.000000	1733433173.288350	0.000000
194.000000	88183.130405	19243.890851	187500.000000	187500.000000	86676.220498	102777.746651	112593.269359	133795.955336	-0.076000	0.772000	0.582000	192.000000	0.000000	0.000000	0.000000	0.000000	0.000000	0.000000	0.000000	0.000000	0.000000	1733433173.293151	0.000000
195.000000	88182.012818	19238.168804	187500.000000	187500.000000	86673.158309	102789.213096	112591.101240	133804.784275	-0.076000	0.772000	0.582000	192.000000	0.000000	0.000000	0.000000	0.000000	0.000000	0.000000	0.000000	0.000000	0.000000	1733433173.297212	0.000000
196.000000	88185.030304	19249.612898	187500.000000	187500.000000	86674.365303	102791.738843	112593.872856	133798.794007	-0.076000	0.772000	0.582000	192.000000	0.000000	0.000000	0.000000	0.000000	0.000000	0.000000	0.000000	0.000000	0.000000	1733433173.301175	0.000000
197.000000	88182.370446	19244.002610	187500.000000	187500.000000	86668.509146	102765.117915	112584.730993	133796.648240	-0.076000	0.772000	0.582000	192.000000	0.000000	0.000000	0.000000	0.000000	0.000000	0.000000	0.000000	0.000000	0.000000	1733433173.305166	0.000000
198.000000	88172.781548	19226.277676	187500.000000	187500.000000	86653.041739	102753.226787	112578.226635	133812.920310	-0.076000	0.772000	0.582000	192.000000	0.000000	0.000000	0.000000	0.000000	0.000000	0.000000	0.000000	0.000000	0.000000	1733433173.308393	0.000000
199.000000	88168.333550	19221.628514	187500.000000	187500.000000	86653.958160	102753.830284	112571.387001	133814.909615	-0.076000	0.772000	0.582000	192.000000	0.000000	0.000000	0.000000	0.000000	0.000000	0.000000	0.000000	0.000000	0.000000	1733433173.312406	0.000000
200.000000	88175.955495	19233.229069	187500.000000	187500.000000	86661.602457	102778.931293	112583.747516	133796.491777	-0.076000	0.772000	0.582000	192.000000	0.000000	0.000000	0.000000	0.000000	0.000000	0.000000	0.000000	0.000000	0.000000	1733433173.316460	0.000000
201.000000	88172.088644	19236.850052	187500.000000	187500.000000	86661.222477	102795.896267	112589.894246	133811.914481	-0.076000	0.772000	0.582000	192.000000	0.000000	0.000000	0.000000	0.000000	0.000000	0.000000	0.000000	0.000000	0.000000	1733433173.320299	0.000000
202.000000	88176.603696	19247.288316	187500.000000	187500.000000	86664.038797	102788.363730	112586.206208	133820.899882	-0.076000	0.772000	0.582000	192.000000	0.000000	0.000000	0.000000	0.000000	0.000000	0.000000	0.000000	0.000000	0.000000	1733433173.324236	0.000000
203.000000	88182.236336	19247.712999	187500.000000	187500.000000	86668.799718	102787.670825	112588.575493	133835.272054	-0.064000	0.770000	0.580000	192.000000	254.000000	0.000000	24.000000	16.000000	18.000000	32.000000	0.000000	0.000000	0.000000	1733433173.328214	0.000000
204.000000	88172.401568	19223.818984	187500.000000	187500.000000	86660.551925	102780.272398	112589.760135	133792.177891	-0.064000	0.770000	0.580000	192.000000	0.000000	0.000000	0.000000	0.000000	0.000000	0.000000	0.000000	0.000000	0.000000	1733433173.332199	0.000000
205.000000	88165.181955	19212.196077	187500.000000	187500.000000	86655.880410	102769.878837	112575.209150	133781.806681	-0.064000	0.770000	0.580000	192.000000	0.000000	0.000000	0.000000	0.000000	0.000000	0.000000	0.000000	0.000000	0.000000	1733433173.337657	0.000000
206.000000	88168.445309	19225.137737	187500.000000	187500.000000	86655.142803	102776.964340	112578.673670	133793.787216	-0.064000	0.770000	0.580000	192.000000	0.000000	0.000000	0.000000	0.000000	0.000000	0.000000	0.000000	0.000000	0.000000	1733433173.341236	0.000000
207.000000	88176.715455	19221.986141	187500.000000	187500.000000	86660.618980	102779.803011	112592.777621	133805.164254	-0.064000	0.770000	0.580000	192.000000	0.000000	0.000000	0.000000	0.000000	0.000000	0.000000	0.000000	0.000000	0.000000	1733433173.345252	0.000000
208.000000	88175.486109	19224.109557	187500.000000	187500.000000	86659.814317	102773.119840	112589.134287	133834.735612	-0.064000	0.770000	0.580000	192.000000	0.000000	0.000000	0.000000	0.000000	0.000000	0.000000	0.000000	0.000000	0.000000	1733433173.348251	0.000000
209.000000	88162.008007	19213.581886	187500.000000	187500.000000	86653.309960	102771.689328	112579.165409	133791.976725	-0.064000	0.770000	0.580000	192.000000	0.000000	0.000000	0.000000	0.000000	0.000000	0.000000	0.000000	0.000000	0.000000	1733433173.352419	0.000000
210.000000	88156.643588	19210.497345	187500.000000	187500.000000	86649.510163	102777.433726	112577.891359	133773.670646	-0.064000	0.770000	0.580000	192.000000	0.000000	0.000000	0.000000	0.000000	0.000000	0.000000	0.000000	0.000000	0.000000	1733433173.356511	0.000000
211.000000	88163.527925	19214.811231	187500.000000	187500.000000	86652.482945	102799.874878	112594.588112	133797.274089	-0.064000	0.770000	0.580000	192.000000	0.000000	0.000000	0.000000	0.000000	0.000000	0.000000	0.000000	0.000000	0.000000	1733433173.360406	0.000000
212.000000	88169.071158	19227.909354	187500.000000	187500.000000	86653.108794	102770.817610	112590.050708	133817.167141	-0.064000	0.770000	0.580000	192.000000	0.000000	0.000000	0.000000	0.000000	0.000000	0.000000	0.000000	0.000000	0.000000	1733433173.365534	0.000000
213.000000	88176.156661	19242.527395	187500.000000	187500.000000	86658.070881	102777.634892	112587.279092	133784.041856	-0.072000	0.770000	0.572000	192.000000	253.000000	192.000000	24.000000	16.000000	17.000000	224.000000	0.000000	0.000000	0.000000	1733433173.369315	0.000000
214.000000	88171.239277	19230.122176	187500.000000	187500.000000	86654.561657	102764.313252	112576.684365	133785.092388	-0.072000	0.770000	0.572000	192.000000	0.000000	0.000000	0.000000	0.000000	0.000000	0.000000	0.000000	0.000000	0.000000	1733433173.373476	0.000000
215.000000	88172.803899	19221.583810	187500.000000	187500.000000	86648.146707	102761.318119	112577.667842	133785.941754	-0.072000	0.770000	0.572000	192.000000	0.000000	0.000000	0.000000	0.000000	0.000000	0.000000	0.000000	0.000000	0.000000	1733433173.376318	0.000000
216.000000	88176.089606	19223.640171	187500.000000	187500.000000	86654.360492	102782.149945	112586.586188	133795.731818	-0.072000	0.770000	0.572000	192.000000	0.000000	0.000000	0.000000	0.000000	0.000000	0.000000	0.000000	0.000000	0.000000	1733433173.380289	0.000000
217.000000	88172.938010	19221.472051	187500.000000	187500.000000	86651.275951	102774.952683	112574.203321	133803.018487	-0.072000	0.770000	0.572000	192.000000	0.000000	0.000000	0.000000	0.000000	0.000000	0.000000	0.000000	0.000000	0.000000	1733433173.384328	0.000000
218.000000	88175.307295	19225.651828	187500.000000	187500.000000	86650.158364	102764.827343	112579.903016	133816.004850	-0.072000	0.770000	0.572000	192.000000	0.000000	0.000000	0.000000	0.000000	0.000000	0.000000	0.000000	0.000000	0.000000	1733433173.388294	0.000000
219.000000	88168.132385	19228.334037	187500.000000	187500.000000	86648.638445	102757.697136	112580.282996	133838.177781	-0.072000	0.770000	0.572000	192.000000	0.000000	0.000000	0.000000	0.000000	0.000000	0.000000	0.000000	0.000000	0.000000	1733433173.392521	0.000000
220.000000	88166.254838	19221.114423	187500.000000	187500.000000	86651.387710	102769.722375	112572.057554	133795.932984	-0.072000	0.770000	0.572000	192.000000	0.000000	0.000000	0.000000	0.000000	0.000000	0.000000	0.000000	0.000000	0.000000	1733433173.397328	0.000000
221.000000	88167.215963	19216.040577	187500.000000	187500.000000	86653.108794	102777.076099	112575.544426	133778.453920	-0.072000	0.770000	0.572000	192.000000	0.000000	0.000000	0.000000	0.000000	0.000000	0.000000	0.000000	0.000000	0.000000	1733433173.400627	0.000000
222.000000	88172.558030	19217.269923	187500.000000	187500.000000	86652.147669	102780.451212	112580.662975	133770.921382	-0.072000	0.770000	0.572000	192.000000	0.000000	0.000000	0.000000	0.000000	0.000000	0.000000	0.000000	0.000000	0.000000	1733433173.404530	0.000000
223.000000	88184.426807	19230.859784	187500.000000	187500.000000	86668.777367	102784.183953	112611.530734	133794.815397	-0.070000	0.770000	0.574000	192.000000	253.000000	208.000000	24.000000	16.000000	17.000000	240.000000	0.000000	0.000000	0.000000	1733433173.408653	0.000000
224.000000	88184.806786	19236.760645	187500.000000	187500.000000	86669.649085	102765.296729	112609.027339	133810.595728	-0.070000	0.770000	0.574000	192.000000	0.000000	0.000000	0.000000	0.000000	0.000000	0.000000	0.000000	0.000000	0.000000	1733433173.412320	0.000000
225.000000	88184.359751	19229.719845	187500.000000	187500.000000	86668.039759	102766.816648	112600.108993	133836.613159	-0.070000	0.770000	0.574000	192.000000	0.000000	0.000000	0.000000	0.000000	0.000000	0.000000	0.000000	0.000000	0.000000	1733433173.416320	0.000000
226.000000	88174.010894	19216.934647	187500.000000	187500.000000	86660.060186	102757.563026	112589.804839	133814.976670	-0.070000	0.770000	0.574000	192.000000	0.000000	0.000000	0.000000	0.000000	0.000000	0.000000	0.000000	0.000000	0.000000	1733433173.420678	0.000000
227.000000	88170.389911	19220.823851	187500.000000	187500.000000	86655.500431	102748.488217	112570.962318	133771.167251	-0.070000	0.770000	0.574000	192.000000	0.000000	0.000000	0.000000	0.000000	0.000000	0.000000	0.000000	0.000000	0.000000	1733433173.425404	0.000000
228.000000	88168.847641	19212.978388	187500.000000	187500.000000	86650.918323	102762.256892	112575.298557	133797.341144	-0.070000	0.770000	0.574000	192.000000	0.000000	0.000000	0.000000	0.000000	0.000000	0.000000	0.000000	0.000000	0.000000	1733433173.428334	0.000000
229.000000	88166.478356	19209.066833	187500.000000	187500.000000	86651.521820	102759.038241	112571.007022	133783.483062	-0.070000	0.770000	0.574000	192.000000	0.000000	0.000000	0.000000	0.000000	0.000000	0.000000	0.000000	0.000000	0.000000	1733433173.431420	0.000000
230.000000	88174.346170	19217.895772	187500.000000	187500.000000	86656.059224	102749.494046	112576.036164	133783.952449	-0.070000	0.770000	0.574000	192.000000	0.000000	0.000000	0.000000	0.000000	0.000000	0.000000	0.000000	0.000000	0.000000	1733433173.436634	0.000000
231.000000	88166.210135	19217.180516	187500.000000	187500.000000	86647.811430	102761.675747	112566.156693	133777.559850	-0.070000	0.770000	0.574000	192.000000	0.000000	0.000000	0.000000	0.000000	0.000000	0.000000	0.000000	0.000000	0.000000	1733433173.440628	0.000000
232.000000	88157.381196	19200.930798	187500.000000	187500.000000	86643.139916	102750.633985	112573.421010	133767.970952	-0.070000	0.770000	0.574000	192.000000	0.000000	0.000000	0.000000	0.000000	0.000000	0.000000	0.000000	0.000000	0.000000	1733433173.444834	0.000000
233.000000	88159.526963	19202.093089	187500.000000	187500.000000	86636.948483	102727.231708	112565.597900	133789.249812	-0.070000	0.766000	0.572000	192.000000	253.000000	208.000000	23.000000	240.000000	17.000000	224.000000	0.000000	0.000000	0.000000	1733433173.448583	0.000000
234.000000	88159.549315	19204.238856	187500.000000	187500.000000	86627.739564	102737.647621	112552.119798	133800.984478	-0.070000	0.766000	0.572000	192.000000	0.000000	0.000000	0.000000	0.000000	0.000000	0.000000	0.000000	0.000000	0.000000	1733433173.453451	0.000000
235.000000	88158.252914	19212.196077	187500.000000	187500.000000	86626.845494	102740.553348	112569.174179	133766.339274	-0.070000	0.766000	0.572000	192.000000	0.000000	0.000000	0.000000	0.000000	0.000000	0.000000	0.000000	0.000000	0.000000	1733433173.456448	0.000000
236.000000	88164.131423	19219.929781	187500.000000	187500.000000	86639.809506	102750.499874	112590.609502	133780.554984	-0.070000	0.766000	0.572000	192.000000	0.000000	0.000000	0.000000	0.000000	0.000000	0.000000	0.000000	0.000000	0.000000	1733433173.460426	0.000000
237.000000	88157.671768	19204.417670	187500.000000	187500.000000	86642.111736	102758.032412	112594.632816	133781.091426	-0.070000	0.766000	0.572000	192.000000	0.000000	0.000000	0.000000	0.000000	0.000000	0.000000	0.000000	0.000000	0.000000	1733433173.464413	0.000000
238.000000	88153.894324	19195.901656	187500.000000	187500.000000	86641.798811	102757.965357	112589.380156	133774.318847	-0.070000	0.766000	0.572000	192.000000	0.000000	0.000000	0.000000	0.000000	0.000000	0.000000	0.000000	0.000000	0.000000	1733433173.468433	0.000000
239.000000	88150.653321	19199.388528	187500.000000	187500.000000	86636.702613	102758.524151	112583.948682	133792.043780	-0.070000	0.766000	0.572000	192.000000	0.000000	0.000000	0.000000	0.000000	0.000000	0.000000	0.000000	0.000000	0.000000	1733433173.472428	0.000000
240.000000	88149.960417	19210.139717	187500.000000	187500.000000	86644.928055	102767.643662	112588.061403	133815.647222	-0.070000	0.766000	0.572000	192.000000	0.000000	0.000000	0.000000	0.000000	0.000000	0.000000	0.000000	0.000000	0.000000	1733433173.476425	0.000000
241.000000	88144.864219	19185.686908	187500.000000	187500.000000	86634.109811	102759.418220	112579.925368	133786.053513	-0.070000	0.766000	0.572000	192.000000	0.000000	0.000000	0.000000	0.000000	0.000000	0.000000	0.000000	0.000000	0.000000	1733433173.481710	0.000000
242.000000	88130.872027	19162.619908	187500.000000	187500.000000	86626.085535	102764.447363	112564.301498	133755.744547	-0.070000	0.766000	0.572000	192.000000	0.000000	0.000000	0.000000	0.000000	0.000000	0.000000	0.000000	0.000000	0.000000	1733433173.484706	0.000000
243.000000	88148.865181	19186.715089	187500.000000	187500.000000	86639.407175	102764.693232	112564.256795	133762.204201	-0.070000	0.766000	0.572000	192.000000	0.000000	0.000000	0.000000	0.000000	0.000000	0.000000	0.000000	0.000000	0.000000	1733433173.487914	0.000000
244.000000	88168.199440	19214.520659	187500.000000	187500.000000	86655.612189	102759.842904	112594.476353	133775.659952	-0.068000	0.766000	0.578000	192.000000	253.000000	224.000000	23.000000	240.000000	18.000000	16.000000	0.000000	0.000000	0.000000	1733433173.492672	0.000000
245.000000	88164.578457	19217.493441	187500.000000	187500.000000	86656.707425	102757.831247	112592.934083	133774.274143	-0.068000	0.766000	0.578000	192.000000	0.000000	0.000000	0.000000	0.000000	0.000000	0.000000	0.000000	0.000000	0.000000	1733433173.496714	0.000000
246.000000	88158.968170	19213.291313	187500.000000	187500.000000	86651.074785	102758.725316	112583.054612	133799.933946	-0.068000	0.766000	0.578000	192.000000	0.000000	0.000000	0.000000	0.000000	0.000000	0.000000	0.000000	0.000000	0.000000	1733433173.500465	0.000000
247.000000	88152.128536	19197.421574	187500.000000	187500.000000	86649.063128	102758.591206	112578.226635	133791.216766	-0.068000	0.766000	0.578000	192.000000	0.000000	0.000000	0.000000	0.000000	0.000000	0.000000	0.000000	0.000000	0.000000	1733433173.504752	0.000000
248.000000	88154.698986	19200.014377	187500.000000	187500.000000	86645.218628	102749.650508	112572.795161	133773.424777	-0.068000	0.766000	0.578000	192.000000	0.000000	0.000000	0.000000	0.000000	0.000000	0.000000	0.000000	0.000000	0.000000	1733433173.508503	0.000000
249.000000	88150.787431	19202.428365	187500.000000	187500.000000	86639.585988	102749.136418	112557.059533	133752.660007	-0.068000	0.766000	0.578000	192.000000	0.000000	0.000000	0.000000	0.000000	0.000000	0.000000	0.000000	0.000000	0.000000	1733433173.512451	0.000000
250.000000	88145.423012	19196.661615	187500.000000	187500.000000	86644.235151	102763.218017	112551.896280	133764.707597	-0.068000	0.766000	0.578000	192.000000	0.000000	0.000000	0.000000	0.000000	0.000000	0.000000	0.000000	0.000000	0.000000	1733433173.515513	0.000000
251.000000	88131.900207	19179.495475	187500.000000	187500.000000	86635.383861	102751.036316	112547.872966	133760.080786	-0.068000	0.766000	0.578000	192.000000	0.000000	0.000000	0.000000	0.000000	0.000000	0.000000	0.000000	0.000000	0.000000	1733433173.520495	0.000000
252.000000	88133.688347	19195.611083	187500.000000	187500.000000	86630.399422	102751.125723	112554.109103	133748.279065	-0.068000	0.766000	0.578000	192.000000	0.000000	0.000000	0.000000	0.000000	0.000000	0.000000	0.000000	0.000000	0.000000	1733433173.524475	0.000000
253.000000	88143.791335	19202.383662	187500.000000	187500.000000	86640.301244	102749.382287	112576.840827	133769.669684	-0.068000	0.766000	0.578000	192.000000	0.000000	0.000000	0.000000	0.000000	0.000000	0.000000	0.000000	0.000000	0.000000	1733433173.528526	0.000000
254.000000	88147.099393	19189.665519	187500.000000	187500.000000	86646.336215	102755.506665	112584.596882	133766.227515	-0.072000	0.766000	0.576000	192.000000	253.000000	192.000000	23.000000	240.000000	18.000000	0.000000	0.000000	0.000000	0.000000	1733433173.532669	0.000000
255.000000	88150.407451	19199.008548	187500.000000	187500.000000	86652.281779	102770.437630	112575.544426	133791.328525	-0.072000	0.766000	0.576000	192.000000	0.000000	0.000000	0.000000	0.000000	0.000000	0.000000	0.000000	0.000000	0.000000	1733433173.536289	0.000000
0.000000	88146.898228	19200.327301	187500.000000	187500.000000	86660.171945	102777.545485	112586.049746	133794.144844	-0.072000	0.766000	0.576000	192.000000	0.000000	0.000000	0.000000	0.000000	0.000000	0.000000	0.000000	0.000000	0.000000	1733433173.539756	0.000000
1.000000	88144.260722	19196.572208	187500.000000	187500.000000	86663.055320	102757.205398	112585.245083	133792.691981	-0.072000	0.766000	0.576000	192.000000	0.000000	0.000000	0.000000	0.000000	0.000000	0.000000	0.000000	0.000000	0.000000	1733433173.543810	0.000000
2.000000	88139.231579	19195.633435	187500.000000	187500.000000	86656.215686	102759.708793	112571.498760	133782.052551	-0.072000	0.766000	0.576000	192.000000	0.000000	0.000000	0.000000	0.000000	0.000000	0.000000	0.000000	0.000000	0.000000	1733433173.548545	0.000000
3.000000	88134.291844	19192.973577	187500.000000	187500.000000	86642.692881	102755.752534	112566.871949	133810.014583	-0.072000	0.766000	0.576000	192.000000	0.000000	0.000000	0.000000	0.000000	0.000000	0.000000	0.000000	0.000000	0.000000	1733433173.552544	0.000000
4.000000	88124.948815	19174.511036	187500.000000	187500.000000	86629.907683	102749.069363	112553.751475	133815.177836	-0.072000	0.766000	0.576000	192.000000	0.000000	0.000000	0.000000	0.000000	0.000000	0.000000	0.000000	0.000000	0.000000	1733433173.556546	0.000000
5.000000	88129.374460	19173.684022	187500.000000	187500.000000	86638.848381	102754.433781	112551.940984	133783.080731	-0.072000	0.766000	0.576000	192.000000	0.000000	0.000000	0.000000	0.000000	0.000000	0.000000	0.000000	0.000000	0.000000	1733433173.560568	0.000000
6.000000	88130.268530	19178.400240	187500.000000	187500.000000	86650.784212	102763.150962	112556.411333	133736.030309	-0.072000	0.766000	0.576000	192.000000	0.000000	0.000000	0.000000	0.000000	0.000000	0.000000	0.000000	0.000000	0.000000	1733433173.563570	0.000000
7.000000	88140.818553	19185.932778	187500.000000	187500.000000	86662.228306	102776.025567	112570.180007	133739.338367	-0.072000	0.766000	0.576000	192.000000	0.000000	0.000000	0.000000	0.000000	0.000000	0.000000	0.000000	0.000000	0.000000	1733433173.567657	0.000000
8.000000	88145.758289	19193.621778	187500.000000	187500.000000	86664.038797	102769.275340	112586.385022	133766.071053	-0.076000	0.768000	0.580000	192.000000	253.000000	160.000000	24.000000	0.000000	18.000000	32.000000	0.000000	0.000000	0.000000	1733433173.571565	0.000000
9.000000	88140.460925	19189.330243	187500.000000	187500.000000	86659.032006	102766.459020	112579.321871	133763.768824	-0.076000	0.768000	0.580000	192.000000	0.000000	0.000000	0.000000	0.000000	0.000000	0.000000	0.000000	0.000000	0.000000	1733433173.576562	0.000000
10.000000	88138.829248	19187.452696	187500.000000	187500.000000	86655.120451	102766.280206	112569.710621	133766.048702	-0.076000	0.768000	0.580000	192.000000	0.000000	0.000000	0.000000	0.000000	0.000000	0.000000	0.000000	0.000000	0.000000	1733433173.580778	0.000000
11.000000	88141.734975	19183.183513	187500.000000	187500.000000	86656.618018	102772.158715	112562.826283	133766.249867	-0.076000	0.768000	0.580000	192.000000	0.000000	0.000000	0.000000	0.000000	0.000000	0.000000	0.000000	0.000000	0.000000	1733433173.584807	0.000000
12.000000	88132.704870	19168.319603	187500.000000	187500.000000	86647.789079	102765.319081	112551.337487	133767.456861	-0.076000	0.768000	0.580000	192.000000	0.000000	0.000000	0.000000	0.000000	0.000000	0.000000	0.000000	0.000000	0.000000	1733433173.588852	0.000000
13.000000	88130.603806	19171.784123	187500.000000	187500.000000	86642.581122	102765.699061	112551.181024	133778.185699	-0.076000	0.768000	0.580000	192.000000	0.000000	0.000000	0.000000	0.000000	0.000000	0.000000	0.000000	0.000000	0.000000	1733433173.591795	0.000000
14.000000	88125.641719	19175.606272	187500.000000	187500.000000	86643.542247	102774.058613	112570.716449	133790.143882	-0.076000	0.768000	0.580000	192.000000	0.000000	0.000000	0.000000	0.000000	0.000000	0.000000	0.000000	0.000000	0.000000	1733433173.595592	0.000000
15.000000	88133.129553	19177.081487	187500.000000	187500.000000	86647.722023	102790.464793	112588.061403	133787.998115	-0.076000	0.768000	0.580000	192.000000	0.000000	0.000000	0.000000	0.000000	0.000000	0.000000	0.000000	0.000000	0.000000	1733433173.599642	0.000000
16.000000	88135.901169	19178.511998	187500.000000	187500.000000	86647.342044	102774.036261	112582.205246	133800.515091	-0.076000	0.768000	0.580000	192.000000	0.000000	0.000000	0.000000	0.000000	0.000000	0.000000	0.000000	0.000000	0.000000	1733433173.603693	0.000000
17.000000	88137.465791	19184.412859	187500.000000	187500.000000	86648.839611	102780.764136	112577.556083	133765.489908	-0.076000	0.768000	0.580000	192.000000	0.000000	0.000000	0.000000	0.000000	0.000000	0.000000	0.000000	0.000000	0.000000	1733433173.610690	0.000000
18.000000	88138.426916	19184.815190	187500.000000	187500.000000	86664.217611	102782.127593	112574.873874	133773.760053	-0.074000	0.766000	0.578000	192.000000	253.000000	176.000000	23.000000	240.000000	18.000000	16.000000	0.000000	0.000000	0.000000	1733433173.612622	0.000000
19.000000	88137.242274	19174.578091	187500.000000	187500.000000	86661.468346	102774.170372	112580.238292	133773.268315	-0.074000	0.766000	0.578000	192.000000	0.000000	0.000000	0.000000	0.000000	0.000000	0.000000	0.000000	0.000000	0.000000	1733433173.616649	0.000000
20.000000	88132.883684	19171.627661	187500.000000	187500.000000	86646.269160	102753.740877	112578.226635	133782.186661	-0.074000	0.766000	0.578000	192.000000	0.000000	0.000000	0.000000	0.000000	0.000000	0.000000	0.000000	0.000000	0.000000	1733433173.619663	0.000000
21.000000	88133.397774	19186.111592	187500.000000	187500.000000	86647.297340	102763.128610	112576.416144	133754.537553	-0.074000	0.766000	0.578000	192.000000	0.000000	0.000000	0.000000	0.000000	0.000000	0.000000	0.000000	0.000000	0.000000	1733433173.623660	0.000000
22.000000	88134.783582	19192.481839	187500.000000	187500.000000	86643.206971	102764.514418	112569.129475	133756.728024	-0.074000	0.766000	0.578000	192.000000	0.000000	0.000000	0.000000	0.000000	0.000000	0.000000	0.000000	0.000000	0.000000	1733433173.627648	0.000000
23.000000	88135.297672	19188.458525	187500.000000	187500.000000	86644.615131	102772.471639	112568.101295	133774.989399	-0.074000	0.766000	0.578000	192.000000	0.000000	0.000000	0.000000	0.000000	0.000000	0.000000	0.000000	0.000000	0.000000	1733433173.632668	0.000000
24.000000	88138.695137	19183.027051	187500.000000	187500.000000	86646.291512	102764.626177	112578.271339	133789.249812	-0.074000	0.766000	0.578000	192.000000	0.000000	0.000000	0.000000	0.000000	0.000000	0.000000	0.000000	0.000000	0.000000	1733433173.636701	0.000000
25.000000	88137.890475	19179.942510	187500.000000	187500.000000	86644.257503	102763.642700	112560.546405	133791.753208	-0.074000	0.766000	0.578000	192.000000	0.000000	0.000000	0.000000	0.000000	0.000000	0.000000	0.000000	0.000000	0.000000	1733433173.640677	0.000000
26.000000	88122.132495	19170.822998	187500.000000	187500.000000	86635.517971	102761.832209	112560.859330	133828.186551	-0.074000	0.766000	0.578000	192.000000	0.000000	0.000000	0.000000	0.000000	0.000000	0.000000	0.000000	0.000000	0.000000	1733433173.643670	0.000000
27.000000	88122.445419	19181.484780	187500.000000	187500.000000	86653.645236	102778.417203	112588.754307	133770.787271	-0.074000	0.766000	0.578000	192.000000	0.000000	0.000000	0.000000	0.000000	0.000000	0.000000	0.000000	0.000000	0.000000	1733433173.647869	0.000000
28.000000	88134.291844	19178.713164	187500.000000	187500.000000	86660.328407	102785.279189	112602.813554	133773.268315	-0.072000	0.766000	0.582000	192.000000	253.000000	192.000000	23.000000	240.000000	18.000000	48.000000	0.000000	0.000000	0.000000	1733433173.651744	0.000000
29.000000	88140.148001	19180.769525	187500.000000	187500.000000	86661.267181	102780.205343	112597.560894	133786.902879	-0.072000	0.766000	0.582000	192.000000	0.000000	0.000000	0.000000	0.000000	0.000000	0.000000	0.000000	0.000000	0.000000	1733433173.655825	0.000000
30.000000	88138.605730	19188.659690	187500.000000	187500.000000	86667.726835	102765.028508	112593.314063	133809.791065	-0.072000	0.766000	0.582000	192.000000	0.000000	0.000000	0.000000	0.000000	0.000000	0.000000	0.000000	0.000000	0.000000	1733433173.659902	0.000000
31.000000	88133.733050	19180.858932	187500.000000	187500.000000	86668.531498	102765.788468	112594.029319	133771.971914	-0.072000	0.766000	0.582000	192.000000	0.000000	0.000000	0.000000	0.000000	0.000000	0.000000	0.000000	0.000000	0.000000	1733433173.664841	0.000000
32.000000	88143.903094	19187.765621	187500.000000	187500.000000	86671.146652	102775.958511	112601.628912	133757.890315	-0.072000	0.766000	0.582000	192.000000	0.000000	0.000000	0.000000	0.000000	0.000000	0.000000	0.000000	0.000000	0.000000	1733433173.668741	0.000000
33.000000	88145.020681	19192.638301	187500.000000	187500.000000	86672.040721	102789.682482	112604.467583	133783.103083	-0.072000	0.766000	0.582000	192.000000	0.000000	0.000000	0.000000	0.000000	0.000000	0.000000	0.000000	0.000000	0.000000	1733433173.671931	0.000000
34.000000	88142.360823	19192.392432	187500.000000	187500.000000	86679.483852	102784.005139	112594.677519	133787.036990	-0.072000	0.766000	0.582000	192.000000	0.000000	0.000000	0.000000	0.000000	0.000000	0.000000	0.000000	0.000000	0.000000	1733433173.675720	0.000000
35.000000	88139.209227	19188.816153	187500.000000	187500.000000	86682.367227	102780.384157	112596.040976	133775.995228	-0.072000	0.766000	0.582000	192.000000	0.000000	0.000000	0.000000	0.000000	0.000000	0.000000	0.000000	0.000000	0.000000	1733433173.679730	0.000000
36.000000	88137.555198	19180.903635	187500.000000	187500.000000	86681.696675	102777.344320	112603.640569	133774.341199	-0.072000	0.766000	0.582000	192.000000	0.000000	0.000000	0.000000	0.000000	0.000000	0.000000	0.000000	0.000000	0.000000	1733433173.683773	0.000000
37.000000	88137.421088	19174.600443	187500.000000	187500.000000	86676.309905	102762.994500	112595.079851	133777.001056	-0.072000	0.766000	0.582000	192.000000	0.000000	0.000000	0.000000	0.000000	0.000000	0.000000	0.000000	0.000000	0.000000	1733433173.687901	0.000000
38.000000	88142.092603	19184.077583	187500.000000	187500.000000	86675.728759	102775.734994	112596.912694	133788.668667	-0.078000	0.772000	0.576000	192.000000	253.000000	144.000000	24.000000	32.000000	18.000000	0.000000	0.000000	0.000000	0.000000	1733433173.692744	0.000000
39.000000	88136.750536	19180.993042	187500.000000	187500.000000	86669.805547	102780.697081	112578.561911	133789.629792	-0.078000	0.772000	0.576000	192.000000	0.000000	0.000000	0.000000	0.000000	0.000000	0.000000	0.000000	0.000000	0.000000	1733433173.697771	0.000000
40.000000	88139.835076	19181.998871	187500.000000	187500.000000	86670.252582	102770.750555	112584.820400	133791.708504	-0.078000	0.772000	0.576000	192.000000	0.000000	0.000000	0.000000	0.000000	0.000000	0.000000	0.000000	0.000000	0.000000	1733433173.700801	0.000000
41.000000	88135.834114	19177.416763	187500.000000	187500.000000	86661.200125	102749.762267	112570.716449	133777.738664	-0.078000	0.772000	0.576000	192.000000	0.000000	0.000000	0.000000	0.000000	0.000000	0.000000	0.000000	0.000000	0.000000	1733433173.704922	0.000000
42.000000	88135.521190	19170.398315	187500.000000	187500.000000	86657.623846	102740.218072	112571.230539	133773.491832	-0.078000	0.772000	0.576000	192.000000	0.000000	0.000000	0.000000	0.000000	0.000000	0.000000	0.000000	0.000000	0.000000	1733433173.707801	0.000000
43.000000	88134.425954	19168.945452	187500.000000	187500.000000	86660.753090	102757.965357	112587.592016	133796.156501	-0.078000	0.772000	0.576000	192.000000	0.000000	0.000000	0.000000	0.000000	0.000000	0.000000	0.000000	0.000000	0.000000	1733433173.711928	0.000000
44.000000	88137.152867	19180.344842	187500.000000	187500.000000	86670.252582	102768.425973	112591.235351	133794.413065	-0.078000	0.772000	0.576000	192.000000	0.000000	0.000000	0.000000	0.000000	0.000000	0.000000	0.000000	0.000000	0.000000	1733433173.716053	0.000000
45.000000	88130.737916	19180.076621	187500.000000	187500.000000	86662.943561	102742.341488	112577.511379	133773.290667	-0.078000	0.772000	0.576000	192.000000	0.000000	0.000000	0.000000	0.000000	0.000000	0.000000	0.000000	0.000000	0.000000	1733433173.719982	0.000000
46.000000	88132.883684	19185.597501	187500.000000	187500.000000	86667.816242	102760.491104	112592.107069	133768.462690	-0.078000	0.772000	0.576000	192.000000	0.000000	0.000000	0.000000	0.000000	0.000000	0.000000	0.000000	0.000000	0.000000	1733433173.724782	0.000000
47.000000	88137.689309	19196.259284	187500.000000	187500.000000	86681.696675	102780.719433	112594.744574	133764.484079	-0.078000	0.772000	0.576000	192.000000	0.000000	0.000000	0.000000	0.000000	0.000000	0.000000	0.000000	0.000000	0.000000	1733433173.727789	0.000000
48.000000	88135.297672	19197.779202	187500.000000	187500.000000	86672.443053	102772.315177	112594.677519	133783.728931	-0.072000	0.766000	0.576000	192.000000	253.000000	192.000000	23.000000	240.000000	18.000000	0.000000	0.000000	0.000000	0.000000	1733433173.731781	0.000000
49.000000	88126.289919	19170.241853	187500.000000	187500.000000	86665.357550	102761.206360	112586.005042	133795.821225	-0.072000	0.766000	0.576000	192.000000	0.000000	0.000000	0.000000	0.000000	0.000000	0.000000	0.000000	0.000000	0.000000	1733433173.735780	0.000000
50.000000	88132.727222	19170.018336	187500.000000	187500.000000	86666.005750	102767.196628	112583.255778	133785.606478	-0.072000	0.766000	0.576000	192.000000	0.000000	0.000000	0.000000	0.000000	0.000000	0.000000	0.000000	0.000000	0.000000	1733433173.739811	0.000000
51.000000	88128.815666	19176.746211	187500.000000	187500.000000	86661.311884	102757.115991	112569.151827	133753.867001	-0.072000	0.766000	0.576000	192.000000	0.000000	0.000000	0.000000	0.000000	0.000000	0.000000	0.000000	0.000000	0.000000	1733433173.743820	0.000000
52.000000	88130.939082	19183.988176	187500.000000	187500.000000	86668.173870	102762.636872	112571.945795	133758.292646	-0.072000	0.766000	0.576000	192.000000	0.000000	0.000000	0.000000	0.000000	0.000000	0.000000	0.000000	0.000000	0.000000	1733433173.747822	0.000000
53.000000	88141.936140	19191.766583	187500.000000	187500.000000	86660.529573	102764.223846	112581.110010	133789.585088	-0.072000	0.766000	0.576000	192.000000	0.000000	0.000000	0.000000	0.000000	0.000000	0.000000	0.000000	0.000000	0.000000	1733433173.753011	0.000000
54.000000	88140.773850	19189.486705	187500.000000	187500.000000	86662.451823	102754.277319	112579.567740	133782.633696	-0.072000	0.766000	0.576000	192.000000	0.000000	0.000000	0.000000	0.000000	0.000000	0.000000	0.000000	0.000000	0.000000	1733433173.756036	0.000000
55.000000	88140.416222	19181.417725	187500.000000	187500.000000	86671.437224	102778.216038	112591.548275	133769.557925	-0.072000	0.766000	0.576000	192.000000	0.000000	0.000000	0.000000	0.000000	0.000000	0.000000	0.000000	0.000000	0.000000	1733433173.760067	0.000000
56.000000	88149.938065	19194.292330	187500.000000	187500.000000	86674.298248	102764.425011	112603.148830	133766.249867	-0.072000	0.766000	0.576000	192.000000	0.000000	0.000000	0.000000	0.000000	0.000000	0.000000	0.000000	0.000000	0.000000	1733433173.764052	0.000000
57.000000	88151.525039	19203.501249	187500.000000	187500.000000	86678.925059	102757.317156	112597.136211	133761.846574	-0.072000	0.766000	0.576000	192.000000	0.000000	0.000000	0.000000	0.000000	0.000000	0.000000	0.000000	0.000000	0.000000	1733433173.768627	0.000000
58.000000	88143.791335	19190.090202	187500.000000	187500.000000	86677.047512	102760.871084	112589.402507	133772.038969	-0.070000	0.768000	0.576000	192.000000	253.000000	208.000000	24.000000	0.000000	18.000000	0.000000	0.000000	0.000000	0.000000	1733433173.771864	0.000000
59.000000	88138.158695	19187.497400	187500.000000	187500.000000	86671.772500	102760.267587	112582.696984	133778.632734	-0.070000	0.768000	0.576000	192.000000	0.000000	0.000000	0.000000	0.000000	0.000000	0.000000	0.000000	0.000000	0.000000	1733433173.775849	0.000000
60.000000	88126.178160	19178.869626	187500.000000	187500.000000	86668.665608	102749.918729	112584.753345	133786.522899	-0.070000	0.768000	0.576000	192.000000	0.000000	0.000000	0.000000	0.000000	0.000000	0.000000	0.000000	0.000000	0.000000	1733433173.779882	0.000000
61.000000	88127.139285	19174.555740	187500.000000	187500.000000	86670.341989	102742.453246	112570.604690	133765.825184	-0.070000	0.768000	0.576000	192.000000	0.000000	0.000000	0.000000	0.000000	0.000000	0.000000	0.000000	0.000000	0.000000	1733433173.782922	0.000000
62.000000	88133.911864	19179.204903	187500.000000	187500.000000	86680.377922	102752.779752	112576.572606	133758.851440	-0.070000	0.768000	0.576000	192.000000	0.000000	0.000000	0.000000	0.000000	0.000000	0.000000	0.000000	0.000000	0.000000	1733433173.788236	0.000000
63.000000	88138.069289	19188.614987	187500.000000	187500.000000	86689.542137	102770.147058	112591.727089	133762.092443	-0.070000	0.768000	0.576000	192.000000	0.000000	0.000000	0.000000	0.000000	0.000000	0.000000	0.000000	0.000000	0.000000	1733433173.791907	0.000000
64.000000	88137.979882	19192.124211	187500.000000	187500.000000	86692.000829	102768.873008	112593.716394	133769.021484	-0.070000	0.768000	0.576000	192.000000	0.000000	0.000000	0.000000	0.000000	0.000000	0.000000	0.000000	0.000000	0.000000	1733433173.796056	0.000000
65.000000	88137.532847	19190.783106	187500.000000	187500.000000	86689.229213	102777.791354	112597.784412	133774.631771	-0.070000	0.768000	0.576000	192.000000	0.000000	0.000000	0.000000	0.000000	0.000000	0.000000	0.000000	0.000000	0.000000	1733433173.800061	0.000000
66.000000	88140.013890	19175.762734	187500.000000	187500.000000	86688.089274	102777.590189	112586.295615	133830.399374	-0.070000	0.768000	0.576000	192.000000	0.000000	0.000000	0.000000	0.000000	0.000000	0.000000	0.000000	0.000000	0.000000	1733433173.804157	0.000000
67.000000	88135.185913	19175.226292	187500.000000	187500.000000	86692.827844	102766.503723	112586.742650	133788.065170	-0.070000	0.768000	0.576000	192.000000	0.000000	0.000000	0.000000	0.000000	0.000000	0.000000	0.000000	0.000000	0.000000	1733433173.808156	0.000000
68.000000	88139.164524	19188.056193	187500.000000	187500.000000	86702.886129	102780.540619	112602.210057	133757.823260	-0.070000	0.772000	0.578000	192.000000	253.000000	208.000000	24.000000	32.000000	18.000000	16.000000	0.000000	0.000000	0.000000	1733433173.810915	0.000000
69.000000	88141.287940	19193.577074	187500.000000	187500.000000	86701.120341	102757.630081	112609.496726	133757.063300	-0.070000	0.772000	0.578000	192.000000	0.000000	0.000000	0.000000	0.000000	0.000000	0.000000	0.000000	0.000000	0.000000	1733433173.814928	0.000000
70.000000	88141.511457	19184.926949	187500.000000	187500.000000	86702.483797	102748.398810	112608.401490	133785.338257	-0.070000	0.772000	0.578000	192.000000	0.000000	0.000000	0.000000	0.000000	0.000000	0.000000	0.000000	0.000000	0.000000	1733433173.819924	0.000000
71.000000	88136.974053	19181.775353	187500.000000	187500.000000	86695.688867	102749.449342	112600.176048	133766.965123	-0.070000	0.772000	0.578000	192.000000	0.000000	0.000000	0.000000	0.000000	0.000000	0.000000	0.000000	0.000000	0.000000	1733433173.823926	0.000000
72.000000	88124.926463	19171.538254	187500.000000	187500.000000	86678.232155	102743.414371	112590.520095	133767.903896	-0.070000	0.772000	0.578000	192.000000	0.000000	0.000000	0.000000	0.000000	0.000000	0.000000	0.000000	0.000000	0.000000	1733433173.828011	0.000000
73.000000	88123.786524	19184.234045	187500.000000	187500.000000	86672.666570	102733.266679	112580.841789	133782.410178	-0.070000	0.772000	0.578000	192.000000	0.000000	0.000000	0.000000	0.000000	0.000000	0.000000	0.000000	0.000000	0.000000	1733433173.831952	0.000000
74.000000	88124.278262	19178.824923	187500.000000	187500.000000	86668.375035	102725.622383	112568.056592	133758.940847	-0.070000	0.772000	0.578000	192.000000	0.000000	0.000000	0.000000	0.000000	0.000000	0.000000	0.000000	0.000000	0.000000	1733433173.835132	0.000000
75.000000	88128.659204	19179.942510	187500.000000	187500.000000	86670.811375	102725.130644	112559.719391	133775.928173	-0.070000	0.772000	0.578000	192.000000	0.000000	0.000000	0.000000	0.000000	0.000000	0.000000	0.000000	0.000000	0.000000	1733433173.839117	0.000000
76.000000	88124.412373	19181.998871	187500.000000	187500.000000	86662.496527	102724.236575	112546.353048	133766.138109	-0.070000	0.772000	0.578000	192.000000	0.000000	0.000000	0.000000	0.000000	0.000000	0.000000	0.000000	0.000000	0.000000	1733433173.843112	0.000000
77.000000	88126.893416	19174.980423	187500.000000	187500.000000	86673.381826	102751.170427	112554.243213	133746.423870	-0.070000	0.772000	0.578000	192.000000	0.000000	0.000000	0.000000	0.000000	0.000000	0.000000	0.000000	0.000000	0.000000	1733433173.848195	0.000000
78.000000	88127.519265	19177.260301	187500.000000	187500.000000	86681.294344	102751.416296	112571.632871	133745.663911	-0.072000	0.772000	0.584000	192.000000	253.000000	192.000000	24.000000	32.000000	18.000000	64.000000	0.000000	0.000000	0.000000	1733433173.852178	0.000000
79.000000	88126.848713	19176.992080	187500.000000	187500.000000	86679.595611	102730.539767	112583.591054	133747.206181	-0.072000	0.772000	0.584000	192.000000	0.000000	0.000000	0.000000	0.000000	0.000000	0.000000	0.000000	0.000000	0.000000	1733433173.856218	0.000000
80.000000	88127.094582	19179.026089	187500.000000	187500.000000	86680.824957	102745.403677	112590.542446	133765.691074	-0.072000	0.772000	0.584000	192.000000	0.000000	0.000000	0.000000	0.000000	0.000000	0.000000	0.000000	0.000000	0.000000	1733433173.860006	0.000000
81.000000	88127.519265	19177.059135	187500.000000	187500.000000	86680.512033	102746.990651	112583.434592	133787.104045	-0.072000	0.772000	0.584000	192.000000	0.000000	0.000000	0.000000	0.000000	0.000000	0.000000	0.000000	0.000000	0.000000	1733433173.862981	0.000000
82.000000	88126.692251	19173.795780	187500.000000	187500.000000	86682.926021	102753.785581	112575.455019	133805.566586	-0.072000	0.772000	0.584000	192.000000	0.000000	0.000000	0.000000	0.000000	0.000000	0.000000	0.000000	0.000000	0.000000	1733433173.867034	0.000000
83.000000	88127.586320	19184.211693	187500.000000	187500.000000	86683.283649	102767.286034	112578.517208	133760.840745	-0.072000	0.772000	0.584000	192.000000	0.000000	0.000000	0.000000	0.000000	0.000000	0.000000	0.000000	0.000000	0.000000	1733433173.871012	0.000000
84.000000	88121.685460	19191.140734	187500.000000	187500.000000	86676.667533	102739.011078	112570.828208	133739.450126	-0.072000	0.772000	0.584000	192.000000	0.000000	0.000000	0.000000	0.000000	0.000000	0.000000	0.000000	0.000000	0.000000	1733433173.876014	0.000000
85.000000	88112.342431	19168.923100	187500.000000	187500.000000	86672.979495	102736.619441	112568.593033	133742.445259	-0.072000	0.772000	0.584000	192.000000	0.000000	0.000000	0.000000	0.000000	0.000000	0.000000	0.000000	0.000000	0.000000	1733433173.880219	0.000000
86.000000	88105.569852	19163.312812	187500.000000	187500.000000	86671.258410	102729.422179	112561.663993	133761.377187	-0.072000	0.772000	0.584000	192.000000	0.000000	0.000000	0.000000	0.000000	0.000000	0.000000	0.000000	0.000000	0.000000	1733433173.884160	0.000000
87.000000	88103.535843	19149.074751	187500.000000	187500.000000	86669.179698	102733.110217	112560.524054	133770.407292	-0.072000	0.772000	0.584000	192.000000	0.000000	0.000000	0.000000	0.000000	0.000000	0.000000	0.000000	0.000000	0.000000	1733433173.888463	0.000000
88.000000	88113.839998	19166.173836	187500.000000	187500.000000	86685.563527	102731.411485	112565.307327	133760.147841	-0.072000	0.766000	0.584000	192.000000	253.000000	192.000000	23.000000	240.000000	18.000000	64.000000	0.000000	0.000000	0.000000	1733433173.891251	0.000000
89.000000	88127.943948	19184.166990	187500.000000	187500.000000	86695.621812	102739.145188	112567.810722	133768.730911	-0.072000	0.766000	0.584000	192.000000	0.000000	0.000000	0.000000	0.000000	0.000000	0.000000	0.000000	0.000000	0.000000	1733433173.895241	0.000000
90.000000	88127.742783	19176.925025	187500.000000	187500.000000	86703.400219	102759.552331	112585.960339	133788.847481	-0.072000	0.766000	0.584000	192.000000	0.000000	0.000000	0.000000	0.000000	0.000000	0.000000	0.000000	0.000000	0.000000	1733433173.899055	0.000000
91.000000	88130.670861	19184.278749	187500.000000	187500.000000	86710.820998	102766.995462	112599.013758	133805.119551	-0.072000	0.766000	0.584000	192.000000	0.000000	0.000000	0.000000	0.000000	0.000000	0.000000	0.000000	0.000000	0.000000	1733433173.904343	0.000000
92.000000	88126.133457	19182.803533	187500.000000	187500.000000	86713.592614	102759.664090	112591.548275	133779.884431	-0.072000	0.766000	0.584000	192.000000	0.000000	0.000000	0.000000	0.000000	0.000000	0.000000	0.000000	0.000000	0.000000	1733433173.908056	0.000000
93.000000	88124.859408	19185.284577	187500.000000	187500.000000	86723.919120	102756.244273	112589.268397	133759.387882	-0.072000	0.766000	0.584000	192.000000	0.000000	0.000000	0.000000	0.000000	0.000000	0.000000	0.000000	0.000000	0.000000	1733433173.912126	0.000000
94.000000	88117.617442	19172.052344	187500.000000	187500.000000	86716.431286	102767.844828	112579.500685	133739.047794	-0.072000	0.766000	0.584000	192.000000	0.000000	0.000000	0.000000	0.000000	0.000000	0.000000	0.000000	0.000000	0.000000	1733433173.915085	0.000000
95.000000	88115.829303	19164.765676	187500.000000	187500.000000	86703.176701	102754.657299	112561.395772	133744.188695	-0.072000	0.766000	0.584000	192.000000	0.000000	0.000000	0.000000	0.000000	0.000000	0.000000	0.000000	0.000000	0.000000	1733433173.919092	0.000000
96.000000	88114.108218	19170.331260	187500.000000	187500.000000	86697.678172	102728.528110	112560.009964	133746.379166	-0.072000	0.766000	0.584000	192.000000	0.000000	0.000000	0.000000	0.000000	0.000000	0.000000	0.000000	0.000000	0.000000	1733433173.923097	0.000000
97.000000	88121.730163	19183.339975	187500.000000	187500.000000	86706.238890	102731.210319	112566.179045	133776.486966	-0.072000	0.766000	0.584000	192.000000	0.000000	0.000000	0.000000	0.000000	0.000000	0.000000	0.000000	0.000000	0.000000	1733433173.927336	0.000000
98.000000	88115.136399	19177.237949	187500.000000	187500.000000	86699.511015	102729.578642	112561.015792	133788.176929	-0.068000	0.766000	0.580000	192.000000	253.000000	224.000000	23.000000	240.000000	18.000000	32.000000	0.000000	0.000000	0.000000	1733433173.931309	0.000000
99.000000	88112.901224	19165.771504	187500.000000	187500.000000	86689.273916	102729.958621	112553.595013	133788.132225	-0.068000	0.766000	0.580000	192.000000	0.000000	0.000000	0.000000	0.000000	0.000000	0.000000	0.000000	0.000000	0.000000	1733433173.937082	0.000000
100.000000	88115.292861	19157.993097	187500.000000	187500.000000	86691.419684	102739.413409	112562.647469	133767.255696	-0.068000	0.766000	0.580000	192.000000	0.000000	0.000000	0.000000	0.000000	0.000000	0.000000	0.000000	0.000000	0.000000	1733433173.940243	0.000000
101.000000	88112.990631	19158.686001	187500.000000	187500.000000	86695.286536	102734.294860	112562.222786	133748.636693	-0.068000	0.766000	0.580000	192.000000	0.000000	0.000000	0.000000	0.000000	0.000000	0.000000	0.000000	0.000000	0.000000	1733433173.943139	0.000000
102.000000	88116.477503	19172.164103	187500.000000	187500.000000	86700.203919	102727.298764	112559.786446	133744.211047	-0.068000	0.766000	0.580000	192.000000	0.000000	0.000000	0.000000	0.000000	0.000000	0.000000	0.000000	0.000000	0.000000	1733433173.947138	0.000000
103.000000	88120.433762	19181.395374	187500.000000	187500.000000	86707.982327	102743.414371	112562.826283	133764.975818	-0.068000	0.766000	0.580000	192.000000	0.000000	0.000000	0.000000	0.000000	0.000000	0.000000	0.000000	0.000000	0.000000	1733433173.951138	0.000000
104.000000	88115.739896	19179.048440	187500.000000	187500.000000	86714.173760	102746.811837	112554.958469	133760.661931	-0.068000	0.766000	0.580000	192.000000	0.000000	0.000000	0.000000	0.000000	0.000000	0.000000	0.000000	0.000000	0.000000	1733433173.955159	0.000000
105.000000	88111.493064	19172.298214	187500.000000	187500.000000	86712.340917	102751.840979	112563.385077	133748.189658	-0.068000	0.766000	0.580000	192.000000	0.000000	0.000000	0.000000	0.000000	0.000000	0.000000	0.000000	0.000000	0.000000	1733433173.959147	0.000000
106.000000	88114.219977	19176.992080	187500.000000	187500.000000	86712.810303	102755.171389	112567.006060	133750.648350	-0.068000	0.766000	0.580000	192.000000	0.000000	0.000000	0.000000	0.000000	0.000000	0.000000	0.000000	0.000000	0.000000	1733433173.964164	0.000000
107.000000	88117.684498	19180.456600	187500.000000	187500.000000	86712.005641	102731.500892	112568.369516	133763.835879	-0.068000	0.766000	0.580000	192.000000	0.000000	0.000000	0.000000	0.000000	0.000000	0.000000	0.000000	0.000000	0.000000	1733433173.968189	0.000000
108.000000	88109.257890	19156.584937	187500.000000	187500.000000	86702.997887	102721.442607	112565.396734	133775.905821	-0.070000	0.768000	0.584000	192.000000	253.000000	208.000000	24.000000	0.000000	18.000000	64.000000	0.000000	0.000000	0.000000	1733433173.971418	0.000000
109.000000	88108.095599	19152.628678	187500.000000	187500.000000	86696.605289	102725.264755	112559.339411	133750.603646	-0.070000	0.768000	0.584000	192.000000	0.000000	0.000000	0.000000	0.000000	0.000000	0.000000	0.000000	0.000000	0.000000	1733433173.975442	0.000000
110.000000	88105.167521	19159.781237	187500.000000	187500.000000	86694.794797	102726.248232	112550.041085	133733.102230	-0.070000	0.768000	0.584000	192.000000	0.000000	0.000000	0.000000	0.000000	0.000000	0.000000	0.000000	0.000000	0.000000	1733433173.979364	0.000000
111.000000	88102.507663	19156.294364	187500.000000	187500.000000	86694.526576	102730.159787	112547.537690	133758.560867	-0.070000	0.768000	0.584000	192.000000	0.000000	0.000000	0.000000	0.000000	0.000000	0.000000	0.000000	0.000000	0.000000	1733433173.983360	0.000000
112.000000	88094.416332	19148.985344	187500.000000	187500.000000	86681.517861	102713.753607	112526.348236	133771.904859	-0.070000	0.768000	0.584000	192.000000	0.000000	0.000000	0.000000	0.000000	0.000000	0.000000	0.000000	0.000000	0.000000	1733433173.987541	0.000000
113.000000	88093.969297	19150.393504	187500.000000	187500.000000	86684.334181	102740.955680	112539.580469	133739.740698	-0.070000	0.768000	0.584000	192.000000	0.000000	0.000000	0.000000	0.000000	0.000000	0.000000	0.000000	0.000000	0.000000	1733433173.992262	0.000000
114.000000	88093.812834	19145.096141	187500.000000	187500.000000	86688.089274	102753.673822	112574.024507	133749.754280	-0.070000	0.768000	0.584000	192.000000	0.000000	0.000000	0.000000	0.000000	0.000000	0.000000	0.000000	0.000000	0.000000	1733433173.996242	0.000000
115.000000	88091.175329	19141.989248	187500.000000	187500.000000	86684.043608	102719.855633	112554.109103	133757.264466	-0.070000	0.768000	0.584000	192.000000	0.000000	0.000000	0.000000	0.000000	0.000000	0.000000	0.000000	0.000000	0.000000	1733433173.999214	0.000000
116.000000	88084.246288	19134.054379	187500.000000	187500.000000	86672.711274	102688.786708	112527.577582	133751.430661	-0.070000	0.768000	0.584000	192.000000	0.000000	0.000000	0.000000	0.000000	0.000000	0.000000	0.000000	0.000000	0.000000	1733433174.003253	0.000000
117.000000	88089.096616	19140.871661	187500.000000	187500.000000	86678.634486	102704.723502	112542.530899	133750.625998	-0.070000	0.768000	0.584000	192.000000	0.000000	0.000000	0.000000	0.000000	0.000000	0.000000	0.000000	0.000000	0.000000	1733433174.007243	0.000000
118.000000	88098.193776	19152.539271	187500.000000	187500.000000	86683.708332	102718.089845	112555.070228	133769.624981	-0.074000	0.766000	0.576000	192.000000	253.000000	176.000000	23.000000	240.000000	18.000000	0.000000	0.000000	0.000000	0.000000	1733433174.011260	0.000000
119.000000	88099.467826	19157.143731	187500.000000	187500.000000	86682.233117	102714.401807	112548.007077	133724.765030	-0.074000	0.766000	0.576000	192.000000	0.000000	0.000000	0.000000	0.000000	0.000000	0.000000	0.000000	0.000000	0.000000	1733433174.015232	0.000000
120.000000	88097.053837	19160.943527	187500.000000	187500.000000	86679.215631	102705.997551	112529.879812	133709.856416	-0.074000	0.766000	0.576000	192.000000	0.000000	0.000000	0.000000	0.000000	0.000000	0.000000	0.000000	0.000000	0.000000	1733433174.019324	0.000000
121.000000	88100.160730	19159.468312	187500.000000	187500.000000	86683.484815	102724.124816	112534.841899	133729.369489	-0.074000	0.766000	0.576000	192.000000	0.000000	0.000000	0.000000	0.000000	0.000000	0.000000	0.000000	0.000000	0.000000	1733433174.024457	0.000000
122.000000	88105.189872	19154.238004	187500.000000	187500.000000	86694.213652	102737.133531	112542.508548	133729.347137	-0.074000	0.766000	0.576000	192.000000	0.000000	0.000000	0.000000	0.000000	0.000000	0.000000	0.000000	0.000000	0.000000	1733433174.027596	0.000000
123.000000	88100.496006	19148.784178	187500.000000	187500.000000	86694.325411	102714.714732	112537.993495	133739.718347	-0.074000	0.766000	0.576000	192.000000	0.000000	0.000000	0.000000	0.000000	0.000000	0.000000	0.000000	0.000000	0.000000	1733433174.031576	0.000000
124.000000	88099.557233	19144.514995	187500.000000	187500.000000	86690.592669	102703.158880	112524.358931	133740.455954	-0.074000	0.766000	0.576000	192.000000	0.000000	0.000000	0.000000	0.000000	0.000000	0.000000	0.000000	0.000000	0.000000	1733433174.035377	0.000000
125.000000	88096.226823	19153.120417	187500.000000	187500.000000	86684.445940	102707.673932	112514.144184	133762.584181	-0.074000	0.766000	0.576000	192.000000	0.000000	0.000000	0.000000	0.000000	0.000000	0.000000	0.000000	0.000000	0.000000	1733433174.039313	0.000000
126.000000	88093.209337	19155.936737	187500.000000	187500.000000	86686.748169	102731.322078	112531.176213	133755.319864	-0.074000	0.766000	0.576000	192.000000	0.000000	0.000000	0.000000	0.000000	0.000000	0.000000	0.000000	0.000000	0.000000	1733433174.043299	0.000000
127.000000	88090.750645	19138.256507	187500.000000	187500.000000	86693.207823	102728.796331	112536.562984	133716.964271	-0.074000	0.766000	0.576000	192.000000	0.000000	0.000000	0.000000	0.000000	0.000000	0.000000	0.000000	0.000000	0.000000	1733433174.048300	0.000000
128.000000	88094.662201	19137.742417	187500.000000	187500.000000	86691.643201	102711.272563	112514.770033	133733.951596	-0.072000	0.766000	0.570000	192.000000	253.000000	192.000000	23.000000	240.000000	17.000000	208.000000	0.000000	0.000000	0.000000	1733433174.052320	0.000000
129.000000	88109.682573	19152.829844	187500.000000	187500.000000	86701.567376	102729.310421	112532.517318	133762.092443	-0.072000	0.766000	0.570000	192.000000	0.000000	0.000000	0.000000	0.000000	0.000000	0.000000	0.000000	0.000000	0.000000	1733433174.055390	0.000000
130.000000	88101.926518	19148.851234	187500.000000	187500.000000	86706.685925	102727.030543	112540.720408	133757.711501	-0.072000	0.766000	0.570000	192.000000	0.000000	0.000000	0.000000	0.000000	0.000000	0.000000	0.000000	0.000000	0.000000	1733433174.059286	0.000000
131.000000	88097.299707	19148.292440	187500.000000	187500.000000	86712.989117	102727.343467	112555.092580	133775.682303	-0.072000	0.766000	0.570000	192.000000	0.000000	0.000000	0.000000	0.000000	0.000000	0.000000	0.000000	0.000000	0.000000	1733433174.063334	0.000000
132.000000	88108.743800	19158.753056	187500.000000	187500.000000	86722.868588	102745.560139	112560.054667	133781.538460	-0.072000	0.766000	0.570000	192.000000	0.000000	0.000000	0.000000	0.000000	0.000000	0.000000	0.000000	0.000000	0.000000	1733433174.067330	0.000000
133.000000	88107.425047	19156.339068	187500.000000	187500.000000	86719.761696	102734.138397	112545.838958	133727.715460	-0.072000	0.766000	0.570000	192.000000	0.000000	0.000000	0.000000	0.000000	0.000000	0.000000	0.000000	0.000000	0.000000	1733433174.071446	0.000000
134.000000	88104.564024	19149.968821	187500.000000	187500.000000	86715.738382	102721.934345	112531.332675	133725.189713	-0.072000	0.766000	0.570000	192.000000	0.000000	0.000000	0.000000	0.000000	0.000000	0.000000	0.000000	0.000000	0.000000	1733433174.075688	0.000000
135.000000	88102.507663	19156.696696	187500.000000	187500.000000	86712.787952	102731.098560	112534.864251	133746.401518	-0.072000	0.766000	0.570000	192.000000	0.000000	0.000000	0.000000	0.000000	0.000000	0.000000	0.000000	0.000000	0.000000	1733433174.079581	0.000000
136.000000	88109.123779	19160.138865	187500.000000	187500.000000	86707.334126	102740.799217	112530.885640	133763.053568	-0.072000	0.766000	0.570000	192.000000	0.000000	0.000000	0.000000	0.000000	0.000000	0.000000	0.000000	0.000000	0.000000	1733433174.082586	0.000000
137.000000	88110.733105	19167.269071	187500.000000	187500.000000	86712.050344	102741.022735	112535.735969	133750.916571	-0.072000	0.766000	0.570000	192.000000	0.000000	0.000000	0.000000	0.000000	0.000000	0.000000	0.000000	0.000000	0.000000	1733433174.087366	0.000000
138.000000	88099.087846	19140.871661	187500.000000	187500.000000	86703.824902	102731.255022	112540.094559	133740.388899	-0.078000	0.766000	0.574000	192.000000	253.000000	144.000000	23.000000	240.000000	17.000000	240.000000	0.000000	0.000000	0.000000	1733433174.091421	0.000000
139.000000	88100.943041	19143.844443	187500.000000	187500.000000	86705.121303	102732.216147	112537.434702	133758.449108	-0.078000	0.766000	0.574000	192.000000	0.000000	0.000000	0.000000	0.000000	0.000000	0.000000	0.000000	0.000000	0.000000	1733433174.095402	0.000000
140.000000	88104.273451	19148.985344	187500.000000	187500.000000	86716.408934	102757.987709	112543.201452	133762.092443	-0.078000	0.766000	0.574000	192.000000	0.000000	0.000000	0.000000	0.000000	0.000000	0.000000	0.000000	0.000000	0.000000	1733433174.099409	0.000000
141.000000	88105.167521	19152.338106	187500.000000	187500.000000	86713.346745	102735.233633	112535.355989	133749.843687	-0.078000	0.766000	0.574000	192.000000	0.000000	0.000000	0.000000	0.000000	0.000000	0.000000	0.000000	0.000000	0.000000	1733433174.103674	0.000000
142.000000	88099.937212	19150.192338	187500.000000	187500.000000	86707.222367	102723.454264	112540.072207	133741.841762	-0.078000	0.766000	0.574000	192.000000	0.000000	0.000000	0.000000	0.000000	0.000000	0.000000	0.000000	0.000000	0.000000	1733433174.106417	0.000000
143.000000	88090.482425	19147.487777	187500.000000	187500.000000	86702.506149	102721.979048	112533.344332	133741.640597	-0.078000	0.766000	0.574000	192.000000	0.000000	0.000000	0.000000	0.000000	0.000000	0.000000	0.000000	0.000000	0.000000	1733433174.110425	0.000000
144.000000	88096.293878	19154.863853	187500.000000	187500.000000	86699.019277	102729.623345	112522.570792	133755.185754	-0.078000	0.766000	0.574000	192.000000	0.000000	0.000000	0.000000	0.000000	0.000000	0.000000	0.000000	0.000000	0.000000	1733433174.115540	0.000000
145.000000	88096.293878	19152.852196	187500.000000	187500.000000	86703.020239	102728.058723	112518.301608	133768.619152	-0.078000	0.766000	0.574000	192.000000	0.000000	0.000000	0.000000	0.000000	0.000000	0.000000	0.000000	0.000000	0.000000	1733433174.119816	0.000000
146.000000	88090.482425	19147.487777	187500.000000	187500.000000	86703.713143	102726.292935	112528.896335	133770.027312	-0.078000	0.766000	0.574000	192.000000	0.000000	0.000000	0.000000	0.000000	0.000000	0.000000	0.000000	0.000000	0.000000	1733433174.123832	0.000000
147.000000	88091.711771	19148.359495	187500.000000	187500.000000	86710.105742	102723.789540	112535.020713	133764.506431	-0.078000	0.766000	0.574000	192.000000	0.000000	0.000000	0.000000	0.000000	0.000000	0.000000	0.000000	0.000000	0.000000	1733433174.127749	0.000000
148.000000	88097.076189	19154.774446	187500.000000	187500.000000	86719.962862	102739.592223	112556.903071	133761.533649	-0.076000	0.772000	0.582000	192.000000	253.000000	160.000000	24.000000	32.000000	18.000000	48.000000	0.000000	0.000000	0.000000	1733433174.131432	0.000000
149.000000	88100.428951	19150.706428	187500.000000	187500.000000	86718.979385	102748.398810	112558.713562	133759.901972	-0.076000	0.772000	0.582000	192.000000	0.000000	0.000000	0.000000	0.000000	0.000000	0.000000	0.000000	0.000000	0.000000	1733433174.134468	0.000000
150.000000	88096.070361	19138.480024	187500.000000	187500.000000	86713.324393	102736.530034	112547.358876	133756.683321	-0.076000	0.772000	0.582000	192.000000	0.000000	0.000000	0.000000	0.000000	0.000000	0.000000	0.000000	0.000000	0.000000	1733433174.138511	0.000000
151.000000	88100.428951	19146.169024	187500.000000	187500.000000	86712.609138	102729.645697	112558.244176	133764.797004	-0.076000	0.772000	0.582000	192.000000	0.000000	0.000000	0.000000	0.000000	0.000000	0.000000	0.000000	0.000000	0.000000	1733433174.142423	0.000000
152.000000	88089.186023	19137.585954	187500.000000	187500.000000	86705.814207	102737.960546	112554.176158	133750.894219	-0.076000	0.772000	0.582000	192.000000	0.000000	0.000000	0.000000	0.000000	0.000000	0.000000	0.000000	0.000000	0.000000	1733433174.147439	0.000000
153.000000	88099.691343	19152.338106	187500.000000	187500.000000	86708.027030	102752.690345	112553.147978	133751.430661	-0.076000	0.772000	0.582000	192.000000	0.000000	0.000000	0.000000	0.000000	0.000000	0.000000	0.000000	0.000000	0.000000	1733433174.151422	0.000000
154.000000	88096.696210	19143.106835	187500.000000	187500.000000	86699.578071	102748.197645	112543.894356	133747.675568	-0.076000	0.772000	0.582000	192.000000	0.000000	0.000000	0.000000	0.000000	0.000000	0.000000	0.000000	0.000000	0.000000	1733433174.155473	0.000000
155.000000	88093.902241	19148.203033	187500.000000	187500.000000	86691.866719	102716.346409	112539.088731	133776.375207	-0.076000	0.772000	0.582000	192.000000	0.000000	0.000000	0.000000	0.000000	0.000000	0.000000	0.000000	0.000000	0.000000	1733433174.158472	0.000000
156.000000	88091.778826	19147.130149	187500.000000	187500.000000	86679.930887	102710.512604	112537.792330	133789.272164	-0.076000	0.772000	0.582000	192.000000	0.000000	0.000000	0.000000	0.000000	0.000000	0.000000	0.000000	0.000000	0.000000	1733433174.162590	0.000000
157.000000	88089.297782	19140.826957	187500.000000	187500.000000	86683.194242	102721.442607	112542.977934	133764.104100	-0.076000	0.772000	0.582000	192.000000	0.000000	0.000000	0.000000	0.000000	0.000000	0.000000	0.000000	0.000000	0.000000	1733433174.166796	0.000000
158.000000	88090.728294	19141.676324	187500.000000	187500.000000	86697.208786	102742.632060	112552.790350	133748.435527	-0.074000	0.774000	0.582000	192.000000	253.000000	176.000000	24.000000	48.000000	18.000000	48.000000	0.000000	0.000000	0.000000	1733433174.170762	0.000000
159.000000	88094.639849	19148.292440	187500.000000	187500.000000	86702.327335	102751.997441	112547.314173	133749.106079	-0.074000	0.774000	0.582000	192.000000	0.000000	0.000000	0.000000	0.000000	0.000000	0.000000	0.000000	0.000000	0.000000	1733433174.175971	0.000000
160.000000	88092.874061	19146.191376	187500.000000	187500.000000	86698.371076	102738.094656	112538.976972	133758.002074	-0.074000	0.774000	0.582000	192.000000	0.000000	0.000000	0.000000	0.000000	0.000000	0.000000	0.000000	0.000000	0.000000	1733433174.179543	0.000000
161.000000	88098.350239	19167.716106	187500.000000	187500.000000	86698.326373	102742.542653	112533.277277	133751.296550	-0.074000	0.774000	0.582000	192.000000	0.000000	0.000000	0.000000	0.000000	0.000000	0.000000	0.000000	0.000000	0.000000	1733433174.183495	0.000000
162.000000	88096.517396	19151.533443	187500.000000	187500.000000	86692.269050	102750.835151	112534.841899	133756.929190	-0.074000	0.774000	0.582000	192.000000	0.000000	0.000000	0.000000	0.000000	0.000000	0.000000	0.000000	0.000000	0.000000	1733433174.186527	0.000000
163.000000	88097.970259	19133.719103	187500.000000	187500.000000	86697.186434	102736.798255	112544.050818	133773.178908	-0.074000	0.774000	0.582000	192.000000	0.000000	0.000000	0.000000	0.000000	0.000000	0.000000	0.000000	0.000000	0.000000	1733433174.190521	0.000000
164.000000	88100.473654	19139.977591	187500.000000	187500.000000	86698.505187	102745.068401	112545.593088	133758.359701	-0.074000	0.774000	0.582000	192.000000	0.000000	0.000000	0.000000	0.000000	0.000000	0.000000	0.000000	0.000000	0.000000	1733433174.194540	0.000000
165.000000	88096.673858	19133.584992	187500.000000	187500.000000	86692.313754	102730.204490	112539.044027	133762.695940	-0.074000	0.774000	0.582000	192.000000	0.000000	0.000000	0.000000	0.000000	0.000000	0.000000	0.000000	0.000000	0.000000	1733433174.198523	0.000000
166.000000	88095.444512	19136.647181	187500.000000	187500.000000	86695.867681	102720.749703	112549.772865	133746.960312	-0.074000	0.774000	0.582000	192.000000	0.000000	0.000000	0.000000	0.000000	0.000000	0.000000	0.000000	0.000000	0.000000	1733433174.203815	0.000000
167.000000	88093.432855	19134.121434	187500.000000	187500.000000	86701.925004	102724.236575	112558.087713	133731.515256	-0.074000	0.774000	0.582000	192.000000	0.000000	0.000000	0.000000	0.000000	0.000000	0.000000	0.000000	0.000000	0.000000	1733433174.207569	0.000000
168.000000	88095.668029	19143.173890	187500.000000	187500.000000	86697.946393	102732.126740	112549.303478	133751.944751	-0.078000	0.766000	0.574000	192.000000	253.000000	144.000000	23.000000	240.000000	17.000000	240.000000	0.000000	0.000000	0.000000	1733433174.211573	0.000000
169.000000	88087.353180	19127.125338	187500.000000	187500.000000	86690.279745	102733.423142	112551.337487	133739.606588	-0.078000	0.766000	0.574000	192.000000	0.000000	0.000000	0.000000	0.000000	0.000000	0.000000	0.000000	0.000000	0.000000	1733433174.214572	0.000000
170.000000	88088.046084	19129.271105	187500.000000	187500.000000	86688.625716	102722.269621	112553.058571	133726.284948	-0.078000	0.766000	0.574000	192.000000	0.000000	0.000000	0.000000	0.000000	0.000000	0.000000	0.000000	0.000000	0.000000	1733433174.218664	0.000000
171.000000	88093.276393	19137.697713	187500.000000	187500.000000	86695.040666	102729.936270	112547.604745	133741.841762	-0.078000	0.766000	0.574000	192.000000	0.000000	0.000000	0.000000	0.000000	0.000000	0.000000	0.000000	0.000000	0.000000	1733433174.222678	0.000000
172.000000	88084.715674	19135.663704	187500.000000	187500.000000	86691.196166	102729.377476	112541.793292	133753.755242	-0.078000	0.766000	0.574000	192.000000	0.000000	0.000000	0.000000	0.000000	0.000000	0.000000	0.000000	0.000000	0.000000	1733433174.227021	0.000000
173.000000	88093.008172	19133.853213	187500.000000	187500.000000	86704.495454	102738.966374	112571.968147	133752.883524	-0.078000	0.766000	0.574000	192.000000	0.000000	0.000000	0.000000	0.000000	0.000000	0.000000	0.000000	0.000000	0.000000	1733433174.231742	0.000000
174.000000	88093.008172	19129.740492	187500.000000	187500.000000	86701.589728	102734.026639	112570.425876	133743.920475	-0.078000	0.766000	0.574000	192.000000	0.000000	0.000000	0.000000	0.000000	0.000000	0.000000	0.000000	0.000000	0.000000	1733433174.235734	0.000000
175.000000	88097.389114	19135.171966	187500.000000	187500.000000	86705.747152	102733.445493	112571.387001	133757.152707	-0.078000	0.766000	0.574000	192.000000	0.000000	0.000000	0.000000	0.000000	0.000000	0.000000	0.000000	0.000000	0.000000	1733433174.239611	0.000000
176.000000	88095.220994	19134.300248	187500.000000	187500.000000	86706.820036	102732.819645	112566.894301	133785.159443	-0.078000	0.766000	0.574000	192.000000	0.000000	0.000000	0.000000	0.000000	0.000000	0.000000	0.000000	0.000000	0.000000	1733433174.242602	0.000000
177.000000	88090.974163	19129.874603	187500.000000	187500.000000	86700.919175	102747.482389	112559.585280	133759.276123	-0.078000	0.766000	0.574000	192.000000	0.000000	0.000000	0.000000	0.000000	0.000000	0.000000	0.000000	0.000000	0.000000	1733433174.246584	0.000000
178.000000	88093.030523	19140.357571	187500.000000	187500.000000	86700.695658	102748.152941	112567.877778	133744.434565	-0.080000	0.774000	0.584000	192.000000	253.000000	128.000000	24.000000	48.000000	18.000000	64.000000	0.000000	0.000000	0.000000	1733433174.250616	0.000000
179.000000	88096.383285	19154.640335	187500.000000	187500.000000	86699.376905	102717.866328	112554.869062	133762.181850	-0.080000	0.774000	0.584000	192.000000	0.000000	0.000000	0.000000	0.000000	0.000000	0.000000	0.000000	0.000000	0.000000	1733433174.254902	0.000000
180.000000	88093.835186	19138.278858	187500.000000	187500.000000	86699.443960	102729.422179	112557.081885	133753.464669	-0.080000	0.774000	0.584000	192.000000	0.000000	0.000000	0.000000	0.000000	0.000000	0.000000	0.000000	0.000000	0.000000	1733433174.259633	0.000000
181.000000	88084.179233	19112.730815	187500.000000	187500.000000	86696.381771	102722.984877	112552.678591	133742.758184	-0.080000	0.774000	0.584000	192.000000	0.000000	0.000000	0.000000	0.000000	0.000000	0.000000	0.000000	0.000000	0.000000	1733433174.263652	0.000000
182.000000	88084.246288	19116.508259	187500.000000	187500.000000	86694.124245	102709.395016	112554.511434	133786.925231	-0.080000	0.774000	0.584000	192.000000	0.000000	0.000000	0.000000	0.000000	0.000000	0.000000	0.000000	0.000000	0.000000	1733433174.267652	0.000000
183.000000	88093.611669	19128.377036	187500.000000	187500.000000	86699.600422	102722.247269	112555.629022	133770.295533	-0.080000	0.774000	0.584000	192.000000	0.000000	0.000000	0.000000	0.000000	0.000000	0.000000	0.000000	0.000000	0.000000	1733433174.271000	0.000000
184.000000	88100.339544	19137.407140	187500.000000	187500.000000	86702.752018	102739.703982	112568.034240	133734.376280	-0.080000	0.774000	0.584000	192.000000	0.000000	0.000000	0.000000	0.000000	0.000000	0.000000	0.000000	0.000000	0.000000	1733433174.274848	0.000000
185.000000	88100.093675	19137.161271	187500.000000	187500.000000	86703.355515	102730.025676	112574.136266	133767.278047	-0.080000	0.774000	0.584000	192.000000	0.000000	0.000000	0.000000	0.000000	0.000000	0.000000	0.000000	0.000000	0.000000	1733433174.278756	0.000000
186.000000	88097.791445	19132.154480	187500.000000	187500.000000	86699.354553	102736.731200	112573.644528	133772.865984	-0.080000	0.774000	0.584000	192.000000	0.000000	0.000000	0.000000	0.000000	0.000000	0.000000	0.000000	0.000000	0.000000	1733433174.282898	0.000000
187.000000	88095.511567	19138.032989	187500.000000	187500.000000	86699.511015	102729.422179	112556.187815	133722.686317	-0.080000	0.774000	0.584000	192.000000	0.000000	0.000000	0.000000	0.000000	0.000000	0.000000	0.000000	0.000000	0.000000	1733433174.286899	0.000000
188.000000	88081.273506	19127.237097	187500.000000	187500.000000	86695.688867	102713.038351	112559.339411	133711.845721	-0.078000	0.774000	0.578000	192.000000	253.000000	144.000000	24.000000	48.000000	18.000000	16.000000	0.000000	0.000000	0.000000	1733433174.291669	0.000000
189.000000	88081.452320	19124.353722	187500.000000	187500.000000	86699.980402	102718.827453	112559.898205	133730.509428	-0.078000	0.774000	0.578000	192.000000	0.000000	0.000000	0.000000	0.000000	0.000000	0.000000	0.000000	0.000000	0.000000	1733433174.294663	0.000000
190.000000	88088.403712	19127.818242	187500.000000	187500.000000	86694.079541	102722.224918	112551.337487	133735.918550	-0.078000	0.774000	0.578000	192.000000	0.000000	0.000000	0.000000	0.000000	0.000000	0.000000	0.000000	0.000000	0.000000	1733433174.298651	0.000000
191.000000	88109.526111	19154.238004	187500.000000	187500.000000	86708.362306	102732.394961	112564.793237	133757.711501	-0.078000	0.774000	0.578000	192.000000	0.000000	0.000000	0.000000	0.000000	0.000000	0.000000	0.000000	0.000000	0.000000	1733433174.302705	0.000000
192.000000	88100.898337	19147.018391	187500.000000	187500.000000	86708.786989	102725.354162	112563.116856	133738.041966	-0.078000	0.774000	0.578000	192.000000	0.000000	0.000000	0.000000	0.000000	0.000000	0.000000	0.000000	0.000000	0.000000	1733433174.306679	0.000000
193.000000	88099.356067	19137.340085	187500.000000	187500.000000	86719.269957	102734.674839	112573.711583	133735.695033	-0.078000	0.774000	0.578000	192.000000	0.000000	0.000000	0.000000	0.000000	0.000000	0.000000	0.000000	0.000000	0.000000	1733433174.310681	0.000000
194.000000	88101.166558	19147.823053	187500.000000	187500.000000	86721.482780	102735.479502	112580.059478	133778.208051	-0.078000	0.774000	0.578000	192.000000	0.000000	0.000000	0.000000	0.000000	0.000000	0.000000	0.000000	0.000000	0.000000	1733433174.314717	0.000000
195.000000	88094.841015	19145.789045	187500.000000	187500.000000	86707.579995	102736.485331	112564.033278	133765.221687	-0.078000	0.774000	0.578000	192.000000	0.000000	0.000000	0.000000	0.000000	0.000000	0.000000	0.000000	0.000000	0.000000	1733433174.319184	0.000000
196.000000	88095.936250	19134.322600	187500.000000	187500.000000	86709.703411	102739.234595	112559.786446	133733.348099	-0.078000	0.774000	0.578000	192.000000	0.000000	0.000000	0.000000	0.000000	0.000000	0.000000	0.000000	0.000000	0.000000	1733433174.322956	0.000000
197.000000	88096.137416	19130.321637	187500.000000	187500.000000	86715.783085	102745.940119	112573.085734	133746.110945	-0.078000	0.774000	0.578000	192.000000	0.000000	0.000000	0.000000	0.000000	0.000000	0.000000	0.000000	0.000000	0.000000	1733433174.326736	0.000000
198.000000	88087.084959	19123.437300	187500.000000	187500.000000	86704.830731	102721.308496	112562.133379	133753.017635	-0.072000	0.766000	0.582000	192.000000	253.000000	192.000000	23.000000	240.000000	18.000000	48.000000	0.000000	0.000000	0.000000	1733433174.330871	0.000000
199.000000	88088.448416	19124.241963	187500.000000	187500.000000	86704.160178	102723.610726	112555.427856	133735.247998	-0.072000	0.766000	0.582000	192.000000	0.000000	0.000000	0.000000	0.000000	0.000000	0.000000	0.000000	0.000000	0.000000	1733433174.334788	0.000000
200.000000	88095.824491	19134.747283	187500.000000	187500.000000	86703.824902	102727.499929	112564.882644	133761.041911	-0.072000	0.766000	0.582000	192.000000	0.000000	0.000000	0.000000	0.000000	0.000000	0.000000	0.000000	0.000000	0.000000	1733433174.338909	0.000000
201.000000	88103.938175	19150.706428	187500.000000	187500.000000	86706.037725	102741.670935	112573.912749	133779.191527	-0.072000	0.766000	0.582000	192.000000	0.000000	0.000000	0.000000	0.000000	0.000000	0.000000	0.000000	0.000000	0.000000	1733433174.342730	0.000000
202.000000	88100.987744	19142.548042	187500.000000	187500.000000	86703.981364	102744.129627	112566.111990	133776.397559	-0.072000	0.766000	0.582000	192.000000	0.000000	0.000000	0.000000	0.000000	0.000000	0.000000	0.000000	0.000000	0.000000	1733433174.347743	0.000000
203.000000	88097.634983	19139.843481	187500.000000	187500.000000	86708.630527	102726.359990	112552.522129	133725.636748	-0.072000	0.766000	0.582000	192.000000	0.000000	0.000000	0.000000	0.000000	0.000000	0.000000	0.000000	0.000000	0.000000	1733433174.350734	0.000000
204.000000	88111.224843	19153.455693	187500.000000	187500.000000	86723.896769	102738.832264	112582.317004	133732.141105	-0.072000	0.766000	0.582000	192.000000	0.000000	0.000000	0.000000	0.000000	0.000000	0.000000	0.000000	0.000000	0.000000	1733433174.353755	0.000000
205.000000	88112.588300	19155.489702	187500.000000	187500.000000	86721.102801	102743.593185	112591.145944	133748.301416	-0.072000	0.766000	0.582000	192.000000	0.000000	0.000000	0.000000	0.000000	0.000000	0.000000	0.000000	0.000000	0.000000	1733433174.358782	0.000000
206.000000	88106.821550	19144.559699	187500.000000	187500.000000	86717.325356	102743.503778	112586.899112	133763.902934	-0.072000	0.766000	0.582000	192.000000	0.000000	0.000000	0.000000	0.000000	0.000000	0.000000	0.000000	0.000000	0.000000	1733433174.362794	0.000000
207.000000	88098.797273	19139.843481	187500.000000	187500.000000	86707.848216	102739.815741	112590.229522	133769.177946	-0.072000	0.766000	0.582000	192.000000	0.000000	0.000000	0.000000	0.000000	0.000000	0.000000	0.000000	0.000000	0.000000	1733433174.367073	0.000000
208.000000	88099.244308	19137.764768	187500.000000	187500.000000	86709.189321	102725.823549	112585.937987	133760.952504	-0.072000	0.772000	0.586000	192.000000	253.000000	192.000000	24.000000	32.000000	18.000000	80.000000	0.000000	0.000000	0.000000	1733433174.371110	0.000000
209.000000	88106.575681	19135.864870	187500.000000	187500.000000	86711.357440	102745.448380	112596.398603	133766.607495	-0.072000	0.772000	0.586000	192.000000	0.000000	0.000000	0.000000	0.000000	0.000000	0.000000	0.000000	0.000000	0.000000	1733433174.375894	0.000000
210.000000	88099.914861	19128.533498	187500.000000	187500.000000	86702.439094	102752.109200	112581.244121	133752.101213	-0.072000	0.772000	0.586000	192.000000	0.000000	0.000000	0.000000	0.000000	0.000000	0.000000	0.000000	0.000000	0.000000	1733433174.379154	0.000000
211.000000	88104.407561	19141.341047	187500.000000	187500.000000	86702.886129	102746.565967	112585.803877	133773.111853	-0.072000	0.772000	0.586000	192.000000	0.000000	0.000000	0.000000	0.000000	0.000000	0.000000	0.000000	0.000000	0.000000	1733433174.384995	0.000000
212.000000	88111.604823	19143.710332	187500.000000	187500.000000	86701.925004	102739.033430	112595.526885	133781.404350	-0.072000	0.772000	0.586000	192.000000	0.000000	0.000000	0.000000	0.000000	0.000000	0.000000	0.000000	0.000000	0.000000	1733433174.386869	0.000000
213.000000	88104.586375	19138.658838	187500.000000	187500.000000	86693.341934	102727.946964	112589.134287	133776.196394	-0.072000	0.772000	0.586000	192.000000	0.000000	0.000000	0.000000	0.000000	0.000000	0.000000	0.000000	0.000000	0.000000	1733433174.390814	0.000000
214.000000	88094.416332	19135.306076	187500.000000	187500.000000	86675.952277	102716.636982	112582.406411	133761.287780	-0.072000	0.772000	0.586000	192.000000	0.000000	0.000000	0.000000	0.000000	0.000000	0.000000	0.000000	0.000000	0.000000	1733433174.394799	0.000000
215.000000	88085.721503	19119.659855	187500.000000	187500.000000	86659.255524	102720.012095	112576.058516	133732.409326	-0.072000	0.772000	0.586000	192.000000	0.000000	0.000000	0.000000	0.000000	0.000000	0.000000	0.000000	0.000000	0.000000	1733433174.398812	0.000000
216.000000	88087.979029	19120.330408	187500.000000	187500.000000	86648.347872	102726.807025	112574.560949	133745.775669	-0.072000	0.772000	0.586000	192.000000	0.000000	0.000000	0.000000	0.000000	0.000000	0.000000	0.000000	0.000000	0.000000	1733433174.402834	0.000000
217.000000	88094.014000	19132.757978	187500.000000	187500.000000	86649.018425	102719.743874	112565.463789	133738.086669	-0.072000	0.772000	0.586000	192.000000	0.000000	0.000000	0.000000	0.000000	0.000000	0.000000	0.000000	0.000000	0.000000	1733433174.406838	0.000000
218.000000	88094.416332	19126.968876	187500.000000	187500.000000	86651.164192	102724.057761	112567.341336	133749.016672	-0.072000	0.772000	0.586000	192.000000	0.000000	0.000000	0.000000	0.000000	0.000000	0.000000	0.000000	0.000000	0.000000	1733433174.409917	0.000000
219.000000	88097.120893	19131.103948	187500.000000	187500.000000	86655.947465	102718.022790	112578.159580	133754.649312	-0.078000	0.772000	0.594000	192.000000	253.000000	144.000000	24.000000	32.000000	18.000000	144.000000	0.000000	0.000000	0.000000	1733433174.414860	0.000000
220.000000	88095.176291	19129.606382	187500.000000	187500.000000	86658.339102	102718.738046	112590.229522	133754.314036	-0.078000	0.772000	0.594000	192.000000	0.000000	0.000000	0.000000	0.000000	0.000000	0.000000	0.000000	0.000000	0.000000	1733433174.418900	0.000000
221.000000	88094.349276	19122.275009	187500.000000	187500.000000	86662.585934	102746.744781	112601.494801	133755.431623	-0.078000	0.772000	0.594000	192.000000	0.000000	0.000000	0.000000	0.000000	0.000000	0.000000	0.000000	0.000000	0.000000	1733433174.423041	0.000000
222.000000	88100.093675	19122.811451	187500.000000	187500.000000	86669.067939	102745.470732	112600.108993	133769.557925	-0.078000	0.772000	0.594000	192.000000	0.000000	0.000000	0.000000	0.000000	0.000000	0.000000	0.000000	0.000000	0.000000	1733433174.427069	0.000000
223.000000	88104.049933	19129.069940	187500.000000	187500.000000	86667.168041	102749.404639	112609.519077	133783.326600	-0.078000	0.772000	0.594000	192.000000	0.000000	0.000000	0.000000	0.000000	0.000000	0.000000	0.000000	0.000000	0.000000	1733433174.430189	0.000000
224.000000	88105.815721	19134.613172	187500.000000	187500.000000	86662.273009	102734.451322	112604.914618	133784.824167	-0.078000	0.772000	0.594000	192.000000	0.000000	0.000000	0.000000	0.000000	0.000000	0.000000	0.000000	0.000000	0.000000	1733433174.434174	0.000000
225.000000	88103.289974	19126.365379	187500.000000	187500.000000	86652.237076	102712.211336	112590.117763	133764.528783	-0.078000	0.772000	0.594000	192.000000	0.000000	0.000000	0.000000	0.000000	0.000000	0.000000	0.000000	0.000000	0.000000	1733433174.437920	0.000000
226.000000	88099.289012	19122.520879	187500.000000	187500.000000	86646.827954	102718.559232	112588.061403	133751.564771	-0.078000	0.772000	0.594000	192.000000	0.000000	0.000000	0.000000	0.000000	0.000000	0.000000	0.000000	0.000000	0.000000	1733433174.442886	0.000000
227.000000	88098.596108	19129.271105	187500.000000	187500.000000	86642.715233	102725.018886	112580.640624	133745.507448	-0.078000	0.772000	0.594000	192.000000	0.000000	0.000000	0.000000	0.000000	0.000000	0.000000	0.000000	0.000000	0.000000	1733433174.446959	0.000000
228.000000	88104.094637	19146.258431	187500.000000	187500.000000	86644.838648	102728.103426	112582.026432	133765.311094	-0.078000	0.772000	0.594000	192.000000	0.000000	0.000000	0.000000	0.000000	0.000000	0.000000	0.000000	0.000000	0.000000	1733433174.450885	0.000000
229.000000	88093.052875	19128.645257	187500.000000	187500.000000	86639.965968	102729.355124	112584.753345	133744.658082	-0.074000	0.762000	0.582000	192.000000	253.000000	176.000000	23.000000	208.000000	18.000000	48.000000	0.000000	0.000000	0.000000	1733433174.454995	0.000000
230.000000	88095.891547	19127.527669	187500.000000	187500.000000	86639.004843	102724.124816	112583.367536	133769.401463	-0.074000	0.762000	0.582000	192.000000	0.000000	0.000000	0.000000	0.000000	0.000000	0.000000	0.000000	0.000000	0.000000	1733433174.457918	0.000000
231.000000	88112.051858	19138.323562	187500.000000	187500.000000	86659.680207	102731.679706	112604.020548	133796.849405	-0.074000	0.762000	0.582000	192.000000	0.000000	0.000000	0.000000	0.000000	0.000000	0.000000	0.000000	0.000000	0.000000	1733433174.461927	0.000000
232.000000	88098.193776	19120.665684	187500.000000	187500.000000	86648.593741	102731.813816	112595.102202	133768.574449	-0.074000	0.762000	0.582000	192.000000	0.000000	0.000000	0.000000	0.000000	0.000000	0.000000	0.000000	0.000000	0.000000	1733433174.465929	0.000000
233.000000	88094.706904	19114.630713	187500.000000	187500.000000	86651.745337	102740.530996	112597.896170	133747.675568	-0.074000	0.762000	0.582000	192.000000	0.000000	0.000000	0.000000	0.000000	0.000000	0.000000	0.000000	0.000000	0.000000	1733433174.470029	0.000000
234.000000	88083.463977	19109.087480	187500.000000	187500.000000	86647.185582	102708.880926	112589.424859	133723.490980	-0.074000	0.762000	0.582000	192.000000	0.000000	0.000000	0.000000	0.000000	0.000000	0.000000	0.000000	0.000000	0.000000	1733433174.475098	0.000000
235.000000	88085.922669	19113.647236	187500.000000	187500.000000	86649.219590	102686.819754	112581.065307	133754.694015	-0.074000	0.762000	0.582000	192.000000	0.000000	0.000000	0.000000	0.000000	0.000000	0.000000	0.000000	0.000000	0.000000	1733433174.479160	0.000000
236.000000	88086.503814	19114.742472	187500.000000	187500.000000	86635.495619	102682.997606	112576.304385	133740.679472	-0.074000	0.762000	0.582000	192.000000	0.000000	0.000000	0.000000	0.000000	0.000000	0.000000	0.000000	0.000000	0.000000	1733433174.483096	0.000000
237.000000	88099.065494	19118.698730	187500.000000	187500.000000	86640.144782	102697.347426	112587.971996	133744.099288	-0.074000	0.762000	0.582000	192.000000	0.000000	0.000000	0.000000	0.000000	0.000000	0.000000	0.000000	0.000000	0.000000	1733433174.485976	0.000000
238.000000	88106.978012	19126.700655	187500.000000	187500.000000	86655.053396	102723.789540	112599.013758	133755.833954	-0.074000	0.762000	0.582000	192.000000	0.000000	0.000000	0.000000	0.000000	0.000000	0.000000	0.000000	0.000000	0.000000	1733433174.489960	0.000000
239.000000	88100.227785	19125.784233	187500.000000	187500.000000	86656.618018	102719.140377	112593.716394	133770.384940	-0.068000	0.768000	0.580000	192.000000	253.000000	224.000000	24.000000	0.000000	18.000000	32.000000	0.000000	0.000000	0.000000	1733433174.493960	0.000000
240.000000	88110.196663	19134.680228	187500.000000	187500.000000	86675.996980	102728.304592	112601.248932	133788.087522	-0.068000	0.768000	0.580000	192.000000	0.000000	0.000000	0.000000	0.000000	0.000000	0.000000	0.000000	0.000000	0.000000	1733433174.497969	0.000000
241.000000	88115.002288	19139.105873	187500.000000	187500.000000	86684.848271	102734.339563	112615.352883	133772.083673	-0.068000	0.768000	0.580000	192.000000	0.000000	0.000000	0.000000	0.000000	0.000000	0.000000	0.000000	0.000000	0.000000	1733433174.503044	0.000000
242.000000	88103.580547	19119.972780	187500.000000	187500.000000	86672.666570	102724.929479	112614.637627	133763.545306	-0.068000	0.768000	0.580000	192.000000	0.000000	0.000000	0.000000	0.000000	0.000000	0.000000	0.000000	0.000000	0.000000	1733433174.507000	0.000000
243.000000	88098.596108	19108.551038	187500.000000	187500.000000	86670.096120	102719.632115	112601.070118	133766.160460	-0.068000	0.768000	0.580000	192.000000	0.000000	0.000000	0.000000	0.000000	0.000000	0.000000	0.000000	0.000000	0.000000	1733433174.511239	0.000000
244.000000	88108.944965	19119.145765	187500.000000	187500.000000	86677.293381	102725.510624	112610.279037	133778.789196	-0.068000	0.768000	0.580000	192.000000	0.000000	0.000000	0.000000	0.000000	0.000000	0.000000	0.000000	0.000000	0.000000	1733433174.514204	0.000000
245.000000	88121.037259	19137.809472	187500.000000	187500.000000	86687.508129	102734.898357	112614.905848	133771.591934	-0.068000	0.768000	0.580000	192.000000	0.000000	0.000000	0.000000	0.000000	0.000000	0.000000	0.000000	0.000000	0.000000	1733433174.518174	0.000000
246.000000	88114.465846	19129.964010	187500.000000	187500.000000	86684.133015	102741.268604	112614.883496	133784.511242	-0.068000	0.768000	0.580000	192.000000	0.000000	0.000000	0.000000	0.000000	0.000000	0.000000	0.000000	0.000000	0.000000	1733433174.522276	0.000000
247.000000	88108.632041	19124.778405	187500.000000	187500.000000	86676.689884	102715.295877	112603.573513	133793.697809	-0.068000	0.768000	0.580000	192.000000	0.000000	0.000000	0.000000	0.000000	0.000000	0.000000	0.000000	0.000000	0.000000	1733433174.526221	0.000000
248.000000	88112.677707	19129.852251	187500.000000	187500.000000	86688.022219	102721.755531	112600.645435	133754.559905	-0.068000	0.768000	0.580000	192.000000	0.000000	0.000000	0.000000	0.000000	0.000000	0.000000	0.000000	0.000000	0.000000	1733433174.531009	0.000000
249.000000	88114.644660	19139.731722	187500.000000	187500.000000	86692.961954	102723.387208	112605.942798	133751.005978	-0.070000	0.766000	0.578000	192.000000	253.000000	208.000000	23.000000	240.000000	18.000000	16.000000	0.000000	0.000000	0.000000	1733433174.535014	0.000000
250.000000	88115.583434	19140.849309	187500.000000	187500.000000	86688.245736	102728.528110	112603.282941	133758.829088	-0.070000	0.766000	0.578000	192.000000	0.000000	0.000000	0.000000	0.000000	0.000000	0.000000	0.000000	0.000000	0.000000	1733433174.538186	0.000000
251.000000	88116.611614	19127.147690	187500.000000	187500.000000	86688.245736	102749.941081	112620.851412	133772.530707	-0.070000	0.766000	0.578000	192.000000	0.000000	0.000000	0.000000	0.000000	0.000000	0.000000	0.000000	0.000000	0.000000	1733433174.542092	0.000000
252.000000	88130.112067	19147.890109	187500.000000	187500.000000	86702.148521	102745.515435	112630.954400	133789.026295	-0.070000	0.766000	0.578000	192.000000	0.000000	0.000000	0.000000	0.000000	0.000000	0.000000	0.000000	0.000000	0.000000	1733433174.546083	0.000000
253.000000	88138.158695	19152.092237	187500.000000	187500.000000	86706.462408	102738.765209	112630.507366	133791.306173	-0.070000	0.766000	0.578000	192.000000	0.000000	0.000000	0.000000	0.000000	0.000000	0.000000	0.000000	0.000000	0.000000	1733433174.550102	0.000000
254.000000	88126.513437	19143.308001	187500.000000	187500.000000	86697.275841	102740.776866	112614.548220	133786.455844	-0.070000	0.766000	0.578000	192.000000	0.000000	0.000000	0.000000	0.000000	0.000000	0.000000	0.000000	0.000000	0.000000	1733433174.554045	0.000000
255.000000	88132.414297	19139.552908	187500.000000	187500.000000	86698.236966	102727.432874	112622.214868	133802.660859	-0.070000	0.766000	0.578000	192.000000	0.000000	0.000000	0.000000	0.000000	0.000000	0.000000	0.000000	0.000000	0.000000	1733433174.560115	0.000000
0.000000	88137.219922	19144.023257	187500.000000	187500.000000	86710.262204	102731.277374	112630.641476	133796.827054	-0.070000	0.766000	0.578000	192.000000	0.000000	0.000000	0.000000	0.000000	0.000000	0.000000	0.000000	0.000000	0.000000	1733433174.563257	0.000000
1.000000	88132.526056	19137.809472	187500.000000	187500.000000	86720.007565	102743.660241	112630.999104	133787.528728	-0.070000	0.766000	0.578000	192.000000	0.000000	0.000000	0.000000	0.000000	0.000000	0.000000	0.000000	0.000000	0.000000	1733433174.566367	0.000000
2.000000	88144.126611	19149.499434	187500.000000	187500.000000	86720.365193	102751.863331	112634.195403	133796.335315	-0.070000	0.766000	0.578000	192.000000	0.000000	0.000000	0.000000	0.000000	0.000000	0.000000	0.000000	0.000000	0.000000	1733433174.570293	0.000000
3.000000	88143.456059	19146.973687	187500.000000	187500.000000	86717.772391	102758.457095	112635.514156	133784.064208	-0.068000	0.768000	0.578000	192.000000	253.000000	224.000000	24.000000	0.000000	18.000000	16.000000	0.000000	0.000000	0.000000	1733433174.574350	0.000000
4.000000	88139.231579	19146.951335	187500.000000	187500.000000	86713.234986	102753.249139	112635.223584	133796.514129	-0.068000	0.768000	0.578000	192.000000	0.000000	0.000000	0.000000	0.000000	0.000000	0.000000	0.000000	0.000000	0.000000	1733433174.578092	0.000000
5.000000	88145.624178	19161.390562	187500.000000	187500.000000	86714.240815	102762.882741	112638.978677	133793.295478	-0.068000	0.768000	0.578000	192.000000	0.000000	0.000000	0.000000	0.000000	0.000000	0.000000	0.000000	0.000000	0.000000	1733433174.582096	0.000000
6.000000	88139.276283	19144.872623	187500.000000	187500.000000	86709.301079	102755.461962	112640.789168	133790.792083	-0.068000	0.768000	0.578000	192.000000	0.000000	0.000000	0.000000	0.000000	0.000000	0.000000	0.000000	0.000000	0.000000	1733433174.586261	0.000000
7.000000	88145.423012	19152.449864	187500.000000	187500.000000	86708.630527	102730.495063	112643.829005	133793.854272	-0.068000	0.768000	0.578000	192.000000	0.000000	0.000000	0.000000	0.000000	0.000000	0.000000	0.000000	0.000000	0.000000	1733433174.591167	0.000000
8.000000	88149.088699	19163.782199	187500.000000	187500.000000	86713.056172	102738.541691	112644.946592	133792.602574	-0.068000	0.768000	0.578000	192.000000	0.000000	0.000000	0.000000	0.000000	0.000000	0.000000	0.000000	0.000000	0.000000	1733433174.595353	0.000000
9.000000	88147.859353	19152.181644	187500.000000	187500.000000	86716.587748	102755.327851	112650.758046	133793.407237	-0.068000	0.768000	0.578000	192.000000	0.000000	0.000000	0.000000	0.000000	0.000000	0.000000	0.000000	0.000000	0.000000	1733433174.598117	0.000000
10.000000	88143.657225	19138.927059	187500.000000	187500.000000	86717.191245	102739.972203	112642.353790	133803.219653	-0.068000	0.768000	0.578000	192.000000	0.000000	0.000000	0.000000	0.000000	0.000000	0.000000	0.000000	0.000000	0.000000	1733433174.602191	0.000000
11.000000	88141.936140	19137.071864	187500.000000	187500.000000	86717.057135	102731.702057	112634.977714	133793.496644	-0.068000	0.768000	0.578000	192.000000	0.000000	0.000000	0.000000	0.000000	0.000000	0.000000	0.000000	0.000000	0.000000	1733433174.606388	0.000000
12.000000	88145.400661	19144.291478	187500.000000	187500.000000	86720.879283	102747.437685	112646.980601	133810.953356	-0.068000	0.768000	0.578000	192.000000	0.000000	0.000000	0.000000	0.000000	0.000000	0.000000	0.000000	0.000000	0.000000	1733433174.610559	0.000000
13.000000	88137.778716	19149.208861	187500.000000	187500.000000	86710.977460	102725.622383	112641.616183	133809.589900	-0.074000	0.766000	0.580000	192.000000	253.000000	176.000000	23.000000	240.000000	18.000000	32.000000	0.000000	0.000000	0.000000	1733433174.615453	0.000000
14.000000	88147.769946	19147.152501	187500.000000	187500.000000	86710.150446	102742.609709	112639.269249	133801.587975	-0.074000	0.766000	0.580000	192.000000	0.000000	0.000000	0.000000	0.000000	0.000000	0.000000	0.000000	0.000000	0.000000	1733433174.619329	0.000000
15.000000	88154.944856	19145.811396	187500.000000	187500.000000	86722.600367	102764.559122	112646.734732	133802.750266	-0.074000	0.766000	0.580000	192.000000	0.000000	0.000000	0.000000	0.000000	0.000000	0.000000	0.000000	0.000000	0.000000	1733433174.622166	0.000000
16.000000	88159.884591	19165.257414	187500.000000	187500.000000	86733.172743	102752.667994	112656.904776	133801.476216	-0.074000	0.766000	0.580000	192.000000	0.000000	0.000000	0.000000	0.000000	0.000000	0.000000	0.000000	0.000000	0.000000	1733433174.626164	0.000000
17.000000	88161.739786	19165.793856	187500.000000	187500.000000	86731.630472	102742.073267	112665.331383	133815.222539	-0.074000	0.766000	0.580000	192.000000	0.000000	0.000000	0.000000	0.000000	0.000000	0.000000	0.000000	0.000000	0.000000	1733433174.630151	0.000000
18.000000	88159.415204	19151.086408	187500.000000	187500.000000	86724.634376	102752.153904	112662.470360	133815.826036	-0.074000	0.766000	0.580000	192.000000	0.000000	0.000000	0.000000	0.000000	0.000000	0.000000	0.000000	0.000000	0.000000	1733433174.634145	0.000000
19.000000	88166.992446	19162.686963	187500.000000	187500.000000	86714.352574	102771.711680	112664.012630	133826.688984	-0.074000	0.766000	0.580000	192.000000	0.000000	0.000000	0.000000	0.000000	0.000000	0.000000	0.000000	0.000000	0.000000	1733433174.638313	0.000000
20.000000	88160.801013	19163.715144	187500.000000	187500.000000	86712.095047	102753.338546	112669.578215	133816.563644	-0.074000	0.766000	0.580000	192.000000	0.000000	0.000000	0.000000	0.000000	0.000000	0.000000	0.000000	0.000000	0.000000	1733433174.642192	0.000000
21.000000	88161.829193	19163.178702	187500.000000	187500.000000	86712.743248	102747.080058	112672.774514	133816.563644	-0.074000	0.766000	0.580000	192.000000	0.000000	0.000000	0.000000	0.000000	0.000000	0.000000	0.000000	0.000000	0.000000	1733433174.647211	0.000000
22.000000	88165.249010	19163.782199	187500.000000	187500.000000	86716.721859	102755.685479	112667.007764	133832.723955	-0.074000	0.766000	0.580000	192.000000	0.000000	0.000000	0.000000	0.000000	0.000000	0.000000	0.000000	0.000000	0.000000	1733433174.650433	0.000000
23.000000	88142.226713	19148.918289	187500.000000	187500.000000	86701.410914	102732.327906	112638.106959	133788.623963	-0.078000	0.770000	0.576000	192.000000	253.000000	144.000000	24.000000	16.000000	18.000000	0.000000	0.000000	0.000000	0.000000	1733433174.654286	0.000000
24.000000	88145.691233	19150.907594	187500.000000	187500.000000	86708.965803	102735.725371	112648.634630	133806.997097	-0.078000	0.770000	0.576000	192.000000	0.000000	0.000000	0.000000	0.000000	0.000000	0.000000	0.000000	0.000000	0.000000	1733433174.658525	0.000000
25.000000	88150.698024	19155.646164	187500.000000	187500.000000	86718.018260	102748.219996	112668.773552	133821.548083	-0.078000	0.770000	0.576000	192.000000	0.000000	0.000000	0.000000	0.000000	0.000000	0.000000	0.000000	0.000000	0.000000	1733433174.662466	0.000000
26.000000	88149.580437	19149.320620	187500.000000	187500.000000	86723.986176	102750.254005	112668.550035	133805.544234	-0.078000	0.770000	0.576000	192.000000	0.000000	0.000000	0.000000	0.000000	0.000000	0.000000	0.000000	0.000000	0.000000	1733433174.666448	0.000000
27.000000	88162.522097	19166.822036	187500.000000	187500.000000	86728.925911	102786.262666	112671.589872	133811.445095	-0.078000	0.770000	0.576000	192.000000	0.000000	0.000000	0.000000	0.000000	0.000000	0.000000	0.000000	0.000000	0.000000	1733433174.670335	0.000000
28.000000	88176.938972	19191.341900	187500.000000	187500.000000	86740.571170	102784.474526	112691.237055	133837.283711	-0.078000	0.770000	0.576000	192.000000	0.000000	0.000000	0.000000	0.000000	0.000000	0.000000	0.000000	0.000000	0.000000	1733433174.674224	0.000000
29.000000	88178.749463	19177.483818	187500.000000	187500.000000	86745.354443	102760.893436	112690.320634	133857.400281	-0.078000	0.770000	0.576000	192.000000	0.000000	0.000000	0.000000	0.000000	0.000000	0.000000	0.000000	0.000000	0.000000	1733433174.677287	0.000000
30.000000	88178.570649	19170.890054	187500.000000	187500.000000	86746.717900	102766.324909	112680.619977	133826.174894	-0.078000	0.770000	0.576000	192.000000	0.000000	0.000000	0.000000	0.000000	0.000000	0.000000	0.000000	0.000000	0.000000	1733433174.682232	0.000000
31.000000	88173.787376	19169.437190	187500.000000	187500.000000	86741.979330	102752.623290	112675.277910	133813.188531	-0.078000	0.770000	0.576000	192.000000	0.000000	0.000000	0.000000	0.000000	0.000000	0.000000	0.000000	0.000000	0.000000	1733433174.686268	0.000000
32.000000	88176.648399	19170.822998	187500.000000	187500.000000	86738.447754	102767.241331	112675.836703	133827.784220	-0.078000	0.770000	0.576000	192.000000	0.000000	0.000000	0.000000	0.000000	0.000000	0.000000	0.000000	0.000000	0.000000	1733433174.690284	0.000000
33.000000	88177.698931	19172.611138	187500.000000	187500.000000	86739.163010	102763.553293	112682.318709	133839.720051	-0.080000	0.768000	0.572000	192.000000	253.000000	128.000000	24.000000	0.000000	17.000000	224.000000	0.000000	0.000000	0.000000	1733433174.694257	0.000000
34.000000	88172.915658	19163.581033	187500.000000	187500.000000	86740.884094	102754.612595	112680.709384	133822.755077	-0.080000	0.768000	0.572000	192.000000	0.000000	0.000000	0.000000	0.000000	0.000000	0.000000	0.000000	0.000000	0.000000	1733433174.698355	0.000000
35.000000	88166.098376	19163.178702	187500.000000	187500.000000	86726.958958	102753.226787	112682.385764	133810.975708	-0.080000	0.768000	0.572000	192.000000	0.000000	0.000000	0.000000	0.000000	0.000000	0.000000	0.000000	0.000000	0.000000	1733433174.702431	0.000000
36.000000	88175.843737	19171.493551	187500.000000	187500.000000	86726.780144	102765.877875	112690.320634	133832.880417	-0.080000	0.768000	0.572000	192.000000	0.000000	0.000000	0.000000	0.000000	0.000000	0.000000	0.000000	0.000000	0.000000	1733433174.705478	0.000000
37.000000	88188.383065	19191.453659	187500.000000	187500.000000	86743.499248	102795.046901	112713.901724	133857.400281	-0.080000	0.768000	0.572000	192.000000	0.000000	0.000000	0.000000	0.000000	0.000000	0.000000	0.000000	0.000000	0.000000	1733433174.709619	0.000000
38.000000	88192.473435	19190.201961	187500.000000	187500.000000	86750.361234	102802.020645	112715.823974	133877.718017	-0.080000	0.768000	0.572000	192.000000	0.000000	0.000000	0.000000	0.000000	0.000000	0.000000	0.000000	0.000000	0.000000	1733433174.714320	0.000000
39.000000	88190.819405	19186.916254	187500.000000	187500.000000	86750.718862	102790.509497	112706.927980	133859.747214	-0.080000	0.768000	0.572000	192.000000	0.000000	0.000000	0.000000	0.000000	0.000000	0.000000	0.000000	0.000000	0.000000	1733433174.718294	0.000000
40.000000	88199.715400	19207.546915	187500.000000	187500.000000	86752.328188	102779.355977	112696.109736	133837.261359	-0.080000	0.768000	0.572000	192.000000	0.000000	0.000000	0.000000	0.000000	0.000000	0.000000	0.000000	0.000000	0.000000	1733433174.722342	0.000000
41.000000	88204.811597	19197.578036	187500.000000	187500.000000	86756.351502	102787.693177	112702.323520	133841.083508	-0.080000	0.768000	0.572000	192.000000	0.000000	0.000000	0.000000	0.000000	0.000000	0.000000	0.000000	0.000000	0.000000	1733433174.726345	0.000000
42.000000	88210.176016	19202.338958	187500.000000	187500.000000	86752.462298	102787.492011	112708.693768	133857.802613	-0.080000	0.768000	0.572000	192.000000	0.000000	0.000000	0.000000	0.000000	0.000000	0.000000	0.000000	0.000000	0.000000	1733433174.730357	0.000000
43.000000	88208.320821	19204.775298	187500.000000	187500.000000	86748.438984	102786.150907	112703.709329	133855.410976	-0.078000	0.766000	0.580000	192.000000	253.000000	144.000000	23.000000	240.000000	18.000000	32.000000	0.000000	0.000000	0.000000	1733433174.733347	0.000000
44.000000	88211.494769	19198.226237	187500.000000	187500.000000	86758.810193	102802.020645	112711.018349	133860.931857	-0.078000	0.766000	0.580000	192.000000	0.000000	0.000000	0.000000	0.000000	0.000000	0.000000	0.000000	0.000000	0.000000	1733433174.737482	0.000000
45.000000	88215.205159	19203.233028	187500.000000	187500.000000	86757.647903	102809.955515	112714.169945	133876.645133	-0.078000	0.766000	0.580000	192.000000	0.000000	0.000000	0.000000	0.000000	0.000000	0.000000	0.000000	0.000000	0.000000	1733433174.742646	0.000000
46.000000	88211.740638	19204.194153	187500.000000	187500.000000	86755.725653	102812.570669	112713.946428	133860.306008	-0.078000	0.766000	0.580000	192.000000	0.000000	0.000000	0.000000	0.000000	0.000000	0.000000	0.000000	0.000000	0.000000	1733433174.746521	0.000000
47.000000	88204.543377	19198.807382	187500.000000	187500.000000	86753.624589	102813.397683	112708.760823	133861.468299	-0.078000	0.766000	0.580000	192.000000	0.000000	0.000000	0.000000	0.000000	0.000000	0.000000	0.000000	0.000000	0.000000	1733433174.750535	0.000000
48.000000	88208.723153	19203.188324	187500.000000	187500.000000	86753.423423	102800.053692	112710.660721	133864.776357	-0.078000	0.766000	0.580000	192.000000	0.000000	0.000000	0.000000	0.000000	0.000000	0.000000	0.000000	0.000000	0.000000	1733433174.754689	0.000000
49.000000	88217.239167	19208.463336	187500.000000	187500.000000	86766.588600	102801.685369	112712.739433	133868.822023	-0.078000	0.766000	0.580000	192.000000	0.000000	0.000000	0.000000	0.000000	0.000000	0.000000	0.000000	0.000000	0.000000	1733433174.757475	0.000000
50.000000	88213.640537	19202.137792	187500.000000	187500.000000	86760.419519	102804.881669	112699.149573	133875.348732	-0.078000	0.766000	0.580000	192.000000	0.000000	0.000000	0.000000	0.000000	0.000000	0.000000	0.000000	0.000000	0.000000	1733433174.761437	0.000000
51.000000	88215.227510	19213.358368	187500.000000	187500.000000	86757.804365	102823.120692	112718.305018	133891.978430	-0.078000	0.766000	0.580000	192.000000	0.000000	0.000000	0.000000	0.000000	0.000000	0.000000	0.000000	0.000000	0.000000	1733433174.765420	0.000000
52.000000	88216.702725	19209.513868	187500.000000	187500.000000	86753.177554	102829.468588	112726.463404	133892.313706	-0.078000	0.766000	0.580000	192.000000	0.000000	0.000000	0.000000	0.000000	0.000000	0.000000	0.000000	0.000000	0.000000	1733433174.770643	0.000000
53.000000	88224.212912	19205.647016	187500.000000	187500.000000	86752.127022	102813.867070	112726.083425	133898.773360	-0.074000	0.770000	0.582000	192.000000	253.000000	176.000000	24.000000	16.000000	18.000000	48.000000	0.000000	0.000000	0.000000	1733433174.774451	0.000000
54.000000	88221.083667	19201.847220	187500.000000	187500.000000	86755.859763	102820.438483	112728.430358	133890.458511	-0.074000	0.770000	0.582000	192.000000	0.000000	0.000000	0.000000	0.000000	0.000000	0.000000	0.000000	0.000000	0.000000	1733433174.778452	0.000000
55.000000	88220.390763	19196.393394	187500.000000	187500.000000	86750.316531	102816.661038	112732.163099	133887.195156	-0.074000	0.770000	0.582000	192.000000	0.000000	0.000000	0.000000	0.000000	0.000000	0.000000	0.000000	0.000000	0.000000	1733433174.782459	0.000000
56.000000	88227.498618	19206.295217	187500.000000	187500.000000	86748.818964	102810.179032	112734.510032	133865.782185	-0.074000	0.770000	0.582000	192.000000	0.000000	0.000000	0.000000	0.000000	0.000000	0.000000	0.000000	0.000000	0.000000	1733433174.785612	0.000000
57.000000	88230.426697	19209.335054	187500.000000	187500.000000	86749.109536	102822.628954	112734.666495	133871.928915	-0.074000	0.770000	0.582000	192.000000	0.000000	0.000000	0.000000	0.000000	0.000000	0.000000	0.000000	0.000000	0.000000	1733433174.789820	0.000000
58.000000	88231.566636	19221.874383	187500.000000	187500.000000	86755.524487	102826.920489	112729.324428	133898.974526	-0.074000	0.770000	0.582000	192.000000	0.000000	0.000000	0.000000	0.000000	0.000000	0.000000	0.000000	0.000000	0.000000	1733433174.793709	0.000000
59.000000	88234.159438	19221.561458	187500.000000	187500.000000	86760.285409	102830.899099	112739.896803	133898.035753	-0.074000	0.770000	0.582000	192.000000	0.000000	0.000000	0.000000	0.000000	0.000000	0.000000	0.000000	0.000000	0.000000	1733433174.797676	0.000000
60.000000	88235.299377	19226.903525	187500.000000	187500.000000	86761.648865	102833.313088	112760.996850	133887.284563	-0.074000	0.770000	0.582000	192.000000	0.000000	0.000000	0.000000	0.000000	0.000000	0.000000	0.000000	0.000000	0.000000	1733433174.802632	0.000000
61.000000	88228.951481	19218.722787	187500.000000	187500.000000	86750.428289	102818.762102	112751.497358	133875.907526	-0.074000	0.770000	0.582000	192.000000	0.000000	0.000000	0.000000	0.000000	0.000000	0.000000	0.000000	0.000000	0.000000	1733433174.806528	0.000000
62.000000	88220.726039	19208.440984	187500.000000	187500.000000	86742.404013	102811.922468	112741.483777	133887.396322	-0.074000	0.770000	0.582000	192.000000	0.000000	0.000000	0.000000	0.000000	0.000000	0.000000	0.000000	0.000000	0.000000	1733433174.810005	0.000000
63.000000	88208.678449	19198.382699	187500.000000	187500.000000	86726.534274	102796.276247	112730.821995	133908.295203	-0.072000	0.768000	0.584000	192.000000	253.000000	192.000000	24.000000	0.000000	18.000000	64.000000	0.000000	0.000000	0.000000	1733433174.813431	0.000000
64.000000	88215.205159	19205.311740	187500.000000	187500.000000	86731.339899	102800.813651	112722.015407	133888.245688	-0.072000	0.768000	0.584000	192.000000	0.000000	0.000000	0.000000	0.000000	0.000000	0.000000	0.000000	0.000000	0.000000	1733433174.817428	0.000000
65.000000	88219.563749	19201.578999	187500.000000	187500.000000	86736.905484	102820.952573	112732.878355	133894.727694	-0.072000	0.768000	0.584000	192.000000	0.000000	0.000000	0.000000	0.000000	0.000000	0.000000	0.000000	0.000000	0.000000	1733433174.821457	0.000000
66.000000	88213.618185	19194.292330	187500.000000	187500.000000	86731.049327	102826.272288	112732.520727	133911.335040	-0.072000	0.768000	0.584000	192.000000	0.000000	0.000000	0.000000	0.000000	0.000000	0.000000	0.000000	0.000000	0.000000	1733433174.826454	0.000000
67.000000	88217.641499	19209.893848	187500.000000	187500.000000	86742.158144	102821.019628	112732.788948	133866.564496	-0.072000	0.768000	0.584000	192.000000	0.000000	0.000000	0.000000	0.000000	0.000000	0.000000	0.000000	0.000000	0.000000	1733433174.830489	0.000000
68.000000	88213.640537	19206.384624	187500.000000	187500.000000	86742.158144	102802.110052	112731.112567	133870.476052	-0.072000	0.768000	0.584000	192.000000	0.000000	0.000000	0.000000	0.000000	0.000000	0.000000	0.000000	0.000000	0.000000	1733433174.834642	0.000000
69.000000	88217.552092	19211.525525	187500.000000	187500.000000	86734.066812	102788.855468	112731.067864	133889.586793	-0.072000	0.768000	0.584000	192.000000	0.000000	0.000000	0.000000	0.000000	0.000000	0.000000	0.000000	0.000000	0.000000	1733433174.837743	0.000000
70.000000	88227.588025	19225.830641	187500.000000	187500.000000	86742.515772	102800.947762	112747.451693	133893.990087	-0.072000	0.768000	0.584000	192.000000	0.000000	0.000000	0.000000	0.000000	0.000000	0.000000	0.000000	0.000000	0.000000	1733433174.841690	0.000000
71.000000	88228.504447	19220.399168	187500.000000	187500.000000	86748.662501	102817.488053	112766.182454	133902.416694	-0.072000	0.768000	0.584000	192.000000	0.000000	0.000000	0.000000	0.000000	0.000000	0.000000	0.000000	0.000000	0.000000	1733433174.845660	0.000000
72.000000	88226.492790	19216.845240	187500.000000	187500.000000	86749.668330	102833.357791	112763.477893	133907.915224	-0.072000	0.768000	0.584000	192.000000	0.000000	0.000000	0.000000	0.000000	0.000000	0.000000	0.000000	0.000000	0.000000	1733433174.849510	0.000000
73.000000	88227.319804	19230.345694	187500.000000	187500.000000	86747.321397	102828.619221	112749.239832	133889.452683	-0.074000	0.774000	0.584000	192.000000	253.000000	176.000000	24.000000	48.000000	18.000000	64.000000	0.000000	0.000000	0.000000	1733433174.853898	0.000000
74.000000	88217.462685	19208.843316	187500.000000	187500.000000	86742.135792	102834.363620	112750.960916	133875.840470	-0.074000	0.774000	0.584000	192.000000	0.000000	0.000000	0.000000	0.000000	0.000000	0.000000	0.000000	0.000000	0.000000	1733433174.858567	0.000000
75.000000	88199.916565	19186.960958	187500.000000	187500.000000	86727.808324	102822.830119	112743.562489	133875.013456	-0.074000	0.774000	0.584000	192.000000	0.000000	0.000000	0.000000	0.000000	0.000000	0.000000	0.000000	0.000000	0.000000	1733433174.862505	0.000000
76.000000	88207.359696	19197.443926	187500.000000	187500.000000	86719.515827	102817.465701	112743.607192	133879.550860	-0.074000	0.774000	0.584000	192.000000	0.000000	0.000000	0.000000	0.000000	0.000000	0.000000	0.000000	0.000000	0.000000	1733433174.865496	0.000000
77.000000	88223.318842	19209.267999	187500.000000	187500.000000	86732.435135	102824.417093	112761.779161	133894.437122	-0.074000	0.774000	0.584000	192.000000	0.000000	0.000000	0.000000	0.000000	0.000000	0.000000	0.000000	0.000000	0.000000	1733433174.869554	0.000000
78.000000	88230.180827	19223.617819	187500.000000	187500.000000	86730.423478	102827.233413	112759.543986	133898.192215	-0.074000	0.774000	0.584000	192.000000	0.000000	0.000000	0.000000	0.000000	0.000000	0.000000	0.000000	0.000000	0.000000	1733433174.873586	0.000000
79.000000	88231.745450	19229.675142	187500.000000	187500.000000	86737.844257	102833.178977	112757.174701	133909.502197	-0.074000	0.774000	0.584000	192.000000	0.000000	0.000000	0.000000	0.000000	0.000000	0.000000	0.000000	0.000000	0.000000	1733433174.877818	0.000000
80.000000	88229.107944	19213.090147	187500.000000	187500.000000	86730.088202	102809.709645	112748.412818	133899.801540	-0.074000	0.774000	0.584000	192.000000	0.000000	0.000000	0.000000	0.000000	0.000000	0.000000	0.000000	0.000000	0.000000	1733433174.881898	0.000000
81.000000	88224.436429	19204.507077	187500.000000	187500.000000	86716.855969	102803.339398	112746.714085	133908.853997	-0.074000	0.774000	0.584000	192.000000	0.000000	0.000000	0.000000	0.000000	0.000000	0.000000	0.000000	0.000000	0.000000	1733433174.885705	0.000000
82.000000	88226.828066	19216.599371	187500.000000	187500.000000	86711.469199	102808.100320	112748.032838	133891.710209	-0.074000	0.774000	0.584000	192.000000	0.000000	0.000000	0.000000	0.000000	0.000000	0.000000	0.000000	0.000000	0.000000	1733433174.890770	0.000000
83.000000	88229.979662	19217.024054	187500.000000	187500.000000	86710.217501	102820.662000	112749.440998	133895.219433	-0.076000	0.768000	0.584000	192.000000	253.000000	160.000000	24.000000	0.000000	18.000000	64.000000	0.000000	0.000000	0.000000	1733433174.893842	0.000000
84.000000	88230.963138	19219.773319	187500.000000	187500.000000	86712.743248	102824.931183	112756.101818	133897.231090	-0.076000	0.768000	0.584000	192.000000	0.000000	0.000000	0.000000	0.000000	0.000000	0.000000	0.000000	0.000000	0.000000	1733433174.897604	0.000000
85.000000	88226.425734	19217.985179	187500.000000	187500.000000	86693.431341	102812.838890	112744.165986	133898.192215	-0.076000	0.768000	0.584000	192.000000	0.000000	0.000000	0.000000	0.000000	0.000000	0.000000	0.000000	0.000000	0.000000	1733433174.901602	0.000000
86.000000	88219.004955	19202.160144	187500.000000	187500.000000	86692.112588	102833.603660	112762.047382	133894.347715	-0.076000	0.768000	0.584000	192.000000	0.000000	0.000000	0.000000	0.000000	0.000000	0.000000	0.000000	0.000000	0.000000	1733433174.905558	0.000000
87.000000	88226.828066	19206.541086	187500.000000	187500.000000	86704.808379	102841.739695	112783.840332	133912.184407	-0.076000	0.768000	0.584000	192.000000	0.000000	0.000000	0.000000	0.000000	0.000000	0.000000	0.000000	0.000000	0.000000	1733433174.909583	0.000000
88.000000	88234.986452	19219.616857	187500.000000	187500.000000	86711.089219	102842.656117	112787.997757	133920.588663	-0.076000	0.768000	0.584000	192.000000	0.000000	0.000000	0.000000	0.000000	0.000000	0.000000	0.000000	0.000000	0.000000	1733433174.913595	0.000000
89.000000	88224.659947	19203.009510	187500.000000	187500.000000	86697.253489	102821.332553	112771.166893	133905.478883	-0.076000	0.768000	0.584000	192.000000	0.000000	0.000000	0.000000	0.000000	0.000000	0.000000	0.000000	0.000000	0.000000	1733433174.918601	0.000000
90.000000	88232.125429	19212.956037	187500.000000	187500.000000	86702.170873	102815.610506	112773.625585	133899.287450	-0.076000	0.768000	0.584000	192.000000	0.000000	0.000000	0.000000	0.000000	0.000000	0.000000	0.000000	0.000000	0.000000	1733433174.921698	0.000000
91.000000	88234.628825	19225.316551	187500.000000	187500.000000	86710.306908	102823.813596	112776.464257	133912.273814	-0.076000	0.768000	0.584000	192.000000	0.000000	0.000000	0.000000	0.000000	0.000000	0.000000	0.000000	0.000000	0.000000	1733433174.925884	0.000000
92.000000	88239.792078	19221.539107	187500.000000	187500.000000	86716.163065	102844.824236	112788.534199	133921.460381	-0.076000	0.768000	0.584000	192.000000	0.000000	0.000000	0.000000	0.000000	0.000000	0.000000	0.000000	0.000000	0.000000	1733433174.929843	0.000000
93.000000	88241.177886	19223.081377	187500.000000	187500.000000	86716.699507	102836.844663	112784.175609	133913.480808	-0.072000	0.762000	0.578000	192.000000	253.000000	192.000000	23.000000	208.000000	18.000000	16.000000	0.000000	0.000000	0.000000	1733433174.933850	0.000000
94.000000	88233.041851	19215.973522	187500.000000	187500.000000	86707.490588	102821.645477	112769.646975	133903.735447	-0.072000	0.762000	0.578000	192.000000	0.000000	0.000000	0.000000	0.000000	0.000000	0.000000	0.000000	0.000000	0.000000	1733433174.938842	0.000000
95.000000	88223.765877	19202.473069	187500.000000	187500.000000	86688.446902	102791.336512	112752.100855	133884.289430	-0.072000	0.762000	0.578000	192.000000	0.000000	0.000000	0.000000	0.000000	0.000000	0.000000	0.000000	0.000000	0.000000	1733433174.941935	0.000000
96.000000	88221.754220	19199.120307	187500.000000	187500.000000	86691.486739	102806.602753	112767.702373	133892.581927	-0.072000	0.762000	0.578000	192.000000	0.000000	0.000000	0.000000	0.000000	0.000000	0.000000	0.000000	0.000000	0.000000	1733433174.945663	0.000000
97.000000	88232.594816	19206.943417	187500.000000	187500.000000	86704.115475	102831.055561	112782.633338	133896.962869	-0.072000	0.762000	0.578000	192.000000	0.000000	0.000000	0.000000	0.000000	0.000000	0.000000	0.000000	0.000000	0.000000	1733433174.948647	0.000000
98.000000	88233.578293	19219.125118	187500.000000	187500.000000	86700.248623	102840.890329	112775.212559	133903.847206	-0.072000	0.762000	0.578000	192.000000	0.000000	0.000000	0.000000	0.000000	0.000000	0.000000	0.000000	0.000000	0.000000	1733433174.953836	0.000000
99.000000	88233.824162	19225.495365	187500.000000	187500.000000	86702.237928	102844.421905	112786.008452	133894.280659	-0.072000	0.762000	0.578000	192.000000	0.000000	0.000000	0.000000	0.000000	0.000000	0.000000	0.000000	0.000000	0.000000	1733433174.957699	0.000000
100.000000	88234.561769	19216.085281	187500.000000	187500.000000	86704.383696	102828.529814	112786.813115	133888.111578	-0.072000	0.762000	0.578000	192.000000	0.000000	0.000000	0.000000	0.000000	0.000000	0.000000	0.000000	0.000000	0.000000	1733433174.961659	0.000000
101.000000	88217.730906	19190.894865	187500.000000	187500.000000	86696.806454	102825.869957	112779.168818	133881.271944	-0.072000	0.762000	0.578000	192.000000	0.000000	0.000000	0.000000	0.000000	0.000000	0.000000	0.000000	0.000000	0.000000	1733433174.965663	0.000000
102.000000	88225.241092	19201.668406	187500.000000	187500.000000	86702.327335	102830.876747	112786.209617	133917.124142	-0.072000	0.762000	0.578000	192.000000	0.000000	0.000000	0.000000	0.000000	0.000000	0.000000	0.000000	0.000000	0.000000	1733433174.969704	0.000000
103.000000	88225.956348	19211.279656	187500.000000	187500.000000	86700.360382	102828.663925	112774.229082	133906.238843	-0.068000	0.772000	0.580000	192.000000	253.000000	224.000000	24.000000	32.000000	18.000000	32.000000	0.000000	0.000000	0.000000	1733433174.973681	0.000000
104.000000	88227.811542	19207.993949	187500.000000	187500.000000	86699.935699	102849.182826	112782.141600	133893.744218	-0.068000	0.772000	0.580000	192.000000	0.000000	0.000000	0.000000	0.000000	0.000000	0.000000	0.000000	0.000000	0.000000	1733433174.976760	0.000000
105.000000	88227.342156	19196.616911	187500.000000	187500.000000	86704.786027	102830.653230	112790.881132	133890.637325	-0.068000	0.772000	0.580000	192.000000	0.000000	0.000000	0.000000	0.000000	0.000000	0.000000	0.000000	0.000000	0.000000	1733433174.981850	0.000000
106.000000	88228.213874	19194.024109	187500.000000	187500.000000	86700.807417	102831.390838	112794.412708	133904.115427	-0.068000	0.772000	0.580000	192.000000	0.000000	0.000000	0.000000	0.000000	0.000000	0.000000	0.000000	0.000000	0.000000	1733433174.985739	0.000000
107.000000	88220.904853	19192.459487	187500.000000	187500.000000	86690.637373	102816.996314	112785.024975	133901.790846	-0.068000	0.772000	0.580000	192.000000	0.000000	0.000000	0.000000	0.000000	0.000000	0.000000	0.000000	0.000000	0.000000	1733433174.989918	0.000000
108.000000	88233.734755	19214.364197	187500.000000	187500.000000	86695.845329	102830.295602	112781.269882	133928.724698	-0.068000	0.772000	0.580000	192.000000	0.000000	0.000000	0.000000	0.000000	0.000000	0.000000	0.000000	0.000000	0.000000	1733433174.993930	0.000000
109.000000	88237.936883	19215.414729	187500.000000	187500.000000	86696.448826	102824.819425	112780.487571	133907.669354	-0.068000	0.772000	0.580000	192.000000	0.000000	0.000000	0.000000	0.000000	0.000000	0.000000	0.000000	0.000000	0.000000	1733433174.997798	0.000000
110.000000	88238.138048	19224.422482	187500.000000	187500.000000	86700.047457	102824.327686	112788.891827	133879.103825	-0.068000	0.772000	0.580000	192.000000	0.000000	0.000000	0.000000	0.000000	0.000000	0.000000	0.000000	0.000000	0.000000	1733433175.001725	0.000000
111.000000	88237.288682	19219.326284	187500.000000	187500.000000	86695.487701	102820.684352	112785.181437	133902.819026	-0.068000	0.772000	0.580000	192.000000	0.000000	0.000000	0.000000	0.000000	0.000000	0.000000	0.000000	0.000000	0.000000	1733433175.004848	0.000000
112.000000	88232.103077	19215.548839	187500.000000	187500.000000	86689.251565	102813.062407	112767.881187	133904.003668	-0.068000	0.772000	0.580000	192.000000	0.000000	0.000000	0.000000	0.000000	0.000000	0.000000	0.000000	0.000000	0.000000	1733433175.009708	0.000000
113.000000	88227.185694	19207.211638	187500.000000	187500.000000	86698.639297	102836.129407	112777.559492	133902.953136	-0.068000	0.772000	0.580000	192.000000	253.000000	224.000000	24.000000	32.000000	18.000000	32.000000	0.000000	0.000000	0.000000	1733433175.013694	0.000000
114.000000	88223.229435	19193.867647	187500.000000	187500.000000	86703.668440	102833.402495	112782.163952	133907.110561	-0.068000	0.772000	0.580000	192.000000	0.000000	0.000000	0.000000	0.000000	0.000000	0.000000	0.000000	0.000000	0.000000	1733433175.017736	0.000000
115.000000	88225.978699	19193.666481	187500.000000	187500.000000	86709.323431	102823.724189	112783.348594	133904.338944	-0.068000	0.772000	0.580000	192.000000	0.000000	0.000000	0.000000	0.000000	0.000000	0.000000	0.000000	0.000000	0.000000	1733433175.021771	0.000000
116.000000	88227.364508	19192.258321	187500.000000	187500.000000	86706.730629	102842.477303	112776.933643	133902.886081	-0.068000	0.772000	0.580000	192.000000	0.000000	0.000000	0.000000	0.000000	0.000000	0.000000	0.000000	0.000000	0.000000	1733433175.025768	0.000000
117.000000	88243.725985	19210.631455	187500.000000	187500.000000	86731.719879	102866.103097	112799.307740	133896.225261	-0.068000	0.772000	0.580000	192.000000	0.000000	0.000000	0.000000	0.000000	0.000000	0.000000	0.000000	0.000000	0.000000	1733433175.029051	0.000000
118.000000	88246.609360	19217.649903	187500.000000	187500.000000	86733.686833	102849.965137	112807.734347	133898.840415	-0.068000	0.772000	0.580000	192.000000	0.000000	0.000000	0.000000	0.000000	0.000000	0.000000	0.000000	0.000000	0.000000	1733433175.032900	0.000000
119.000000	88240.976720	19227.797595	187500.000000	187500.000000	86730.334071	102837.001125	112801.051176	133915.425410	-0.068000	0.772000	0.580000	192.000000	0.000000	0.000000	0.000000	0.000000	0.000000	0.000000	0.000000	0.000000	0.000000	1733433175.038143	0.000000
120.000000	88240.864961	19233.944325	187500.000000	187500.000000	86723.226216	102831.793169	112799.710071	133916.565349	-0.068000	0.772000	0.580000	192.000000	0.000000	0.000000	0.000000	0.000000	0.000000	0.000000	0.000000	0.000000	0.000000	1733433175.041978	0.000000
121.000000	88235.411136	19221.449700	187500.000000	187500.000000	86724.746135	102837.716381	112802.392280	133922.846189	-0.068000	0.772000	0.580000	192.000000	0.000000	0.000000	0.000000	0.000000	0.000000	0.000000	0.000000	0.000000	0.000000	1733433175.045803	0.000000
122.000000	88230.449048	19207.770432	187500.000000	187500.000000	86727.137772	102839.973907	112798.816001	133929.708174	-0.068000	0.772000	0.580000	192.000000	0.000000	0.000000	0.000000	0.000000	0.000000	0.000000	0.000000	0.000000	0.000000	1733433175.049801	0.000000
123.000000	88224.011746	19197.578036	187500.000000	187500.000000	86722.220388	102834.251861	112785.539065	133893.900680	-0.066000	0.772000	0.580000	192.000000	253.000000	240.000000	24.000000	32.000000	18.000000	32.000000	0.000000	0.000000	0.000000	1733433175.054295	0.000000
124.000000	88220.860150	19197.600388	187500.000000	187500.000000	86717.794742	102834.520082	112782.052193	133891.665505	-0.066000	0.772000	0.580000	192.000000	0.000000	0.000000	0.000000	0.000000	0.000000	0.000000	0.000000	0.000000	0.000000	1733433175.056790	0.000000
125.000000	88233.533589	19222.299066	187500.000000	187500.000000	86722.443905	102845.070105	112775.860760	133906.372953	-0.066000	0.772000	0.580000	192.000000	0.000000	0.000000	0.000000	0.000000	0.000000	0.000000	0.000000	0.000000	0.000000	1733433175.060828	0.000000
126.000000	88240.082650	19221.852031	187500.000000	187500.000000	86738.090126	102844.824236	112771.792742	133925.573102	-0.066000	0.772000	0.580000	192.000000	0.000000	0.000000	0.000000	0.000000	0.000000	0.000000	0.000000	0.000000	0.000000	1733433175.064842	0.000000
127.000000	88228.727964	19205.155278	187500.000000	187500.000000	86729.104725	102836.375277	112774.944338	133930.781058	-0.066000	0.772000	0.580000	192.000000	0.000000	0.000000	0.000000	0.000000	0.000000	0.000000	0.000000	0.000000	0.000000	1733433175.069830	0.000000
128.000000	88233.220665	19210.363234	187500.000000	187500.000000	86735.474972	102852.915568	112804.649807	133937.039547	-0.066000	0.772000	0.580000	192.000000	0.000000	0.000000	0.000000	0.000000	0.000000	0.000000	0.000000	0.000000	0.000000	1733433175.073854	0.000000
129.000000	88239.099173	19221.248534	187500.000000	187500.000000	86750.338882	102869.701728	112810.684778	133910.999764	-0.066000	0.772000	0.580000	192.000000	0.000000	0.000000	0.000000	0.000000	0.000000	0.000000	0.000000	0.000000	0.000000	1733433175.077879	0.000000
130.000000	88227.073935	19208.061005	187500.000000	187500.000000	86737.419574	102833.201329	112785.159085	133894.012439	-0.066000	0.772000	0.580000	192.000000	0.000000	0.000000	0.000000	0.000000	0.000000	0.000000	0.000000	0.000000	0.000000	1733433175.081248	0.000000
131.000000	88236.796944	19219.058063	187500.000000	187500.000000	86736.525504	102826.764026	112785.986100	133919.940462	-0.066000	0.772000	0.580000	192.000000	0.000000	0.000000	0.000000	0.000000	0.000000	0.000000	0.000000	0.000000	0.000000	1733433175.084987	0.000000
132.000000	88240.283816	19215.258266	187500.000000	187500.000000	86743.454545	102843.371373	112795.083260	133929.261140	-0.066000	0.772000	0.580000	192.000000	0.000000	0.000000	0.000000	0.000000	0.000000	0.000000	0.000000	0.000000	0.000000	1733433175.088996	0.000000
133.000000	88236.461668	19203.702414	187500.000000	187500.000000	86733.955054	102844.198387	112787.975405	133902.237880	-0.070000	0.766000	0.582000	192.000000	253.000000	208.000000	23.000000	240.000000	18.000000	48.000000	0.000000	0.000000	0.000000	1733433175.094047	0.000000
134.000000	88233.265368	19207.345749	187500.000000	187500.000000	86736.056118	102841.717344	112791.082298	133910.329212	-0.070000	0.766000	0.582000	192.000000	0.000000	0.000000	0.000000	0.000000	0.000000	0.000000	0.000000	0.000000	0.000000	1733433175.097900	0.000000
135.000000	88234.226493	19215.101804	187500.000000	187500.000000	86737.933664	102830.742637	112794.457411	133932.949177	-0.070000	0.766000	0.582000	192.000000	0.000000	0.000000	0.000000	0.000000	0.000000	0.000000	0.000000	0.000000	0.000000	1733433175.101867	0.000000
136.000000	88244.150668	19229.161051	187500.000000	187500.000000	86746.002644	102850.099248	112797.273731	133921.393325	-0.070000	0.766000	0.582000	192.000000	0.000000	0.000000	0.000000	0.000000	0.000000	0.000000	0.000000	0.000000	0.000000	1733433175.105921	0.000000
137.000000	88247.369319	19218.789842	187500.000000	187500.000000	86751.791746	102854.234320	112796.647882	133926.623634	-0.070000	0.766000	0.582000	192.000000	0.000000	0.000000	0.000000	0.000000	0.000000	0.000000	0.000000	0.000000	0.000000	1733433175.108929	0.000000
138.000000	88240.730851	19210.899676	187500.000000	187500.000000	86749.534219	102828.596870	112792.490458	133925.483695	-0.070000	0.766000	0.582000	192.000000	0.000000	0.000000	0.000000	0.000000	0.000000	0.000000	0.000000	0.000000	0.000000	1733433175.112929	0.000000
139.000000	88230.873731	19203.747118	187500.000000	187500.000000	86743.879228	102819.276192	112782.588635	133922.242692	-0.070000	0.766000	0.582000	192.000000	0.000000	0.000000	0.000000	0.000000	0.000000	0.000000	0.000000	0.000000	0.000000	1733433175.116929	0.000000
140.000000	88234.695880	19215.057101	187500.000000	187500.000000	86743.163972	102828.552166	112775.793704	133916.654756	-0.070000	0.766000	0.582000	192.000000	0.000000	0.000000	0.000000	0.000000	0.000000	0.000000	0.000000	0.000000	0.000000	1733433175.121108	0.000000
141.000000	88240.283816	19229.786900	187500.000000	187500.000000	86742.202847	102832.687239	112767.143579	133937.128954	-0.070000	0.766000	0.582000	192.000000	0.000000	0.000000	0.000000	0.000000	0.000000	0.000000	0.000000	0.000000	0.000000	1733433175.126090	0.000000
142.000000	88244.284778	19222.656694	187500.000000	187500.000000	86747.924894	102829.602698	112784.019146	133948.193067	-0.070000	0.766000	0.582000	192.000000	0.000000	0.000000	0.000000	0.000000	0.000000	0.000000	0.000000	0.000000	0.000000	1733433175.130207	0.000000
143.000000	88246.028214	19213.805403	187500.000000	187500.000000	86758.966656	102840.666812	112800.581789	133944.750898	-0.074000	0.766000	0.580000	192.000000	253.000000	176.000000	23.000000	240.000000	18.000000	32.000000	0.000000	0.000000	0.000000	1733433175.134158	0.000000
144.000000	88236.841647	19204.395319	187500.000000	187500.000000	86753.468126	102828.529814	112783.885036	133903.131950	-0.074000	0.766000	0.580000	192.000000	0.000000	0.000000	0.000000	0.000000	0.000000	0.000000	0.000000	0.000000	0.000000	1733433175.137200	0.000000
145.000000	88239.009766	19214.028920	187500.000000	187500.000000	86753.222257	102833.827178	112792.557513	133908.295203	-0.074000	0.766000	0.580000	192.000000	0.000000	0.000000	0.000000	0.000000	0.000000	0.000000	0.000000	0.000000	0.000000	1733433175.141171	0.000000
146.000000	88247.101098	19227.417615	187500.000000	187500.000000	86762.811156	102847.260576	112800.358272	133927.830628	-0.074000	0.766000	0.580000	192.000000	0.000000	0.000000	0.000000	0.000000	0.000000	0.000000	0.000000	0.000000	0.000000	1733433175.144934	0.000000
147.000000	88244.262426	19213.514830	187500.000000	187500.000000	86761.157127	102820.505538	112789.294158	133933.955006	-0.074000	0.766000	0.580000	192.000000	0.000000	0.000000	0.000000	0.000000	0.000000	0.000000	0.000000	0.000000	0.000000	1733433175.148972	0.000000
148.000000	88243.390708	19220.063891	187500.000000	187500.000000	86746.762603	102795.024549	112771.099838	133938.939445	-0.074000	0.766000	0.580000	192.000000	0.000000	0.000000	0.000000	0.000000	0.000000	0.000000	0.000000	0.000000	0.000000	1733433175.154154	0.000000
149.000000	88234.584121	19207.055176	187500.000000	187500.000000	86732.725708	102798.779642	112766.115399	133929.618767	-0.074000	0.766000	0.580000	192.000000	0.000000	0.000000	0.000000	0.000000	0.000000	0.000000	0.000000	0.000000	0.000000	1733433175.157973	0.000000
150.000000	88225.710479	19199.701452	187500.000000	187500.000000	86724.522617	102803.249991	112764.908405	133939.721756	-0.074000	0.766000	0.580000	192.000000	0.000000	0.000000	0.000000	0.000000	0.000000	0.000000	0.000000	0.000000	0.000000	1733433175.161978	0.000000
151.000000	88245.156496	19221.382644	187500.000000	187500.000000	86735.586731	102839.146893	112771.412763	133928.300015	-0.074000	0.766000	0.580000	192.000000	0.000000	0.000000	0.000000	0.000000	0.000000	0.000000	0.000000	0.000000	0.000000	1733433175.165012	0.000000
152.000000	88241.021423	19209.491516	187500.000000	187500.000000	86726.891902	102812.101282	112749.932736	133889.653848	-0.074000	0.766000	0.580000	192.000000	0.000000	0.000000	0.000000	0.000000	0.000000	0.000000	0.000000	0.000000	0.000000	1733433175.169234	0.000000
153.000000	88227.923301	19204.462374	187500.000000	187500.000000	86713.279690	102790.330683	112735.314695	133904.785979	-0.068000	0.770000	0.578000	192.000000	253.000000	224.000000	24.000000	16.000000	18.000000	16.000000	0.000000	0.000000	0.000000	1733433175.173210	0.000000
154.000000	88219.496694	19193.800592	187500.000000	187500.000000	86700.248623	102775.377366	112720.115509	133889.542090	-0.068000	0.770000	0.578000	192.000000	0.000000	0.000000	0.000000	0.000000	0.000000	0.000000	0.000000	0.000000	0.000000	1733433175.177176	0.000000
155.000000	88226.984528	19197.332167	187500.000000	187500.000000	86711.580957	102778.037224	112732.900707	133882.769511	-0.068000	0.770000	0.578000	192.000000	0.000000	0.000000	0.000000	0.000000	0.000000	0.000000	0.000000	0.000000	0.000000	1733433175.181331	0.000000
156.000000	88232.214836	19204.842353	187500.000000	187500.000000	86723.360327	102782.239352	112748.591631	133903.646040	-0.068000	0.770000	0.578000	192.000000	0.000000	0.000000	0.000000	0.000000	0.000000	0.000000	0.000000	0.000000	0.000000	1733433175.186045	0.000000
157.000000	88229.689089	19206.876362	187500.000000	187500.000000	86720.432248	102795.404529	112759.611041	133918.241730	-0.068000	0.770000	0.578000	192.000000	0.000000	0.000000	0.000000	0.000000	0.000000	0.000000	0.000000	0.000000	0.000000	1733433175.189023	0.000000
158.000000	88231.745450	19216.577019	187500.000000	187500.000000	86731.272844	102800.947762	112768.551739	133926.601282	-0.068000	0.770000	0.578000	192.000000	0.000000	0.000000	0.000000	0.000000	0.000000	0.000000	0.000000	0.000000	0.000000	1733433175.193050	0.000000
159.000000	88233.690051	19228.356389	187500.000000	187500.000000	86748.640150	102807.318009	112769.021126	133914.218416	-0.068000	0.770000	0.578000	192.000000	0.000000	0.000000	0.000000	0.000000	0.000000	0.000000	0.000000	0.000000	0.000000	1733433175.197005	0.000000
160.000000	88236.305205	19211.324359	187500.000000	187500.000000	86749.489516	102806.468643	112758.247585	133912.385572	-0.068000	0.770000	0.578000	192.000000	0.000000	0.000000	0.000000	0.000000	0.000000	0.000000	0.000000	0.000000	0.000000	1733433175.201050	0.000000
161.000000	88230.203179	19193.800592	187500.000000	187500.000000	86742.113440	102805.395759	112757.018239	133904.920090	-0.068000	0.770000	0.578000	192.000000	0.000000	0.000000	0.000000	0.000000	0.000000	0.000000	0.000000	0.000000	0.000000	1733433175.205090	0.000000
162.000000	88225.889292	19190.671347	187500.000000	187500.000000	86740.370004	102795.717453	112749.016315	133927.070669	-0.068000	0.770000	0.578000	192.000000	0.000000	0.000000	0.000000	0.000000	0.000000	0.000000	0.000000	0.000000	0.000000	1733433175.209044	0.000000
163.000000	88209.661926	19183.027051	187500.000000	187500.000000	86723.270920	102781.211171	112721.411910	133890.190290	-0.068000	0.772000	0.588000	192.000000	253.000000	224.000000	24.000000	32.000000	18.000000	96.000000	0.000000	0.000000	0.000000	1733433175.214334	0.000000
164.000000	88222.134199	19201.333130	187500.000000	187500.000000	86729.529408	102784.340416	112736.588745	133894.906508	-0.068000	0.772000	0.588000	192.000000	0.000000	0.000000	0.000000	0.000000	0.000000	0.000000	0.000000	0.000000	0.000000	1733433175.217289	0.000000
165.000000	88235.567598	19205.982292	187500.000000	187500.000000	86738.537161	102799.047863	112755.475969	133925.707212	-0.068000	0.772000	0.588000	192.000000	0.000000	0.000000	0.000000	0.000000	0.000000	0.000000	0.000000	0.000000	0.000000	1733433175.221249	0.000000
166.000000	88232.974795	19205.579961	187500.000000	187500.000000	86744.438022	102803.361750	112757.197053	133908.205796	-0.068000	0.772000	0.588000	192.000000	0.000000	0.000000	0.000000	0.000000	0.000000	0.000000	0.000000	0.000000	0.000000	1733433175.225300	0.000000
167.000000	88235.232322	19208.016301	187500.000000	187500.000000	86750.763565	102811.877765	112756.414742	133896.582889	-0.068000	0.772000	0.588000	192.000000	0.000000	0.000000	0.000000	0.000000	0.000000	0.000000	0.000000	0.000000	0.000000	1733433175.229376	0.000000
168.000000	88234.651176	19204.015339	187500.000000	187500.000000	86747.455507	102802.959419	112745.730608	133902.103770	-0.068000	0.772000	0.588000	192.000000	0.000000	0.000000	0.000000	0.000000	0.000000	0.000000	0.000000	0.000000	0.000000	1733433175.233095	0.000000
169.000000	88224.972871	19205.199981	187500.000000	187500.000000	86732.055155	102793.459927	112738.041608	133897.029924	-0.068000	0.772000	0.588000	192.000000	0.000000	0.000000	0.000000	0.000000	0.000000	0.000000	0.000000	0.000000	0.000000	1733433175.237339	0.000000
170.000000	88216.032173	19191.945397	187500.000000	187500.000000	86717.593577	102770.102354	112723.736492	133896.560537	-0.068000	0.772000	0.588000	192.000000	0.000000	0.000000	0.000000	0.000000	0.000000	0.000000	0.000000	0.000000	0.000000	1733433175.242090	0.000000
171.000000	88215.607490	19195.432269	187500.000000	187500.000000	86709.479893	102774.617407	112724.719968	133911.849131	-0.068000	0.772000	0.588000	192.000000	0.000000	0.000000	0.000000	0.000000	0.000000	0.000000	0.000000	0.000000	0.000000	1733433175.245152	0.000000
172.000000	88215.160455	19197.108650	187500.000000	187500.000000	86710.083390	102775.310311	112719.713178	133909.233977	-0.068000	0.772000	0.588000	192.000000	0.000000	0.000000	0.000000	0.000000	0.000000	0.000000	0.000000	0.000000	0.000000	1733433175.249143	0.000000
173.000000	88203.962231	19189.442002	187500.000000	187500.000000	86704.920138	102768.805953	112719.489660	133893.632459	-0.070000	0.768000	0.580000	192.000000	253.000000	208.000000	24.000000	0.000000	18.000000	32.000000	0.000000	0.000000	0.000000	1733433175.253120	0.000000
174.000000	88202.643478	19183.787010	187500.000000	187500.000000	86706.574167	102780.674729	112722.060111	133874.141738	-0.070000	0.768000	0.580000	192.000000	0.000000	0.000000	0.000000	0.000000	0.000000	0.000000	0.000000	0.000000	0.000000	1733433175.257134	0.000000
175.000000	88204.051638	19179.316661	187500.000000	187500.000000	86713.078524	102775.131497	112717.343893	133864.351674	-0.070000	0.768000	0.580000	192.000000	0.000000	0.000000	0.000000	0.000000	0.000000	0.000000	0.000000	0.000000	0.000000	1733433175.261405	0.000000
176.000000	88197.815501	19163.290461	187500.000000	187500.000000	86706.730629	102766.347261	112711.308922	133859.523697	-0.070000	0.768000	0.580000	192.000000	0.000000	0.000000	0.000000	0.000000	0.000000	0.000000	0.000000	0.000000	0.000000	1733433175.265348	0.000000
177.000000	88213.931109	19174.622795	187500.000000	187500.000000	86715.224292	102783.334587	112719.310846	133896.180558	-0.070000	0.768000	0.580000	192.000000	0.000000	0.000000	0.000000	0.000000	0.000000	0.000000	0.000000	0.000000	0.000000	1733433175.270408	0.000000
178.000000	88220.927205	19184.882246	187500.000000	187500.000000	86722.667423	102790.285980	112723.781195	133908.474017	-0.070000	0.768000	0.580000	192.000000	0.000000	0.000000	0.000000	0.000000	0.000000	0.000000	0.000000	0.000000	0.000000	1733433175.273177	0.000000
179.000000	88219.161417	19181.820057	187500.000000	187500.000000	86723.762658	102796.432709	112715.019311	133901.388514	-0.070000	0.768000	0.580000	192.000000	0.000000	0.000000	0.000000	0.000000	0.000000	0.000000	0.000000	0.000000	0.000000	1733433175.276165	0.000000
180.000000	88216.210987	19177.707336	187500.000000	187500.000000	86721.661594	102793.884610	112714.728739	133903.735447	-0.070000	0.768000	0.580000	192.000000	0.000000	0.000000	0.000000	0.000000	0.000000	0.000000	0.000000	0.000000	0.000000	1733433175.281217	0.000000
181.000000	88220.703688	19189.084374	187500.000000	187500.000000	86722.265091	102779.892418	112720.808413	133893.475997	-0.070000	0.768000	0.580000	192.000000	0.000000	0.000000	0.000000	0.000000	0.000000	0.000000	0.000000	0.000000	0.000000	1733433175.285187	0.000000
182.000000	88222.804752	19196.594560	187500.000000	187500.000000	86720.275786	102780.920599	112716.561582	133910.709192	-0.070000	0.768000	0.580000	192.000000	0.000000	0.000000	0.000000	0.000000	0.000000	0.000000	0.000000	0.000000	0.000000	1733433175.289159	0.000000
183.000000	88224.816409	19202.383662	187500.000000	187500.000000	86721.303966	102780.004177	112719.713178	133900.203872	-0.070000	0.768000	0.580000	192.000000	0.000000	0.000000	0.000000	0.000000	0.000000	0.000000	0.000000	0.000000	0.000000	1733433175.293156	0.000000
184.000000	88220.658984	19185.597501	187500.000000	187500.000000	86713.391449	102765.810819	112722.261277	133897.901642	-0.074000	0.766000	0.570000	192.000000	253.000000	176.000000	23.000000	240.000000	17.000000	208.000000	0.000000	0.000000	0.000000	1733433175.297161	0.000000
185.000000	88209.594871	19168.856045	187500.000000	187500.000000	86709.703411	102755.618424	112718.282666	133903.020192	-0.074000	0.766000	0.570000	192.000000	0.000000	0.000000	0.000000	0.000000	0.000000	0.000000	0.000000	0.000000	0.000000	1733433175.301369	0.000000
186.000000	88214.109923	19179.339013	187500.000000	187500.000000	86719.649937	102767.978939	112733.057169	133904.584814	-0.074000	0.766000	0.570000	192.000000	0.000000	0.000000	0.000000	0.000000	0.000000	0.000000	0.000000	0.000000	0.000000	1733433175.304405	0.000000
187.000000	88208.119656	19167.805513	187500.000000	187500.000000	86707.132960	102761.832209	112726.485756	133899.890947	-0.074000	0.766000	0.570000	192.000000	0.000000	0.000000	0.000000	0.000000	0.000000	0.000000	0.000000	0.000000	0.000000	1733433175.309422	0.000000
188.000000	88207.650269	19175.896844	187500.000000	187500.000000	86709.122265	102768.828305	112724.898782	133895.197081	-0.074000	0.766000	0.570000	192.000000	0.000000	0.000000	0.000000	0.000000	0.000000	0.000000	0.000000	0.000000	0.000000	1733433175.313506	0.000000
189.000000	88223.184731	19199.902618	187500.000000	187500.000000	86720.275786	102803.249991	112719.690826	133907.602299	-0.074000	0.766000	0.570000	192.000000	0.000000	0.000000	0.000000	0.000000	0.000000	0.000000	0.000000	0.000000	0.000000	1733433175.317245	0.000000
190.000000	88226.313976	19196.013414	187500.000000	187500.000000	86721.058097	102788.542543	112719.020274	133902.506101	-0.074000	0.766000	0.570000	192.000000	0.000000	0.000000	0.000000	0.000000	0.000000	0.000000	0.000000	0.000000	0.000000	1733433175.321401	0.000000
191.000000	88223.072973	19195.991063	187500.000000	187500.000000	86722.063926	102782.373462	112727.245716	133903.824854	-0.074000	0.766000	0.570000	192.000000	0.000000	0.000000	0.000000	0.000000	0.000000	0.000000	0.000000	0.000000	0.000000	1733433175.324225	0.000000
192.000000	88220.748391	19194.649958	187500.000000	187500.000000	86722.287443	102786.530886	112729.883221	133897.253441	-0.074000	0.766000	0.570000	192.000000	0.000000	0.000000	0.000000	0.000000	0.000000	0.000000	0.000000	0.000000	0.000000	1733433175.329888	0.000000
193.000000	88219.586101	19201.400185	187500.000000	187500.000000	86719.202902	102799.964285	112727.268067	133907.356430	-0.074000	0.766000	0.570000	192.000000	0.000000	0.000000	0.000000	0.000000	0.000000	0.000000	0.000000	0.000000	0.000000	1733433175.332223	0.000000
194.000000	88202.419961	19176.098010	187500.000000	187500.000000	86700.047457	102759.373517	112700.758898	133896.091151	-0.076000	0.774000	0.576000	192.000000	253.000000	160.000000	24.000000	48.000000	18.000000	0.000000	0.000000	0.000000	0.000000	1733433175.337275	0.000000
195.000000	88203.314031	19161.569376	187500.000000	187500.000000	86702.662611	102746.320098	112694.433355	133887.619840	-0.076000	0.774000	0.576000	192.000000	0.000000	0.000000	0.000000	0.000000	0.000000	0.000000	0.000000	0.000000	0.000000	1733433175.341282	0.000000
196.000000	88209.885443	19173.751077	187500.000000	187500.000000	86707.557643	102759.373517	112710.750128	133884.267078	-0.076000	0.774000	0.576000	192.000000	0.000000	0.000000	0.000000	0.000000	0.000000	0.000000	0.000000	0.000000	0.000000	1733433175.345390	0.000000
197.000000	88206.532682	19169.526597	187500.000000	187500.000000	86703.802550	102764.693232	112707.285608	133880.333171	-0.076000	0.774000	0.576000	192.000000	0.000000	0.000000	0.000000	0.000000	0.000000	0.000000	0.000000	0.000000	0.000000	1733433175.349555	0.000000
198.000000	88215.652194	19175.785086	187500.000000	187500.000000	86713.682021	102788.430785	112735.940544	133901.969660	-0.076000	0.774000	0.576000	192.000000	0.000000	0.000000	0.000000	0.000000	0.000000	0.000000	0.000000	0.000000	0.000000	1733433175.352514	0.000000
199.000000	88217.552092	19190.045499	187500.000000	187500.000000	86710.172797	102782.887552	112731.649009	133924.477866	-0.076000	0.774000	0.576000	192.000000	0.000000	0.000000	0.000000	0.000000	0.000000	0.000000	0.000000	0.000000	0.000000	1733433175.356480	0.000000
200.000000	88217.105057	19195.096993	187500.000000	187500.000000	86703.288460	102763.553293	112717.746224	133935.206704	-0.076000	0.774000	0.576000	192.000000	0.000000	0.000000	0.000000	0.000000	0.000000	0.000000	0.000000	0.000000	0.000000	1733433175.360344	0.000000
201.000000	88203.805769	19174.421629	187500.000000	187500.000000	86698.259318	102764.000328	112713.946428	133904.406000	-0.076000	0.774000	0.576000	192.000000	0.000000	0.000000	0.000000	0.000000	0.000000	0.000000	0.000000	0.000000	0.000000	1733433175.365266	0.000000
202.000000	88209.125484	19182.267092	187500.000000	187500.000000	86705.188358	102765.654357	112723.736492	133888.670372	-0.076000	0.774000	0.576000	192.000000	0.000000	0.000000	0.000000	0.000000	0.000000	0.000000	0.000000	0.000000	0.000000	1733433175.369300	0.000000
203.000000	88211.070086	19174.421629	187500.000000	187500.000000	86707.915271	102765.319081	112732.185451	133901.120293	-0.076000	0.774000	0.576000	192.000000	0.000000	0.000000	0.000000	0.000000	0.000000	0.000000	0.000000	0.000000	0.000000	1733433175.373280	0.000000
204.000000	88210.131313	19188.413821	187500.000000	187500.000000	86709.859873	102770.772907	112734.510032	133898.751008	-0.078000	0.772000	0.570000	192.000000	253.000000	144.000000	24.000000	32.000000	17.000000	208.000000	0.000000	0.000000	0.000000	1733433175.377268	0.000000
205.000000	88214.311089	19190.224313	187500.000000	187500.000000	86709.189321	102771.890494	112735.404102	133903.400171	-0.078000	0.772000	0.570000	192.000000	0.000000	0.000000	0.000000	0.000000	0.000000	0.000000	0.000000	0.000000	0.000000	1733433175.380327	0.000000
206.000000	88218.960252	19182.825885	187500.000000	187500.000000	86710.932757	102771.823439	112736.365227	133897.029924	-0.078000	0.772000	0.570000	192.000000	0.000000	0.000000	0.000000	0.000000	0.000000	0.000000	0.000000	0.000000	0.000000	1733433175.384323	0.000000
207.000000	88211.025382	19174.712202	187500.000000	187500.000000	86700.516844	102769.923540	112718.327369	133907.691706	-0.078000	0.772000	0.570000	192.000000	0.000000	0.000000	0.000000	0.000000	0.000000	0.000000	0.000000	0.000000	0.000000	1733433175.388304	0.000000
208.000000	88210.980679	19178.467295	187500.000000	187500.000000	86708.697582	102772.896322	112727.379826	133907.535244	-0.078000	0.772000	0.570000	192.000000	0.000000	0.000000	0.000000	0.000000	0.000000	0.000000	0.000000	0.000000	0.000000	1733433175.394475	0.000000
209.000000	88224.145856	19198.337996	187500.000000	187500.000000	86719.046440	102773.857447	112748.479873	133910.373915	-0.078000	0.772000	0.570000	192.000000	0.000000	0.000000	0.000000	0.000000	0.000000	0.000000	0.000000	0.000000	0.000000	1733433175.398447	0.000000
210.000000	88225.576368	19200.103784	187500.000000	187500.000000	86715.693678	102773.812744	112745.171815	133902.126122	-0.078000	0.772000	0.570000	192.000000	0.000000	0.000000	0.000000	0.000000	0.000000	0.000000	0.000000	0.000000	0.000000	1733433175.403035	0.000000
211.000000	88216.903891	19183.965824	187500.000000	187500.000000	86710.195149	102769.789430	112735.113530	133905.612994	-0.078000	0.772000	0.570000	192.000000	0.000000	0.000000	0.000000	0.000000	0.000000	0.000000	0.000000	0.000000	0.000000	1733433175.405396	0.000000
212.000000	88214.087571	19182.065926	187500.000000	187500.000000	86706.305946	102770.929369	112741.148501	133944.706195	-0.078000	0.772000	0.570000	192.000000	0.000000	0.000000	0.000000	0.000000	0.000000	0.000000	0.000000	0.000000	0.000000	1733433175.408417	0.000000
213.000000	88221.329537	19184.524618	187500.000000	187500.000000	86713.927891	102759.775848	112742.735474	133924.880198	-0.078000	0.772000	0.570000	192.000000	0.000000	0.000000	0.000000	0.000000	0.000000	0.000000	0.000000	0.000000	0.000000	1733433175.412330	0.000000
214.000000	88219.854321	19184.189342	187500.000000	187500.000000	86710.664536	102751.058668	112733.325390	133900.785017	-0.070000	0.772000	0.572000	192.000000	253.000000	208.000000	24.000000	32.000000	17.000000	224.000000	0.000000	0.000000	0.000000	1733433175.416410	0.000000
215.000000	88218.021478	19187.430345	187500.000000	187500.000000	86709.189321	102770.527037	112733.571259	133906.082381	-0.070000	0.772000	0.572000	192.000000	0.000000	0.000000	0.000000	0.000000	0.000000	0.000000	0.000000	0.000000	0.000000	1733433175.420675	0.000000
216.000000	88212.768818	19184.010528	187500.000000	187500.000000	86696.873510	102749.426991	112721.389558	133916.431238	-0.070000	0.772000	0.572000	192.000000	0.000000	0.000000	0.000000	0.000000	0.000000	0.000000	0.000000	0.000000	0.000000	1733433175.425418	0.000000
217.000000	88203.425789	19180.188379	187500.000000	187500.000000	86696.001791	102760.602863	112731.447843	133910.373915	-0.070000	0.772000	0.572000	192.000000	0.000000	0.000000	0.000000	0.000000	0.000000	0.000000	0.000000	0.000000	0.000000	1733433175.429449	0.000000
218.000000	88207.493807	19182.669423	187500.000000	187500.000000	86708.988155	102754.433781	112748.122245	133887.597488	-0.070000	0.772000	0.572000	192.000000	0.000000	0.000000	0.000000	0.000000	0.000000	0.000000	0.000000	0.000000	0.000000	1733433175.433455	0.000000
219.000000	88208.723153	19170.443019	187500.000000	187500.000000	86703.668440	102738.541691	112740.321486	133893.341886	-0.070000	0.772000	0.572000	192.000000	0.000000	0.000000	0.000000	0.000000	0.000000	0.000000	0.000000	0.000000	0.000000	1733433175.436984	0.000000
220.000000	88203.805769	19167.559644	187500.000000	187500.000000	86701.545024	102745.113104	112740.142672	133918.554654	-0.070000	0.772000	0.572000	192.000000	0.000000	0.000000	0.000000	0.000000	0.000000	0.000000	0.000000	0.000000	0.000000	1733433175.440686	0.000000
221.000000	88196.541452	19162.329335	187500.000000	187500.000000	86695.733571	102742.810874	112724.317637	133917.615881	-0.070000	0.772000	0.572000	192.000000	0.000000	0.000000	0.000000	0.000000	0.000000	0.000000	0.000000	0.000000	0.000000	1733433175.444451	0.000000
222.000000	88193.591022	19156.741399	187500.000000	187500.000000	86689.318620	102746.476560	112721.255448	133879.595563	-0.070000	0.772000	0.572000	192.000000	0.000000	0.000000	0.000000	0.000000	0.000000	0.000000	0.000000	0.000000	0.000000	1733433175.448630	0.000000
223.000000	88191.601716	19158.931870	187500.000000	187500.000000	86691.889070	102747.080058	112731.984285	133875.639305	-0.070000	0.772000	0.572000	192.000000	0.000000	0.000000	0.000000	0.000000	0.000000	0.000000	0.000000	0.000000	0.000000	1733433175.453824	0.000000
224.000000	88192.719304	19170.733591	187500.000000	187500.000000	86682.836614	102739.860444	112727.290419	133884.647058	-0.072000	0.770000	0.570000	192.000000	253.000000	192.000000	24.000000	16.000000	17.000000	208.000000	0.000000	0.000000	0.000000	1733433175.457430	0.000000
225.000000	88199.894214	19179.674289	187500.000000	187500.000000	86678.567431	102764.626177	112731.783120	133899.890947	-0.072000	0.770000	0.570000	192.000000	0.000000	0.000000	0.000000	0.000000	0.000000	0.000000	0.000000	0.000000	0.000000	1733433175.460409	0.000000
226.000000	88204.498673	19175.762734	187500.000000	187500.000000	86681.584916	102757.630081	112724.116471	133906.685878	-0.072000	0.770000	0.570000	192.000000	0.000000	0.000000	0.000000	0.000000	0.000000	0.000000	0.000000	0.000000	0.000000	1733433175.464437	0.000000
227.000000	88191.042923	19167.179664	187500.000000	187500.000000	86669.626733	102737.267642	112707.464422	133937.106602	-0.072000	0.770000	0.570000	192.000000	0.000000	0.000000	0.000000	0.000000	0.000000	0.000000	0.000000	0.000000	0.000000	1733433175.468446	0.000000
228.000000	88190.394722	19174.421629	187500.000000	187500.000000	86668.643256	102754.277319	112721.814242	133910.284509	-0.072000	0.770000	0.570000	192.000000	0.000000	0.000000	0.000000	0.000000	0.000000	0.000000	0.000000	0.000000	0.000000	1733433175.472448	0.000000
229.000000	88192.160510	19172.521731	187500.000000	187500.000000	86669.693788	102760.044069	112728.117434	133874.722883	-0.072000	0.770000	0.570000	192.000000	0.000000	0.000000	0.000000	0.000000	0.000000	0.000000	0.000000	0.000000	0.000000	1733433175.476444	0.000000
230.000000	88194.641554	19176.433286	187500.000000	187500.000000	86668.442091	102753.271491	112733.839480	133874.946401	-0.072000	0.770000	0.570000	192.000000	0.000000	0.000000	0.000000	0.000000	0.000000	0.000000	0.000000	0.000000	0.000000	1733433175.481453	0.000000
231.000000	88196.832025	19178.690812	187500.000000	187500.000000	86661.736567	102752.735049	112723.714140	133910.753895	-0.072000	0.770000	0.570000	192.000000	0.000000	0.000000	0.000000	0.000000	0.000000	0.000000	0.000000	0.000000	0.000000	1733433175.485874	0.000000
232.000000	88206.219757	19183.183513	187500.000000	187500.000000	86661.378939	102753.942043	112732.587782	133912.966718	-0.072000	0.770000	0.570000	192.000000	0.000000	0.000000	0.000000	0.000000	0.000000	0.000000	0.000000	0.000000	0.000000	1733433175.488732	0.000000
233.000000	88191.221737	19162.999888	187500.000000	187500.000000	86657.467384	102743.839055	112722.775367	133870.721921	-0.072000	0.770000	0.570000	192.000000	0.000000	0.000000	0.000000	0.000000	0.000000	0.000000	0.000000	0.000000	0.000000	1733433175.492728	0.000000
234.000000	88185.812615	19163.737495	187500.000000	187500.000000	86658.450861	102753.495008	112721.188393	133865.938648	-0.070000	0.770000	0.574000	192.000000	253.000000	208.000000	24.000000	16.000000	17.000000	240.000000	0.000000	0.000000	0.000000	1733433175.496702	0.000000
235.000000	88190.573536	19174.086353	187500.000000	187500.000000	86662.876506	102762.994500	112724.764672	133892.201947	-0.070000	0.770000	0.574000	192.000000	0.000000	0.000000	0.000000	0.000000	0.000000	0.000000	0.000000	0.000000	0.000000	1733433175.500678	0.000000
236.000000	88183.778606	19156.160254	187500.000000	187500.000000	86659.344931	102744.733124	112726.798681	133903.690744	-0.070000	0.770000	0.574000	192.000000	0.000000	0.000000	0.000000	0.000000	0.000000	0.000000	0.000000	0.000000	0.000000	1733433175.504844	0.000000
237.000000	88186.594926	19173.415801	187500.000000	187500.000000	86654.651064	102752.332717	112728.609172	133899.220395	-0.070000	0.770000	0.574000	192.000000	0.000000	0.000000	0.000000	0.000000	0.000000	0.000000	0.000000	0.000000	0.000000	1733433175.508490	0.000000
238.000000	88187.913679	19180.568359	187500.000000	187500.000000	86651.924151	102746.007174	112720.473137	133893.520700	-0.070000	0.770000	0.574000	192.000000	0.000000	0.000000	0.000000	0.000000	0.000000	0.000000	0.000000	0.000000	0.000000	1733433175.513520	0.000000
239.000000	88196.988487	19182.378850	187500.000000	187500.000000	86661.915381	102760.580511	112729.927925	133885.630534	-0.070000	0.770000	0.574000	192.000000	0.000000	0.000000	0.000000	0.000000	0.000000	0.000000	0.000000	0.000000	0.000000	1733433175.516538	0.000000
240.000000	88197.212004	19168.364306	187500.000000	187500.000000	86656.394500	102774.393889	112722.551849	133891.866671	-0.070000	0.770000	0.574000	192.000000	0.000000	0.000000	0.000000	0.000000	0.000000	0.000000	0.000000	0.000000	0.000000	1733433175.520567	0.000000
241.000000	88201.056504	19170.308908	187500.000000	187500.000000	86658.763785	102766.928407	112727.312771	133919.761648	-0.070000	0.770000	0.574000	192.000000	0.000000	0.000000	0.000000	0.000000	0.000000	0.000000	0.000000	0.000000	0.000000	1733433175.525556	0.000000
242.000000	88196.384990	19170.286557	187500.000000	187500.000000	86661.401291	102769.163581	112732.677189	133917.615881	-0.070000	0.770000	0.574000	192.000000	0.000000	0.000000	0.000000	0.000000	0.000000	0.000000	0.000000	0.000000	0.000000	1733433175.528524	0.000000
243.000000	88199.089551	19174.488684	187500.000000	187500.000000	86663.927038	102779.378328	112729.369131	133918.152323	-0.070000	0.770000	0.574000	192.000000	0.000000	0.000000	0.000000	0.000000	0.000000	0.000000	0.000000	0.000000	0.000000	1733433175.532700	0.000000
244.000000	88203.694010	19173.616966	187500.000000	187500.000000	86653.622884	102768.023642	112718.148556	133888.133930	-0.074000	0.764000	0.576000	192.000000	253.000000	176.000000	23.000000	224.000000	18.000000	0.000000	0.000000	0.000000	0.000000	1733433175.536599	0.000000
245.000000	88198.508406	19172.566434	187500.000000	187500.000000	86648.012596	102776.003215	112709.207858	133883.395360	-0.074000	0.764000	0.576000	192.000000	0.000000	0.000000	0.000000	0.000000	0.000000	0.000000	0.000000	0.000000	0.000000	1733433175.540824	0.000000
246.000000	88210.399534	19182.959996	187500.000000	187500.000000	86662.049492	102787.044977	112715.712215	133896.873462	-0.074000	0.764000	0.576000	192.000000	0.000000	0.000000	0.000000	0.000000	0.000000	0.000000	0.000000	0.000000	0.000000	1733433175.544688	0.000000
247.000000	88211.137141	19192.168914	187500.000000	187500.000000	86662.250657	102768.694194	112722.596553	133913.056125	-0.074000	0.764000	0.576000	192.000000	0.000000	0.000000	0.000000	0.000000	0.000000	0.000000	0.000000	0.000000	0.000000	1733433175.548578	0.000000
248.000000	88212.612356	19199.120307	187500.000000	187500.000000	86659.702558	102770.862314	112725.949314	133902.550805	-0.074000	0.764000	0.576000	192.000000	0.000000	0.000000	0.000000	0.000000	0.000000	0.000000	0.000000	0.000000	0.000000	1733433175.553804	0.000000
249.000000	88213.484074	19193.353557	187500.000000	187500.000000	86663.234134	102793.683445	112725.748149	133899.421561	-0.074000	0.764000	0.576000	192.000000	0.000000	0.000000	0.000000	0.000000	0.000000	0.000000	0.000000	0.000000	0.000000	1733433175.556600	0.000000
250.000000	88205.415095	19171.001812	187500.000000	187500.000000	86658.003826	102782.574628	112712.180640	133903.780151	-0.074000	0.764000	0.576000	192.000000	0.000000	0.000000	0.000000	0.000000	0.000000	0.000000	0.000000	0.000000	0.000000	1733433175.560592	0.000000
251.000000	88206.890310	19175.673327	187500.000000	187500.000000	86652.125317	102767.509552	112706.749166	133920.990994	-0.074000	0.764000	0.576000	192.000000	0.000000	0.000000	0.000000	0.000000	0.000000	0.000000	0.000000	0.000000	0.000000	1733433175.564578	0.000000
252.000000	88210.801865	19188.927911	187500.000000	187500.000000	86660.149593	102773.186895	112718.193259	133901.120293	-0.074000	0.764000	0.576000	192.000000	0.000000	0.000000	0.000000	0.000000	0.000000	0.000000	0.000000	0.000000	0.000000	1733433175.568598	0.000000
253.000000	88212.299432	19186.849199	187500.000000	187500.000000	86665.983399	102787.559067	112722.261277	133906.082381	-0.074000	0.764000	0.576000	192.000000	0.000000	0.000000	0.000000	0.000000	0.000000	0.000000	0.000000	0.000000	0.000000	1733433175.572603	0.000000
254.000000	88207.449103	19178.444943	187500.000000	187500.000000	86655.120451	102787.246142	112714.974608	133911.782075	-0.076000	0.766000	0.574000	192.000000	253.000000	160.000000	23.000000	240.000000	17.000000	240.000000	0.000000	0.000000	0.000000	1733433175.576616	0.000000
255.000000	88203.336382	19177.528522	187500.000000	187500.000000	86641.441183	102765.028508	112713.298227	133918.554654	-0.076000	0.766000	0.574000	192.000000	0.000000	0.000000	0.000000	0.000000	0.000000	0.000000	0.000000	0.000000	0.000000	1733433175.581803	0.000000
0.000000	88204.878653	19186.849199	187500.000000	187500.000000	86633.707480	102764.402659	112701.027119	133925.595453	-0.076000	0.766000	0.574000	192.000000	0.000000	0.000000	0.000000	0.000000	0.000000	0.000000	0.000000	0.000000	0.000000	1733433175.584844	0.000000
1.000000	88214.847531	19193.219446	187500.000000	187500.000000	86647.945541	102780.473564	112713.767614	133899.890947	-0.076000	0.766000	0.574000	192.000000	0.000000	0.000000	0.000000	0.000000	0.000000	0.000000	0.000000	0.000000	0.000000	1733433175.588337	0.000000
2.000000	88214.154627	19186.312757	187500.000000	187500.000000	86659.814317	102790.375387	112729.883221	133898.415732	-0.076000	0.766000	0.574000	192.000000	0.000000	0.000000	0.000000	0.000000	0.000000	0.000000	0.000000	0.000000	0.000000	1733433175.592831	0.000000
3.000000	88205.035115	19176.746211	187500.000000	187500.000000	86655.276913	102797.773814	112725.792852	133892.559575	-0.076000	0.766000	0.574000	192.000000	0.000000	0.000000	0.000000	0.000000	0.000000	0.000000	0.000000	0.000000	0.000000	1733433175.596659	0.000000
4.000000	88206.242109	19169.817170	187500.000000	187500.000000	86658.763785	102775.511476	112717.343893	133905.970622	-0.076000	0.766000	0.574000	192.000000	0.000000	0.000000	0.000000	0.000000	0.000000	0.000000	0.000000	0.000000	0.000000	1733433175.600634	0.000000
5.000000	88217.932071	19186.178647	187500.000000	187500.000000	86658.003826	102776.070270	112718.684997	133912.027945	-0.076000	0.766000	0.574000	192.000000	0.000000	0.000000	0.000000	0.000000	0.000000	0.000000	0.000000	0.000000	0.000000	1733433175.604766	0.000000
6.000000	88210.064257	19183.541141	187500.000000	187500.000000	86666.989227	102792.252933	112709.587837	133912.072648	-0.076000	0.766000	0.574000	192.000000	0.000000	0.000000	0.000000	0.000000	0.000000	0.000000	0.000000	0.000000	0.000000	1733433175.609641	0.000000
7.000000	88218.669679	19187.765621	187500.000000	187500.000000	86679.372094	102789.436613	112723.043588	133930.557541	-0.076000	0.766000	0.574000	192.000000	0.000000	0.000000	0.000000	0.000000	0.000000	0.000000	0.000000	0.000000	0.000000	1733433175.612622	0.000000
8.000000	88228.571502	19206.183458	187500.000000	187500.000000	86687.888108	102788.542543	112722.730663	133906.149436	-0.078000	0.766000	0.572000	192.000000	253.000000	144.000000	23.000000	240.000000	17.000000	224.000000	0.000000	0.000000	0.000000	1733433175.615655	0.000000
9.000000	88224.794057	19202.249551	187500.000000	187500.000000	86682.456634	102775.846753	112720.160213	133899.332154	-0.078000	0.766000	0.572000	192.000000	0.000000	0.000000	0.000000	0.000000	0.000000	0.000000	0.000000	0.000000	0.000000	1733433175.620813	0.000000
10.000000	88219.116714	19196.460449	187500.000000	187500.000000	86682.054303	102776.405546	112717.366244	133897.387552	-0.078000	0.766000	0.572000	192.000000	0.000000	0.000000	0.000000	0.000000	0.000000	0.000000	0.000000	0.000000	0.000000	1733433175.624678	0.000000
11.000000	88213.215853	19179.897807	187500.000000	187500.000000	86679.148576	102771.711680	112704.111660	133905.255366	-0.078000	0.766000	0.572000	192.000000	0.000000	0.000000	0.000000	0.000000	0.000000	0.000000	0.000000	0.000000	0.000000	1733433175.628835	0.000000
12.000000	88211.874749	19176.209769	187500.000000	187500.000000	86678.478024	102780.562971	112706.570352	133906.529415	-0.078000	0.766000	0.572000	192.000000	0.000000	0.000000	0.000000	0.000000	0.000000	0.000000	0.000000	0.000000	0.000000	1733433175.632912	0.000000
13.000000	88211.628880	19175.852141	187500.000000	187500.000000	86680.601440	102799.986637	112723.021236	133911.022116	-0.078000	0.766000	0.572000	192.000000	0.000000	0.000000	0.000000	0.000000	0.000000	0.000000	0.000000	0.000000	0.000000	1733433175.638549	0.000000
14.000000	88214.266385	19180.657766	187500.000000	187500.000000	86688.022219	102773.499819	112715.645160	133914.129009	-0.078000	0.766000	0.572000	192.000000	0.000000	0.000000	0.000000	0.000000	0.000000	0.000000	0.000000	0.000000	0.000000	1733433175.640743	0.000000
15.000000	88212.277080	19182.647071	187500.000000	187500.000000	86685.138844	102753.025622	112705.229247	133898.505139	-0.078000	0.766000	0.572000	192.000000	0.000000	0.000000	0.000000	0.000000	0.000000	0.000000	0.000000	0.000000	0.000000	1733433175.643876	0.000000
16.000000	88210.712458	19191.900693	187500.000000	187500.000000	86686.077617	102758.770020	112691.482924	133888.938593	-0.078000	0.766000	0.572000	192.000000	0.000000	0.000000	0.000000	0.000000	0.000000	0.000000	0.000000	0.000000	0.000000	1733433175.648741	0.000000
17.000000	88219.608452	19195.074641	187500.000000	187500.000000	86692.313754	102761.653395	112695.774459	133911.804427	-0.078000	0.766000	0.572000	192.000000	0.000000	0.000000	0.000000	0.000000	0.000000	0.000000	0.000000	0.000000	0.000000	1733433175.652731	0.000000
18.000000	88217.797961	19195.253455	187500.000000	187500.000000	86696.515882	102753.047973	112706.682111	133918.375840	-0.076000	0.772000	0.572000	192.000000	253.000000	160.000000	24.000000	32.000000	17.000000	224.000000	0.000000	0.000000	0.000000	1733433175.656744	0.000000
19.000000	88213.104095	19197.533333	187500.000000	187500.000000	86700.248623	102752.958566	112706.503297	133926.601282	-0.076000	0.772000	0.572000	192.000000	0.000000	0.000000	0.000000	0.000000	0.000000	0.000000	0.000000	0.000000	0.000000	1733433175.660753	0.000000
20.000000	88212.791170	19200.617874	187500.000000	187500.000000	86705.680097	102766.570779	112708.447898	133934.670262	-0.076000	0.772000	0.572000	192.000000	0.000000	0.000000	0.000000	0.000000	0.000000	0.000000	0.000000	0.000000	0.000000	1733433175.663769	0.000000
21.000000	88212.768818	19186.424516	187500.000000	187500.000000	86700.539196	102762.815686	112698.054337	133904.182482	-0.076000	0.772000	0.572000	192.000000	0.000000	0.000000	0.000000	0.000000	0.000000	0.000000	0.000000	0.000000	0.000000	1733433175.667781	0.000000
22.000000	88211.070086	19171.046516	187500.000000	187500.000000	86702.684963	102767.733069	112698.635483	133879.081473	-0.076000	0.772000	0.572000	192.000000	0.000000	0.000000	0.000000	0.000000	0.000000	0.000000	0.000000	0.000000	0.000000	1733433175.671808	0.000000
23.000000	88215.294566	19175.539216	187500.000000	187500.000000	86715.000774	102779.445383	112712.135936	133897.633421	-0.076000	0.772000	0.572000	192.000000	0.000000	0.000000	0.000000	0.000000	0.000000	0.000000	0.000000	0.000000	0.000000	1733433175.676773	0.000000
24.000000	88204.766894	19169.593652	187500.000000	187500.000000	86715.850141	102772.605750	112706.548000	133898.482787	-0.076000	0.772000	0.572000	192.000000	0.000000	0.000000	0.000000	0.000000	0.000000	0.000000	0.000000	0.000000	0.000000	1733433175.680888	0.000000
25.000000	88206.756199	19174.376926	187500.000000	187500.000000	86712.385620	102768.805953	112696.936750	133909.725715	-0.076000	0.772000	0.572000	192.000000	0.000000	0.000000	0.000000	0.000000	0.000000	0.000000	0.000000	0.000000	0.000000	1733433175.685050	0.000000
26.000000	88215.182807	19187.497400	187500.000000	187500.000000	86717.727687	102786.083852	112703.508163	133913.503160	-0.076000	0.772000	0.572000	192.000000	0.000000	0.000000	0.000000	0.000000	0.000000	0.000000	0.000000	0.000000	0.000000	1733433175.689445	0.000000
27.000000	88214.087571	19189.196132	187500.000000	187500.000000	86716.498341	102793.772852	112708.224381	133907.401133	-0.076000	0.772000	0.572000	192.000000	0.000000	0.000000	0.000000	0.000000	0.000000	0.000000	0.000000	0.000000	0.000000	1733433175.692073	0.000000
28.000000	88206.912661	19171.918234	187500.000000	187500.000000	86711.268033	102795.024549	112699.753070	133917.325308	-0.076000	0.770000	0.570000	192.000000	253.000000	160.000000	24.000000	16.000000	17.000000	208.000000	0.000000	0.000000	0.000000	1733433175.695798	0.000000
29.000000	88200.989449	19159.110684	187500.000000	187500.000000	86702.930832	102753.405601	112676.551959	133900.337982	-0.076000	0.770000	0.570000	192.000000	0.000000	0.000000	0.000000	0.000000	0.000000	0.000000	0.000000	0.000000	0.000000	1733433175.699754	0.000000
30.000000	88202.866996	19167.894920	187500.000000	187500.000000	86703.422571	102759.440572	112677.356622	133899.868596	-0.076000	0.770000	0.570000	192.000000	0.000000	0.000000	0.000000	0.000000	0.000000	0.000000	0.000000	0.000000	0.000000	1733433175.704006	0.000000
31.000000	88201.257670	19172.298214	187500.000000	187500.000000	86704.271937	102759.418220	112682.788096	133882.680104	-0.076000	0.770000	0.570000	192.000000	0.000000	0.000000	0.000000	0.000000	0.000000	0.000000	0.000000	0.000000	0.000000	1733433175.708798	0.000000
32.000000	88206.309164	19178.176722	187500.000000	187500.000000	86701.857949	102767.107221	112688.912474	133887.597488	-0.076000	0.770000	0.570000	192.000000	0.000000	0.000000	0.000000	0.000000	0.000000	0.000000	0.000000	0.000000	0.000000	1733433175.712821	0.000000
33.000000	88201.570594	19179.406068	187500.000000	187500.000000	86698.236966	102774.550351	112674.137971	133896.292316	-0.076000	0.770000	0.570000	192.000000	0.000000	0.000000	0.000000	0.000000	0.000000	0.000000	0.000000	0.000000	0.000000	1733433175.716872	0.000000
34.000000	88199.424827	19177.752039	187500.000000	187500.000000	86709.412838	102792.632913	112688.957177	133920.566311	-0.076000	0.770000	0.570000	192.000000	0.000000	0.000000	0.000000	0.000000	0.000000	0.000000	0.000000	0.000000	0.000000	1733433175.720005	0.000000
35.000000	88209.326650	19182.647071	187500.000000	187500.000000	86727.093068	102806.915677	112715.354587	133929.328195	-0.076000	0.770000	0.570000	192.000000	0.000000	0.000000	0.000000	0.000000	0.000000	0.000000	0.000000	0.000000	0.000000	1733433175.724061	0.000000
36.000000	88206.152702	19178.333185	187500.000000	187500.000000	86727.271882	102819.633820	112718.640294	133932.859770	-0.076000	0.770000	0.570000	192.000000	0.000000	0.000000	0.000000	0.000000	0.000000	0.000000	0.000000	0.000000	0.000000	1733433175.727923	0.000000
37.000000	88191.579365	19162.619908	187500.000000	187500.000000	86710.195149	102796.544468	112693.874561	133911.625613	-0.076000	0.770000	0.570000	192.000000	0.000000	0.000000	0.000000	0.000000	0.000000	0.000000	0.000000	0.000000	0.000000	1733433175.732051	0.000000
38.000000	88191.959344	19158.261318	187500.000000	187500.000000	86706.238890	102790.777718	112687.213741	133898.773360	-0.076000	0.770000	0.574000	192.000000	253.000000	160.000000	24.000000	16.000000	17.000000	240.000000	0.000000	0.000000	0.000000	1733433175.737140	0.000000
39.000000	88202.218795	19168.274900	187500.000000	187500.000000	86717.861798	102798.712587	112702.234113	133902.662564	-0.076000	0.770000	0.574000	192.000000	0.000000	0.000000	0.000000	0.000000	0.000000	0.000000	0.000000	0.000000	0.000000	1733433175.740912	0.000000
40.000000	88207.203234	19171.202978	187500.000000	187500.000000	86728.814152	102826.696971	112714.728739	133907.423485	-0.076000	0.770000	0.574000	192.000000	0.000000	0.000000	0.000000	0.000000	0.000000	0.000000	0.000000	0.000000	0.000000	1733433175.744871	0.000000
41.000000	88207.918490	19175.047478	187500.000000	187500.000000	86729.440001	102824.081817	112718.394425	133909.904529	-0.076000	0.770000	0.574000	192.000000	0.000000	0.000000	0.000000	0.000000	0.000000	0.000000	0.000000	0.000000	0.000000	1733433175.747834	0.000000
42.000000	88213.618185	19188.592635	187500.000000	187500.000000	86727.517751	102799.785471	112715.734567	133943.767422	-0.076000	0.770000	0.574000	192.000000	0.000000	0.000000	0.000000	0.000000	0.000000	0.000000	0.000000	0.000000	0.000000	1733433175.751887	0.000000
43.000000	88218.960252	19194.359385	187500.000000	187500.000000	86724.522617	102801.171279	112716.785099	133965.180393	-0.076000	0.770000	0.574000	192.000000	0.000000	0.000000	0.000000	0.000000	0.000000	0.000000	0.000000	0.000000	0.000000	1733433175.755898	0.000000
44.000000	88208.276118	19176.768562	187500.000000	187500.000000	86725.371984	102799.249029	112709.610189	133908.496369	-0.076000	0.770000	0.574000	192.000000	0.000000	0.000000	0.000000	0.000000	0.000000	0.000000	0.000000	0.000000	0.000000	1733433175.759862	0.000000
45.000000	88205.146874	19169.437190	187500.000000	187500.000000	86726.243702	102792.677616	112702.502334	133903.780151	-0.076000	0.770000	0.574000	192.000000	0.000000	0.000000	0.000000	0.000000	0.000000	0.000000	0.000000	0.000000	0.000000	1733433175.765027	0.000000
46.000000	88202.866996	19166.084429	187500.000000	187500.000000	86721.661594	102803.339398	112700.043643	133909.479846	-0.076000	0.770000	0.574000	192.000000	0.000000	0.000000	0.000000	0.000000	0.000000	0.000000	0.000000	0.000000	0.000000	1733433175.768941	0.000000
47.000000	88203.425789	19164.832731	187500.000000	187500.000000	86725.684908	102806.043959	112703.821087	133915.313651	-0.076000	0.770000	0.574000	192.000000	0.000000	0.000000	0.000000	0.000000	0.000000	0.000000	0.000000	0.000000	0.000000	1733433175.772092	0.000000
48.000000	88193.501615	19156.741399	187500.000000	187500.000000	86720.499303	102792.141174	112697.719061	133904.629517	-0.074000	0.764000	0.572000	192.000000	253.000000	176.000000	23.000000	224.000000	17.000000	224.000000	0.000000	0.000000	0.000000	1733433175.775939	0.000000
49.000000	88183.063350	19142.659800	187500.000000	187500.000000	86710.418667	102776.383194	112686.878465	133899.712133	-0.074000	0.764000	0.572000	192.000000	0.000000	0.000000	0.000000	0.000000	0.000000	0.000000	0.000000	0.000000	0.000000	1733433175.779975	0.000000
50.000000	88191.177033	19157.613117	187500.000000	187500.000000	86707.848216	102780.048881	112689.180695	133912.631442	-0.074000	0.764000	0.572000	192.000000	0.000000	0.000000	0.000000	0.000000	0.000000	0.000000	0.000000	0.000000	0.000000	1733433175.783911	0.000000
51.000000	88194.529795	19169.526597	187500.000000	187500.000000	86709.658707	102791.872953	112684.755049	133899.712133	-0.074000	0.764000	0.572000	192.000000	0.000000	0.000000	0.000000	0.000000	0.000000	0.000000	0.000000	0.000000	0.000000	1733433175.787941	0.000000
52.000000	88189.388894	19170.644184	187500.000000	187500.000000	86712.519731	102778.327796	112684.755049	133898.818064	-0.074000	0.764000	0.572000	192.000000	0.000000	0.000000	0.000000	0.000000	0.000000	0.000000	0.000000	0.000000	0.000000	1733433175.792935	0.000000
53.000000	88193.345153	19169.839522	187500.000000	187500.000000	86709.591652	102771.711680	112679.077706	133922.309747	-0.074000	0.764000	0.572000	192.000000	0.000000	0.000000	0.000000	0.000000	0.000000	0.000000	0.000000	0.000000	0.000000	1733433175.796949	0.000000
54.000000	88193.523966	19164.095123	187500.000000	187500.000000	86706.104780	102784.809802	112672.372183	133934.022061	-0.074000	0.764000	0.572000	192.000000	0.000000	0.000000	0.000000	0.000000	0.000000	0.000000	0.000000	0.000000	0.000000	1733433175.799939	0.000000
55.000000	88196.541452	19160.720010	187500.000000	187500.000000	86717.414763	102801.394797	112701.205933	133897.991049	-0.074000	0.764000	0.572000	192.000000	0.000000	0.000000	0.000000	0.000000	0.000000	0.000000	0.000000	0.000000	0.000000	1733433175.804073	0.000000
56.000000	88202.844644	19167.246719	187500.000000	187500.000000	86733.195094	102809.396721	112712.605323	133897.052276	-0.074000	0.764000	0.572000	192.000000	0.000000	0.000000	0.000000	0.000000	0.000000	0.000000	0.000000	0.000000	0.000000	1733433175.808119	0.000000
57.000000	88199.022496	19173.415801	187500.000000	187500.000000	86735.184400	102808.167375	112708.805526	133912.340869	-0.074000	0.764000	0.572000	192.000000	0.000000	0.000000	0.000000	0.000000	0.000000	0.000000	0.000000	0.000000	0.000000	1733433175.812126	0.000000
58.000000	88201.637650	19175.293347	187500.000000	187500.000000	86725.126115	102790.621256	112704.804564	133925.081363	-0.072000	0.764000	0.576000	192.000000	253.000000	192.000000	23.000000	224.000000	18.000000	0.000000	0.000000	0.000000	0.000000	1733433175.816157	0.000000
59.000000	88196.966135	19164.117475	187500.000000	187500.000000	86713.972594	102773.499819	112688.934826	133905.635346	-0.072000	0.764000	0.576000	192.000000	0.000000	0.000000	0.000000	0.000000	0.000000	0.000000	0.000000	0.000000	0.000000	1733433175.820058	0.000000
60.000000	88188.718341	19159.155388	187500.000000	187500.000000	86711.200978	102767.822476	112687.079631	133884.892927	-0.072000	0.764000	0.576000	192.000000	0.000000	0.000000	0.000000	0.000000	0.000000	0.000000	0.000000	0.000000	0.000000	1733433175.825051	0.000000
61.000000	88188.092493	19169.168969	187500.000000	187500.000000	86711.759771	102766.615482	112692.488753	133893.945383	-0.072000	0.764000	0.576000	192.000000	0.000000	0.000000	0.000000	0.000000	0.000000	0.000000	0.000000	0.000000	0.000000	1733433175.827992	0.000000
62.000000	88186.080836	19157.747228	187500.000000	187500.000000	86709.099914	102777.612540	112690.857076	133911.066820	-0.072000	0.764000	0.576000	192.000000	0.000000	0.000000	0.000000	0.000000	0.000000	0.000000	0.000000	0.000000	0.000000	1733433175.831983	0.000000
63.000000	88193.412208	19151.064056	187500.000000	187500.000000	86711.044515	102775.310311	112688.979529	133910.172750	-0.072000	0.764000	0.576000	192.000000	0.000000	0.000000	0.000000	0.000000	0.000000	0.000000	0.000000	0.000000	0.000000	1733433175.836004	0.000000
64.000000	88191.512309	19152.472216	187500.000000	187500.000000	86712.743248	102791.403567	112691.281759	133916.833570	-0.072000	0.764000	0.576000	192.000000	0.000000	0.000000	0.000000	0.000000	0.000000	0.000000	0.000000	0.000000	0.000000	1733433175.840034	0.000000
65.000000	88184.650324	19150.438207	187500.000000	187500.000000	86717.593577	102789.257799	112691.751145	133903.668392	-0.072000	0.764000	0.576000	192.000000	0.000000	0.000000	0.000000	0.000000	0.000000	0.000000	0.000000	0.000000	0.000000	1733433175.844051	0.000000
66.000000	88181.029341	19151.600498	187500.000000	187500.000000	86718.085315	102780.674729	112685.447953	133899.734485	-0.072000	0.764000	0.576000	192.000000	0.000000	0.000000	0.000000	0.000000	0.000000	0.000000	0.000000	0.000000	0.000000	1733433175.848178	0.000000
67.000000	88178.995333	19157.456655	187500.000000	187500.000000	86709.211672	102778.663072	112675.635538	133890.547918	-0.072000	0.764000	0.576000	192.000000	0.000000	0.000000	0.000000	0.000000	0.000000	0.000000	0.000000	0.000000	0.000000	1733433175.853155	0.000000
68.000000	88182.079873	19157.479007	187500.000000	187500.000000	86711.491550	102782.462869	112689.583026	133888.357447	-0.074000	0.764000	0.576000	192.000000	253.000000	176.000000	23.000000	224.000000	18.000000	0.000000	0.000000	0.000000	0.000000	1733433175.856295	0.000000
69.000000	88185.745559	19163.268109	187500.000000	187500.000000	86717.682984	102773.946854	112687.236093	133903.735447	-0.074000	0.764000	0.576000	192.000000	0.000000	0.000000	0.000000	0.000000	0.000000	0.000000	0.000000	0.000000	0.000000	1733433175.860192	0.000000
70.000000	88189.992391	19169.705411	187500.000000	187500.000000	86727.629510	102775.623235	112684.375070	133920.029869	-0.074000	0.764000	0.576000	192.000000	0.000000	0.000000	0.000000	0.000000	0.000000	0.000000	0.000000	0.000000	0.000000	1733433175.864357	0.000000
71.000000	88196.362638	19181.864760	187500.000000	187500.000000	86743.566304	102788.095509	112705.229247	133934.044413	-0.074000	0.764000	0.576000	192.000000	0.000000	0.000000	0.000000	0.000000	0.000000	0.000000	0.000000	0.000000	0.000000	1733433175.868091	0.000000
72.000000	88194.350981	19179.920158	187500.000000	187500.000000	86743.409841	102794.488108	112706.369186	133917.101791	-0.074000	0.764000	0.576000	192.000000	0.000000	0.000000	0.000000	0.000000	0.000000	0.000000	0.000000	0.000000	0.000000	1733433175.872200	0.000000
73.000000	88198.217833	19185.999833	187500.000000	187500.000000	86747.209638	102807.809747	112710.481907	133904.450703	-0.074000	0.764000	0.576000	192.000000	0.000000	0.000000	0.000000	0.000000	0.000000	0.000000	0.000000	0.000000	0.000000	1733433175.876051	0.000000
74.000000	88184.471510	19175.650975	187500.000000	187500.000000	86734.737365	102789.481317	112700.982416	133916.721811	-0.074000	0.764000	0.576000	192.000000	0.000000	0.000000	0.000000	0.000000	0.000000	0.000000	0.000000	0.000000	0.000000	1733433175.881066	0.000000
75.000000	88176.156661	19156.115551	187500.000000	187500.000000	86718.889978	102778.350148	112685.604416	133914.307823	-0.074000	0.764000	0.576000	192.000000	0.000000	0.000000	0.000000	0.000000	0.000000	0.000000	0.000000	0.000000	0.000000	1733433175.884053	0.000000
76.000000	88179.531774	19152.919251	187500.000000	187500.000000	86719.471123	102773.857447	112686.856113	133911.178578	-0.074000	0.764000	0.576000	192.000000	0.000000	0.000000	0.000000	0.000000	0.000000	0.000000	0.000000	0.000000	0.000000	1733433175.888114	0.000000
77.000000	88189.634763	19160.809417	187500.000000	187500.000000	86720.767524	102768.537732	112687.727831	133906.864692	-0.074000	0.764000	0.576000	192.000000	0.000000	0.000000	0.000000	0.000000	0.000000	0.000000	0.000000	0.000000	0.000000	1733433175.892144	0.000000
78.000000	88189.031266	19161.144693	187500.000000	187500.000000	86720.991042	102793.102299	112689.940654	133901.097942	-0.076000	0.770000	0.580000	192.000000	253.000000	160.000000	24.000000	16.000000	18.000000	32.000000	0.000000	0.000000	0.000000	1733433175.896103	0.000000
79.000000	88188.427769	19175.986251	187500.000000	187500.000000	86722.533312	102785.234485	112688.085459	133905.434180	-0.076000	0.770000	0.580000	192.000000	0.000000	0.000000	0.000000	0.000000	0.000000	0.000000	0.000000	0.000000	0.000000	1733433175.900270	0.000000
80.000000	88183.040998	19159.267147	187500.000000	187500.000000	86711.715068	102765.274377	112664.102037	133895.621764	-0.076000	0.770000	0.580000	192.000000	0.000000	0.000000	0.000000	0.000000	0.000000	0.000000	0.000000	0.000000	0.000000	1733433175.904341	0.000000
81.000000	88184.583269	19153.366286	187500.000000	187500.000000	86721.035745	102757.071287	112666.381915	133908.228148	-0.076000	0.770000	0.580000	192.000000	0.000000	0.000000	0.000000	0.000000	0.000000	0.000000	0.000000	0.000000	0.000000	1733433175.908095	0.000000
82.000000	88192.786359	19164.743324	187500.000000	187500.000000	86731.004623	102768.224808	112675.546131	133910.284509	-0.076000	0.770000	0.580000	192.000000	0.000000	0.000000	0.000000	0.000000	0.000000	0.000000	0.000000	0.000000	0.000000	1733433175.911088	0.000000
83.000000	88191.624068	19166.866740	187500.000000	187500.000000	86738.201885	102776.070270	112683.726869	133931.093983	-0.076000	0.770000	0.580000	192.000000	0.000000	0.000000	0.000000	0.000000	0.000000	0.000000	0.000000	0.000000	0.000000	1733433175.916078	0.000000
84.000000	88190.774702	19164.698620	187500.000000	187500.000000	86734.357385	102773.790392	112682.430468	133923.181465	-0.076000	0.770000	0.580000	192.000000	0.000000	0.000000	0.000000	0.000000	0.000000	0.000000	0.000000	0.000000	0.000000	1733433175.920321	0.000000
85.000000	88188.763045	19154.305059	187500.000000	187500.000000	86729.864684	102771.041128	112679.949424	133914.419581	-0.076000	0.770000	0.580000	192.000000	0.000000	0.000000	0.000000	0.000000	0.000000	0.000000	0.000000	0.000000	0.000000	1733433175.924134	0.000000
86.000000	88198.039019	19163.737495	187500.000000	187500.000000	86735.854952	102789.771889	112687.705480	133920.879235	-0.076000	0.770000	0.580000	192.000000	0.000000	0.000000	0.000000	0.000000	0.000000	0.000000	0.000000	0.000000	0.000000	1733433175.928118	0.000000
87.000000	88193.859243	19161.345859	187500.000000	187500.000000	86737.531333	102784.072195	112690.879427	133883.685933	-0.076000	0.770000	0.580000	192.000000	0.000000	0.000000	0.000000	0.000000	0.000000	0.000000	0.000000	0.000000	0.000000	1733433175.932360	0.000000
88.000000	88192.853414	19164.363344	187500.000000	187500.000000	86741.219371	102766.347261	112687.169038	133879.886136	-0.074000	0.774000	0.578000	192.000000	253.000000	176.000000	24.000000	48.000000	18.000000	16.000000	0.000000	0.000000	0.000000	1733433175.937532	0.000000
89.000000	88192.071103	19163.335164	187500.000000	187500.000000	86746.024996	102776.830229	112692.868733	133884.132967	-0.074000	0.774000	0.578000	192.000000	0.000000	0.000000	0.000000	0.000000	0.000000	0.000000	0.000000	0.000000	0.000000	1733433175.940318	0.000000
90.000000	88187.399589	19148.650068	187500.000000	187500.000000	86743.856876	102774.393889	112684.755049	133890.257345	-0.074000	0.774000	0.578000	192.000000	0.000000	0.000000	0.000000	0.000000	0.000000	0.000000	0.000000	0.000000	0.000000	1733433175.943283	0.000000
91.000000	88196.027362	19165.346821	187500.000000	187500.000000	86750.316531	102789.101337	112689.247750	133899.935651	-0.074000	0.774000	0.578000	192.000000	0.000000	0.000000	0.000000	0.000000	0.000000	0.000000	0.000000	0.000000	0.000000	1733433175.948521	0.000000
92.000000	88201.056504	19168.721934	187500.000000	187500.000000	86758.273752	102784.206305	112695.506238	133910.776247	-0.074000	0.774000	0.578000	192.000000	0.000000	0.000000	0.000000	0.000000	0.000000	0.000000	0.000000	0.000000	0.000000	1733433175.952179	0.000000
93.000000	88201.838815	19171.426495	187500.000000	187500.000000	86761.090071	102787.693177	112693.762802	133918.822875	-0.074000	0.774000	0.578000	192.000000	0.000000	0.000000	0.000000	0.000000	0.000000	0.000000	0.000000	0.000000	0.000000	1733433175.956200	0.000000
94.000000	88196.697914	19164.229234	187500.000000	187500.000000	86753.781051	102774.595055	112683.056317	133907.714058	-0.074000	0.774000	0.578000	192.000000	0.000000	0.000000	0.000000	0.000000	0.000000	0.000000	0.000000	0.000000	0.000000	1733433175.960182	0.000000
95.000000	88189.679466	19158.686001	187500.000000	187500.000000	86746.539086	102760.647566	112682.028136	133910.262157	-0.074000	0.774000	0.578000	192.000000	0.000000	0.000000	0.000000	0.000000	0.000000	0.000000	0.000000	0.000000	0.000000	1733433175.963166	0.000000
96.000000	88193.702780	19170.890054	187500.000000	187500.000000	86754.250438	102776.226732	112695.439183	133901.410866	-0.074000	0.774000	0.578000	192.000000	0.000000	0.000000	0.000000	0.000000	0.000000	0.000000	0.000000	0.000000	0.000000	1733433175.967230	0.000000
97.000000	88190.461778	19168.431362	187500.000000	187500.000000	86756.440908	102788.989578	112693.136953	133897.879290	-0.074000	0.774000	0.578000	192.000000	0.000000	0.000000	0.000000	0.000000	0.000000	0.000000	0.000000	0.000000	0.000000	1733433175.971223	0.000000
98.000000	88184.851490	19157.210786	187500.000000	187500.000000	86760.151298	102786.866163	112691.482924	133903.400171	-0.074000	0.772000	0.582000	192.000000	253.000000	176.000000	24.000000	32.000000	18.000000	48.000000	0.000000	0.000000	0.000000	1733433175.976276	0.000000
99.000000	88177.609524	19153.790969	187500.000000	187500.000000	86758.653731	102782.284055	112692.198180	133892.783093	-0.074000	0.772000	0.582000	192.000000	0.000000	0.000000	0.000000	0.000000	0.000000	0.000000	0.000000	0.000000	0.000000	1733433175.980336	0.000000
100.000000	88182.526908	19163.089295	187500.000000	187500.000000	86749.288350	102748.264700	112681.670509	133889.095055	-0.074000	0.772000	0.582000	192.000000	0.000000	0.000000	0.000000	0.000000	0.000000	0.000000	0.000000	0.000000	0.000000	1733433175.984470	0.000000
101.000000	88186.773740	19161.859949	187500.000000	187500.000000	86752.037615	102754.210264	112688.487791	133891.464340	-0.074000	0.772000	0.582000	192.000000	0.000000	0.000000	0.000000	0.000000	0.000000	0.000000	0.000000	0.000000	0.000000	1733433175.988591	0.000000
102.000000	88191.445254	19168.319603	187500.000000	187500.000000	86761.492403	102760.826380	112675.322613	133908.764590	-0.074000	0.772000	0.582000	192.000000	0.000000	0.000000	0.000000	0.000000	0.000000	0.000000	0.000000	0.000000	0.000000	1733433175.991469	0.000000
103.000000	88187.086664	19169.571301	187500.000000	187500.000000	86758.430214	102773.388061	112680.508218	133934.312634	-0.074000	0.772000	0.582000	192.000000	0.000000	0.000000	0.000000	0.000000	0.000000	0.000000	0.000000	0.000000	0.000000	1733433175.995210	0.000000
104.000000	88194.306278	19172.231158	187500.000000	187500.000000	86762.274714	102767.196628	112700.781250	133932.524494	-0.074000	0.772000	0.582000	192.000000	0.000000	0.000000	0.000000	0.000000	0.000000	0.000000	0.000000	0.000000	0.000000	1733433175.999249	0.000000
105.000000	88203.850472	19178.310833	187500.000000	187500.000000	86766.253324	102762.838037	112700.244808	133902.059067	-0.074000	0.772000	0.582000	192.000000	0.000000	0.000000	0.000000	0.000000	0.000000	0.000000	0.000000	0.000000	0.000000	1733433176.004493	0.000000
106.000000	88197.323763	19166.643222	187500.000000	187500.000000	86760.441871	102772.382232	112689.806544	133866.475089	-0.074000	0.772000	0.582000	192.000000	0.000000	0.000000	0.000000	0.000000	0.000000	0.000000	0.000000	0.000000	0.000000	1733433176.008272	0.000000
107.000000	88193.658077	19163.692792	187500.000000	187500.000000	86754.675121	102762.011023	112685.112677	133855.992121	-0.074000	0.772000	0.582000	192.000000	0.000000	0.000000	0.000000	0.000000	0.000000	0.000000	0.000000	0.000000	0.000000	1733433176.012594	0.000000
108.000000	88193.009876	19162.575205	187500.000000	187500.000000	86762.274714	102771.219942	112693.449878	133870.319589	-0.076000	0.768000	0.582000	192.000000	253.000000	160.000000	24.000000	0.000000	18.000000	48.000000	0.000000	0.000000	0.000000	1733433176.016425	0.000000
109.000000	88200.162435	19166.084429	187500.000000	187500.000000	86768.421444	102775.511476	112693.293416	133880.780206	-0.076000	0.768000	0.582000	192.000000	0.000000	0.000000	0.000000	0.000000	0.000000	0.000000	0.000000	0.000000	0.000000	1733433176.019483	0.000000
110.000000	88198.888385	19172.588786	187500.000000	187500.000000	86768.309685	102770.147058	112687.861942	133893.498348	-0.076000	0.768000	0.582000	192.000000	0.000000	0.000000	0.000000	0.000000	0.000000	0.000000	0.000000	0.000000	0.000000	1733433176.023542	0.000000
111.000000	88190.908812	19164.139827	187500.000000	187500.000000	86760.240705	102754.523188	112677.066049	133893.498348	-0.076000	0.768000	0.582000	192.000000	0.000000	0.000000	0.000000	0.000000	0.000000	0.000000	0.000000	0.000000	0.000000	1733433176.027904	0.000000
112.000000	88192.585193	19151.511091	187500.000000	187500.000000	86758.541972	102757.987709	112680.374107	133889.944421	-0.076000	0.768000	0.582000	192.000000	0.000000	0.000000	0.000000	0.000000	0.000000	0.000000	0.000000	0.000000	0.000000	1733433176.031299	0.000000
113.000000	88200.810635	19166.486760	187500.000000	187500.000000	86760.397167	102773.544523	112683.548055	133908.362258	-0.076000	0.768000	0.582000	192.000000	0.000000	0.000000	0.000000	0.000000	0.000000	0.000000	0.000000	0.000000	0.000000	1733433176.036759	0.000000
114.000000	88212.746467	19180.009565	187500.000000	187500.000000	86780.379627	102787.536715	112693.159305	133936.726622	-0.076000	0.768000	0.582000	192.000000	0.000000	0.000000	0.000000	0.000000	0.000000	0.000000	0.000000	0.000000	0.000000	1733433176.040300	0.000000
115.000000	88206.778551	19172.924062	187500.000000	187500.000000	86786.548708	102768.403622	112687.906645	133902.416694	-0.076000	0.768000	0.582000	192.000000	0.000000	0.000000	0.000000	0.000000	0.000000	0.000000	0.000000	0.000000	0.000000	1733433176.043299	0.000000
116.000000	88201.436484	19184.189342	187500.000000	187500.000000	86786.727522	102767.017814	112682.721041	133917.302956	-0.076000	0.768000	0.582000	192.000000	0.000000	0.000000	0.000000	0.000000	0.000000	0.000000	0.000000	0.000000	0.000000	1733433176.047367	0.000000
117.000000	88195.759141	19176.656804	187500.000000	187500.000000	86775.082263	102759.574683	112676.507256	133900.539148	-0.076000	0.768000	0.582000	192.000000	0.000000	0.000000	0.000000	0.000000	0.000000	0.000000	0.000000	0.000000	0.000000	1733433176.051356	0.000000
118.000000	88193.591022	19157.993097	187500.000000	187500.000000	86772.288295	102768.649491	112693.516933	133905.255366	-0.072000	0.772000	0.582000	192.000000	253.000000	192.000000	24.000000	32.000000	18.000000	48.000000	0.000000	0.000000	0.000000	1733433176.055353	0.000000
119.000000	88191.355847	19151.108760	187500.000000	187500.000000	86783.553575	102777.612540	112694.276892	133903.221357	-0.072000	0.772000	0.582000	192.000000	0.000000	0.000000	0.000000	0.000000	0.000000	0.000000	0.000000	0.000000	0.000000	1733433176.059341	0.000000
120.000000	88198.307240	19163.223405	187500.000000	187500.000000	86787.241612	102766.436668	112687.504314	133900.941479	-0.072000	0.772000	0.582000	192.000000	0.000000	0.000000	0.000000	0.000000	0.000000	0.000000	0.000000	0.000000	0.000000	1733433176.064553	0.000000
121.000000	88205.415095	19181.037746	187500.000000	187500.000000	86781.117234	102766.257854	112688.308977	133904.741276	-0.072000	0.772000	0.582000	192.000000	0.000000	0.000000	0.000000	0.000000	0.000000	0.000000	0.000000	0.000000	0.000000	1733433176.068687	0.000000
122.000000	88207.985545	19178.266129	187500.000000	187500.000000	86783.218298	102782.485221	112702.077651	133930.736355	-0.072000	0.772000	0.582000	192.000000	0.000000	0.000000	0.000000	0.000000	0.000000	0.000000	0.000000	0.000000	0.000000	1733433176.072196	0.000000
123.000000	88206.219757	19176.589748	187500.000000	187500.000000	86789.923822	102784.876857	112709.967817	133939.565294	-0.072000	0.772000	0.582000	192.000000	0.000000	0.000000	0.000000	0.000000	0.000000	0.000000	0.000000	0.000000	0.000000	1733433176.075485	0.000000
124.000000	88208.007897	19183.250568	187500.000000	187500.000000	86792.024886	102782.686386	112715.153422	133923.404982	-0.072000	0.772000	0.582000	192.000000	0.000000	0.000000	0.000000	0.000000	0.000000	0.000000	0.000000	0.000000	0.000000	1733433176.079570	0.000000
125.000000	88211.606528	19184.077583	187500.000000	187500.000000	86811.470903	102812.570669	112695.506238	133900.159168	-0.072000	0.772000	0.582000	192.000000	0.000000	0.000000	0.000000	0.000000	0.000000	0.000000	0.000000	0.000000	0.000000	1733433176.083438	0.000000
126.000000	88210.935975	19174.734554	187500.000000	187500.000000	86793.365990	102775.086793	112699.395442	133898.661601	-0.072000	0.772000	0.582000	192.000000	0.000000	0.000000	0.000000	0.000000	0.000000	0.000000	0.000000	0.000000	0.000000	1733433176.087658	0.000000
127.000000	88204.878653	19176.209769	187500.000000	187500.000000	86788.158034	102784.742747	112727.759806	133906.104732	-0.072000	0.772000	0.582000	192.000000	0.000000	0.000000	0.000000	0.000000	0.000000	0.000000	0.000000	0.000000	0.000000	1733433176.092464	0.000000
128.000000	88203.761065	19174.891016	187500.000000	187500.000000	86796.986973	102786.307369	112731.224326	133917.638232	-0.070000	0.764000	0.576000	192.000000	253.000000	208.000000	23.000000	224.000000	18.000000	0.000000	0.000000	0.000000	0.000000	1733433176.096448	0.000000
129.000000	88201.660001	19176.522693	187500.000000	187500.000000	86788.560365	102758.948834	112702.278817	133921.572139	-0.070000	0.764000	0.576000	192.000000	0.000000	0.000000	0.000000	0.000000	0.000000	0.000000	0.000000	0.000000	0.000000	1733433176.099443	0.000000
130.000000	88199.871862	19180.300138	187500.000000	187500.000000	86793.455397	102765.989633	112710.817183	133925.371936	-0.070000	0.764000	0.576000	192.000000	0.000000	0.000000	0.000000	0.000000	0.000000	0.000000	0.000000	0.000000	0.000000	1733433176.103518	0.000000
131.000000	88196.519100	19185.999833	187500.000000	187500.000000	86791.488444	102768.649491	112696.646177	133912.989070	-0.070000	0.764000	0.576000	192.000000	0.000000	0.000000	0.000000	0.000000	0.000000	0.000000	0.000000	0.000000	0.000000	1733433176.107683	0.000000
132.000000	88188.986562	19177.416763	187500.000000	187500.000000	86780.178461	102771.734032	112684.397421	133912.966718	-0.070000	0.764000	0.576000	192.000000	0.000000	0.000000	0.000000	0.000000	0.000000	0.000000	0.000000	0.000000	0.000000	1733433176.111758	0.000000
133.000000	88202.598775	19185.530446	187500.000000	187500.000000	86787.778054	102756.981880	112685.716174	133931.965701	-0.070000	0.764000	0.576000	192.000000	0.000000	0.000000	0.000000	0.000000	0.000000	0.000000	0.000000	0.000000	0.000000	1733433176.115670	0.000000
134.000000	88196.608507	19186.178647	187500.000000	187500.000000	86801.345563	102769.722375	112685.738526	133929.037622	-0.070000	0.764000	0.576000	192.000000	0.000000	0.000000	0.000000	0.000000	0.000000	0.000000	0.000000	0.000000	0.000000	1733433176.120648	0.000000
135.000000	88195.110940	19174.533388	187500.000000	187500.000000	86782.815967	102744.196682	112718.863811	133954.183335	-0.070000	0.764000	0.576000	192.000000	0.000000	0.000000	0.000000	0.000000	0.000000	0.000000	0.000000	0.000000	0.000000	1733433176.124434	0.000000
136.000000	88199.380124	19180.478952	187500.000000	187500.000000	86795.444703	102750.656337	112703.821087	133928.277663	-0.070000	0.764000	0.576000	192.000000	0.000000	0.000000	0.000000	0.000000	0.000000	0.000000	0.000000	0.000000	0.000000	1733433176.127476	0.000000
137.000000	88202.196443	19179.696641	187500.000000	187500.000000	86803.625441	102773.835096	112712.091233	133923.583796	-0.070000	0.764000	0.576000	192.000000	0.000000	0.000000	0.000000	0.000000	0.000000	0.000000	0.000000	0.000000	0.000000	1733433176.131502	0.000000
138.000000	88196.474397	19172.007641	187500.000000	187500.000000	86808.274604	102770.951721	112716.338064	133932.077459	-0.066000	0.768000	0.582000	192.000000	253.000000	240.000000	24.000000	0.000000	18.000000	48.000000	0.000000	0.000000	0.000000	1733433176.135550	0.000000
139.000000	88196.541452	19167.023202	187500.000000	187500.000000	86806.218243	102763.307424	112712.650026	133928.769401	-0.066000	0.768000	0.582000	192.000000	0.000000	0.000000	0.000000	0.000000	0.000000	0.000000	0.000000	0.000000	0.000000	1733433176.139485	0.000000
140.000000	88187.600754	19146.683114	187500.000000	187500.000000	86805.570043	102770.459982	112718.997922	133916.945328	-0.066000	0.768000	0.582000	192.000000	0.000000	0.000000	0.000000	0.000000	0.000000	0.000000	0.000000	0.000000	0.000000	1733433176.143746	0.000000
141.000000	88197.591984	19163.625737	187500.000000	187500.000000	86810.241557	102753.383249	112710.057224	133937.665395	-0.066000	0.768000	0.582000	192.000000	0.000000	0.000000	0.000000	0.000000	0.000000	0.000000	0.000000	0.000000	0.000000	1733433176.148718	0.000000
142.000000	88210.064257	19184.703432	187500.000000	187500.000000	86803.312517	102751.103372	112686.520837	133923.628500	-0.066000	0.768000	0.582000	192.000000	0.000000	0.000000	0.000000	0.000000	0.000000	0.000000	0.000000	0.000000	0.000000	1733433176.152512	0.000000
143.000000	88213.662888	19188.525580	187500.000000	187500.000000	86802.060819	102755.439610	112683.525703	133925.796619	-0.066000	0.768000	0.582000	192.000000	0.000000	0.000000	0.000000	0.000000	0.000000	0.000000	0.000000	0.000000	0.000000	1733433176.155490	0.000000
144.000000	88206.711496	19180.546007	187500.000000	187500.000000	86799.155092	102760.871084	112684.687994	133926.131895	-0.066000	0.768000	0.582000	192.000000	0.000000	0.000000	0.000000	0.000000	0.000000	0.000000	0.000000	0.000000	0.000000	1733433176.159464	0.000000
145.000000	88201.458836	19175.583920	187500.000000	187500.000000	86794.550633	102743.593185	112686.722003	133940.213494	-0.066000	0.768000	0.582000	192.000000	0.000000	0.000000	0.000000	0.000000	0.000000	0.000000	0.000000	0.000000	0.000000	1733433176.163464	0.000000
146.000000	88199.178958	19170.286557	187500.000000	187500.000000	86787.420426	102740.106313	112690.298282	133928.925863	-0.066000	0.768000	0.582000	192.000000	0.000000	0.000000	0.000000	0.000000	0.000000	0.000000	0.000000	0.000000	0.000000	1733433176.167704	0.000000
147.000000	88191.557013	19170.174798	187500.000000	187500.000000	86780.647848	102743.906110	112682.922206	133913.972546	-0.066000	0.768000	0.582000	192.000000	0.000000	0.000000	0.000000	0.000000	0.000000	0.000000	0.000000	0.000000	0.000000	1733433176.171790	0.000000
148.000000	88202.621126	19185.373984	187500.000000	187500.000000	86790.393208	102748.912901	112681.871674	133923.203817	-0.074000	0.766000	0.578000	192.000000	253.000000	176.000000	23.000000	240.000000	18.000000	16.000000	0.000000	0.000000	0.000000	1733433176.176737	0.000000
149.000000	88198.821330	19172.186455	187500.000000	187500.000000	86786.660467	102751.036316	112681.089363	133912.609090	-0.074000	0.766000	0.578000	192.000000	0.000000	0.000000	0.000000	0.000000	0.000000	0.000000	0.000000	0.000000	0.000000	1733433176.179929	0.000000
150.000000	88194.418036	19159.110684	187500.000000	187500.000000	86794.930612	102754.478485	112694.500410	133905.456532	-0.074000	0.766000	0.578000	192.000000	0.000000	0.000000	0.000000	0.000000	0.000000	0.000000	0.000000	0.000000	0.000000	1733433176.182754	0.000000
151.000000	88199.290717	19164.698620	187500.000000	187500.000000	86805.145360	102754.746706	112705.452765	133921.058049	-0.074000	0.766000	0.578000	192.000000	0.000000	0.000000	0.000000	0.000000	0.000000	0.000000	0.000000	0.000000	0.000000	1733433176.187750	0.000000
152.000000	88203.761065	19178.579054	187500.000000	187500.000000	86812.052049	102764.156790	112708.693768	133928.232959	-0.074000	0.766000	0.578000	192.000000	0.000000	0.000000	0.000000	0.000000	0.000000	0.000000	0.000000	0.000000	0.000000	1733433176.191567	0.000000
153.000000	88194.149815	19171.672365	187500.000000	187500.000000	86802.127874	102756.579549	112690.477096	133918.420543	-0.074000	0.766000	0.578000	192.000000	0.000000	0.000000	0.000000	0.000000	0.000000	0.000000	0.000000	0.000000	0.000000	1733433176.195506	0.000000
154.000000	88193.836891	19166.017373	187500.000000	187500.000000	86799.088037	102776.629064	112693.159305	133915.403058	-0.074000	0.766000	0.578000	192.000000	0.000000	0.000000	0.000000	0.000000	0.000000	0.000000	0.000000	0.000000	0.000000	1733433176.199562	0.000000
155.000000	88199.581289	19161.010583	187500.000000	187500.000000	86803.848958	102755.059630	112688.398384	133923.650852	-0.074000	0.766000	0.578000	192.000000	0.000000	0.000000	0.000000	0.000000	0.000000	0.000000	0.000000	0.000000	0.000000	1733433176.203745	0.000000
156.000000	88198.418999	19158.261318	187500.000000	187500.000000	86799.892700	102743.995517	112705.050433	133963.816936	-0.074000	0.766000	0.578000	192.000000	0.000000	0.000000	0.000000	0.000000	0.000000	0.000000	0.000000	0.000000	0.000000	1733433176.207823	0.000000
157.000000	88191.668772	19160.161216	187500.000000	187500.000000	86791.443740	102753.495008	112725.122300	133962.140556	-0.074000	0.766000	0.578000	192.000000	0.000000	0.000000	0.000000	0.000000	0.000000	0.000000	0.000000	0.000000	0.000000	1733433176.210812	0.000000
158.000000	88195.736789	19167.604347	187500.000000	187500.000000	86790.706133	102753.964395	112707.531477	133940.615826	-0.074000	0.766000	0.578000	192.000000	0.000000	0.000000	0.000000	0.000000	0.000000	0.000000	0.000000	0.000000	0.000000	1733433176.215841	0.000000
159.000000	88203.694010	19168.051382	187500.000000	187500.000000	86791.019057	102760.871084	112705.050433	133941.688709	-0.084000	0.770000	0.572000	192.000000	253.000000	96.000000	24.000000	16.000000	17.000000	224.000000	0.000000	0.000000	0.000000	1733433176.220253	0.000000
160.000000	88193.881594	19159.937699	187500.000000	187500.000000	86781.497214	102749.672860	112693.494581	133920.879235	-0.084000	0.770000	0.572000	192.000000	0.000000	0.000000	0.000000	0.000000	0.000000	0.000000	0.000000	0.000000	0.000000	1733433176.223865	0.000000
161.000000	88187.310182	19158.216615	187500.000000	187500.000000	86782.883022	102749.069363	112688.063107	133916.095962	-0.084000	0.770000	0.572000	192.000000	0.000000	0.000000	0.000000	0.000000	0.000000	0.000000	0.000000	0.000000	0.000000	1733433176.227561	0.000000
162.000000	88188.159548	19167.805513	187500.000000	187500.000000	86776.311609	102734.920709	112679.748259	133914.933671	-0.084000	0.770000	0.572000	192.000000	0.000000	0.000000	0.000000	0.000000	0.000000	0.000000	0.000000	0.000000	0.000000	1733433176.231577	0.000000
163.000000	88201.011801	19199.321473	187500.000000	187500.000000	86784.917031	102727.164653	112687.191389	133930.624596	-0.084000	0.770000	0.572000	192.000000	0.000000	0.000000	0.000000	0.000000	0.000000	0.000000	0.000000	0.000000	0.000000	1733433176.235620	0.000000
164.000000	88215.205159	19193.577074	187500.000000	187500.000000	86797.188139	102745.806008	112702.725852	133947.678977	-0.084000	0.770000	0.572000	192.000000	0.000000	0.000000	0.000000	0.000000	0.000000	0.000000	0.000000	0.000000	0.000000	1733433176.238604	0.000000
165.000000	88207.471455	19175.226292	187500.000000	187500.000000	86802.329040	102759.977014	112700.781250	133921.952119	-0.084000	0.770000	0.572000	192.000000	0.000000	0.000000	0.000000	0.000000	0.000000	0.000000	0.000000	0.000000	0.000000	1733433176.243924	0.000000
166.000000	88194.865071	19170.063039	187500.000000	187500.000000	86802.239633	102773.723337	112697.808468	133916.654756	-0.084000	0.770000	0.572000	192.000000	0.000000	0.000000	0.000000	0.000000	0.000000	0.000000	0.000000	0.000000	0.000000	1733433176.247900	0.000000
167.000000	88196.541452	19171.940586	187500.000000	187500.000000	86806.598223	102745.381325	112695.349776	133951.389367	-0.084000	0.770000	0.572000	192.000000	0.000000	0.000000	0.000000	0.000000	0.000000	0.000000	0.000000	0.000000	0.000000	1733433176.252062	0.000000
168.000000	88197.927260	19174.734554	187500.000000	187500.000000	86810.241557	102745.694249	112691.818201	133928.478828	-0.084000	0.770000	0.572000	192.000000	0.000000	0.000000	0.000000	0.000000	0.000000	0.000000	0.000000	0.000000	0.000000	1733433176.255820	0.000000
169.000000	88196.764969	19178.154371	187500.000000	187500.000000	86813.661374	102763.441534	112708.827878	133927.540055	-0.076000	0.766000	0.568000	192.000000	253.000000	160.000000	23.000000	240.000000	17.000000	192.000000	0.000000	0.000000	0.000000	1733433176.259884	0.000000
170.000000	88191.378199	19159.803588	187500.000000	187500.000000	86804.631270	102750.499874	112708.023215	133930.021099	-0.076000	0.766000	0.568000	192.000000	0.000000	0.000000	0.000000	0.000000	0.000000	0.000000	0.000000	0.000000	0.000000	1733433176.263610	0.000000
171.000000	88193.143987	19159.736533	187500.000000	187500.000000	86810.867406	102761.318119	112694.723927	133928.992919	-0.076000	0.766000	0.568000	192.000000	0.000000	0.000000	0.000000	0.000000	0.000000	0.000000	0.000000	0.000000	0.000000	1733433176.266626	0.000000
172.000000	88185.812615	19156.450827	187500.000000	187500.000000	86797.813987	102745.515435	112689.426564	133940.772288	-0.076000	0.766000	0.568000	192.000000	0.000000	0.000000	0.000000	0.000000	0.000000	0.000000	0.000000	0.000000	0.000000	1733433176.271041	0.000000
173.000000	88191.109978	19159.468312	187500.000000	187500.000000	86801.680839	102751.036316	112695.997977	133939.051204	-0.076000	0.766000	0.568000	192.000000	0.000000	0.000000	0.000000	0.000000	0.000000	0.000000	0.000000	0.000000	0.000000	1733433176.275711	0.000000
174.000000	88196.988487	19173.616966	187500.000000	187500.000000	86803.737200	102749.851674	112690.521799	133902.774322	-0.076000	0.766000	0.568000	192.000000	0.000000	0.000000	0.000000	0.000000	0.000000	0.000000	0.000000	0.000000	0.000000	1733433176.279683	0.000000
175.000000	88198.173129	19185.418688	187500.000000	187500.000000	86801.882005	102756.512494	112685.447953	133910.150398	-0.076000	0.766000	0.568000	192.000000	0.000000	0.000000	0.000000	0.000000	0.000000	0.000000	0.000000	0.000000	0.000000	1733433176.283651	0.000000
176.000000	88209.214891	19186.402164	187500.000000	187500.000000	86806.642927	102778.819535	112703.150535	133925.349584	-0.076000	0.766000	0.568000	192.000000	0.000000	0.000000	0.000000	0.000000	0.000000	0.000000	0.000000	0.000000	0.000000	1733433176.286774	0.000000
177.000000	88203.582251	19173.974594	187500.000000	187500.000000	86802.261985	102771.622273	112704.581047	133928.009442	-0.076000	0.766000	0.568000	192.000000	0.000000	0.000000	0.000000	0.000000	0.000000	0.000000	0.000000	0.000000	0.000000	1733433176.290836	0.000000
178.000000	88206.867958	19185.217522	187500.000000	187500.000000	86807.984031	102774.639758	112707.643236	133948.148364	-0.076000	0.766000	0.568000	192.000000	0.000000	0.000000	0.000000	0.000000	0.000000	0.000000	0.000000	0.000000	0.000000	1733433176.294861	0.000000
179.000000	88206.711496	19181.998871	187500.000000	187500.000000	86806.262947	102766.883703	112708.291436	133945.577913	-0.078000	0.772000	0.572000	192.000000	253.000000	144.000000	24.000000	32.000000	17.000000	224.000000	0.000000	0.000000	0.000000	1733433176.299877	0.000000
180.000000	88195.043885	19164.922138	187500.000000	187500.000000	86801.658488	102767.822476	112708.224381	133944.057994	-0.078000	0.772000	0.572000	192.000000	0.000000	0.000000	0.000000	0.000000	0.000000	0.000000	0.000000	0.000000	0.000000	1733433176.303755	0.000000
181.000000	88194.373333	19164.631565	187500.000000	187500.000000	86803.960717	102779.825363	112706.123317	133938.067727	-0.078000	0.772000	0.572000	192.000000	0.000000	0.000000	0.000000	0.000000	0.000000	0.000000	0.000000	0.000000	0.000000	1733433176.307656	0.000000
182.000000	88194.887423	19173.348746	187500.000000	187500.000000	86804.184235	102767.040165	112698.076689	133944.527381	-0.078000	0.772000	0.572000	192.000000	0.000000	0.000000	0.000000	0.000000	0.000000	0.000000	0.000000	0.000000	0.000000	1733433176.311694	0.000000
183.000000	88188.606583	19162.306984	187500.000000	187500.000000	86800.943232	102749.762267	112700.222456	133926.400116	-0.078000	0.772000	0.572000	192.000000	0.000000	0.000000	0.000000	0.000000	0.000000	0.000000	0.000000	0.000000	0.000000	1733433176.314722	0.000000
184.000000	88190.506481	19169.660708	187500.000000	187500.000000	86797.210490	102750.723392	112690.968834	133917.101791	-0.078000	0.772000	0.572000	192.000000	0.000000	0.000000	0.000000	0.000000	0.000000	0.000000	0.000000	0.000000	0.000000	1733433176.318723	0.000000
185.000000	88198.039019	19185.061060	187500.000000	187500.000000	86810.621537	102777.254913	112715.108718	133918.666413	-0.078000	0.772000	0.572000	192.000000	0.000000	0.000000	0.000000	0.000000	0.000000	0.000000	0.000000	0.000000	0.000000	1733433176.322695	0.000000
186.000000	88204.431618	19187.989138	187500.000000	187500.000000	86819.629290	102796.522116	112724.339989	133927.115372	-0.078000	0.772000	0.572000	192.000000	0.000000	0.000000	0.000000	0.000000	0.000000	0.000000	0.000000	0.000000	0.000000	1733433176.326952	0.000000
187.000000	88199.156606	19178.377888	187500.000000	187500.000000	86818.511703	102772.181067	112711.375977	133942.448669	-0.078000	0.772000	0.572000	192.000000	0.000000	0.000000	0.000000	0.000000	0.000000	0.000000	0.000000	0.000000	0.000000	1733433176.331920	0.000000
188.000000	88191.355847	19175.494513	187500.000000	187500.000000	86807.201720	102754.344374	112686.498485	133962.565239	-0.078000	0.772000	0.572000	192.000000	0.000000	0.000000	0.000000	0.000000	0.000000	0.000000	0.000000	0.000000	0.000000	1733433176.335910	0.000000
189.000000	88193.367504	19187.944435	187500.000000	187500.000000	86801.747894	102764.223846	112667.432447	133955.189163	-0.072000	0.774000	0.572000	192.000000	253.000000	192.000000	24.000000	48.000000	17.000000	224.000000	0.000000	0.000000	0.000000	1733433176.340057	0.000000
190.000000	88201.503539	19192.638301	187500.000000	187500.000000	86823.518494	102785.413299	112720.339026	133936.838381	-0.072000	0.774000	0.572000	192.000000	0.000000	0.000000	0.000000	0.000000	0.000000	0.000000	0.000000	0.000000	0.000000	1733433176.342722	0.000000
191.000000	88207.605566	19196.482801	187500.000000	187500.000000	86831.855694	102777.433726	112740.276783	133929.886988	-0.072000	0.774000	0.572000	192.000000	0.000000	0.000000	0.000000	0.000000	0.000000	0.000000	0.000000	0.000000	0.000000	1733433176.346771	0.000000
192.000000	88200.430656	19185.396336	187500.000000	187500.000000	86823.652604	102762.614520	112734.934716	133932.636253	-0.072000	0.774000	0.572000	192.000000	0.000000	0.000000	0.000000	0.000000	0.000000	0.000000	0.000000	0.000000	0.000000	1733433176.350730	0.000000
193.000000	88197.457874	19186.938606	187500.000000	187500.000000	86822.400906	102780.674729	112742.579012	133946.963721	-0.072000	0.774000	0.572000	192.000000	0.000000	0.000000	0.000000	0.000000	0.000000	0.000000	0.000000	0.000000	0.000000	1733433176.354796	0.000000
194.000000	88208.365525	19205.378795	187500.000000	187500.000000	86833.487372	102810.894288	112758.202882	133975.462195	-0.072000	0.774000	0.572000	192.000000	0.000000	0.000000	0.000000	0.000000	0.000000	0.000000	0.000000	0.000000	0.000000	1733433176.359751	0.000000
195.000000	88188.360714	19185.597501	187500.000000	187500.000000	86788.985048	102770.772907	112713.298227	133935.541980	-0.072000	0.774000	0.572000	192.000000	0.000000	0.000000	0.000000	0.000000	0.000000	0.000000	0.000000	0.000000	0.000000	1733433176.363948	0.000000
196.000000	88187.868975	19191.319548	187500.000000	187500.000000	86784.648810	102756.333680	112711.152460	133934.871427	-0.072000	0.774000	0.572000	192.000000	0.000000	0.000000	0.000000	0.000000	0.000000	0.000000	0.000000	0.000000	0.000000	1733433176.367983	0.000000
197.000000	88194.753312	19175.740382	187500.000000	187500.000000	86788.672124	102762.592168	112714.438166	133936.078422	-0.072000	0.774000	0.572000	192.000000	0.000000	0.000000	0.000000	0.000000	0.000000	0.000000	0.000000	0.000000	0.000000	1733433176.371049	0.000000
198.000000	88193.680429	19167.134961	187500.000000	187500.000000	86793.813025	102789.213096	112719.087329	133946.270817	-0.072000	0.774000	0.572000	192.000000	0.000000	0.000000	0.000000	0.000000	0.000000	0.000000	0.000000	0.000000	0.000000	1733433176.375344	0.000000
199.000000	88192.182862	19179.942510	187500.000000	187500.000000	86801.770246	102801.238334	112719.668474	133932.412736	-0.068000	0.766000	0.568000	192.000000	253.000000	224.000000	23.000000	240.000000	17.000000	192.000000	0.000000	0.000000	0.000000	1733433176.378808	0.000000
200.000000	88193.680429	19192.258321	187500.000000	187500.000000	86801.412618	102775.869104	112701.496506	133921.661546	-0.068000	0.766000	0.568000	192.000000	0.000000	0.000000	0.000000	0.000000	0.000000	0.000000	0.000000	0.000000	0.000000	1733433176.382806	0.000000
201.000000	88193.076932	19196.929836	187500.000000	187500.000000	86801.144397	102771.331700	112702.278817	133956.776137	-0.068000	0.766000	0.568000	192.000000	0.000000	0.000000	0.000000	0.000000	0.000000	0.000000	0.000000	0.000000	0.000000	1733433176.388155	0.000000
202.000000	88195.043885	19188.838504	187500.000000	187500.000000	86800.004458	102783.580456	112719.579067	133934.782020	-0.068000	0.766000	0.568000	192.000000	0.000000	0.000000	0.000000	0.000000	0.000000	0.000000	0.000000	0.000000	0.000000	1733433176.391833	0.000000
203.000000	88197.703743	19188.592635	187500.000000	187500.000000	86800.943232	102808.480300	112710.928942	133923.181465	-0.068000	0.766000	0.568000	192.000000	0.000000	0.000000	0.000000	0.000000	0.000000	0.000000	0.000000	0.000000	0.000000	1733433176.395904	0.000000
204.000000	88192.607545	19165.413876	187500.000000	187500.000000	86795.534110	102809.508480	112718.506183	133939.341776	-0.068000	0.766000	0.568000	192.000000	0.000000	0.000000	0.000000	0.000000	0.000000	0.000000	0.000000	0.000000	0.000000	1733433176.398830	0.000000
205.000000	88202.889347	19179.674289	187500.000000	187500.000000	86791.041409	102760.915787	112702.636445	133943.365090	-0.068000	0.766000	0.568000	192.000000	0.000000	0.000000	0.000000	0.000000	0.000000	0.000000	0.000000	0.000000	0.000000	1733433176.402873	0.000000
206.000000	88209.505464	19187.542103	187500.000000	187500.000000	86800.071514	102786.799107	112711.219515	133943.119221	-0.068000	0.766000	0.568000	192.000000	0.000000	0.000000	0.000000	0.000000	0.000000	0.000000	0.000000	0.000000	0.000000	1733433176.407051	0.000000
207.000000	88201.615298	19185.776315	187500.000000	187500.000000	86807.358182	102790.598904	112726.955143	133933.284454	-0.068000	0.766000	0.568000	192.000000	0.000000	0.000000	0.000000	0.000000	0.000000	0.000000	0.000000	0.000000	0.000000	1733433176.410967	0.000000
208.000000	88204.409266	19195.700490	187500.000000	187500.000000	86810.956813	102784.072195	112728.296248	133943.588608	-0.068000	0.766000	0.568000	192.000000	0.000000	0.000000	0.000000	0.000000	0.000000	0.000000	0.000000	0.000000	0.000000	1733433176.415007	0.000000
209.000000	88207.538510	19202.406013	187500.000000	187500.000000	86809.191025	102794.801032	112729.436186	133934.826724	-0.074000	0.776000	0.570000	192.000000	253.000000	176.000000	24.000000	64.000000	17.000000	208.000000	0.000000	0.000000	0.000000	1733433176.419929	0.000000
210.000000	88191.959344	19185.731612	187500.000000	187500.000000	86794.103598	102790.442442	112714.371111	133928.992919	-0.074000	0.776000	0.570000	192.000000	0.000000	0.000000	0.000000	0.000000	0.000000	0.000000	0.000000	0.000000	0.000000	1733433176.422846	0.000000
211.000000	88191.065275	19191.721879	187500.000000	187500.000000	86793.701266	102802.646494	112720.584896	133941.509896	-0.074000	0.776000	0.570000	192.000000	0.000000	0.000000	0.000000	0.000000	0.000000	0.000000	0.000000	0.000000	0.000000	1733433176.426852	0.000000
212.000000	88197.212004	19193.666481	187500.000000	187500.000000	86790.639078	102799.271381	112721.724835	133948.841268	-0.074000	0.776000	0.570000	192.000000	0.000000	0.000000	0.000000	0.000000	0.000000	0.000000	0.000000	0.000000	0.000000	1733433176.430840	0.000000
213.000000	88198.731923	19183.988176	187500.000000	187500.000000	86784.201775	102796.924448	112727.871564	133935.184352	-0.074000	0.776000	0.570000	192.000000	0.000000	0.000000	0.000000	0.000000	0.000000	0.000000	0.000000	0.000000	0.000000	1733433176.434836	0.000000
214.000000	88195.021533	19177.774391	187500.000000	187500.000000	86773.629400	102796.365654	112714.661683	133917.302956	-0.074000	0.776000	0.570000	192.000000	0.000000	0.000000	0.000000	0.000000	0.000000	0.000000	0.000000	0.000000	0.000000	1733433176.439089	0.000000
215.000000	88199.402475	19182.669423	187500.000000	187500.000000	86779.954944	102779.713604	112716.583933	133924.723735	-0.074000	0.776000	0.570000	192.000000	0.000000	0.000000	0.000000	0.000000	0.000000	0.000000	0.000000	0.000000	0.000000	1733433176.443002	0.000000
216.000000	88201.503539	19191.408955	187500.000000	187500.000000	86775.462243	102762.145133	112703.932846	133925.193122	-0.074000	0.776000	0.570000	192.000000	0.000000	0.000000	0.000000	0.000000	0.000000	0.000000	0.000000	0.000000	0.000000	1733433176.448129	0.000000
217.000000	88193.479263	19191.118382	187500.000000	187500.000000	86772.109481	102762.681575	112704.111660	133927.249483	-0.074000	0.776000	0.570000	192.000000	0.000000	0.000000	0.000000	0.000000	0.000000	0.000000	0.000000	0.000000	0.000000	1733433176.451119	0.000000
218.000000	88189.455949	19190.224313	187500.000000	187500.000000	86772.377702	102767.889532	112702.032948	133920.543959	-0.074000	0.776000	0.570000	192.000000	0.000000	0.000000	0.000000	0.000000	0.000000	0.000000	0.000000	0.000000	0.000000	1733433176.454961	0.000000
219.000000	88189.277135	19197.086298	187500.000000	187500.000000	86767.013284	102767.643662	112696.802640	133911.245634	-0.078000	0.768000	0.574000	192.000000	253.000000	144.000000	24.000000	0.000000	17.000000	240.000000	0.000000	0.000000	0.000000	1733433176.458890	0.000000
220.000000	88186.080836	19190.224313	187500.000000	187500.000000	86768.086167	102773.745689	112699.887180	133929.149381	-0.078000	0.768000	0.574000	192.000000	0.000000	0.000000	0.000000	0.000000	0.000000	0.000000	0.000000	0.000000	0.000000	1733433176.462886	0.000000
221.000000	88180.202327	19180.121324	187500.000000	187500.000000	86760.911257	102764.268549	112689.560674	133927.964738	-0.078000	0.768000	0.574000	192.000000	0.000000	0.000000	0.000000	0.000000	0.000000	0.000000	0.000000	0.000000	0.000000	1733433176.466945	0.000000
222.000000	88183.800958	19186.089240	187500.000000	187500.000000	86762.162955	102772.963378	112700.915361	133911.715020	-0.078000	0.768000	0.574000	192.000000	0.000000	0.000000	0.000000	0.000000	0.000000	0.000000	0.000000	0.000000	0.000000	1733433176.471045	0.000000
223.000000	88169.585248	19159.825940	187500.000000	187500.000000	86754.764528	102774.326834	112691.862904	133902.573157	-0.078000	0.768000	0.574000	192.000000	0.000000	0.000000	0.000000	0.000000	0.000000	0.000000	0.000000	0.000000	0.000000	1733433176.476045	0.000000
224.000000	88176.693103	19162.508149	187500.000000	187500.000000	86756.485612	102789.838945	112706.682111	133917.884102	-0.078000	0.768000	0.574000	192.000000	0.000000	0.000000	0.000000	0.000000	0.000000	0.000000	0.000000	0.000000	0.000000	1733433176.479069	0.000000
225.000000	88185.119711	19173.192283	187500.000000	187500.000000	86756.820888	102801.260686	112718.483832	133945.510858	-0.078000	0.768000	0.574000	192.000000	0.000000	0.000000	0.000000	0.000000	0.000000	0.000000	0.000000	0.000000	0.000000	1733433176.482121	0.000000
226.000000	88169.339379	19172.409972	187500.000000	187500.000000	86736.056118	102784.899209	112706.190372	133957.826669	-0.078000	0.768000	0.574000	192.000000	0.000000	0.000000	0.000000	0.000000	0.000000	0.000000	0.000000	0.000000	0.000000	1733433176.487116	0.000000
227.000000	88171.105167	19179.875455	187500.000000	187500.000000	86729.462353	102764.469715	112699.797773	133945.376747	-0.078000	0.768000	0.574000	192.000000	0.000000	0.000000	0.000000	0.000000	0.000000	0.000000	0.000000	0.000000	0.000000	1733433176.491150	0.000000
228.000000	88177.542469	19175.740382	187500.000000	187500.000000	86728.411821	102767.509552	112707.911457	133925.774267	-0.078000	0.768000	0.574000	192.000000	0.000000	0.000000	0.000000	0.000000	0.000000	0.000000	0.000000	0.000000	0.000000	1733433176.494932	0.000000
229.000000	88178.481242	19181.328318	187500.000000	187500.000000	86726.981309	102784.787450	112714.169945	133935.027890	-0.074000	0.768000	0.578000	192.000000	253.000000	176.000000	24.000000	0.000000	18.000000	16.000000	0.000000	0.000000	0.000000	1733433176.498964	0.000000
230.000000	88178.257725	19169.213673	187500.000000	187500.000000	86729.440001	102797.572648	112707.129146	133938.782983	-0.074000	0.768000	0.578000	192.000000	0.000000	0.000000	0.000000	0.000000	0.000000	0.000000	0.000000	0.000000	0.000000	1733433176.504148	0.000000
231.000000	88182.415149	19177.997908	187500.000000	187500.000000	86732.412783	102777.120802	112699.596608	133962.632294	-0.074000	0.768000	0.578000	192.000000	0.000000	0.000000	0.000000	0.000000	0.000000	0.000000	0.000000	0.000000	0.000000	1733433176.506984	0.000000
232.000000	88188.338362	19204.708243	187500.000000	187500.000000	86740.057080	102779.825363	112705.765689	133940.995805	-0.074000	0.768000	0.578000	192.000000	0.000000	0.000000	0.000000	0.000000	0.000000	0.000000	0.000000	0.000000	0.000000	1733433176.511020	0.000000
233.000000	88183.912716	19187.720917	187500.000000	187500.000000	86744.974464	102772.516343	112701.071823	133923.360279	-0.074000	0.768000	0.578000	192.000000	0.000000	0.000000	0.000000	0.000000	0.000000	0.000000	0.000000	0.000000	0.000000	1733433176.515156	0.000000
234.000000	88175.597867	19162.910481	187500.000000	187500.000000	86737.307815	102759.641738	112688.219570	133928.456477	-0.074000	0.768000	0.578000	192.000000	0.000000	0.000000	0.000000	0.000000	0.000000	0.000000	0.000000	0.000000	0.000000	1733433176.519216	0.000000
235.000000	88175.039074	19166.285594	187500.000000	187500.000000	86747.589618	102787.536715	112710.884239	133923.740259	-0.074000	0.768000	0.578000	192.000000	0.000000	0.000000	0.000000	0.000000	0.000000	0.000000	0.000000	0.000000	0.000000	1733433176.523025	0.000000
236.000000	88177.944801	19170.085391	187500.000000	187500.000000	86753.401071	102793.281113	112707.352663	133938.492410	-0.074000	0.768000	0.578000	192.000000	0.000000	0.000000	0.000000	0.000000	0.000000	0.000000	0.000000	0.000000	0.000000	1733433176.527297	0.000000
237.000000	88174.480280	19162.754019	187500.000000	187500.000000	86746.941417	102771.085831	112698.903704	133941.576951	-0.074000	0.768000	0.578000	192.000000	0.000000	0.000000	0.000000	0.000000	0.000000	0.000000	0.000000	0.000000	0.000000	1733433176.531998	0.000000
238.000000	88176.715455	19171.761772	187500.000000	187500.000000	86736.704318	102774.639758	112700.378919	133937.352471	-0.074000	0.768000	0.578000	192.000000	0.000000	0.000000	0.000000	0.000000	0.000000	0.000000	0.000000	0.000000	0.000000	1733433176.535071	0.000000
239.000000	88175.463757	19166.665574	187500.000000	187500.000000	86734.335033	102782.015834	112692.645215	133909.345735	-0.074000	0.770000	0.580000	192.000000	253.000000	176.000000	24.000000	16.000000	18.000000	32.000000	0.000000	0.000000	0.000000	1733433176.538276	0.000000
240.000000	88176.894269	19165.950318	187500.000000	187500.000000	86735.452620	102775.958511	112685.425602	133916.140666	-0.074000	0.770000	0.580000	192.000000	0.000000	0.000000	0.000000	0.000000	0.000000	0.000000	0.000000	0.000000	0.000000	1733433176.543089	0.000000
241.000000	88169.071158	19169.101914	187500.000000	187500.000000	86731.876341	102782.887552	112687.973701	133933.396212	-0.074000	0.770000	0.580000	192.000000	0.000000	0.000000	0.000000	0.000000	0.000000	0.000000	0.000000	0.000000	0.000000	1733433176.547073	0.000000
242.000000	88163.684388	19165.592690	187500.000000	187500.000000	86717.459466	102752.578587	112665.845474	133938.827686	-0.074000	0.770000	0.580000	192.000000	0.000000	0.000000	0.000000	0.000000	0.000000	0.000000	0.000000	0.000000	0.000000	1733433176.551175	0.000000
243.000000	88158.096452	19148.650068	187500.000000	187500.000000	86711.826827	102741.581528	112649.863976	133919.269910	-0.074000	0.770000	0.580000	192.000000	0.000000	0.000000	0.000000	0.000000	0.000000	0.000000	0.000000	0.000000	0.000000	1733433176.555196	0.000000
244.000000	88165.070196	19160.161216	187500.000000	187500.000000	86722.823885	102763.262720	112670.248767	133911.312689	-0.074000	0.770000	0.580000	192.000000	0.000000	0.000000	0.000000	0.000000	0.000000	0.000000	0.000000	0.000000	0.000000	1733433176.559106	0.000000
245.000000	88177.497766	19176.723859	187500.000000	187500.000000	86731.250492	102781.345282	112685.224436	133916.475942	-0.074000	0.770000	0.580000	192.000000	0.000000	0.000000	0.000000	0.000000	0.000000	0.000000	0.000000	0.000000	0.000000	1733433176.562442	0.000000
246.000000	88179.934106	19184.144638	187500.000000	187500.000000	86731.116382	102777.523133	112686.453782	133921.415677	-0.074000	0.770000	0.580000	192.000000	0.000000	0.000000	0.000000	0.000000	0.000000	0.000000	0.000000	0.000000	0.000000	1733433176.566086	0.000000
247.000000	88182.906888	19175.852141	187500.000000	187500.000000	86741.375833	102785.793279	112690.432392	133926.422468	-0.074000	0.770000	0.580000	192.000000	0.000000	0.000000	0.000000	0.000000	0.000000	0.000000	0.000000	0.000000	0.000000	1733433176.571382	0.000000
248.000000	88181.945763	19155.623812	187500.000000	187500.000000	86746.606141	102785.592113	112686.856113	133921.281567	-0.074000	0.770000	0.580000	192.000000	0.000000	0.000000	0.000000	0.000000	0.000000	0.000000	0.000000	0.000000	0.000000	1733433176.575096	0.000000
249.000000	88180.694065	19160.787065	187500.000000	187500.000000	86750.093013	102781.144116	112684.889160	133919.448724	-0.068000	0.772000	0.578000	192.000000	253.000000	224.000000	24.000000	32.000000	18.000000	16.000000	0.000000	0.000000	0.000000	1733433176.579129	0.000000
250.000000	88172.938010	19160.675306	187500.000000	187500.000000	86743.342786	102768.805953	112689.493619	133927.540055	-0.068000	0.772000	0.578000	192.000000	0.000000	0.000000	0.000000	0.000000	0.000000	0.000000	0.000000	0.000000	0.000000	1733433176.583130	0.000000
251.000000	88163.907905	19166.017373	187500.000000	187500.000000	86735.676138	102776.651415	112684.866808	133945.823782	-0.068000	0.772000	0.578000	192.000000	0.000000	0.000000	0.000000	0.000000	0.000000	0.000000	0.000000	0.000000	0.000000	1733433176.586303	0.000000
252.000000	88168.311199	19167.783161	187500.000000	187500.000000	86746.472030	102778.394851	112694.656872	133953.468079	-0.068000	0.772000	0.578000	192.000000	0.000000	0.000000	0.000000	0.000000	0.000000	0.000000	0.000000	0.000000	0.000000	1733433176.590218	0.000000
253.000000	88167.998274	19164.296289	187500.000000	187500.000000	86746.024996	102774.729165	112691.527628	133917.861750	-0.068000	0.772000	0.578000	192.000000	0.000000	0.000000	0.000000	0.000000	0.000000	0.000000	0.000000	0.000000	0.000000	1733433176.594165	0.000000
254.000000	88169.942876	19159.982402	187500.000000	187500.000000	86744.683891	102770.035299	112691.572331	133923.159113	-0.068000	0.772000	0.578000	192.000000	0.000000	0.000000	0.000000	0.000000	0.000000	0.000000	0.000000	0.000000	0.000000	1733433176.598340	0.000000
255.000000	88165.852507	19158.037801	187500.000000	187500.000000	86743.096917	102762.078078	112682.139895	133917.481770	-0.068000	0.772000	0.578000	192.000000	0.000000	0.000000	0.000000	0.000000	0.000000	0.000000	0.000000	0.000000	0.000000	1733433176.603180	0.000000
0.000000	88164.511402	19156.070847	187500.000000	187500.000000	86746.047347	102771.510514	112686.789058	133925.260177	-0.068000	0.772000	0.578000	192.000000	0.000000	0.000000	0.000000	0.000000	0.000000	0.000000	0.000000	0.000000	0.000000	1733433176.607151	0.000000
1.000000	88167.506536	19163.156350	187500.000000	187500.000000	86747.187286	102770.594093	112685.425602	133925.975433	-0.068000	0.772000	0.578000	192.000000	0.000000	0.000000	0.000000	0.000000	0.000000	0.000000	0.000000	0.000000	0.000000	1733433176.611166	0.000000
2.000000	88155.771870	19141.363399	187500.000000	187500.000000	86744.840353	102760.982843	112690.745317	133928.434125	-0.068000	0.772000	0.578000	192.000000	0.000000	0.000000	0.000000	0.000000	0.000000	0.000000	0.000000	0.000000	0.000000	1733433176.614187	0.000000
3.000000	88156.464774	19143.598574	187500.000000	187500.000000	86741.174667	102774.684462	112701.652968	133924.656680	-0.070000	0.770000	0.576000	192.000000	253.000000	208.000000	24.000000	16.000000	18.000000	0.000000	0.000000	0.000000	0.000000	1733433176.618178	0.000000
4.000000	88169.004103	19165.816208	187500.000000	187500.000000	86744.058042	102770.549389	112707.464422	133938.671224	-0.070000	0.770000	0.576000	192.000000	0.000000	0.000000	0.000000	0.000000	0.000000	0.000000	0.000000	0.000000	0.000000	1733433176.622189	0.000000
5.000000	88162.231524	19167.671402	187500.000000	187500.000000	86737.866609	102764.246197	112693.516933	133951.970512	-0.070000	0.770000	0.576000	192.000000	0.000000	0.000000	0.000000	0.000000	0.000000	0.000000	0.000000	0.000000	0.000000	1733433176.627278	0.000000
6.000000	88154.587228	19155.154426	187500.000000	187500.000000	86735.586731	102771.510514	112681.558750	133924.276701	-0.070000	0.770000	0.576000	192.000000	0.000000	0.000000	0.000000	0.000000	0.000000	0.000000	0.000000	0.000000	0.000000	1733433176.631393	0.000000
7.000000	88159.996350	19156.249661	187500.000000	187500.000000	86754.853935	102795.113956	112693.561637	133918.420543	-0.070000	0.770000	0.576000	192.000000	0.000000	0.000000	0.000000	0.000000	0.000000	0.000000	0.000000	0.000000	0.000000	1733433176.635386	0.000000
8.000000	88154.430765	19150.617021	187500.000000	187500.000000	86748.282522	102768.470677	112682.698689	133929.931692	-0.070000	0.770000	0.576000	192.000000	0.000000	0.000000	0.000000	0.000000	0.000000	0.000000	0.000000	0.000000	0.000000	1733433176.639506	0.000000
9.000000	88147.591132	19137.965934	187500.000000	187500.000000	86733.642129	102739.771037	112663.163264	133919.962814	-0.070000	0.770000	0.576000	192.000000	0.000000	0.000000	0.000000	0.000000	0.000000	0.000000	0.000000	0.000000	0.000000	1733433176.642407	0.000000
10.000000	88138.918655	19132.512108	187500.000000	187500.000000	86734.312681	102745.873063	112669.846436	133903.020192	-0.070000	0.770000	0.576000	192.000000	0.000000	0.000000	0.000000	0.000000	0.000000	0.000000	0.000000	0.000000	0.000000	1733433176.646224	0.000000
11.000000	88139.768021	19136.490719	187500.000000	187500.000000	86734.670309	102743.704944	112672.439238	133901.612032	-0.070000	0.770000	0.576000	192.000000	0.000000	0.000000	0.000000	0.000000	0.000000	0.000000	0.000000	0.000000	0.000000	1733433176.650249	0.000000
12.000000	88148.328739	19154.170949	187500.000000	187500.000000	86733.060984	102740.039258	112672.863921	133918.912282	-0.070000	0.770000	0.576000	192.000000	0.000000	0.000000	0.000000	0.000000	0.000000	0.000000	0.000000	0.000000	0.000000	1733433176.654341	0.000000
13.000000	88148.664015	19160.295327	187500.000000	187500.000000	86733.843295	102747.460037	112676.417849	133949.064785	-0.074000	0.778000	0.578000	192.000000	253.000000	176.000000	24.000000	80.000000	18.000000	16.000000	0.000000	0.000000	0.000000	1733433176.659249	0.000000
14.000000	88139.499800	19143.889146	187500.000000	187500.000000	86727.897731	102732.819645	112670.874616	133940.146439	-0.074000	0.778000	0.578000	192.000000	0.000000	0.000000	0.000000	0.000000	0.000000	0.000000	0.000000	0.000000	0.000000	1733433176.663194	0.000000
15.000000	88152.463812	19153.075713	187500.000000	187500.000000	86743.834525	102728.371647	112686.610244	133898.572194	-0.074000	0.778000	0.578000	192.000000	0.000000	0.000000	0.000000	0.000000	0.000000	0.000000	0.000000	0.000000	0.000000	1733433176.667449	0.000000
16.000000	88155.973036	19148.381847	187500.000000	187500.000000	86757.111461	102744.464903	112691.661738	133920.186331	-0.074000	0.778000	0.578000	192.000000	0.000000	0.000000	0.000000	0.000000	0.000000	0.000000	0.000000	0.000000	0.000000	1733433176.670321	0.000000
17.000000	88153.290826	19139.888184	187500.000000	187500.000000	86752.104670	102746.118932	112688.867770	133928.568235	-0.074000	0.778000	0.578000	192.000000	0.000000	0.000000	0.000000	0.000000	0.000000	0.000000	0.000000	0.000000	0.000000	1733433176.674608	0.000000
18.000000	88159.839888	19145.520824	187500.000000	187500.000000	86750.271827	102746.968299	112694.723927	133909.971584	-0.074000	0.778000	0.578000	192.000000	0.000000	0.000000	0.000000	0.000000	0.000000	0.000000	0.000000	0.000000	0.000000	1733433176.678496	0.000000
19.000000	88158.319969	19150.147635	187500.000000	187500.000000	86741.509943	102755.886645	112691.549980	133900.449741	-0.074000	0.778000	0.578000	192.000000	0.000000	0.000000	0.000000	0.000000	0.000000	0.000000	0.000000	0.000000	0.000000	1733433176.682287	0.000000
20.000000	88161.695082	19156.719048	187500.000000	187500.000000	86731.094030	102754.634947	112688.420735	133904.517758	-0.074000	0.778000	0.578000	192.000000	0.000000	0.000000	0.000000	0.000000	0.000000	0.000000	0.000000	0.000000	0.000000	1733433176.687520	0.000000
21.000000	88149.781603	19143.844443	187500.000000	187500.000000	86719.046440	102744.777828	112682.050488	133905.568290	-0.074000	0.778000	0.578000	192.000000	0.000000	0.000000	0.000000	0.000000	0.000000	0.000000	0.000000	0.000000	0.000000	1733433176.691243	0.000000
22.000000	88142.159658	19135.797815	187500.000000	187500.000000	86716.096010	102738.027601	112677.222511	133933.664433	-0.074000	0.778000	0.578000	192.000000	0.000000	0.000000	0.000000	0.000000	0.000000	0.000000	0.000000	0.000000	0.000000	1733433176.695302	0.000000
23.000000	88143.523114	19143.151539	187500.000000	187500.000000	86705.456579	102711.339618	112663.029154	133933.955006	-0.072000	0.774000	0.578000	192.000000	253.000000	192.000000	24.000000	48.000000	18.000000	16.000000	0.000000	0.000000	0.000000	1733433176.698299	0.000000
24.000000	88138.493972	19139.262335	187500.000000	187500.000000	86690.860890	102711.026694	112655.943651	133931.920997	-0.072000	0.774000	0.578000	192.000000	0.000000	0.000000	0.000000	0.000000	0.000000	0.000000	0.000000	0.000000	0.000000	1733433176.702281	0.000000
25.000000	88144.014853	19131.819204	187500.000000	187500.000000	86700.114512	102737.468807	112678.228340	133937.598340	-0.072000	0.774000	0.578000	192.000000	0.000000	0.000000	0.000000	0.000000	0.000000	0.000000	0.000000	0.000000	0.000000	1733433176.706478	0.000000
26.000000	88159.482260	19145.118492	187500.000000	187500.000000	86726.377812	102757.563026	112704.849268	133917.526474	-0.072000	0.774000	0.578000	192.000000	0.000000	0.000000	0.000000	0.000000	0.000000	0.000000	0.000000	0.000000	0.000000	1733433176.710608	0.000000
27.000000	88160.555143	19145.565527	187500.000000	187500.000000	86727.808324	102746.811837	112704.446936	133910.351564	-0.072000	0.774000	0.578000	192.000000	0.000000	0.000000	0.000000	0.000000	0.000000	0.000000	0.000000	0.000000	0.000000	1733433176.714541	0.000000
28.000000	88151.659149	19136.535422	187500.000000	187500.000000	86711.558606	102721.263793	112688.845419	133898.840415	-0.072000	0.774000	0.578000	192.000000	0.000000	0.000000	0.000000	0.000000	0.000000	0.000000	0.000000	0.000000	0.000000	1733433176.719323	0.000000
29.000000	88149.669844	19127.058283	187500.000000	187500.000000	86704.406047	102716.502871	112688.376032	133914.956023	-0.072000	0.774000	0.578000	192.000000	0.000000	0.000000	0.000000	0.000000	0.000000	0.000000	0.000000	0.000000	0.000000	1733433176.722587	0.000000
30.000000	88151.815611	19125.136033	187500.000000	187500.000000	86702.774370	102729.064551	112684.419773	133948.953026	-0.072000	0.774000	0.578000	192.000000	0.000000	0.000000	0.000000	0.000000	0.000000	0.000000	0.000000	0.000000	0.000000	1733433176.726348	0.000000
31.000000	88151.189762	19123.549059	187500.000000	187500.000000	86711.022164	102737.401752	112682.050488	133926.131895	-0.072000	0.774000	0.578000	192.000000	0.000000	0.000000	0.000000	0.000000	0.000000	0.000000	0.000000	0.000000	0.000000	1733433176.730350	0.000000
32.000000	88152.329701	19134.233193	187500.000000	187500.000000	86712.989117	102739.480464	112688.063107	133930.244616	-0.072000	0.774000	0.578000	192.000000	0.000000	0.000000	0.000000	0.000000	0.000000	0.000000	0.000000	0.000000	0.000000	1733433176.734346	0.000000
33.000000	88154.184896	19138.301210	187500.000000	187500.000000	86713.167931	102746.990651	112682.274006	133921.572139	-0.072000	0.770000	0.576000	192.000000	253.000000	192.000000	24.000000	16.000000	18.000000	0.000000	0.000000	0.000000	0.000000	1733433176.738366	0.000000
34.000000	88151.636797	19121.380940	187500.000000	187500.000000	86711.603309	102734.384267	112678.094229	133899.242747	-0.072000	0.770000	0.576000	192.000000	0.000000	0.000000	0.000000	0.000000	0.000000	0.000000	0.000000	0.000000	0.000000	1733433176.742599	0.000000
35.000000	88157.850582	19130.902783	187500.000000	187500.000000	86716.855969	102739.547520	112697.786116	133910.552729	-0.072000	0.770000	0.576000	192.000000	0.000000	0.000000	0.000000	0.000000	0.000000	0.000000	0.000000	0.000000	0.000000	1733433176.747542	0.000000
36.000000	88161.628027	19133.473233	187500.000000	187500.000000	86718.420591	102723.409560	112694.612169	133927.361241	-0.072000	0.770000	0.576000	192.000000	0.000000	0.000000	0.000000	0.000000	0.000000	0.000000	0.000000	0.000000	0.000000	1733433176.750666	0.000000
37.000000	88164.511402	19137.474196	187500.000000	187500.000000	86719.582882	102712.546612	112681.648157	133925.528398	-0.072000	0.770000	0.576000	192.000000	0.000000	0.000000	0.000000	0.000000	0.000000	0.000000	0.000000	0.000000	0.000000	1733433176.754445	0.000000
38.000000	88154.162545	19128.712312	187500.000000	187500.000000	86711.536254	102724.102464	112688.957177	133922.913244	-0.072000	0.770000	0.576000	192.000000	0.000000	0.000000	0.000000	0.000000	0.000000	0.000000	0.000000	0.000000	0.000000	1733433176.758415	0.000000
39.000000	88151.301521	19128.287629	187500.000000	187500.000000	86707.177664	102707.919801	112689.560674	133927.540055	-0.072000	0.770000	0.576000	192.000000	0.000000	0.000000	0.000000	0.000000	0.000000	0.000000	0.000000	0.000000	0.000000	1733433176.762428	0.000000
40.000000	88147.971111	19121.045663	187500.000000	187500.000000	86691.643201	102689.077281	112661.285718	133939.744108	-0.072000	0.770000	0.576000	192.000000	0.000000	0.000000	0.000000	0.000000	0.000000	0.000000	0.000000	0.000000	0.000000	1733433176.766419	0.000000
41.000000	88151.860315	19135.171966	187500.000000	187500.000000	86692.671382	102712.054874	112657.284755	133937.419526	-0.072000	0.770000	0.576000	192.000000	0.000000	0.000000	0.000000	0.000000	0.000000	0.000000	0.000000	0.000000	0.000000	1733433176.770742	0.000000
42.000000	88161.337454	19141.676324	187500.000000	187500.000000	86701.656783	102726.024714	112676.887235	133911.558558	-0.072000	0.770000	0.576000	192.000000	0.000000	0.000000	0.000000	0.000000	0.000000	0.000000	0.000000	0.000000	0.000000	1733433176.775764	0.000000
43.000000	88157.403547	19129.986361	187500.000000	187500.000000	86701.992059	102701.258981	112685.850285	133923.002651	-0.078000	0.768000	0.578000	192.000000	253.000000	144.000000	24.000000	0.000000	18.000000	16.000000	0.000000	0.000000	0.000000	1733433176.778543	0.000000
44.000000	88157.381196	19125.784233	187500.000000	187500.000000	86703.064943	102706.511641	112689.359509	133901.500273	-0.078000	0.768000	0.578000	192.000000	0.000000	0.000000	0.000000	0.000000	0.000000	0.000000	0.000000	0.000000	0.000000	1733433176.782534	0.000000
45.000000	88160.823364	19132.087425	187500.000000	187500.000000	86700.270975	102716.838147	112687.146686	133896.471130	-0.078000	0.768000	0.578000	192.000000	0.000000	0.000000	0.000000	0.000000	0.000000	0.000000	0.000000	0.000000	0.000000	1733433176.786641	0.000000
46.000000	88161.158641	19133.830861	187500.000000	187500.000000	86703.601385	102729.600993	112702.971721	133926.087192	-0.078000	0.768000	0.578000	192.000000	0.000000	0.000000	0.000000	0.000000	0.000000	0.000000	0.000000	0.000000	0.000000	1733433176.790588	0.000000
47.000000	88166.768928	19148.113626	187500.000000	187500.000000	86714.553739	102734.831302	112711.599494	133938.559465	-0.078000	0.768000	0.578000	192.000000	0.000000	0.000000	0.000000	0.000000	0.000000	0.000000	0.000000	0.000000	0.000000	1733433176.794413	0.000000
48.000000	88160.242219	19142.480986	187500.000000	187500.000000	86705.121303	102737.424104	112695.148610	133920.856884	-0.078000	0.768000	0.578000	192.000000	0.000000	0.000000	0.000000	0.000000	0.000000	0.000000	0.000000	0.000000	0.000000	1733433176.798457	0.000000
49.000000	88153.112013	19123.034969	187500.000000	187500.000000	86697.477007	102728.841034	112685.917340	133917.571177	-0.078000	0.768000	0.578000	192.000000	0.000000	0.000000	0.000000	0.000000	0.000000	0.000000	0.000000	0.000000	0.000000	1733433176.803614	0.000000
50.000000	88158.476431	19132.936792	187500.000000	187500.000000	86691.643201	102713.395979	112676.574311	133939.565294	-0.078000	0.768000	0.578000	192.000000	0.000000	0.000000	0.000000	0.000000	0.000000	0.000000	0.000000	0.000000	0.000000	1733433176.806496	0.000000
51.000000	88151.703853	19127.192393	187500.000000	187500.000000	86688.402198	102729.869214	112678.451857	133932.368032	-0.078000	0.768000	0.578000	192.000000	0.000000	0.000000	0.000000	0.000000	0.000000	0.000000	0.000000	0.000000	0.000000	1733433176.810454	0.000000
52.000000	88160.063405	19144.626754	187500.000000	187500.000000	86701.142693	102758.591206	112709.409023	133909.703363	-0.078000	0.768000	0.578000	192.000000	0.000000	0.000000	0.000000	0.000000	0.000000	0.000000	0.000000	0.000000	0.000000	1733433176.814535	0.000000
53.000000	88165.651341	19145.610231	187500.000000	187500.000000	86705.568338	102759.440572	112711.465384	133927.405945	-0.086000	0.764000	0.582000	192.000000	253.000000	80.000000	23.000000	224.000000	18.000000	48.000000	0.000000	0.000000	0.000000	1733433176.818642	0.000000
54.000000	88164.846678	19138.390617	187500.000000	187500.000000	86699.868643	102734.630136	112693.427526	133910.262157	-0.086000	0.764000	0.582000	192.000000	0.000000	0.000000	0.000000	0.000000	0.000000	0.000000	0.000000	0.000000	0.000000	1733433176.823290	0.000000
55.000000	88167.573591	19139.441149	187500.000000	187500.000000	86699.086332	102737.535863	112694.098079	133927.562407	-0.086000	0.764000	0.582000	192.000000	0.000000	0.000000	0.000000	0.000000	0.000000	0.000000	0.000000	0.000000	0.000000	1733433176.826841	0.000000
56.000000	88164.354940	19137.295382	187500.000000	187500.000000	86690.793835	102743.883758	112696.355605	133940.302901	-0.086000	0.764000	0.582000	192.000000	0.000000	0.000000	0.000000	0.000000	0.000000	0.000000	0.000000	0.000000	0.000000	1733433176.830454	0.000000
57.000000	88152.799088	19134.747283	187500.000000	187500.000000	86676.064035	102748.823494	112692.041718	133919.538131	-0.086000	0.764000	0.582000	192.000000	0.000000	0.000000	0.000000	0.000000	0.000000	0.000000	0.000000	0.000000	0.000000	1733433176.833470	0.000000
58.000000	88152.016777	19128.846422	187500.000000	187500.000000	86678.053341	102750.142247	112687.034927	133902.684915	-0.086000	0.764000	0.582000	192.000000	0.000000	0.000000	0.000000	0.000000	0.000000	0.000000	0.000000	0.000000	0.000000	1733433176.837643	0.000000
59.000000	88148.842829	19117.268219	187500.000000	187500.000000	86678.165099	102735.054819	112682.050488	133918.264081	-0.086000	0.764000	0.582000	192.000000	0.000000	0.000000	0.000000	0.000000	0.000000	0.000000	0.000000	0.000000	0.000000	1733433176.842531	0.000000
60.000000	88139.432745	19109.199239	187500.000000	187500.000000	86678.746245	102722.604897	112683.704517	133920.834532	-0.086000	0.764000	0.582000	192.000000	0.000000	0.000000	0.000000	0.000000	0.000000	0.000000	0.000000	0.000000	0.000000	1733433176.846539	0.000000
61.000000	88142.897265	19119.056358	187500.000000	187500.000000	86685.496472	102733.713714	112685.604416	133911.335040	-0.086000	0.764000	0.582000	192.000000	0.000000	0.000000	0.000000	0.000000	0.000000	0.000000	0.000000	0.000000	0.000000	1733433176.850698	0.000000
62.000000	88139.656262	19109.087480	187500.000000	187500.000000	86682.881317	102740.888624	112679.904721	133911.692668	-0.086000	0.764000	0.582000	192.000000	0.000000	0.000000	0.000000	0.000000	0.000000	0.000000	0.000000	0.000000	0.000000	1733433176.854742	0.000000
63.000000	88142.316120	19112.060262	187500.000000	187500.000000	86687.284611	102756.199569	112684.687994	133924.790791	-0.080000	0.764000	0.578000	192.000000	253.000000	128.000000	23.000000	224.000000	18.000000	16.000000	0.000000	0.000000	0.000000	1733433176.857720	0.000000
64.000000	88146.361786	19117.603495	187500.000000	187500.000000	86693.319582	102764.335604	112711.599494	133908.742238	-0.080000	0.764000	0.578000	192.000000	0.000000	0.000000	0.000000	0.000000	0.000000	0.000000	0.000000	0.000000	0.000000	1733433176.861773	0.000000
65.000000	88154.810745	19128.309980	187500.000000	187500.000000	86696.046495	102776.271436	112718.394425	133908.697535	-0.080000	0.764000	0.578000	192.000000	0.000000	0.000000	0.000000	0.000000	0.000000	0.000000	0.000000	0.000000	0.000000	1733433176.865571	0.000000
66.000000	88151.279169	19130.880431	187500.000000	187500.000000	86686.770521	102749.091715	112699.127221	133901.120293	-0.080000	0.764000	0.578000	192.000000	0.000000	0.000000	0.000000	0.000000	0.000000	0.000000	0.000000	0.000000	0.000000	1733433176.870749	0.000000
67.000000	88141.176181	19119.324579	187500.000000	187500.000000	86677.472195	102726.695267	112679.569445	133886.725770	-0.080000	0.764000	0.578000	192.000000	0.000000	0.000000	0.000000	0.000000	0.000000	0.000000	0.000000	0.000000	0.000000	1733433176.874569	0.000000
68.000000	88148.105222	19128.377036	187500.000000	187500.000000	86689.542137	102735.613613	112689.560674	133903.735447	-0.080000	0.764000	0.578000	192.000000	0.000000	0.000000	0.000000	0.000000	0.000000	0.000000	0.000000	0.000000	0.000000	1733433176.878573	0.000000
69.000000	88149.066347	19127.102986	187500.000000	187500.000000	86687.463425	102739.391057	112679.971776	133906.104732	-0.080000	0.764000	0.578000	192.000000	0.000000	0.000000	0.000000	0.000000	0.000000	0.000000	0.000000	0.000000	0.000000	1733433176.882704	0.000000
70.000000	88154.743690	19129.114643	187500.000000	187500.000000	86692.850196	102748.130590	112682.408116	133910.038639	-0.080000	0.764000	0.578000	192.000000	0.000000	0.000000	0.000000	0.000000	0.000000	0.000000	0.000000	0.000000	0.000000	1733433176.885642	0.000000
71.000000	88154.631931	19129.248754	187500.000000	187500.000000	86692.269050	102749.136418	112684.732698	133911.379744	-0.080000	0.764000	0.578000	192.000000	0.000000	0.000000	0.000000	0.000000	0.000000	0.000000	0.000000	0.000000	0.000000	1733433176.889840	0.000000
72.000000	88153.491992	19132.467405	187500.000000	187500.000000	86691.777312	102754.009098	112686.945520	133908.429314	-0.080000	0.764000	0.578000	192.000000	0.000000	0.000000	0.000000	0.000000	0.000000	0.000000	0.000000	0.000000	0.000000	1733433176.893964	0.000000
73.000000	88139.388041	19117.737605	187500.000000	187500.000000	86678.276858	102763.396831	112672.662756	133908.809293	-0.070000	0.766000	0.578000	192.000000	253.000000	208.000000	23.000000	240.000000	18.000000	16.000000	0.000000	0.000000	0.000000	1733433176.898631	0.000000
74.000000	88139.008062	19107.344044	187500.000000	187500.000000	86669.850250	102732.149092	112667.119523	133914.911320	-0.070000	0.766000	0.578000	192.000000	0.000000	0.000000	0.000000	0.000000	0.000000	0.000000	0.000000	0.000000	0.000000	1733433176.902842	0.000000
75.000000	88139.164524	19112.194373	187500.000000	187500.000000	86669.649085	102727.745799	112658.022363	133915.581872	-0.070000	0.766000	0.578000	192.000000	0.000000	0.000000	0.000000	0.000000	0.000000	0.000000	0.000000	0.000000	0.000000	1733433176.906622	0.000000
76.000000	88131.587283	19108.863963	187500.000000	187500.000000	86659.143765	102725.018886	112653.328497	133933.619730	-0.070000	0.766000	0.578000	192.000000	0.000000	0.000000	0.000000	0.000000	0.000000	0.000000	0.000000	0.000000	0.000000	1733433176.910582	0.000000
77.000000	88141.489105	19129.539326	187500.000000	187500.000000	86673.270067	102739.234595	112675.344965	133920.856884	-0.070000	0.766000	0.578000	192.000000	0.000000	0.000000	0.000000	0.000000	0.000000	0.000000	0.000000	0.000000	0.000000	1733433176.913886	0.000000
78.000000	88144.640701	19118.206992	187500.000000	187500.000000	86680.646143	102751.326889	112678.518913	133882.702456	-0.070000	0.766000	0.578000	192.000000	0.000000	0.000000	0.000000	0.000000	0.000000	0.000000	0.000000	0.000000	0.000000	1733433176.918060	0.000000
79.000000	88146.898228	19116.128280	187500.000000	187500.000000	86690.592669	102754.500837	112696.176791	133894.124197	-0.070000	0.766000	0.578000	192.000000	0.000000	0.000000	0.000000	0.000000	0.000000	0.000000	0.000000	0.000000	0.000000	1733433176.921977	0.000000
80.000000	88145.870047	19115.904762	187500.000000	187500.000000	86691.218518	102744.643717	112690.678262	133913.078477	-0.070000	0.766000	0.578000	192.000000	0.000000	0.000000	0.000000	0.000000	0.000000	0.000000	0.000000	0.000000	0.000000	1733433176.926884	0.000000
81.000000	88142.673748	19122.163251	187500.000000	187500.000000	86693.207823	102749.672860	112686.632596	133942.560427	-0.070000	0.766000	0.578000	192.000000	0.000000	0.000000	0.000000	0.000000	0.000000	0.000000	0.000000	0.000000	0.000000	1733433176.930924	0.000000
82.000000	88145.177143	19115.837707	187500.000000	187500.000000	86694.012486	102754.567892	112687.683128	133921.125105	-0.070000	0.766000	0.578000	192.000000	0.000000	0.000000	0.000000	0.000000	0.000000	0.000000	0.000000	0.000000	0.000000	1733433176.934623	0.000000
83.000000	88142.629044	19110.540344	187500.000000	187500.000000	86695.286536	102762.525113	112688.621901	133921.952119	-0.076000	0.766000	0.582000	192.000000	253.000000	160.000000	23.000000	240.000000	18.000000	48.000000	0.000000	0.000000	0.000000	1733433176.938677	0.000000
84.000000	88140.282111	19123.169079	187500.000000	187500.000000	86699.622774	102761.094601	112688.532494	133919.113448	-0.076000	0.766000	0.582000	192.000000	0.000000	0.000000	0.000000	0.000000	0.000000	0.000000	0.000000	0.000000	0.000000	1733433176.941668	0.000000
85.000000	88139.008062	19125.136033	187500.000000	187500.000000	86697.566414	102766.056689	112683.860980	133899.578023	-0.076000	0.766000	0.582000	192.000000	0.000000	0.000000	0.000000	0.000000	0.000000	0.000000	0.000000	0.000000	0.000000	1733433176.945623	0.000000
86.000000	88143.836039	19122.431472	187500.000000	187500.000000	86691.263222	102780.160639	112671.478113	133928.635291	-0.076000	0.766000	0.582000	192.000000	0.000000	0.000000	0.000000	0.000000	0.000000	0.000000	0.000000	0.000000	0.000000	1733433176.949636	0.000000
87.000000	88148.909885	19120.062187	187500.000000	187500.000000	86692.358457	102759.932311	112677.960119	133920.611014	-0.076000	0.766000	0.582000	192.000000	0.000000	0.000000	0.000000	0.000000	0.000000	0.000000	0.000000	0.000000	0.000000	1733433176.953863	0.000000
88.000000	88142.874914	19110.227419	187500.000000	187500.000000	86684.691809	102743.973165	112678.451857	133899.533319	-0.076000	0.766000	0.582000	192.000000	0.000000	0.000000	0.000000	0.000000	0.000000	0.000000	0.000000	0.000000	0.000000	1733433176.958723	0.000000
89.000000	88144.238370	19112.104966	187500.000000	187500.000000	86682.009599	102739.502816	112688.867770	133914.084305	-0.076000	0.766000	0.582000	192.000000	0.000000	0.000000	0.000000	0.000000	0.000000	0.000000	0.000000	0.000000	0.000000	1733433176.962883	0.000000
90.000000	88151.793260	19113.870754	187500.000000	187500.000000	86690.771483	102759.954662	112713.164117	133915.693631	-0.076000	0.766000	0.582000	192.000000	0.000000	0.000000	0.000000	0.000000	0.000000	0.000000	0.000000	0.000000	0.000000	1733433176.965878	0.000000
91.000000	88150.899190	19119.704559	187500.000000	187500.000000	86689.318620	102748.599976	112701.474154	133921.236863	-0.076000	0.766000	0.582000	192.000000	0.000000	0.000000	0.000000	0.000000	0.000000	0.000000	0.000000	0.000000	0.000000	1733433176.969760	0.000000
92.000000	88151.234466	19127.706483	187500.000000	187500.000000	86687.284611	102751.103372	112695.282721	133906.931747	-0.076000	0.766000	0.582000	192.000000	0.000000	0.000000	0.000000	0.000000	0.000000	0.000000	0.000000	0.000000	0.000000	1733433176.973742	0.000000
93.000000	88157.828231	19129.539326	187500.000000	187500.000000	86700.986230	102763.083907	112711.308922	133924.231997	-0.078000	0.760000	0.588000	192.000000	253.000000	144.000000	23.000000	192.000000	18.000000	96.000000	0.000000	0.000000	0.000000	1733433176.977718	0.000000
94.000000	88153.961379	19126.521841	187500.000000	187500.000000	86700.874472	102761.116953	112704.290474	133940.682881	-0.078000	0.760000	0.588000	192.000000	0.000000	0.000000	0.000000	0.000000	0.000000	0.000000	0.000000	0.000000	0.000000	1733433176.981721	0.000000
95.000000	88160.465736	19130.880431	187500.000000	187500.000000	86699.443960	102755.372555	112705.296302	133920.543959	-0.078000	0.760000	0.588000	192.000000	0.000000	0.000000	0.000000	0.000000	0.000000	0.000000	0.000000	0.000000	0.000000	1733433176.987045	0.000000
96.000000	88153.670806	19123.146727	187500.000000	187500.000000	86693.788969	102756.534845	112705.251599	133919.828703	-0.078000	0.760000	0.588000	192.000000	0.000000	0.000000	0.000000	0.000000	0.000000	0.000000	0.000000	0.000000	0.000000	1733433176.990715	0.000000
97.000000	88149.647492	19125.918344	187500.000000	187500.000000	86698.907518	102774.528000	112703.932846	133942.739241	-0.078000	0.760000	0.588000	192.000000	0.000000	0.000000	0.000000	0.000000	0.000000	0.000000	0.000000	0.000000	0.000000	1733433176.994022	0.000000
98.000000	88156.531829	19119.659855	187500.000000	187500.000000	86711.782123	102771.465811	112702.681148	133949.802393	-0.078000	0.760000	0.588000	192.000000	0.000000	0.000000	0.000000	0.000000	0.000000	0.000000	0.000000	0.000000	0.000000	1733433176.997977	0.000000
99.000000	88150.787431	19114.809527	187500.000000	187500.000000	86704.338992	102746.677726	112696.422660	133944.125050	-0.078000	0.760000	0.588000	192.000000	0.000000	0.000000	0.000000	0.000000	0.000000	0.000000	0.000000	0.000000	0.000000	1733433177.001950	0.000000
100.000000	88135.387079	19107.478155	187500.000000	187500.000000	86683.328352	102740.285127	112680.262349	133910.619785	-0.078000	0.760000	0.588000	192.000000	0.000000	0.000000	0.000000	0.000000	0.000000	0.000000	0.000000	0.000000	0.000000	1733433177.005898	0.000000
101.000000	88134.694175	19105.779422	187500.000000	187500.000000	86674.030027	102749.762267	112680.083535	133908.518721	-0.078000	0.760000	0.588000	192.000000	0.000000	0.000000	0.000000	0.000000	0.000000	0.000000	0.000000	0.000000	0.000000	1733433177.009940	0.000000
102.000000	88134.470658	19122.833803	187500.000000	187500.000000	86686.904631	102732.462017	112683.346889	133906.194139	-0.078000	0.760000	0.588000	192.000000	0.000000	0.000000	0.000000	0.000000	0.000000	0.000000	0.000000	0.000000	0.000000	1733433177.014771	0.000000
103.000000	88132.034317	19121.872678	187500.000000	187500.000000	86676.332256	102720.347371	112671.209892	133904.115427	-0.078000	0.760000	0.584000	192.000000	253.000000	144.000000	23.000000	192.000000	18.000000	64.000000	0.000000	0.000000	0.000000	1733433177.018815	0.000000
104.000000	88134.023623	19100.437355	187500.000000	187500.000000	86677.181623	102738.072304	112674.719116	133919.068744	-0.078000	0.760000	0.584000	192.000000	0.000000	0.000000	0.000000	0.000000	0.000000	0.000000	0.000000	0.000000	0.000000	1733433177.021777	0.000000
105.000000	88139.745669	19099.208009	187500.000000	187500.000000	86685.854099	102746.297746	112691.795849	133941.666358	-0.078000	0.760000	0.584000	192.000000	0.000000	0.000000	0.000000	0.000000	0.000000	0.000000	0.000000	0.000000	0.000000	1733433177.025798	0.000000
106.000000	88137.085812	19106.718195	187500.000000	187500.000000	86685.675286	102729.645697	112695.528590	133917.347660	-0.078000	0.760000	0.584000	192.000000	0.000000	0.000000	0.000000	0.000000	0.000000	0.000000	0.000000	0.000000	0.000000	1733433177.030010	0.000000
107.000000	88129.508570	19099.208009	187500.000000	187500.000000	86681.584916	102730.383304	112690.387689	133902.416694	-0.078000	0.760000	0.584000	192.000000	0.000000	0.000000	0.000000	0.000000	0.000000	0.000000	0.000000	0.000000	0.000000	1733433177.033916	0.000000
108.000000	88130.849675	19105.779422	187500.000000	187500.000000	86680.199108	102725.890604	112689.739488	133893.900680	-0.078000	0.760000	0.584000	192.000000	0.000000	0.000000	0.000000	0.000000	0.000000	0.000000	0.000000	0.000000	0.000000	1733433177.038277	0.000000
109.000000	88146.093565	19112.395538	187500.000000	187500.000000	86695.912384	102742.050915	112703.195238	133916.900625	-0.078000	0.760000	0.584000	192.000000	0.000000	0.000000	0.000000	0.000000	0.000000	0.000000	0.000000	0.000000	0.000000	1733433177.042972	0.000000
110.000000	88144.350129	19111.367358	187500.000000	187500.000000	86693.476044	102734.898357	112699.440145	133911.893834	-0.078000	0.760000	0.584000	192.000000	0.000000	0.000000	0.000000	0.000000	0.000000	0.000000	0.000000	0.000000	0.000000	1733433177.046826	0.000000
111.000000	88140.215056	19103.208971	187500.000000	187500.000000	86684.580050	102734.831302	112696.333253	133905.590642	-0.078000	0.760000	0.584000	192.000000	0.000000	0.000000	0.000000	0.000000	0.000000	0.000000	0.000000	0.000000	0.000000	1733433177.049821	0.000000
112.000000	88141.690271	19103.074861	187500.000000	187500.000000	86693.408989	102755.193741	112701.787079	133917.660584	-0.078000	0.760000	0.584000	192.000000	0.000000	0.000000	0.000000	0.000000	0.000000	0.000000	0.000000	0.000000	0.000000	1733433177.053996	0.000000
113.000000	88132.168428	19118.519916	187500.000000	187500.000000	86700.069809	102739.324002	112698.322558	133924.544921	-0.076000	0.764000	0.584000	192.000000	253.000000	160.000000	23.000000	224.000000	18.000000	64.000000	0.000000	0.000000	0.000000	1733433177.057858	0.000000
114.000000	88139.924483	19134.210841	187500.000000	187500.000000	86711.938585	102751.483351	112710.951294	133931.675128	-0.076000	0.764000	0.584000	192.000000	0.000000	0.000000	0.000000	0.000000	0.000000	0.000000	0.000000	0.000000	0.000000	1733433177.061830	0.000000
115.000000	88150.429803	19117.536440	187500.000000	187500.000000	86719.269957	102746.521264	112713.052358	133915.358354	-0.076000	0.764000	0.584000	192.000000	0.000000	0.000000	0.000000	0.000000	0.000000	0.000000	0.000000	0.000000	0.000000	1733433177.066100	0.000000
116.000000	88138.583379	19101.711405	187500.000000	187500.000000	86705.903614	102735.457150	112696.579122	133918.353488	-0.076000	0.764000	0.584000	192.000000	0.000000	0.000000	0.000000	0.000000	0.000000	0.000000	0.000000	0.000000	0.000000	1733433177.071008	0.000000
117.000000	88134.023623	19101.979625	187500.000000	187500.000000	86696.828806	102737.289993	112690.253578	133925.640157	-0.076000	0.764000	0.584000	192.000000	0.000000	0.000000	0.000000	0.000000	0.000000	0.000000	0.000000	0.000000	0.000000	1733433177.074165	0.000000
118.000000	88133.911864	19098.470402	187500.000000	187500.000000	86700.650954	102734.250156	112685.939692	133908.675183	-0.076000	0.764000	0.584000	192.000000	0.000000	0.000000	0.000000	0.000000	0.000000	0.000000	0.000000	0.000000	0.000000	1733433177.077092	0.000000
119.000000	88131.766097	19100.750280	187500.000000	187500.000000	86693.788969	102731.478540	112679.591796	133907.244671	-0.076000	0.764000	0.584000	192.000000	0.000000	0.000000	0.000000	0.000000	0.000000	0.000000	0.000000	0.000000	0.000000	1733433177.081911	0.000000
120.000000	88138.359861	19114.965989	187500.000000	187500.000000	86701.142693	102731.836168	112689.538323	133915.023078	-0.076000	0.764000	0.584000	192.000000	0.000000	0.000000	0.000000	0.000000	0.000000	0.000000	0.000000	0.000000	0.000000	1733433177.085842	0.000000
121.000000	88138.985710	19100.146782	187500.000000	187500.000000	86699.019277	102713.284220	112687.280796	133926.869503	-0.076000	0.764000	0.584000	192.000000	0.000000	0.000000	0.000000	0.000000	0.000000	0.000000	0.000000	0.000000	0.000000	1733433177.089855	0.000000
122.000000	88139.253931	19104.214800	187500.000000	187500.000000	86689.519786	102710.870231	112681.603453	133909.591604	-0.076000	0.764000	0.584000	192.000000	0.000000	0.000000	0.000000	0.000000	0.000000	0.000000	0.000000	0.000000	0.000000	1733433177.093858	0.000000
123.000000	88124.010041	19092.480134	187500.000000	187500.000000	86672.532460	102706.869269	112673.087439	133879.193232	-0.078000	0.764000	0.580000	192.000000	253.000000	144.000000	23.000000	224.000000	18.000000	32.000000	0.000000	0.000000	0.000000	1733433177.097936	0.000000
124.000000	88114.845826	19078.420887	187500.000000	187500.000000	86664.597591	102712.725426	112665.912529	133875.795767	-0.078000	0.764000	0.580000	192.000000	0.000000	0.000000	0.000000	0.000000	0.000000	0.000000	0.000000	0.000000	0.000000	1733433177.102123	0.000000
125.000000	88128.323928	19106.517030	187500.000000	187500.000000	86677.583954	102708.590354	112675.993165	133906.350601	-0.078000	0.764000	0.580000	192.000000	0.000000	0.000000	0.000000	0.000000	0.000000	0.000000	0.000000	0.000000	0.000000	1733433177.104900	0.000000
126.000000	88133.509533	19117.178812	187500.000000	187500.000000	86684.356533	102718.738046	112671.299299	133896.985221	-0.078000	0.764000	0.580000	192.000000	0.000000	0.000000	0.000000	0.000000	0.000000	0.000000	0.000000	0.000000	0.000000	1733433177.110072	0.000000
127.000000	88137.041108	19112.127317	187500.000000	187500.000000	86682.702504	102718.179252	112679.010651	133893.364238	-0.078000	0.764000	0.580000	192.000000	0.000000	0.000000	0.000000	0.000000	0.000000	0.000000	0.000000	0.000000	0.000000	1733433177.114150	0.000000
128.000000	88139.946835	19098.716271	187500.000000	187500.000000	86685.094140	102718.022790	112690.410041	133919.404020	-0.078000	0.764000	0.580000	192.000000	0.000000	0.000000	0.000000	0.000000	0.000000	0.000000	0.000000	0.000000	0.000000	1733433177.118153	0.000000
129.000000	88134.090678	19088.210951	187500.000000	187500.000000	86684.065960	102711.384322	112687.750183	133907.177616	-0.078000	0.764000	0.580000	192.000000	0.000000	0.000000	0.000000	0.000000	0.000000	0.000000	0.000000	0.000000	0.000000	1733433177.121945	0.000000
130.000000	88130.648509	19089.350890	187500.000000	187500.000000	86685.563527	102716.636982	112688.219570	133899.533319	-0.078000	0.764000	0.580000	192.000000	0.000000	0.000000	0.000000	0.000000	0.000000	0.000000	0.000000	0.000000	0.000000	1733433177.125902	0.000000
131.000000	88128.033355	19098.001015	187500.000000	187500.000000	86679.595611	102712.300743	112685.783230	133902.550805	-0.078000	0.764000	0.580000	192.000000	0.000000	0.000000	0.000000	0.000000	0.000000	0.000000	0.000000	0.000000	0.000000	1733433177.129899	0.000000
132.000000	88133.598940	19107.209934	187500.000000	187500.000000	86679.260335	102722.314325	112686.967872	133904.763628	-0.078000	0.764000	0.580000	192.000000	0.000000	0.000000	0.000000	0.000000	0.000000	0.000000	0.000000	0.000000	0.000000	1733433177.132926	0.000000
133.000000	88129.128591	19096.279931	187500.000000	187500.000000	86669.962009	102707.115138	112680.038831	133878.634438	-0.078000	0.764000	0.580000	192.000000	0.000000	0.000000	0.000000	0.000000	0.000000	0.000000	0.000000	0.000000	0.000000	1733433177.138219	0.000000
134.000000	88128.927425	19091.586064	187500.000000	187500.000000	86667.168041	102700.141394	112686.453782	133888.849186	-0.076000	0.764000	0.578000	192.000000	253.000000	160.000000	23.000000	224.000000	18.000000	16.000000	0.000000	0.000000	0.000000	1733433177.142143	0.000000
135.000000	88132.838980	19114.586009	187500.000000	187500.000000	86669.470271	102701.214278	112671.500465	133898.281622	-0.076000	0.764000	0.578000	192.000000	0.000000	0.000000	0.000000	0.000000	0.000000	0.000000	0.000000	0.000000	0.000000	1733433177.146168	0.000000
136.000000	88135.185913	19115.793004	187500.000000	187500.000000	86666.989227	102684.316359	112650.758046	133880.936668	-0.076000	0.764000	0.578000	192.000000	0.000000	0.000000	0.000000	0.000000	0.000000	0.000000	0.000000	0.000000	0.000000	1733433177.150125	0.000000
137.000000	88140.282111	19106.472326	187500.000000	187500.000000	86672.085425	102702.331865	112674.585006	133885.831700	-0.076000	0.764000	0.578000	192.000000	0.000000	0.000000	0.000000	0.000000	0.000000	0.000000	0.000000	0.000000	0.000000	1733433177.154094	0.000000
138.000000	88137.823419	19089.417945	187500.000000	187500.000000	86678.768597	102730.495063	112703.709329	133911.938538	-0.076000	0.764000	0.578000	192.000000	0.000000	0.000000	0.000000	0.000000	0.000000	0.000000	0.000000	0.000000	0.000000	1733433177.157955	0.000000
139.000000	88135.856466	19084.612320	187500.000000	187500.000000	86687.262259	102725.376514	112712.672378	133919.560482	-0.076000	0.764000	0.578000	192.000000	0.000000	0.000000	0.000000	0.000000	0.000000	0.000000	0.000000	0.000000	0.000000	1733433177.160950	0.000000
140.000000	88149.423975	19105.533553	187500.000000	187500.000000	86693.788969	102726.561156	112715.488698	133903.467226	-0.076000	0.764000	0.578000	192.000000	0.000000	0.000000	0.000000	0.000000	0.000000	0.000000	0.000000	0.000000	0.000000	1733433177.165966	0.000000
141.000000	88150.049824	19110.942675	187500.000000	187500.000000	86689.922117	102720.034447	112708.626712	133901.477921	-0.076000	0.764000	0.578000	192.000000	0.000000	0.000000	0.000000	0.000000	0.000000	0.000000	0.000000	0.000000	0.000000	1733433177.169959	0.000000
142.000000	88150.094527	19112.507297	187500.000000	187500.000000	86687.262259	102713.887717	112705.139840	133907.199968	-0.076000	0.764000	0.578000	192.000000	0.000000	0.000000	0.000000	0.000000	0.000000	0.000000	0.000000	0.000000	0.000000	1733433177.174084	0.000000
143.000000	88151.256818	19109.042777	187500.000000	187500.000000	86697.275841	102722.470787	112705.273951	133917.995860	-0.076000	0.764000	0.578000	192.000000	0.000000	0.000000	0.000000	0.000000	0.000000	0.000000	0.000000	0.000000	0.000000	1733433177.178180	0.000000
144.000000	88149.267512	19111.993207	187500.000000	187500.000000	86697.298193	102722.090807	112700.870657	133928.992919	-0.068000	0.766000	0.572000	192.000000	253.000000	224.000000	23.000000	240.000000	17.000000	224.000000	0.000000	0.000000	0.000000	1733433177.182224	0.000000
145.000000	88143.299597	19106.226457	187500.000000	187500.000000	86692.157291	102707.293952	112696.601474	133918.979337	-0.068000	0.766000	0.572000	192.000000	0.000000	0.000000	0.000000	0.000000	0.000000	0.000000	0.000000	0.000000	0.000000	1733433177.186028	0.000000
146.000000	88138.583379	19107.567562	187500.000000	187500.000000	86692.492568	102724.951831	112701.921189	133895.510005	-0.068000	0.766000	0.572000	192.000000	0.000000	0.000000	0.000000	0.000000	0.000000	0.000000	0.000000	0.000000	0.000000	1733433177.189231	0.000000
147.000000	88139.075117	19101.689053	187500.000000	187500.000000	86693.856024	102731.702057	112711.666550	133911.625613	-0.068000	0.766000	0.572000	192.000000	0.000000	0.000000	0.000000	0.000000	0.000000	0.000000	0.000000	0.000000	0.000000	1733433177.193020	0.000000
148.000000	88134.358899	19097.777498	187500.000000	187500.000000	86693.990134	102717.084016	112701.943541	133913.950195	-0.068000	0.766000	0.572000	192.000000	0.000000	0.000000	0.000000	0.000000	0.000000	0.000000	0.000000	0.000000	0.000000	1733433177.198018	0.000000
149.000000	88140.282111	19102.493716	187500.000000	187500.000000	86689.251565	102700.253153	112693.606340	133909.099866	-0.068000	0.766000	0.572000	192.000000	0.000000	0.000000	0.000000	0.000000	0.000000	0.000000	0.000000	0.000000	0.000000	1733433177.202060	0.000000
150.000000	88148.708719	19114.228381	187500.000000	187500.000000	86692.850196	102702.242458	112707.106794	133881.897793	-0.068000	0.766000	0.572000	192.000000	0.000000	0.000000	0.000000	0.000000	0.000000	0.000000	0.000000	0.000000	0.000000	1733433177.206211	0.000000
151.000000	88146.853524	19111.993207	187500.000000	187500.000000	86687.910460	102705.997551	112707.799698	133898.818064	-0.068000	0.766000	0.572000	192.000000	0.000000	0.000000	0.000000	0.000000	0.000000	0.000000	0.000000	0.000000	0.000000	1733433177.209066	0.000000
152.000000	88150.362748	19107.545210	187500.000000	187500.000000	86686.994038	102715.184118	112699.283683	133916.431238	-0.068000	0.766000	0.572000	192.000000	0.000000	0.000000	0.000000	0.000000	0.000000	0.000000	0.000000	0.000000	0.000000	1733433177.213342	0.000000
153.000000	88145.423012	19092.837762	187500.000000	187500.000000	86679.416797	102722.448435	112692.108773	133908.853997	-0.068000	0.766000	0.572000	192.000000	0.000000	0.000000	0.000000	0.000000	0.000000	0.000000	0.000000	0.000000	0.000000	1733433177.217321	0.000000
154.000000	88144.685405	19096.346986	187500.000000	187500.000000	86674.141785	102728.908089	112689.806544	133897.298145	-0.064000	0.762000	0.578000	192.000000	254.000000	0.000000	23.000000	208.000000	18.000000	16.000000	0.000000	0.000000	0.000000	1733433177.221322	0.000000
155.000000	88142.070251	19092.033099	187500.000000	187500.000000	86674.432358	102723.767188	112689.985358	133902.863729	-0.064000	0.762000	0.578000	192.000000	0.000000	0.000000	0.000000	0.000000	0.000000	0.000000	0.000000	0.000000	0.000000	1733433177.226077	0.000000
156.000000	88137.421088	19093.418907	187500.000000	187500.000000	86673.158309	102705.997551	112694.925093	133900.896776	-0.064000	0.762000	0.578000	192.000000	0.000000	0.000000	0.000000	0.000000	0.000000	0.000000	0.000000	0.000000	0.000000	1733433177.230044	0.000000
157.000000	88135.275320	19086.713384	187500.000000	187500.000000	86669.000884	102712.926592	112694.858038	133878.925011	-0.064000	0.762000	0.578000	192.000000	0.000000	0.000000	0.000000	0.000000	0.000000	0.000000	0.000000	0.000000	0.000000	1733433177.234064	0.000000
158.000000	88134.984748	19084.813486	187500.000000	187500.000000	86663.234134	102701.527202	112697.361433	133895.688819	-0.064000	0.762000	0.578000	192.000000	0.000000	0.000000	0.000000	0.000000	0.000000	0.000000	0.000000	0.000000	0.000000	1733433177.237075	0.000000
159.000000	88124.635890	19076.185712	187500.000000	187500.000000	86656.618018	102681.947074	112686.744355	133882.009552	-0.064000	0.762000	0.578000	192.000000	0.000000	0.000000	0.000000	0.000000	0.000000	0.000000	0.000000	0.000000	0.000000	1733433177.241230	0.000000
160.000000	88133.911864	19069.703706	187500.000000	187500.000000	86663.547059	102688.518487	112683.928035	133878.835604	-0.064000	0.762000	0.578000	192.000000	0.000000	0.000000	0.000000	0.000000	0.000000	0.000000	0.000000	0.000000	0.000000	1733433177.245326	0.000000
161.000000	88134.627120	19072.654137	187500.000000	187500.000000	86662.585934	102698.219144	112676.998994	133895.286488	-0.064000	0.762000	0.578000	192.000000	0.000000	0.000000	0.000000	0.000000	0.000000	0.000000	0.000000	0.000000	0.000000	1733433177.249313	0.000000
162.000000	88140.371518	19082.779477	187500.000000	187500.000000	86671.683094	102721.733179	112679.748259	133882.568345	-0.064000	0.762000	0.578000	192.000000	0.000000	0.000000	0.000000	0.000000	0.000000	0.000000	0.000000	0.000000	0.000000	1733433177.254131	0.000000
163.000000	88149.714547	19102.113736	187500.000000	187500.000000	86680.266163	102721.889642	112700.356567	133891.285526	-0.064000	0.762000	0.578000	192.000000	0.000000	0.000000	0.000000	0.000000	0.000000	0.000000	0.000000	0.000000	0.000000	1733433177.258089	0.000000
164.000000	88145.199495	19093.955349	187500.000000	187500.000000	86679.372094	102733.154921	112708.291436	133904.160131	-0.072000	0.768000	0.580000	192.000000	253.000000	192.000000	24.000000	0.000000	18.000000	32.000000	0.000000	0.000000	0.000000	1733433177.262091	0.000000
165.000000	88139.186876	19084.344099	187500.000000	187500.000000	86671.079596	102714.155938	112694.545113	133901.634383	-0.072000	0.768000	0.580000	192.000000	0.000000	0.000000	0.000000	0.000000	0.000000	0.000000	0.000000	0.000000	0.000000	1733433177.265120	0.000000
166.000000	88122.333660	19075.537512	187500.000000	187500.000000	86662.429471	102708.679761	112683.950387	133882.769511	-0.072000	0.768000	0.580000	192.000000	0.000000	0.000000	0.000000	0.000000	0.000000	0.000000	0.000000	0.000000	0.000000	1733433177.269124	0.000000
167.000000	88118.667974	19068.317898	187500.000000	187500.000000	86658.674378	102700.074339	112677.714250	133894.235956	-0.072000	0.768000	0.580000	192.000000	0.000000	0.000000	0.000000	0.000000	0.000000	0.000000	0.000000	0.000000	0.000000	1733433177.273160	0.000000
168.000000	88122.557178	19073.704669	187500.000000	187500.000000	86671.928963	102698.085034	112681.044660	133910.776247	-0.072000	0.768000	0.580000	192.000000	0.000000	0.000000	0.000000	0.000000	0.000000	0.000000	0.000000	0.000000	0.000000	1733433177.277363	0.000000
169.000000	88127.519265	19084.500561	187500.000000	187500.000000	86676.667533	102699.739063	112680.128238	133906.574119	-0.072000	0.768000	0.580000	192.000000	0.000000	0.000000	0.000000	0.000000	0.000000	0.000000	0.000000	0.000000	0.000000	1733433177.281288	0.000000
170.000000	88126.804009	19091.027271	187500.000000	187500.000000	86671.146652	102708.165670	112672.148665	133884.445892	-0.072000	0.768000	0.580000	192.000000	0.000000	0.000000	0.000000	0.000000	0.000000	0.000000	0.000000	0.000000	0.000000	1733433177.286282	0.000000
171.000000	88122.937158	19107.187582	187500.000000	187500.000000	86671.705445	102708.880926	112676.104924	133879.640267	-0.072000	0.768000	0.580000	192.000000	0.000000	0.000000	0.000000	0.000000	0.000000	0.000000	0.000000	0.000000	0.000000	1733433177.290361	0.000000
172.000000	88120.925501	19090.826105	187500.000000	187500.000000	86667.503317	102695.000493	112675.009689	133876.309857	-0.072000	0.768000	0.580000	192.000000	0.000000	0.000000	0.000000	0.000000	0.000000	0.000000	0.000000	0.000000	0.000000	1733433177.293129	0.000000
173.000000	88113.169445	19076.990375	187500.000000	187500.000000	86661.133070	102690.820717	112666.761895	133873.426482	-0.072000	0.768000	0.580000	192.000000	0.000000	0.000000	0.000000	0.000000	0.000000	0.000000	0.000000	0.000000	0.000000	1733433177.297134	0.000000
174.000000	88115.762248	19070.351907	187500.000000	187500.000000	86664.709349	102710.244383	112669.846436	133888.022171	-0.070000	0.764000	0.578000	192.000000	253.000000	208.000000	23.000000	224.000000	18.000000	16.000000	0.000000	0.000000	0.000000	1733433177.301143	0.000000
175.000000	88122.601881	19067.848512	187500.000000	187500.000000	86670.632562	102714.155938	112677.244863	133892.403113	-0.070000	0.764000	0.578000	192.000000	0.000000	0.000000	0.000000	0.000000	0.000000	0.000000	0.000000	0.000000	0.000000	1733433177.305204	0.000000
176.000000	88120.769038	19070.821294	187500.000000	187500.000000	86669.559678	102705.215240	112664.482017	133903.020192	-0.070000	0.764000	0.578000	192.000000	0.000000	0.000000	0.000000	0.000000	0.000000	0.000000	0.000000	0.000000	0.000000	1733433177.309177	0.000000
177.000000	88115.136399	19066.797980	187500.000000	187500.000000	86661.870678	102720.995572	112658.670564	133913.123180	-0.070000	0.764000	0.578000	192.000000	0.000000	0.000000	0.000000	0.000000	0.000000	0.000000	0.000000	0.000000	0.000000	1733433177.314292	0.000000
178.000000	88116.253986	19065.300413	187500.000000	187500.000000	86654.874582	102721.643772	112662.202139	133897.856939	-0.070000	0.764000	0.578000	192.000000	0.000000	0.000000	0.000000	0.000000	0.000000	0.000000	0.000000	0.000000	0.000000	1733433177.318305	0.000000
179.000000	88122.847751	19075.872788	187500.000000	187500.000000	86657.400329	102721.442607	112659.765799	133874.275848	-0.070000	0.764000	0.578000	192.000000	0.000000	0.000000	0.000000	0.000000	0.000000	0.000000	0.000000	0.000000	0.000000	1733433177.321535	0.000000
180.000000	88123.317137	19075.135180	187500.000000	187500.000000	86654.539306	102697.123909	112653.753180	133869.693741	-0.070000	0.764000	0.578000	192.000000	0.000000	0.000000	0.000000	0.000000	0.000000	0.000000	0.000000	0.000000	0.000000	1733433177.325507	0.000000
181.000000	88118.757381	19070.977756	187500.000000	187500.000000	86653.242904	102691.714786	112652.613241	133884.155319	-0.070000	0.764000	0.578000	192.000000	0.000000	0.000000	0.000000	0.000000	0.000000	0.000000	0.000000	0.000000	0.000000	1733433177.329239	0.000000
182.000000	88127.519265	19077.571521	187500.000000	187500.000000	86657.400329	102713.395979	112660.503407	133910.172750	-0.070000	0.764000	0.578000	192.000000	0.000000	0.000000	0.000000	0.000000	0.000000	0.000000	0.000000	0.000000	0.000000	1733433177.333198	0.000000
183.000000	88136.482315	19085.059355	187500.000000	187500.000000	86657.132108	102714.602973	112661.755104	133910.843302	-0.070000	0.764000	0.578000	192.000000	0.000000	0.000000	0.000000	0.000000	0.000000	0.000000	0.000000	0.000000	0.000000	1733433177.337632	0.000000
184.000000	88130.089716	19091.362547	187500.000000	187500.000000	86661.088367	102710.244383	112663.587947	133927.920035	-0.070000	0.766000	0.582000	192.000000	253.000000	208.000000	23.000000	240.000000	18.000000	48.000000	0.000000	0.000000	0.000000	1733433177.342247	0.000000
185.000000	88123.272434	19073.659965	187500.000000	187500.000000	86662.362416	102712.077226	112656.345982	133900.673258	-0.070000	0.766000	0.582000	192.000000	0.000000	0.000000	0.000000	0.000000	0.000000	0.000000	0.000000	0.000000	0.000000	1733433177.345257	0.000000
186.000000	88124.099448	19064.562805	187500.000000	187500.000000	86662.362416	102718.402769	112660.861034	133857.847316	-0.070000	0.766000	0.582000	192.000000	0.000000	0.000000	0.000000	0.000000	0.000000	0.000000	0.000000	0.000000	0.000000	1733433177.349226	0.000000
187.000000	88133.800105	19083.159457	187500.000000	187500.000000	86674.342951	102728.237537	112668.058296	133875.795767	-0.070000	0.766000	0.582000	192.000000	0.000000	0.000000	0.000000	0.000000	0.000000	0.000000	0.000000	0.000000	0.000000	1733433177.353495	0.000000
188.000000	88134.783582	19077.750334	187500.000000	187500.000000	86667.682131	102723.655429	112658.804674	133885.004686	-0.070000	0.766000	0.582000	192.000000	0.000000	0.000000	0.000000	0.000000	0.000000	0.000000	0.000000	0.000000	0.000000	1733433177.358443	0.000000
189.000000	88125.105277	19060.204215	187500.000000	187500.000000	86661.133070	102707.450415	112641.616183	133891.710209	-0.070000	0.766000	0.582000	192.000000	0.000000	0.000000	0.000000	0.000000	0.000000	0.000000	0.000000	0.000000	0.000000	1733433177.362420	0.000000
190.000000	88123.898283	19062.372334	187500.000000	187500.000000	86660.887201	102712.032522	112633.323685	133894.303011	-0.070000	0.766000	0.582000	192.000000	0.000000	0.000000	0.000000	0.000000	0.000000	0.000000	0.000000	0.000000	0.000000	1733433177.365542	0.000000
191.000000	88124.121800	19067.848512	187500.000000	187500.000000	86665.491660	102733.177272	112637.078778	133882.993029	-0.070000	0.766000	0.582000	192.000000	0.000000	0.000000	0.000000	0.000000	0.000000	0.000000	0.000000	0.000000	0.000000	1733433177.370268	0.000000
192.000000	88120.657280	19065.479227	187500.000000	187500.000000	86669.045588	102739.502816	112641.057389	133878.142700	-0.070000	0.766000	0.582000	192.000000	0.000000	0.000000	0.000000	0.000000	0.000000	0.000000	0.000000	0.000000	0.000000	1733433177.373260	0.000000
193.000000	88122.266605	19067.736753	187500.000000	187500.000000	86672.107777	102711.361970	112639.984505	133899.354505	-0.070000	0.766000	0.582000	192.000000	0.000000	0.000000	0.000000	0.000000	0.000000	0.000000	0.000000	0.000000	0.000000	1733433177.377260	0.000000
194.000000	88126.446381	19076.923320	187500.000000	187500.000000	86670.744320	102713.597144	112630.999104	133893.610107	-0.068000	0.766000	0.582000	192.000000	253.000000	224.000000	23.000000	240.000000	18.000000	48.000000	0.000000	0.000000	0.000000	1733433177.381296	0.000000
195.000000	88130.268530	19070.463666	187500.000000	187500.000000	86667.816242	102717.687514	112635.201232	133910.373915	-0.068000	0.766000	0.582000	192.000000	0.000000	0.000000	0.000000	0.000000	0.000000	0.000000	0.000000	0.000000	0.000000	1733433177.385309	0.000000
196.000000	88130.760268	19069.904872	187500.000000	187500.000000	86667.212745	102708.143319	112632.049636	133897.991049	-0.068000	0.766000	0.582000	192.000000	0.000000	0.000000	0.000000	0.000000	0.000000	0.000000	0.000000	0.000000	0.000000	1733433177.389431	0.000000
197.000000	88126.535788	19094.514143	187500.000000	187500.000000	86676.935753	102713.127758	112637.436406	133912.206759	-0.068000	0.766000	0.582000	192.000000	0.000000	0.000000	0.000000	0.000000	0.000000	0.000000	0.000000	0.000000	0.000000	1733433177.393416	0.000000
198.000000	88125.686422	19079.672584	187500.000000	187500.000000	86679.372094	102705.394054	112634.329514	133896.605241	-0.068000	0.766000	0.582000	192.000000	0.000000	0.000000	0.000000	0.000000	0.000000	0.000000	0.000000	0.000000	0.000000	1733433177.398601	0.000000
199.000000	88120.053782	19053.476340	187500.000000	187500.000000	86674.030027	102701.773072	112627.892211	133887.485729	-0.068000	0.766000	0.582000	192.000000	0.000000	0.000000	0.000000	0.000000	0.000000	0.000000	0.000000	0.000000	0.000000	1733433177.401679	0.000000
200.000000	88122.110143	19061.254747	187500.000000	187500.000000	86669.582030	102706.332827	112632.921354	133878.947363	-0.068000	0.766000	0.582000	192.000000	0.000000	0.000000	0.000000	0.000000	0.000000	0.000000	0.000000	0.000000	0.000000	1733433177.405849	0.000000
201.000000	88117.863312	19054.593927	187500.000000	187500.000000	86662.608285	102712.837185	112628.786281	133882.300124	-0.068000	0.766000	0.582000	192.000000	0.000000	0.000000	0.000000	0.000000	0.000000	0.000000	0.000000	0.000000	0.000000	1733433177.409314	0.000000
202.000000	88122.847751	19068.183788	187500.000000	187500.000000	86672.375998	102733.624307	112620.896115	133894.146549	-0.068000	0.766000	0.582000	192.000000	0.000000	0.000000	0.000000	0.000000	0.000000	0.000000	0.000000	0.000000	0.000000	1733433177.413369	0.000000
203.000000	88130.380288	19088.903855	187500.000000	187500.000000	86674.857041	102729.399828	112619.398549	133879.863784	-0.068000	0.766000	0.582000	192.000000	0.000000	0.000000	0.000000	0.000000	0.000000	0.000000	0.000000	0.000000	0.000000	1733433177.417349	0.000000
204.000000	88130.581454	19070.061334	187500.000000	187500.000000	86682.367227	102738.631098	112619.823232	133880.444930	-0.072000	0.770000	0.580000	192.000000	253.000000	192.000000	24.000000	16.000000	18.000000	32.000000	0.000000	0.000000	0.000000	1733433177.421382	0.000000
205.000000	88131.184951	19067.110904	187500.000000	187500.000000	86691.933774	102736.731200	112625.835851	133888.044523	-0.072000	0.770000	0.580000	192.000000	0.000000	0.000000	0.000000	0.000000	0.000000	0.000000	0.000000	0.000000	0.000000	1733433177.426458	0.000000
206.000000	88131.453172	19077.191541	187500.000000	187500.000000	86694.571280	102706.466938	112622.796014	133897.991049	-0.072000	0.770000	0.580000	192.000000	0.000000	0.000000	0.000000	0.000000	0.000000	0.000000	0.000000	0.000000	0.000000	1733433177.429648	0.000000
207.000000	88130.939082	19076.409230	187500.000000	187500.000000	86691.374980	102709.126795	112628.585116	133932.770363	-0.072000	0.770000	0.580000	192.000000	0.000000	0.000000	0.000000	0.000000	0.000000	0.000000	0.000000	0.000000	0.000000	1733433177.432719	0.000000
208.000000	88121.618405	19059.980698	187500.000000	187500.000000	86683.060131	102714.647676	112622.147813	133902.841378	-0.072000	0.770000	0.580000	192.000000	0.000000	0.000000	0.000000	0.000000	0.000000	0.000000	0.000000	0.000000	0.000000	1733433177.437959	0.000000
209.000000	88120.411410	19056.270308	187500.000000	187500.000000	86683.730684	102699.984932	112607.596827	133875.907526	-0.072000	0.770000	0.580000	192.000000	0.000000	0.000000	0.000000	0.000000	0.000000	0.000000	0.000000	0.000000	0.000000	1733433177.441670	0.000000
210.000000	88129.977957	19073.458800	187500.000000	187500.000000	86692.783140	102716.815796	112620.382025	133901.008535	-0.072000	0.770000	0.580000	192.000000	0.000000	0.000000	0.000000	0.000000	0.000000	0.000000	0.000000	0.000000	0.000000	1733433177.445419	0.000000
211.000000	88129.843847	19053.655154	187500.000000	187500.000000	86687.463425	102719.319191	112612.603618	133886.792825	-0.072000	0.770000	0.580000	192.000000	0.000000	0.000000	0.000000	0.000000	0.000000	0.000000	0.000000	0.000000	0.000000	1733433177.449487	0.000000
212.000000	88125.172332	19050.436503	187500.000000	187500.000000	86692.112588	102715.184118	112602.970016	133869.492575	-0.072000	0.770000	0.580000	192.000000	0.000000	0.000000	0.000000	0.000000	0.000000	0.000000	0.000000	0.000000	0.000000	1733433177.453648	0.000000
213.000000	88123.004213	19062.126465	187500.000000	187500.000000	86690.011524	102719.363894	112606.322778	133874.745235	-0.072000	0.770000	0.580000	192.000000	0.000000	0.000000	0.000000	0.000000	0.000000	0.000000	0.000000	0.000000	0.000000	1733433177.457483	0.000000
214.000000	88117.729201	19072.609433	187500.000000	187500.000000	86689.877413	102709.126795	112602.344168	133905.769456	-0.074000	0.772000	0.576000	192.000000	253.000000	176.000000	24.000000	32.000000	18.000000	0.000000	0.000000	0.000000	0.000000	1733433177.460454	0.000000
215.000000	88116.991593	19066.127427	187500.000000	187500.000000	86687.552832	102718.961563	112591.794144	133914.441933	-0.074000	0.772000	0.576000	192.000000	0.000000	0.000000	0.000000	0.000000	0.000000	0.000000	0.000000	0.000000	0.000000	1733433177.465622	0.000000
216.000000	88114.219977	19050.972945	187500.000000	187500.000000	86686.301134	102697.816813	112595.102202	133881.271944	-0.074000	0.772000	0.576000	192.000000	0.000000	0.000000	0.000000	0.000000	0.000000	0.000000	0.000000	0.000000	0.000000	1733433177.469623	0.000000
217.000000	88113.348259	19048.514253	187500.000000	187500.000000	86686.837576	102700.655484	112598.901999	133867.458566	-0.074000	0.772000	0.576000	192.000000	0.000000	0.000000	0.000000	0.000000	0.000000	0.000000	0.000000	0.000000	0.000000	1733433177.473689	0.000000
218.000000	88118.869140	19067.781456	187500.000000	187500.000000	86683.820091	102701.504851	112600.108993	133881.942497	-0.074000	0.772000	0.576000	192.000000	0.000000	0.000000	0.000000	0.000000	0.000000	0.000000	0.000000	0.000000	0.000000	1733433177.477595	0.000000
219.000000	88122.534826	19081.237207	187500.000000	187500.000000	86685.988210	102716.838147	112606.121612	133898.214566	-0.074000	0.772000	0.576000	192.000000	0.000000	0.000000	0.000000	0.000000	0.000000	0.000000	0.000000	0.000000	0.000000	1733433177.480465	0.000000
220.000000	88127.899245	19077.526817	187500.000000	187500.000000	86686.837576	102709.350313	112604.624045	133891.039657	-0.074000	0.772000	0.576000	192.000000	0.000000	0.000000	0.000000	0.000000	0.000000	0.000000	0.000000	0.000000	0.000000	1733433177.484442	0.000000
221.000000	88116.432800	19066.574462	187500.000000	187500.000000	86685.697637	102702.287162	112607.127441	133864.843412	-0.074000	0.772000	0.576000	192.000000	0.000000	0.000000	0.000000	0.000000	0.000000	0.000000	0.000000	0.000000	0.000000	1733433177.488490	0.000000
222.000000	88114.398791	19070.195445	187500.000000	187500.000000	86683.954201	102719.073322	112609.116746	133871.347770	-0.074000	0.772000	0.576000	192.000000	0.000000	0.000000	0.000000	0.000000	0.000000	0.000000	0.000000	0.000000	0.000000	1733433177.492477	0.000000
223.000000	88113.594128	19070.530721	187500.000000	187500.000000	86690.145634	102725.152996	112613.296522	133881.227241	-0.074000	0.772000	0.576000	192.000000	0.000000	0.000000	0.000000	0.000000	0.000000	0.000000	0.000000	0.000000	0.000000	1733433177.497474	0.000000
224.000000	88105.949832	19057.611413	187500.000000	187500.000000	86684.758864	102715.765264	112603.484106	133915.783038	-0.072000	0.766000	0.576000	192.000000	253.000000	192.000000	23.000000	240.000000	18.000000	0.000000	0.000000	0.000000	0.000000	1733433177.501594	0.000000
225.000000	88114.443495	19061.768837	187500.000000	187500.000000	86687.686943	102723.454264	112604.087604	133907.691706	-0.072000	0.766000	0.576000	192.000000	0.000000	0.000000	0.000000	0.000000	0.000000	0.000000	0.000000	0.000000	0.000000	1733433177.505647	0.000000
226.000000	88115.896358	19064.026363	187500.000000	187500.000000	86683.596573	102713.977124	112595.839810	133890.927898	-0.072000	0.766000	0.576000	192.000000	0.000000	0.000000	0.000000	0.000000	0.000000	0.000000	0.000000	0.000000	0.000000	1733433177.509575	0.000000
227.000000	88109.369649	19053.722209	187500.000000	187500.000000	86676.332256	102705.505813	112583.233426	133877.740369	-0.072000	0.766000	0.576000	192.000000	0.000000	0.000000	0.000000	0.000000	0.000000	0.000000	0.000000	0.000000	0.000000	1733433177.512746	0.000000
228.000000	88105.793370	19048.827177	187500.000000	187500.000000	86678.969762	102695.603990	112575.432667	133868.643209	-0.072000	0.766000	0.576000	192.000000	0.000000	0.000000	0.000000	0.000000	0.000000	0.000000	0.000000	0.000000	0.000000	1733433177.516513	0.000000
229.000000	88101.881814	19042.702799	187500.000000	187500.000000	86673.426530	102684.942208	112568.145998	133866.899773	-0.072000	0.766000	0.576000	192.000000	0.000000	0.000000	0.000000	0.000000	0.000000	0.000000	0.000000	0.000000	0.000000	1733433177.521538	0.000000
230.000000	88105.189872	19058.416076	187500.000000	187500.000000	86672.733625	102681.075356	112568.794199	133857.601447	-0.072000	0.766000	0.576000	192.000000	0.000000	0.000000	0.000000	0.000000	0.000000	0.000000	0.000000	0.000000	0.000000	1733433177.525515	0.000000
231.000000	88102.284146	19039.059465	187500.000000	187500.000000	86672.308942	102687.803231	112564.681478	133860.484822	-0.072000	0.766000	0.576000	192.000000	0.000000	0.000000	0.000000	0.000000	0.000000	0.000000	0.000000	0.000000	0.000000	1733433177.529530	0.000000
232.000000	88102.909994	19050.347096	187500.000000	187500.000000	86678.790948	102704.902316	112564.413257	133876.421616	-0.072000	0.766000	0.576000	192.000000	0.000000	0.000000	0.000000	0.000000	0.000000	0.000000	0.000000	0.000000	0.000000	1733433177.533705	0.000000
233.000000	88105.569852	19052.425808	187500.000000	187500.000000	86672.867736	102702.108348	112561.865158	133868.576153	-0.072000	0.766000	0.576000	192.000000	0.000000	0.000000	0.000000	0.000000	0.000000	0.000000	0.000000	0.000000	0.000000	1733433177.536861	0.000000
234.000000	88091.063570	19022.072139	187500.000000	187500.000000	86666.519841	102688.071452	112549.884623	133858.741386	-0.072000	0.764000	0.576000	192.000000	253.000000	192.000000	23.000000	224.000000	18.000000	0.000000	0.000000	0.000000	0.000000	1733433177.540835	0.000000
235.000000	88092.203509	19028.174165	187500.000000	187500.000000	86674.812338	102701.661313	112559.182949	133878.366217	-0.072000	0.764000	0.576000	192.000000	0.000000	0.000000	0.000000	0.000000	0.000000	0.000000	0.000000	0.000000	0.000000	1733433177.544931	0.000000
236.000000	88096.450340	19034.052674	187500.000000	187500.000000	86683.328352	102724.683610	112587.212037	133892.134892	-0.072000	0.764000	0.576000	192.000000	0.000000	0.000000	0.000000	0.000000	0.000000	0.000000	0.000000	0.000000	0.000000	1733433177.548526	0.000000
237.000000	88096.159768	19038.925354	187500.000000	187500.000000	86677.449844	102716.882851	112573.577472	133907.088209	-0.072000	0.764000	0.576000	192.000000	0.000000	0.000000	0.000000	0.000000	0.000000	0.000000	0.000000	0.000000	0.000000	1733433177.553808	0.000000
238.000000	88100.451303	19060.315974	187500.000000	187500.000000	86673.605344	102691.290103	112550.912804	133861.825927	-0.072000	0.764000	0.576000	192.000000	0.000000	0.000000	0.000000	0.000000	0.000000	0.000000	0.000000	0.000000	0.000000	1733433177.557507	0.000000
239.000000	88100.160730	19058.237262	187500.000000	187500.000000	86669.917306	102694.933438	112558.959432	133855.165107	-0.072000	0.764000	0.576000	192.000000	0.000000	0.000000	0.000000	0.000000	0.000000	0.000000	0.000000	0.000000	0.000000	1733433177.561558	0.000000
240.000000	88099.020791	19054.459817	187500.000000	187500.000000	86669.537326	102707.137490	112562.736876	133859.300179	-0.072000	0.764000	0.576000	192.000000	0.000000	0.000000	0.000000	0.000000	0.000000	0.000000	0.000000	0.000000	0.000000	1733433177.564575	0.000000
241.000000	88106.352163	19044.490939	187500.000000	187500.000000	86675.795814	102702.376569	112552.969164	133856.170935	-0.072000	0.764000	0.576000	192.000000	0.000000	0.000000	0.000000	0.000000	0.000000	0.000000	0.000000	0.000000	0.000000	1733433177.568640	0.000000
242.000000	88107.067419	19038.254802	187500.000000	187500.000000	86680.199108	102707.048083	112567.296632	133866.810366	-0.072000	0.764000	0.576000	192.000000	0.000000	0.000000	0.000000	0.000000	0.000000	0.000000	0.000000	0.000000	0.000000	1733433177.573009	0.000000
243.000000	88102.462960	19042.926317	187500.000000	187500.000000	86680.221460	102708.903278	112573.622176	133886.256383	-0.072000	0.764000	0.576000	192.000000	0.000000	0.000000	0.000000	0.000000	0.000000	0.000000	0.000000	0.000000	0.000000	1733433177.576753	0.000000
244.000000	88101.166558	19048.178977	187500.000000	187500.000000	86681.562565	102712.256040	112562.580414	133891.531395	-0.072000	0.774000	0.580000	192.000000	253.000000	192.000000	24.000000	48.000000	18.000000	32.000000	0.000000	0.000000	0.000000	1733433177.580926	0.000000
245.000000	88088.202547	19039.685314	187500.000000	187500.000000	86671.973666	102717.307534	112563.474484	133882.613049	-0.072000	0.774000	0.580000	192.000000	0.000000	0.000000	0.000000	0.000000	0.000000	0.000000	0.000000	0.000000	0.000000	1733433177.585657	0.000000
246.000000	88093.790483	19041.093474	187500.000000	187500.000000	86677.516899	102726.002362	112572.348126	133862.608238	-0.072000	0.774000	0.580000	192.000000	0.000000	0.000000	0.000000	0.000000	0.000000	0.000000	0.000000	0.000000	0.000000	1733433177.588596	0.000000
247.000000	88097.411465	19044.021552	187500.000000	187500.000000	86682.054303	102722.493139	112570.135304	133864.552839	-0.072000	0.774000	0.580000	192.000000	0.000000	0.000000	0.000000	0.000000	0.000000	0.000000	0.000000	0.000000	0.000000	1733433177.592589	0.000000
248.000000	88089.744817	19052.582270	187500.000000	187500.000000	86675.013503	102703.672970	112560.121722	133867.905601	-0.072000	0.774000	0.580000	192.000000	0.000000	0.000000	0.000000	0.000000	0.000000	0.000000	0.000000	0.000000	0.000000	1733433177.596627	0.000000
249.000000	88084.067474	19030.789319	187500.000000	187500.000000	86663.927038	102697.727406	112551.516301	133868.151470	-0.072000	0.774000	0.580000	192.000000	0.000000	0.000000	0.000000	0.000000	0.000000	0.000000	0.000000	0.000000	0.000000	1733433177.600640	0.000000
250.000000	88086.414407	19021.043959	187500.000000	187500.000000	86667.413910	102702.890659	112560.278184	133859.970732	-0.072000	0.774000	0.580000	192.000000	0.000000	0.000000	0.000000	0.000000	0.000000	0.000000	0.000000	0.000000	0.000000	1733433177.604844	0.000000
251.000000	88095.511567	19040.802901	187500.000000	187500.000000	86675.169966	102711.831357	112569.509455	133880.936668	-0.072000	0.774000	0.580000	192.000000	0.000000	0.000000	0.000000	0.000000	0.000000	0.000000	0.000000	0.000000	0.000000	1733433177.609878	0.000000
252.000000	88099.333715	19041.361694	187500.000000	187500.000000	86676.131091	102718.670990	112565.106161	133873.091206	-0.072000	0.774000	0.580000	192.000000	0.000000	0.000000	0.000000	0.000000	0.000000	0.000000	0.000000	0.000000	0.000000	1733433177.613975	0.000000
253.000000	88105.726314	19046.569651	187500.000000	187500.000000	86682.367227	102731.992630	112571.275243	133877.807424	-0.072000	0.774000	0.580000	192.000000	0.000000	0.000000	0.000000	0.000000	0.000000	0.000000	0.000000	0.000000	0.000000	1733433177.616852	0.000000
254.000000	88108.185006	19039.484148	187500.000000	187500.000000	86682.702504	102722.873118	112566.849597	133871.995970	-0.078000	0.770000	0.580000	192.000000	253.000000	144.000000	24.000000	16.000000	18.000000	32.000000	0.000000	0.000000	0.000000	1733433177.620995	0.000000
255.000000	88094.014000	19022.742691	187500.000000	187500.000000	86671.303114	102715.921726	112563.899167	133882.210717	-0.078000	0.770000	0.580000	192.000000	0.000000	0.000000	0.000000	0.000000	0.000000	0.000000	0.000000	0.000000	0.000000	1733433177.624634	0.000000
0.000000	88098.998439	19035.729055	187500.000000	187500.000000	86670.476099	102698.085034	112555.360801	133890.123235	-0.078000	0.770000	0.580000	192.000000	0.000000	0.000000	0.000000	0.000000	0.000000	0.000000	0.000000	0.000000	0.000000	1733433177.628669	0.000000
1.000000	88100.808930	19045.027381	187500.000000	187500.000000	86661.177774	102697.056853	112558.467693	133872.554764	-0.078000	0.770000	0.580000	192.000000	0.000000	0.000000	0.000000	0.000000	0.000000	0.000000	0.000000	0.000000	0.000000	1733433177.632645	0.000000
2.000000	88099.378419	19040.691142	187500.000000	187500.000000	86656.729776	102698.107385	112566.559025	133868.039711	-0.078000	0.770000	0.580000	192.000000	0.000000	0.000000	0.000000	0.000000	0.000000	0.000000	0.000000	0.000000	0.000000	1733433177.636717	0.000000
3.000000	88093.186986	19032.488052	187500.000000	187500.000000	86659.791965	102707.629229	112569.487103	133867.503270	-0.078000	0.770000	0.580000	192.000000	0.000000	0.000000	0.000000	0.000000	0.000000	0.000000	0.000000	0.000000	0.000000	1733433177.641737	0.000000
4.000000	88098.484349	19045.161491	187500.000000	187500.000000	86670.632562	102712.837185	112579.679499	133871.772453	-0.078000	0.770000	0.580000	192.000000	0.000000	0.000000	0.000000	0.000000	0.000000	0.000000	0.000000	0.000000	0.000000	1733433177.644987	0.000000
5.000000	88099.803102	19035.483186	187500.000000	187500.000000	86673.158309	102721.822586	112577.332565	133878.857956	-0.078000	0.770000	0.580000	192.000000	0.000000	0.000000	0.000000	0.000000	0.000000	0.000000	0.000000	0.000000	0.000000	1733433177.648951	0.000000
6.000000	88087.129663	19011.186839	187500.000000	187500.000000	86661.937733	102726.024714	112564.748533	133858.160240	-0.078000	0.770000	0.580000	192.000000	0.000000	0.000000	0.000000	0.000000	0.000000	0.000000	0.000000	0.000000	0.000000	1733433177.652850	0.000000
7.000000	88095.466864	19034.700875	187500.000000	187500.000000	86668.978532	102712.077226	112570.604690	133878.008590	-0.078000	0.770000	0.580000	192.000000	0.000000	0.000000	0.000000	0.000000	0.000000	0.000000	0.000000	0.000000	0.000000	1733433177.656844	0.000000
8.000000	88099.467826	19031.750444	187500.000000	187500.000000	86666.050454	102708.702112	112568.436571	133888.268040	-0.080000	0.774000	0.578000	192.000000	253.000000	128.000000	24.000000	48.000000	18.000000	16.000000	0.000000	0.000000	0.000000	1733433177.660682	0.000000
9.000000	88100.496006	19025.089625	187500.000000	187500.000000	86662.205954	102706.891621	112567.654260	133890.369104	-0.080000	0.774000	0.578000	192.000000	0.000000	0.000000	0.000000	0.000000	0.000000	0.000000	0.000000	0.000000	0.000000	1733433177.664708	0.000000
10.000000	88099.221957	19026.989523	187500.000000	187500.000000	86654.762823	102690.150164	112557.484216	133854.539258	-0.080000	0.774000	0.578000	192.000000	0.000000	0.000000	0.000000	0.000000	0.000000	0.000000	0.000000	0.000000	0.000000	1733433177.669963	0.000000
11.000000	88095.198643	19032.152776	187500.000000	187500.000000	86645.822125	102695.760452	112556.433684	133846.492630	-0.080000	0.774000	0.578000	192.000000	0.000000	0.000000	0.000000	0.000000	0.000000	0.000000	0.000000	0.000000	0.000000	1733433177.672726	0.000000
12.000000	88094.550442	19032.644514	187500.000000	187500.000000	86646.582084	102694.285237	112565.016754	133852.214676	-0.080000	0.774000	0.578000	192.000000	0.000000	0.000000	0.000000	0.000000	0.000000	0.000000	0.000000	0.000000	0.000000	1733433177.676829	0.000000
13.000000	88095.332753	19052.582270	187500.000000	187500.000000	86656.170983	102711.384322	112569.732972	133866.430386	-0.080000	0.774000	0.578000	192.000000	0.000000	0.000000	0.000000	0.000000	0.000000	0.000000	0.000000	0.000000	0.000000	1733433177.680931	0.000000
14.000000	88089.297782	19044.490939	187500.000000	187500.000000	86655.232210	102712.568964	112564.435609	133885.831700	-0.080000	0.774000	0.578000	192.000000	0.000000	0.000000	0.000000	0.000000	0.000000	0.000000	0.000000	0.000000	0.000000	1733433177.685124	0.000000
15.000000	88095.690381	19022.094491	187500.000000	187500.000000	86653.667587	102719.319191	112552.656240	133866.005703	-0.080000	0.774000	0.578000	192.000000	0.000000	0.000000	0.000000	0.000000	0.000000	0.000000	0.000000	0.000000	0.000000	1733433177.688903	0.000000
16.000000	88096.539747	19036.556069	187500.000000	187500.000000	86657.668550	102718.469825	112550.599879	133853.756947	-0.080000	0.774000	0.578000	192.000000	0.000000	0.000000	0.000000	0.000000	0.000000	0.000000	0.000000	0.000000	0.000000	1733433177.692736	0.000000
17.000000	88092.985820	19030.789319	187500.000000	187500.000000	86655.299265	102712.144281	112555.696077	133862.965865	-0.080000	0.774000	0.578000	192.000000	0.000000	0.000000	0.000000	0.000000	0.000000	0.000000	0.000000	0.000000	0.000000	1733433177.697723	0.000000
18.000000	88091.264736	19019.077005	187500.000000	187500.000000	86657.512088	102699.515545	112571.252891	133872.197136	-0.076000	0.776000	0.574000	192.000000	253.000000	160.000000	24.000000	64.000000	17.000000	240.000000	0.000000	0.000000	0.000000	1733433177.700771	0.000000
19.000000	88091.398846	19013.377310	187500.000000	187500.000000	86660.797794	102706.399883	112567.877778	133865.089281	-0.076000	0.776000	0.574000	192.000000	0.000000	0.000000	0.000000	0.000000	0.000000	0.000000	0.000000	0.000000	0.000000	1733433177.704779	0.000000
20.000000	88079.127738	19008.236409	187500.000000	187500.000000	86647.967893	102689.010225	112553.170330	133852.080566	-0.076000	0.776000	0.574000	192.000000	0.000000	0.000000	0.000000	0.000000	0.000000	0.000000	0.000000	0.000000	0.000000	1733433177.708755	0.000000
21.000000	88077.831337	19021.111014	187500.000000	187500.000000	86643.542247	102694.106423	112549.147016	133867.570325	-0.076000	0.776000	0.574000	192.000000	0.000000	0.000000	0.000000	0.000000	0.000000	0.000000	0.000000	0.000000	0.000000	1733433177.712859	0.000000
22.000000	88078.658352	19019.546392	187500.000000	187500.000000	86636.635558	102680.941246	112546.017771	133848.258418	-0.076000	0.776000	0.574000	192.000000	0.000000	0.000000	0.000000	0.000000	0.000000	0.000000	0.000000	0.000000	0.000000	1733433177.717074	0.000000
23.000000	88076.512584	19012.617351	187500.000000	187500.000000	86631.986395	102693.167650	112543.469673	133832.343976	-0.076000	0.776000	0.574000	192.000000	0.000000	0.000000	0.000000	0.000000	0.000000	0.000000	0.000000	0.000000	0.000000	1733433177.721050	0.000000
24.000000	88074.366817	19012.259723	187500.000000	187500.000000	86628.499523	102732.707886	112532.606725	133848.347825	-0.076000	0.776000	0.574000	192.000000	0.000000	0.000000	0.000000	0.000000	0.000000	0.000000	0.000000	0.000000	0.000000	1733433177.724875	0.000000
25.000000	88081.474672	19041.853433	187500.000000	187500.000000	86627.091363	102695.536935	112532.472614	133863.256438	-0.076000	0.776000	0.574000	192.000000	0.000000	0.000000	0.000000	0.000000	0.000000	0.000000	0.000000	0.000000	0.000000	1733433177.727837	0.000000
26.000000	88086.123834	19023.793223	187500.000000	187500.000000	86619.827046	102662.568112	112538.865213	133848.817211	-0.076000	0.776000	0.574000	192.000000	0.000000	0.000000	0.000000	0.000000	0.000000	0.000000	0.000000	0.000000	0.000000	1733433177.731763	0.000000
27.000000	88079.351256	19004.168392	187500.000000	187500.000000	86621.816352	102669.899484	112541.167443	133830.019394	-0.076000	0.776000	0.574000	192.000000	0.000000	0.000000	0.000000	0.000000	0.000000	0.000000	0.000000	0.000000	0.000000	1733433177.737099	0.000000
28.000000	88080.714712	19009.890438	187500.000000	187500.000000	86621.816352	102681.187115	112541.502719	133823.492685	-0.078000	0.774000	0.580000	192.000000	253.000000	144.000000	24.000000	48.000000	18.000000	32.000000	0.000000	0.000000	0.000000	1733433177.740816	0.000000
29.000000	88081.362913	19008.079947	187500.000000	187500.000000	86621.235206	102687.780879	112543.737894	133833.416859	-0.078000	0.774000	0.580000	192.000000	0.000000	0.000000	0.000000	0.000000	0.000000	0.000000	0.000000	0.000000	0.000000	1733433177.744817	0.000000
30.000000	88077.607820	19000.078022	187500.000000	187500.000000	86623.313919	102675.599179	112534.238402	133833.506266	-0.078000	0.774000	0.580000	192.000000	0.000000	0.000000	0.000000	0.000000	0.000000	0.000000	0.000000	0.000000	0.000000	1733433177.749149	0.000000
31.000000	88078.568945	19013.444366	187500.000000	187500.000000	86616.228416	102672.805211	112529.678646	133841.709357	-0.078000	0.774000	0.580000	192.000000	0.000000	0.000000	0.000000	0.000000	0.000000	0.000000	0.000000	0.000000	0.000000	1733433177.753049	0.000000
32.000000	88081.429968	19027.436558	187500.000000	187500.000000	86623.604491	102691.714786	112548.990553	133888.580965	-0.078000	0.774000	0.580000	192.000000	0.000000	0.000000	0.000000	0.000000	0.000000	0.000000	0.000000	0.000000	0.000000	1733433177.756019	0.000000
33.000000	88077.585468	19015.165450	187500.000000	187500.000000	86625.772610	102683.846972	112549.236423	133885.652886	-0.078000	0.774000	0.580000	192.000000	0.000000	0.000000	0.000000	0.000000	0.000000	0.000000	0.000000	0.000000	0.000000	1733433177.761199	0.000000
34.000000	88082.994590	19018.920543	187500.000000	187500.000000	86624.945596	102681.075356	112549.236423	133875.102863	-0.078000	0.774000	0.580000	192.000000	0.000000	0.000000	0.000000	0.000000	0.000000	0.000000	0.000000	0.000000	0.000000	1733433177.765023	0.000000
35.000000	88080.826471	19019.099357	187500.000000	187500.000000	86622.933939	102705.572868	112549.504644	133849.465412	-0.078000	0.774000	0.580000	192.000000	0.000000	0.000000	0.000000	0.000000	0.000000	0.000000	0.000000	0.000000	0.000000	1733433177.768848	0.000000
36.000000	88075.059721	19023.525002	187500.000000	187500.000000	86621.123448	102698.532069	112535.534803	133833.372156	-0.078000	0.774000	0.580000	192.000000	0.000000	0.000000	0.000000	0.000000	0.000000	0.000000	0.000000	0.000000	0.000000	1733433177.772869	0.000000
37.000000	88080.737064	19028.241221	187500.000000	187500.000000	86628.901855	102683.601103	112538.418178	133849.778336	-0.078000	0.774000	0.580000	192.000000	0.000000	0.000000	0.000000	0.000000	0.000000	0.000000	0.000000	0.000000	0.000000	1733433177.776872	0.000000
38.000000	88081.899355	19027.771834	187500.000000	187500.000000	86623.358622	102675.330958	112532.673780	133847.006720	-0.078000	0.774000	0.578000	192.000000	253.000000	144.000000	24.000000	48.000000	18.000000	16.000000	0.000000	0.000000	0.000000	1733433177.780905	0.000000
39.000000	88076.110253	19001.843810	187500.000000	187500.000000	86612.965061	102670.368871	112543.894356	133843.989234	-0.078000	0.774000	0.578000	192.000000	0.000000	0.000000	0.000000	0.000000	0.000000	0.000000	0.000000	0.000000	0.000000	1733433177.784174	0.000000
40.000000	88068.801232	18996.837020	187500.000000	187500.000000	86604.829026	102676.292083	112534.193699	133848.012548	-0.078000	0.774000	0.578000	192.000000	0.000000	0.000000	0.000000	0.000000	0.000000	0.000000	0.000000	0.000000	0.000000	1733433177.788002	0.000000
41.000000	88074.500927	19002.871991	187500.000000	187500.000000	86601.990354	102687.445603	112533.970181	133893.587755	-0.078000	0.774000	0.578000	192.000000	0.000000	0.000000	0.000000	0.000000	0.000000	0.000000	0.000000	0.000000	0.000000	1733433177.793047	0.000000
42.000000	88073.673913	19017.713549	187500.000000	187500.000000	86604.583157	102679.309568	112537.054722	133859.233124	-0.078000	0.774000	0.578000	192.000000	0.000000	0.000000	0.000000	0.000000	0.000000	0.000000	0.000000	0.000000	0.000000	1733433177.797054	0.000000
43.000000	88083.732198	19036.243145	187500.000000	187500.000000	86614.864959	102706.936324	112561.909862	133829.371194	-0.078000	0.774000	0.578000	192.000000	0.000000	0.000000	0.000000	0.000000	0.000000	0.000000	0.000000	0.000000	0.000000	1733433177.800921	0.000000
44.000000	88080.781767	19032.845680	187500.000000	187500.000000	86615.714325	102685.009263	112555.807836	133837.507229	-0.078000	0.774000	0.578000	192.000000	0.000000	0.000000	0.000000	0.000000	0.000000	0.000000	0.000000	0.000000	0.000000	1733433177.804926	0.000000
45.000000	88081.653485	19021.625104	187500.000000	187500.000000	86619.178846	102685.009263	112550.510472	133854.405147	-0.078000	0.774000	0.578000	192.000000	0.000000	0.000000	0.000000	0.000000	0.000000	0.000000	0.000000	0.000000	0.000000	1733433177.807928	0.000000
46.000000	88073.942134	19018.227639	187500.000000	187500.000000	86616.340174	102669.564208	112550.957507	133856.617970	-0.078000	0.774000	0.578000	192.000000	0.000000	0.000000	0.000000	0.000000	0.000000	0.000000	0.000000	0.000000	0.000000	1733433177.811965	0.000000
47.000000	88072.712788	19014.249028	187500.000000	187500.000000	86611.892177	102662.188132	112533.634905	133839.094202	-0.078000	0.774000	0.578000	192.000000	0.000000	0.000000	0.000000	0.000000	0.000000	0.000000	0.000000	0.000000	0.000000	1733433177.816154	0.000000
48.000000	88077.607820	19008.839906	187500.000000	187500.000000	86609.746410	102661.003490	112523.084882	133841.977577	-0.074000	0.774000	0.572000	192.000000	253.000000	176.000000	24.000000	48.000000	17.000000	224.000000	0.000000	0.000000	0.000000	1733433177.820984	0.000000
49.000000	88081.452320	19017.110052	187500.000000	187500.000000	86614.641442	102675.509772	112540.787463	133853.019339	-0.074000	0.774000	0.572000	192.000000	0.000000	0.000000	0.000000	0.000000	0.000000	0.000000	0.000000	0.000000	0.000000	1733433177.825113	0.000000
50.000000	88088.023733	19037.852471	187500.000000	187500.000000	86618.620052	102673.364004	112552.052742	133854.986293	-0.074000	0.774000	0.572000	192.000000	0.000000	0.000000	0.000000	0.000000	0.000000	0.000000	0.000000	0.000000	0.000000	1733433177.829190	0.000000
51.000000	88085.654448	19028.420034	187500.000000	187500.000000	86617.055430	102676.292083	112547.113007	133839.630644	-0.074000	0.774000	0.572000	192.000000	0.000000	0.000000	0.000000	0.000000	0.000000	0.000000	0.000000	0.000000	0.000000	1733433177.832980	0.000000
52.000000	88079.910049	19018.898191	187500.000000	187500.000000	86616.094305	102694.419348	112554.734952	133842.849295	-0.074000	0.774000	0.572000	192.000000	0.000000	0.000000	0.000000	0.000000	0.000000	0.000000	0.000000	0.000000	0.000000	1733433177.836172	0.000000
53.000000	88076.579640	19025.335494	187500.000000	187500.000000	86611.534549	102702.980066	112553.304440	133868.486746	-0.074000	0.774000	0.572000	192.000000	0.000000	0.000000	0.000000	0.000000	0.000000	0.000000	0.000000	0.000000	0.000000	1733433177.839973	0.000000
54.000000	88076.065549	19022.049787	187500.000000	187500.000000	86600.559843	102696.699226	112545.146053	133863.636418	-0.074000	0.774000	0.572000	192.000000	0.000000	0.000000	0.000000	0.000000	0.000000	0.000000	0.000000	0.000000	0.000000	1733433177.843979	0.000000
55.000000	88084.492157	19020.865145	187500.000000	187500.000000	86604.002011	102699.381435	112545.458978	133852.818174	-0.074000	0.774000	0.572000	192.000000	0.000000	0.000000	0.000000	0.000000	0.000000	0.000000	0.000000	0.000000	0.000000	1733433177.849209	0.000000
56.000000	88078.345427	19012.393834	187500.000000	187500.000000	86596.938860	102679.041347	112547.425931	133847.118479	-0.074000	0.774000	0.572000	192.000000	0.000000	0.000000	0.000000	0.000000	0.000000	0.000000	0.000000	0.000000	0.000000	1733433177.853116	0.000000
57.000000	88073.182174	19003.877819	187500.000000	187500.000000	86587.841700	102664.512713	112537.524109	133847.811383	-0.074000	0.774000	0.572000	192.000000	0.000000	0.000000	0.000000	0.000000	0.000000	0.000000	0.000000	0.000000	0.000000	1733433177.857261	0.000000
58.000000	88077.630171	19022.139194	187500.000000	187500.000000	86589.115749	102668.603083	112553.885586	133855.969769	-0.072000	0.772000	0.572000	192.000000	253.000000	192.000000	24.000000	32.000000	17.000000	224.000000	0.000000	0.000000	0.000000	1733433177.861298	0.000000
59.000000	88074.947962	19020.932200	187500.000000	187500.000000	86592.915546	102680.851839	112558.937080	133883.507119	-0.072000	0.772000	0.572000	192.000000	0.000000	0.000000	0.000000	0.000000	0.000000	0.000000	0.000000	0.000000	0.000000	1733433177.864994	0.000000
60.000000	88069.851764	19013.220848	187500.000000	187500.000000	86598.347020	102676.895580	112544.900184	133867.615028	-0.072000	0.772000	0.572000	192.000000	0.000000	0.000000	0.000000	0.000000	0.000000	0.000000	0.000000	0.000000	0.000000	1733433177.868011	0.000000
61.000000	88071.975180	19006.515325	187500.000000	187500.000000	86611.400439	102685.545705	112554.019696	133856.975598	-0.072000	0.772000	0.572000	192.000000	0.000000	0.000000	0.000000	0.000000	0.000000	0.000000	0.000000	0.000000	0.000000	1733433177.872023	0.000000
62.000000	88078.948924	19018.294694	187500.000000	187500.000000	86619.134142	102714.200641	112567.609557	133855.835659	-0.072000	0.772000	0.572000	192.000000	0.000000	0.000000	0.000000	0.000000	0.000000	0.000000	0.000000	0.000000	0.000000	1733433177.876983	0.000000
63.000000	88075.506756	19022.049787	187500.000000	187500.000000	86624.699727	102708.523298	112568.838903	133840.010624	-0.072000	0.772000	0.572000	192.000000	0.000000	0.000000	0.000000	0.000000	0.000000	0.000000	0.000000	0.000000	0.000000	1733433177.881317	0.000000
64.000000	88081.429968	19039.953535	187500.000000	187500.000000	86626.197294	102687.847935	112560.144074	133859.367235	-0.072000	0.772000	0.572000	192.000000	0.000000	0.000000	0.000000	0.000000	0.000000	0.000000	0.000000	0.000000	0.000000	1733433177.885348	0.000000
65.000000	88077.853689	19030.275229	187500.000000	187500.000000	86618.552997	102662.903388	112546.308344	133871.146604	-0.072000	0.772000	0.572000	192.000000	0.000000	0.000000	0.000000	0.000000	0.000000	0.000000	0.000000	0.000000	0.000000	1733433177.888375	0.000000
66.000000	88073.316285	19004.458964	187500.000000	187500.000000	86617.882445	102663.529237	112542.486196	133852.237028	-0.072000	0.772000	0.572000	192.000000	0.000000	0.000000	0.000000	0.000000	0.000000	0.000000	0.000000	0.000000	0.000000	1733433177.892204	0.000000
67.000000	88082.771073	19006.224752	187500.000000	187500.000000	86623.380974	102674.727461	112549.102312	133855.500383	-0.072000	0.772000	0.572000	192.000000	0.000000	0.000000	0.000000	0.000000	0.000000	0.000000	0.000000	0.000000	0.000000	1733433177.896344	0.000000
68.000000	88090.437721	19023.748520	187500.000000	187500.000000	86623.068049	102689.680778	112557.484216	133853.332264	-0.072000	0.768000	0.570000	192.000000	253.000000	192.000000	24.000000	0.000000	17.000000	208.000000	0.000000	0.000000	0.000000	1733433177.900023	0.000000
69.000000	88085.743855	19022.832098	187500.000000	187500.000000	86619.000032	102685.053967	112556.187815	133857.690854	-0.072000	0.768000	0.570000	192.000000	0.000000	0.000000	0.000000	0.000000	0.000000	0.000000	0.000000	0.000000	0.000000	1733433177.904068	0.000000
70.000000	88070.075282	19012.796165	187500.000000	187500.000000	86617.882445	102671.687623	112555.673725	133868.442043	-0.072000	0.768000	0.570000	192.000000	0.000000	0.000000	0.000000	0.000000	0.000000	0.000000	0.000000	0.000000	0.000000	1733433177.909036	0.000000
71.000000	88053.244418	19003.564895	187500.000000	187500.000000	86611.400439	102660.645862	112553.460902	133862.675293	-0.072000	0.768000	0.570000	192.000000	0.000000	0.000000	0.000000	0.000000	0.000000	0.000000	0.000000	0.000000	0.000000	1733433177.913033	0.000000
72.000000	88072.332808	19026.117805	187500.000000	187500.000000	86621.190503	102674.258074	112567.274280	133876.689837	-0.072000	0.768000	0.570000	192.000000	0.000000	0.000000	0.000000	0.000000	0.000000	0.000000	0.000000	0.000000	0.000000	1733433177.916097	0.000000
73.000000	88067.482480	19028.442386	187500.000000	187500.000000	86610.215796	102679.398975	112549.728161	133856.953246	-0.072000	0.768000	0.570000	192.000000	0.000000	0.000000	0.000000	0.000000	0.000000	0.000000	0.000000	0.000000	0.000000	1733433177.920144	0.000000
74.000000	88075.797328	19031.258706	187500.000000	187500.000000	86616.742506	102701.594258	112557.506568	133860.440118	-0.072000	0.768000	0.570000	192.000000	0.000000	0.000000	0.000000	0.000000	0.000000	0.000000	0.000000	0.000000	0.000000	1733433177.924148	0.000000
75.000000	88067.415424	19018.697026	187500.000000	187500.000000	86607.734753	102672.559341	112554.332620	133857.735557	-0.072000	0.768000	0.570000	192.000000	0.000000	0.000000	0.000000	0.000000	0.000000	0.000000	0.000000	0.000000	0.000000	1733433177.928261	0.000000
76.000000	88061.246343	19004.548371	187500.000000	187500.000000	86607.220663	102659.572978	112555.897243	133841.977577	-0.072000	0.768000	0.570000	192.000000	0.000000	0.000000	0.000000	0.000000	0.000000	0.000000	0.000000	0.000000	0.000000	1733433177.932350	0.000000
77.000000	88068.108328	19023.167375	187500.000000	187500.000000	86615.982546	102674.056908	112557.126588	133843.229275	-0.072000	0.768000	0.570000	192.000000	0.000000	0.000000	0.000000	0.000000	0.000000	0.000000	0.000000	0.000000	0.000000	1733433177.937103	0.000000
78.000000	88071.326980	19023.189726	187500.000000	187500.000000	86616.608395	102675.398013	112555.964298	133857.400281	-0.078000	0.770000	0.570000	192.000000	253.000000	144.000000	24.000000	16.000000	17.000000	208.000000	0.000000	0.000000	0.000000	1733433177.941118	0.000000
79.000000	88066.543706	19015.321912	187500.000000	187500.000000	86612.339212	102675.621530	112564.368554	133889.765607	-0.078000	0.770000	0.570000	192.000000	0.000000	0.000000	0.000000	0.000000	0.000000	0.000000	0.000000	0.000000	0.000000	1733433177.944100	0.000000
80.000000	88068.108328	19023.167375	187500.000000	187500.000000	86609.858168	102687.445603	112564.167388	133876.980409	-0.078000	0.770000	0.570000	192.000000	0.000000	0.000000	0.000000	0.000000	0.000000	0.000000	0.000000	0.000000	0.000000	1733433177.948124	0.000000
81.000000	88074.478576	19022.250953	187500.000000	187500.000000	86613.993241	102697.280371	112562.513359	133845.777374	-0.078000	0.770000	0.570000	192.000000	0.000000	0.000000	0.000000	0.000000	0.000000	0.000000	0.000000	0.000000	0.000000	1733433177.952175	0.000000
82.000000	88064.040311	19021.200421	187500.000000	187500.000000	86609.522892	102699.157917	112556.500740	133837.976615	-0.078000	0.770000	0.570000	192.000000	0.000000	0.000000	0.000000	0.000000	0.000000	0.000000	0.000000	0.000000	0.000000	1733433177.956147	0.000000
83.000000	88057.290084	19012.013854	187500.000000	187500.000000	86616.161360	102718.872156	112570.448228	133846.738499	-0.078000	0.770000	0.570000	192.000000	0.000000	0.000000	0.000000	0.000000	0.000000	0.000000	0.000000	0.000000	0.000000	1733433177.960451	0.000000
84.000000	88065.604933	19006.112993	187500.000000	187500.000000	86617.904796	102690.530144	112576.192626	133862.451775	-0.078000	0.770000	0.570000	192.000000	0.000000	0.000000	0.000000	0.000000	0.000000	0.000000	0.000000	0.000000	0.000000	1733433177.965363	0.000000
85.000000	88069.583543	19011.723281	187500.000000	187500.000000	86617.748334	102679.242513	112561.082847	133872.890040	-0.078000	0.770000	0.570000	192.000000	0.000000	0.000000	0.000000	0.000000	0.000000	0.000000	0.000000	0.000000	0.000000	1733433177.969373	0.000000
86.000000	88077.071378	19022.452119	187500.000000	187500.000000	86616.206064	102682.416461	112559.786446	133889.564441	-0.078000	0.770000	0.570000	192.000000	0.000000	0.000000	0.000000	0.000000	0.000000	0.000000	0.000000	0.000000	0.000000	1733433177.972303	0.000000
87.000000	88070.879945	19023.256781	187500.000000	187500.000000	86607.153607	102685.724519	112561.015792	133883.730636	-0.078000	0.770000	0.570000	192.000000	0.000000	0.000000	0.000000	0.000000	0.000000	0.000000	0.000000	0.000000	0.000000	1733433177.977166	0.000000
88.000000	88071.818718	19021.625104	187500.000000	187500.000000	86614.082648	102698.241496	112561.574586	133866.206868	-0.080000	0.770000	0.570000	192.000000	253.000000	128.000000	24.000000	16.000000	17.000000	208.000000	0.000000	0.000000	0.000000	1733433177.980145	0.000000
89.000000	88071.394035	19025.447252	187500.000000	187500.000000	86611.176921	102697.749757	112570.112952	133884.378837	-0.080000	0.770000	0.570000	192.000000	0.000000	0.000000	0.000000	0.000000	0.000000	0.000000	0.000000	0.000000	0.000000	1733433177.984188	0.000000
90.000000	88078.591297	19042.546337	187500.000000	187500.000000	86615.893139	102703.829432	112575.231501	133872.331246	-0.080000	0.770000	0.570000	192.000000	0.000000	0.000000	0.000000	0.000000	0.000000	0.000000	0.000000	0.000000	0.000000	1733433177.988207	0.000000
91.000000	88081.653485	19035.594944	187500.000000	187500.000000	86622.866884	102708.143319	112571.074077	133863.234086	-0.080000	0.770000	0.570000	192.000000	0.000000	0.000000	0.000000	0.000000	0.000000	0.000000	0.000000	0.000000	0.000000	1733433177.992200	0.000000
92.000000	88082.681666	19013.243200	187500.000000	187500.000000	86625.996128	102705.014074	112572.526940	133858.473165	-0.080000	0.770000	0.570000	192.000000	0.000000	0.000000	0.000000	0.000000	0.000000	0.000000	0.000000	0.000000	0.000000	1733433177.996328	0.000000
93.000000	88088.224898	19026.430729	187500.000000	187500.000000	86630.533532	102720.660296	112588.821362	133875.773415	-0.080000	0.770000	0.570000	192.000000	0.000000	0.000000	0.000000	0.000000	0.000000	0.000000	0.000000	0.000000	0.000000	1733433177.999426	0.000000
94.000000	88089.990686	19034.723226	187500.000000	187500.000000	86622.218683	102697.816813	112576.103220	133896.895814	-0.080000	0.770000	0.570000	192.000000	0.000000	0.000000	0.000000	0.000000	0.000000	0.000000	0.000000	0.000000	0.000000	1733433178.004454	0.000000
95.000000	88078.233669	19024.575534	187500.000000	187500.000000	86613.367392	102700.543726	112581.557045	133886.122273	-0.080000	0.770000	0.570000	192.000000	0.000000	0.000000	0.000000	0.000000	0.000000	0.000000	0.000000	0.000000	0.000000	1733433178.008420	0.000000
96.000000	88075.462052	19014.383139	187500.000000	187500.000000	86611.847474	102706.288124	112581.735859	133870.721921	-0.080000	0.770000	0.570000	192.000000	0.000000	0.000000	0.000000	0.000000	0.000000	0.000000	0.000000	0.000000	0.000000	1733433178.012245	0.000000
97.000000	88082.256983	19029.515270	187500.000000	187500.000000	86622.017517	102706.355179	112584.082792	133844.637435	-0.080000	0.770000	0.570000	192.000000	0.000000	0.000000	0.000000	0.000000	0.000000	0.000000	0.000000	0.000000	0.000000	1733433178.016245	0.000000
98.000000	88082.592259	19029.001180	187500.000000	187500.000000	86616.474285	102710.579659	112579.523036	133867.570325	-0.076000	0.772000	0.576000	192.000000	253.000000	160.000000	24.000000	32.000000	18.000000	0.000000	0.000000	0.000000	0.000000	1733433178.020532	0.000000
99.000000	88075.573811	19021.938029	187500.000000	187500.000000	86611.512197	102711.227859	112571.141132	133866.229220	-0.076000	0.772000	0.576000	192.000000	0.000000	0.000000	0.000000	0.000000	0.000000	0.000000	0.000000	0.000000	0.000000	1733433178.024242	0.000000
100.000000	88079.239497	19033.203308	187500.000000	187500.000000	86613.501503	102699.582601	112559.719391	133852.102918	-0.076000	0.772000	0.576000	192.000000	0.000000	0.000000	0.000000	0.000000	0.000000	0.000000	0.000000	0.000000	0.000000	1733433178.027237	0.000000
101.000000	88082.726369	19028.397683	187500.000000	187500.000000	86611.176921	102698.420310	112567.430743	133862.205906	-0.076000	0.772000	0.576000	192.000000	0.000000	0.000000	0.000000	0.000000	0.000000	0.000000	0.000000	0.000000	0.000000	1733433178.032212	0.000000
102.000000	88081.698189	19014.673712	187500.000000	187500.000000	86609.433485	102705.349351	112571.163484	133870.945438	-0.076000	0.772000	0.576000	192.000000	0.000000	0.000000	0.000000	0.000000	0.000000	0.000000	0.000000	0.000000	0.000000	1733433178.036524	0.000000
103.000000	88082.949887	19009.018720	187500.000000	187500.000000	86605.633689	102716.860499	112569.710621	133894.012439	-0.076000	0.772000	0.576000	192.000000	0.000000	0.000000	0.000000	0.000000	0.000000	0.000000	0.000000	0.000000	0.000000	1733433178.040568	0.000000
104.000000	88077.518413	19009.622217	187500.000000	187500.000000	86606.661869	102722.046104	112554.958469	133869.202002	-0.076000	0.772000	0.576000	192.000000	0.000000	0.000000	0.000000	0.000000	0.000000	0.000000	0.000000	0.000000	0.000000	1733433178.044331	0.000000
105.000000	88079.910049	19018.495860	187500.000000	187500.000000	86611.087514	102704.611743	112551.561004	133861.669464	-0.076000	0.772000	0.576000	192.000000	0.000000	0.000000	0.000000	0.000000	0.000000	0.000000	0.000000	0.000000	0.000000	1733433178.048567	0.000000
106.000000	88077.272544	19016.461851	187500.000000	187500.000000	86610.796942	102707.338656	112570.895263	133871.951267	-0.076000	0.772000	0.576000	192.000000	0.000000	0.000000	0.000000	0.000000	0.000000	0.000000	0.000000	0.000000	0.000000	1733433178.052908	0.000000
107.000000	88080.535898	19029.425863	187500.000000	187500.000000	86618.016555	102711.026694	112591.078888	133885.138796	-0.076000	0.772000	0.576000	192.000000	0.000000	0.000000	0.000000	0.000000	0.000000	0.000000	0.000000	0.000000	0.000000	1733433178.055509	0.000000
108.000000	88074.992666	19029.470566	187500.000000	187500.000000	86622.263387	102705.796386	112590.609502	133881.316648	-0.076000	0.772000	0.576000	192.000000	0.000000	0.000000	0.000000	0.000000	0.000000	0.000000	0.000000	0.000000	0.000000	1733433178.060279	0.000000
109.000000	88077.406654	19038.858299	187500.000000	187500.000000	86622.241035	102714.938249	112590.654205	133883.507119	-0.074000	0.772000	0.572000	192.000000	253.000000	176.000000	24.000000	32.000000	17.000000	224.000000	0.000000	0.000000	0.000000	1733433178.064294	0.000000
110.000000	88082.368741	19031.191651	187500.000000	187500.000000	86628.410116	102712.926592	112593.850505	133865.603371	-0.074000	0.772000	0.572000	192.000000	0.000000	0.000000	0.000000	0.000000	0.000000	0.000000	0.000000	0.000000	0.000000	1733433178.068299	0.000000
111.000000	88088.023733	19030.588154	187500.000000	187500.000000	86633.081631	102716.569926	112590.877723	133861.803575	-0.074000	0.772000	0.572000	192.000000	0.000000	0.000000	0.000000	0.000000	0.000000	0.000000	0.000000	0.000000	0.000000	1733433178.072338	0.000000
112.000000	88084.268640	19016.439499	187500.000000	187500.000000	86628.946558	102702.331865	112591.123592	133877.807424	-0.074000	0.772000	0.572000	192.000000	0.000000	0.000000	0.000000	0.000000	0.000000	0.000000	0.000000	0.000000	0.000000	1733433178.076329	0.000000
113.000000	88079.463015	19013.131441	187500.000000	187500.000000	86631.539360	102712.166633	112591.794144	133873.985276	-0.074000	0.772000	0.572000	192.000000	0.000000	0.000000	0.000000	0.000000	0.000000	0.000000	0.000000	0.000000	0.000000	1733433178.080300	0.000000
114.000000	88072.332808	19012.907924	187500.000000	187500.000000	86622.531607	102715.698208	112587.547313	133873.627648	-0.074000	0.772000	0.572000	192.000000	0.000000	0.000000	0.000000	0.000000	0.000000	0.000000	0.000000	0.000000	0.000000	1733433178.083538	0.000000
115.000000	88083.173404	19034.991447	187500.000000	187500.000000	86621.816352	102694.173478	112577.064345	133887.016343	-0.074000	0.772000	0.572000	192.000000	0.000000	0.000000	0.000000	0.000000	0.000000	0.000000	0.000000	0.000000	0.000000	1733433178.087493	0.000000
116.000000	88081.675837	19038.478319	187500.000000	187500.000000	86615.982546	102691.468917	112556.768961	133878.187403	-0.074000	0.772000	0.572000	192.000000	0.000000	0.000000	0.000000	0.000000	0.000000	0.000000	0.000000	0.000000	0.000000	1733433178.092485	0.000000
117.000000	88070.589372	19020.507517	187500.000000	187500.000000	86614.999070	102690.820717	112568.391868	133855.120403	-0.074000	0.772000	0.572000	192.000000	0.000000	0.000000	0.000000	0.000000	0.000000	0.000000	0.000000	0.000000	0.000000	1733433178.096593	0.000000
118.000000	88076.713750	19030.789319	187500.000000	187500.000000	86621.346965	102708.299781	112579.008946	133846.872609	-0.074000	0.772000	0.572000	192.000000	0.000000	0.000000	0.000000	0.000000	0.000000	0.000000	0.000000	0.000000	0.000000	1733433178.100392	0.000000
119.000000	88083.531032	19029.694084	187500.000000	187500.000000	86624.722078	102736.798255	112584.239255	133860.373063	-0.074000	0.770000	0.576000	192.000000	253.000000	176.000000	24.000000	16.000000	18.000000	0.000000	0.000000	0.000000	0.000000	1733433178.104479	0.000000
120.000000	88072.332808	19006.045938	187500.000000	187500.000000	86610.036982	102710.244383	112565.463789	133864.284618	-0.074000	0.770000	0.576000	192.000000	0.000000	0.000000	0.000000	0.000000	0.000000	0.000000	0.000000	0.000000	0.000000	1733433178.107340	0.000000
121.000000	88060.553439	18993.819534	187500.000000	187500.000000	86609.120561	102663.573940	112553.349144	133851.834697	-0.074000	0.770000	0.576000	192.000000	0.000000	0.000000	0.000000	0.000000	0.000000	0.000000	0.000000	0.000000	0.000000	1733433178.111405	0.000000
122.000000	88068.465956	19014.696063	187500.000000	187500.000000	86619.692936	102687.244438	112558.400638	133863.256438	-0.074000	0.770000	0.576000	192.000000	0.000000	0.000000	0.000000	0.000000	0.000000	0.000000	0.000000	0.000000	0.000000	1733433178.115403	0.000000
123.000000	88076.780805	19019.904020	187500.000000	187500.000000	86626.152590	102718.536880	112590.743612	133897.253441	-0.074000	0.770000	0.576000	192.000000	0.000000	0.000000	0.000000	0.000000	0.000000	0.000000	0.000000	0.000000	0.000000	1733433178.120437	0.000000
124.000000	88072.332808	19011.142136	187500.000000	187500.000000	86621.861055	102700.409615	112584.976862	133881.473110	-0.074000	0.770000	0.576000	192.000000	0.000000	0.000000	0.000000	0.000000	0.000000	0.000000	0.000000	0.000000	0.000000	1733433178.124554	0.000000
125.000000	88073.852727	19016.394796	187500.000000	187500.000000	86625.616148	102697.369778	112587.279092	133853.667540	-0.074000	0.770000	0.576000	192.000000	0.000000	0.000000	0.000000	0.000000	0.000000	0.000000	0.000000	0.000000	0.000000	1733433178.128677	0.000000
126.000000	88074.925610	19016.350092	187500.000000	187500.000000	86632.925169	102715.340580	112598.499667	133862.250610	-0.074000	0.770000	0.576000	192.000000	0.000000	0.000000	0.000000	0.000000	0.000000	0.000000	0.000000	0.000000	0.000000	1733433178.131597	0.000000
127.000000	88070.567020	19014.673712	187500.000000	187500.000000	86623.582139	102705.774034	112589.894246	133861.155374	-0.074000	0.770000	0.576000	192.000000	0.000000	0.000000	0.000000	0.000000	0.000000	0.000000	0.000000	0.000000	0.000000	1733433178.135693	0.000000
128.000000	88063.168593	19019.054654	187500.000000	187500.000000	86609.679354	102694.195830	112572.638699	133866.497441	-0.074000	0.770000	0.576000	192.000000	0.000000	0.000000	0.000000	0.000000	0.000000	0.000000	0.000000	0.000000	0.000000	1733433178.139646	0.000000
129.000000	88059.078224	19011.969151	187500.000000	187500.000000	86605.767799	102716.167595	112567.453094	133886.658715	-0.078000	0.772000	0.578000	192.000000	253.000000	144.000000	24.000000	32.000000	18.000000	16.000000	0.000000	0.000000	0.000000	1733433178.143406	0.000000
130.000000	88051.411575	19009.242238	187500.000000	187500.000000	86612.808599	102712.568964	112564.703830	133877.203927	-0.078000	0.772000	0.578000	192.000000	0.000000	0.000000	0.000000	0.000000	0.000000	0.000000	0.000000	0.000000	0.000000	1733433178.148444	0.000000
131.000000	88045.108383	18992.254912	187500.000000	187500.000000	86609.053506	102680.069528	112555.651373	133865.893944	-0.078000	0.772000	0.578000	192.000000	0.000000	0.000000	0.000000	0.000000	0.000000	0.000000	0.000000	0.000000	0.000000	1733433178.152636	0.000000
132.000000	88045.041328	18989.349185	187500.000000	187500.000000	86604.739619	102682.617627	112548.945850	133836.948435	-0.078000	0.772000	0.578000	192.000000	0.000000	0.000000	0.000000	0.000000	0.000000	0.000000	0.000000	0.000000	0.000000	1733433178.156461	0.000000
133.000000	88043.610816	18990.444421	187500.000000	187500.000000	86606.863035	102692.430042	112558.467693	133837.082545	-0.078000	0.772000	0.578000	192.000000	0.000000	0.000000	0.000000	0.000000	0.000000	0.000000	0.000000	0.000000	0.000000	1733433178.159529	0.000000
134.000000	88047.008282	19009.108127	187500.000000	187500.000000	86609.344078	102701.929534	112565.754362	133868.486746	-0.078000	0.772000	0.578000	192.000000	0.000000	0.000000	0.000000	0.000000	0.000000	0.000000	0.000000	0.000000	0.000000	1733433178.163664	0.000000
135.000000	88036.726479	19006.984712	187500.000000	187500.000000	86598.883462	102685.165725	112557.797141	133860.864802	-0.078000	0.772000	0.578000	192.000000	0.000000	0.000000	0.000000	0.000000	0.000000	0.000000	0.000000	0.000000	0.000000	1733433178.167744	0.000000
136.000000	88033.373717	19000.525057	187500.000000	187500.000000	86583.907793	102679.555438	112544.587260	133839.630644	-0.078000	0.772000	0.578000	192.000000	0.000000	0.000000	0.000000	0.000000	0.000000	0.000000	0.000000	0.000000	0.000000	1733433178.171460	0.000000
137.000000	88039.207523	18989.840924	187500.000000	187500.000000	86594.435465	102690.641903	112557.551272	133821.145752	-0.078000	0.772000	0.578000	192.000000	0.000000	0.000000	0.000000	0.000000	0.000000	0.000000	0.000000	0.000000	0.000000	1733433178.176466	0.000000
138.000000	88041.241532	18982.911883	187500.000000	187500.000000	86602.146817	102693.234705	112565.329679	133847.252589	-0.078000	0.772000	0.578000	192.000000	0.000000	0.000000	0.000000	0.000000	0.000000	0.000000	0.000000	0.000000	0.000000	1733433178.180468	0.000000
139.000000	88044.907218	18993.864238	187500.000000	187500.000000	86605.834854	102698.308551	112561.686344	133849.331301	-0.070000	0.774000	0.576000	192.000000	253.000000	208.000000	24.000000	48.000000	18.000000	0.000000	0.000000	0.000000	0.000000	1733433178.184515	0.000000
140.000000	88044.616645	18988.455115	187500.000000	187500.000000	86596.245956	102715.318229	112568.838903	133848.303121	-0.070000	0.774000	0.576000	192.000000	0.000000	0.000000	0.000000	0.000000	0.000000	0.000000	0.000000	0.000000	0.000000	1733433178.187502	0.000000
141.000000	88047.030633	19000.234485	187500.000000	187500.000000	86600.872767	102754.657299	112576.282033	133864.441081	-0.070000	0.774000	0.576000	192.000000	0.000000	0.000000	0.000000	0.000000	0.000000	0.000000	0.000000	0.000000	0.000000	1733433178.191539	0.000000
142.000000	88042.470877	19001.061499	187500.000000	187500.000000	86596.380066	102689.323150	112560.680516	133864.061101	-0.070000	0.774000	0.576000	192.000000	0.000000	0.000000	0.000000	0.000000	0.000000	0.000000	0.000000	0.000000	0.000000	1733433178.195531	0.000000
143.000000	88032.546703	18973.233577	187500.000000	187500.000000	86596.067142	102687.691472	112564.703830	133835.674386	-0.070000	0.774000	0.576000	192.000000	0.000000	0.000000	0.000000	0.000000	0.000000	0.000000	0.000000	0.000000	0.000000	1733433178.199737	0.000000
144.000000	88039.207523	18983.403621	187500.000000	187500.000000	86598.950517	102687.803231	112569.822379	133841.776412	-0.070000	0.774000	0.576000	192.000000	0.000000	0.000000	0.000000	0.000000	0.000000	0.000000	0.000000	0.000000	0.000000	1733433178.204576	0.000000
145.000000	88045.108383	19007.141174	187500.000000	187500.000000	86597.676468	102685.836278	112570.403525	133868.062063	-0.070000	0.774000	0.576000	192.000000	0.000000	0.000000	0.000000	0.000000	0.000000	0.000000	0.000000	0.000000	0.000000	1733433178.208486	0.000000
146.000000	88038.246398	18989.952682	187500.000000	187500.000000	86597.274136	102694.195830	112557.171292	133826.644281	-0.070000	0.774000	0.576000	192.000000	0.000000	0.000000	0.000000	0.000000	0.000000	0.000000	0.000000	0.000000	0.000000	1733433178.212521	0.000000
147.000000	88034.133677	18974.798200	187500.000000	187500.000000	86598.883462	102695.380473	112558.892376	133833.461563	-0.070000	0.774000	0.576000	192.000000	0.000000	0.000000	0.000000	0.000000	0.000000	0.000000	0.000000	0.000000	0.000000	1733433178.215515	0.000000
148.000000	88040.638034	18988.656281	187500.000000	187500.000000	86606.594814	102712.077226	112567.318984	133851.365310	-0.070000	0.774000	0.576000	192.000000	0.000000	0.000000	0.000000	0.000000	0.000000	0.000000	0.000000	0.000000	0.000000	1733433178.219726	0.000000
149.000000	88039.587502	18995.719432	187500.000000	187500.000000	86612.763895	102712.725426	112566.626080	133854.271037	-0.074000	0.768000	0.568000	192.000000	253.000000	176.000000	24.000000	0.000000	17.000000	192.000000	0.000000	0.000000	0.000000	1733433178.223578	0.000000
150.000000	88038.805191	19002.693177	187500.000000	187500.000000	86621.794000	102734.518377	112579.523036	133857.221467	-0.074000	0.768000	0.568000	192.000000	0.000000	0.000000	0.000000	0.000000	0.000000	0.000000	0.000000	0.000000	0.000000	1733433178.227689	0.000000
151.000000	88034.670119	19002.983749	187500.000000	187500.000000	86621.861055	102733.512549	112587.882589	133859.031958	-0.074000	0.768000	0.568000	192.000000	0.000000	0.000000	0.000000	0.000000	0.000000	0.000000	0.000000	0.000000	0.000000	1733433178.231694	0.000000
152.000000	88030.490342	18984.029470	187500.000000	187500.000000	86609.299375	102705.103481	112571.744629	133843.609255	-0.074000	0.768000	0.568000	192.000000	0.000000	0.000000	0.000000	0.000000	0.000000	0.000000	0.000000	0.000000	0.000000	1733433178.236878	0.000000
153.000000	88023.985985	18959.107275	187500.000000	187500.000000	86601.476264	102719.833281	112556.634850	133824.051478	-0.074000	0.768000	0.568000	192.000000	0.000000	0.000000	0.000000	0.000000	0.000000	0.000000	0.000000	0.000000	0.000000	1733433178.239718	0.000000
154.000000	88022.756639	18960.068400	187500.000000	187500.000000	86604.381991	102714.111234	112535.199527	133839.205961	-0.074000	0.768000	0.568000	192.000000	0.000000	0.000000	0.000000	0.000000	0.000000	0.000000	0.000000	0.000000	0.000000	1733433178.243535	0.000000
155.000000	88028.590444	18974.194702	187500.000000	187500.000000	86607.690049	102699.090862	112543.201452	133855.120403	-0.074000	0.768000	0.568000	192.000000	0.000000	0.000000	0.000000	0.000000	0.000000	0.000000	0.000000	0.000000	0.000000	1733433178.247519	0.000000
156.000000	88025.148276	18977.726278	187500.000000	187500.000000	86607.824160	102693.324112	112557.730086	133830.265263	-0.074000	0.768000	0.568000	192.000000	0.000000	0.000000	0.000000	0.000000	0.000000	0.000000	0.000000	0.000000	0.000000	1733433178.251577	0.000000
157.000000	88032.993738	18994.043051	187500.000000	187500.000000	86613.479151	102702.331865	112572.951624	133848.437232	-0.074000	0.768000	0.568000	192.000000	0.000000	0.000000	0.000000	0.000000	0.000000	0.000000	0.000000	0.000000	0.000000	1733433178.255569	0.000000
158.000000	88040.995662	19002.961398	187500.000000	187500.000000	86618.888273	102711.630191	112586.921464	133840.882342	-0.074000	0.768000	0.568000	192.000000	0.000000	0.000000	0.000000	0.000000	0.000000	0.000000	0.000000	0.000000	0.000000	1733433178.259613	0.000000
159.000000	88037.687604	18997.395813	187500.000000	187500.000000	86615.960195	102706.243420	112579.903016	133831.114630	-0.078000	0.768000	0.568000	192.000000	253.000000	144.000000	24.000000	0.000000	17.000000	192.000000	0.000000	0.000000	0.000000	1733433178.264648	0.000000
160.000000	88034.938340	18994.803011	187500.000000	187500.000000	86611.176921	102714.379455	112580.640624	133838.848333	-0.078000	0.768000	0.568000	192.000000	0.000000	0.000000	0.000000	0.000000	0.000000	0.000000	0.000000	0.000000	0.000000	1733433178.267895	0.000000
161.000000	88025.237682	18982.509551	187500.000000	187500.000000	86595.977735	102721.666124	112574.583301	133813.032068	-0.078000	0.768000	0.568000	192.000000	0.000000	0.000000	0.000000	0.000000	0.000000	0.000000	0.000000	0.000000	0.000000	1733433178.271940	0.000000
162.000000	88029.104534	18993.484258	187500.000000	187500.000000	86589.674543	102737.602918	112571.096429	133839.764755	-0.078000	0.768000	0.568000	192.000000	0.000000	0.000000	0.000000	0.000000	0.000000	0.000000	0.000000	0.000000	0.000000	1733433178.275714	0.000000
163.000000	88027.361098	18988.455115	187500.000000	187500.000000	86584.935973	102724.638906	112570.895263	133853.667540	-0.078000	0.768000	0.568000	192.000000	0.000000	0.000000	0.000000	0.000000	0.000000	0.000000	0.000000	0.000000	0.000000	1733433178.279580	0.000000
164.000000	88026.779953	18982.487200	187500.000000	187500.000000	86573.648342	102708.858574	112564.703830	133821.458676	-0.078000	0.768000	0.568000	192.000000	0.000000	0.000000	0.000000	0.000000	0.000000	0.000000	0.000000	0.000000	0.000000	1733433178.283581	0.000000
165.000000	88031.742040	18986.465810	187500.000000	187500.000000	86575.324723	102697.749757	112567.542501	133845.531505	-0.078000	0.768000	0.568000	192.000000	0.000000	0.000000	0.000000	0.000000	0.000000	0.000000	0.000000	0.000000	0.000000	1733433178.287782	0.000000
166.000000	88026.779953	18960.962470	187500.000000	187500.000000	86569.826194	102685.657464	112574.382135	133857.199115	-0.078000	0.768000	0.568000	192.000000	0.000000	0.000000	0.000000	0.000000	0.000000	0.000000	0.000000	0.000000	0.000000	1733433178.292656	0.000000
167.000000	88017.280461	18938.610725	187500.000000	187500.000000	86572.866031	102683.288179	112556.523091	133816.384830	-0.078000	0.768000	0.568000	192.000000	0.000000	0.000000	0.000000	0.000000	0.000000	0.000000	0.000000	0.000000	0.000000	1733433178.295630	0.000000
168.000000	88020.119133	18947.886699	187500.000000	187500.000000	86588.780473	102702.331865	112571.118781	133821.883359	-0.078000	0.768000	0.568000	192.000000	0.000000	0.000000	0.000000	0.000000	0.000000	0.000000	0.000000	0.000000	0.000000	1733433178.299808	0.000000
169.000000	88030.467991	18969.031449	187500.000000	187500.000000	86589.339267	102694.285237	112569.710621	133840.994101	-0.076000	0.770000	0.574000	192.000000	253.000000	160.000000	24.000000	16.000000	17.000000	240.000000	0.000000	0.000000	0.000000	1733433178.303984	0.000000
170.000000	88025.952938	18972.764191	187500.000000	187500.000000	86595.955383	102697.861516	112564.346202	133824.789086	-0.076000	0.770000	0.574000	192.000000	0.000000	0.000000	0.000000	0.000000	0.000000	0.000000	0.000000	0.000000	0.000000	1733433178.307743	0.000000
171.000000	88022.376659	18964.359935	187500.000000	187500.000000	86596.178901	102702.309513	112559.250004	133824.722031	-0.076000	0.770000	0.574000	192.000000	0.000000	0.000000	0.000000	0.000000	0.000000	0.000000	0.000000	0.000000	0.000000	1733433178.311983	0.000000
172.000000	88029.953901	18981.615482	187500.000000	187500.000000	86594.211947	102702.421272	112564.010926	133824.476162	-0.076000	0.770000	0.574000	192.000000	0.000000	0.000000	0.000000	0.000000	0.000000	0.000000	0.000000	0.000000	0.000000	1733433178.315687	0.000000
173.000000	88029.708031	18984.610615	187500.000000	187500.000000	86592.423808	102692.184173	112563.295670	133829.482952	-0.076000	0.770000	0.574000	192.000000	0.000000	0.000000	0.000000	0.000000	0.000000	0.000000	0.000000	0.000000	0.000000	1733433178.320697	0.000000
174.000000	88025.438848	18969.232615	187500.000000	187500.000000	86599.241090	102699.403787	112576.773772	133830.935816	-0.076000	0.770000	0.574000	192.000000	0.000000	0.000000	0.000000	0.000000	0.000000	0.000000	0.000000	0.000000	0.000000	1733433178.323684	0.000000
175.000000	88025.707069	18977.256891	187500.000000	187500.000000	86600.895119	102707.316304	112572.929272	133858.719034	-0.076000	0.770000	0.574000	192.000000	0.000000	0.000000	0.000000	0.000000	0.000000	0.000000	0.000000	0.000000	0.000000	1733433178.327694	0.000000
176.000000	88030.088011	18979.715583	187500.000000	187500.000000	86608.673526	102717.620458	112579.500685	133855.522735	-0.076000	0.770000	0.574000	192.000000	0.000000	0.000000	0.000000	0.000000	0.000000	0.000000	0.000000	0.000000	0.000000	1733433178.331703	0.000000
177.000000	88036.435906	18983.090697	187500.000000	187500.000000	86618.329479	102699.224973	112580.528865	133859.367235	-0.076000	0.770000	0.574000	192.000000	0.000000	0.000000	0.000000	0.000000	0.000000	0.000000	0.000000	0.000000	0.000000	1733433178.336010	0.000000
178.000000	88027.226988	18971.557197	187500.000000	187500.000000	86606.997145	102676.761469	112561.641641	133841.552894	-0.076000	0.770000	0.574000	192.000000	0.000000	0.000000	0.000000	0.000000	0.000000	0.000000	0.000000	0.000000	0.000000	1733433178.339893	0.000000
179.000000	88030.065659	18975.111124	187500.000000	187500.000000	86616.340174	102683.087013	112576.974938	133825.504342	-0.074000	0.770000	0.576000	192.000000	253.000000	176.000000	24.000000	16.000000	18.000000	0.000000	0.000000	0.000000	0.000000	1733433178.343713	0.000000
180.000000	88038.984005	18982.911883	187500.000000	187500.000000	86638.378994	102697.906220	112607.485069	133835.160295	-0.074000	0.770000	0.576000	192.000000	0.000000	0.000000	0.000000	0.000000	0.000000	0.000000	0.000000	0.000000	0.000000	1733433178.348950	0.000000
181.000000	88050.003415	18997.686386	187500.000000	187500.000000	86646.939712	102706.846917	112612.849487	133851.477069	-0.074000	0.770000	0.576000	192.000000	0.000000	0.000000	0.000000	0.000000	0.000000	0.000000	0.000000	0.000000	0.000000	1733433178.351912	0.000000
182.000000	88037.240569	18985.102354	187500.000000	187500.000000	86633.528666	102697.839164	112606.278075	133872.040674	-0.074000	0.770000	0.576000	192.000000	0.000000	0.000000	0.000000	0.000000	0.000000	0.000000	0.000000	0.000000	0.000000	1733433178.355770	0.000000
183.000000	88031.406764	18986.331700	187500.000000	187500.000000	86626.040831	102688.742004	112601.405394	133880.869613	-0.074000	0.770000	0.576000	192.000000	0.000000	0.000000	0.000000	0.000000	0.000000	0.000000	0.000000	0.000000	0.000000	1733433178.359722	0.000000
184.000000	88023.918930	18985.638796	187500.000000	187500.000000	86617.770686	102688.853763	112583.971034	133856.483860	-0.074000	0.770000	0.576000	192.000000	0.000000	0.000000	0.000000	0.000000	0.000000	0.000000	0.000000	0.000000	0.000000	1733433178.363694	0.000000
185.000000	88023.717764	18982.062516	187500.000000	187500.000000	86616.161360	102693.480574	112581.333528	133836.054365	-0.074000	0.770000	0.576000	192.000000	0.000000	0.000000	0.000000	0.000000	0.000000	0.000000	0.000000	0.000000	0.000000	1733433178.367779	0.000000
186.000000	88017.951014	18965.701040	187500.000000	187500.000000	86613.076820	102697.749757	112577.086696	133815.200188	-0.074000	0.770000	0.576000	192.000000	0.000000	0.000000	0.000000	0.000000	0.000000	0.000000	0.000000	0.000000	0.000000	1733433178.371801	0.000000
187.000000	88021.527293	18959.062571	187500.000000	187500.000000	86616.898968	102682.192943	112563.005097	133819.648185	-0.074000	0.770000	0.576000	192.000000	0.000000	0.000000	0.000000	0.000000	0.000000	0.000000	0.000000	0.000000	0.000000	1733433178.374765	0.000000
188.000000	88030.065659	18962.929423	187500.000000	187500.000000	86619.491770	102660.064716	112572.258719	133840.971749	-0.074000	0.770000	0.576000	192.000000	0.000000	0.000000	0.000000	0.000000	0.000000	0.000000	0.000000	0.000000	0.000000	1733433178.378924	0.000000
189.000000	88046.024805	18987.784563	187500.000000	187500.000000	86628.678337	102662.813981	112607.172144	133836.993138	-0.074000	0.770000	0.578000	192.000000	253.000000	176.000000	24.000000	16.000000	18.000000	16.000000	0.000000	0.000000	0.000000	1733433178.382989	0.000000
190.000000	88049.891657	18988.835095	187500.000000	187500.000000	86630.131201	102663.663347	112597.113859	133853.444022	-0.074000	0.770000	0.578000	192.000000	0.000000	0.000000	0.000000	0.000000	0.000000	0.000000	0.000000	0.000000	0.000000	1733433178.388184	0.000000
191.000000	88048.327035	18985.459982	187500.000000	187500.000000	86629.058317	102680.807135	112605.406357	133870.945438	-0.074000	0.770000	0.578000	192.000000	0.000000	0.000000	0.000000	0.000000	0.000000	0.000000	0.000000	0.000000	0.000000	1733433178.392032	0.000000
192.000000	88053.512639	19001.083851	187500.000000	187500.000000	86642.178791	102697.794461	112631.401435	133886.457549	-0.074000	0.770000	0.578000	192.000000	0.000000	0.000000	0.000000	0.000000	0.000000	0.000000	0.000000	0.000000	0.000000	1733433178.395762	0.000000
193.000000	88045.622473	19003.162563	187500.000000	187500.000000	86633.640424	102662.925740	112621.365502	133866.497441	-0.074000	0.770000	0.578000	192.000000	0.000000	0.000000	0.000000	0.000000	0.000000	0.000000	0.000000	0.000000	0.000000	1733433178.399795	0.000000
194.000000	88036.637072	18988.388060	187500.000000	187500.000000	86624.945596	102660.422344	112610.703720	133827.761868	-0.074000	0.770000	0.578000	192.000000	0.000000	0.000000	0.000000	0.000000	0.000000	0.000000	0.000000	0.000000	0.000000	1733433178.403877	0.000000
195.000000	88040.749793	18977.726278	187500.000000	187500.000000	86634.668605	102674.369833	112607.328607	133845.620912	-0.074000	0.770000	0.578000	192.000000	0.000000	0.000000	0.000000	0.000000	0.000000	0.000000	0.000000	0.000000	0.000000	1733433178.406861	0.000000
196.000000	88037.173514	18967.667993	187500.000000	187500.000000	86634.154515	102673.140487	112599.281979	133844.905656	-0.074000	0.770000	0.578000	192.000000	0.000000	0.000000	0.000000	0.000000	0.000000	0.000000	0.000000	0.000000	0.000000	1733433178.410833	0.000000
197.000000	88032.993738	18973.613557	187500.000000	187500.000000	86626.353756	102690.977179	112589.938949	133832.433383	-0.074000	0.770000	0.578000	192.000000	0.000000	0.000000	0.000000	0.000000	0.000000	0.000000	0.000000	0.000000	0.000000	1733433178.416041	0.000000
198.000000	88031.630281	18987.695156	187500.000000	187500.000000	86613.322689	102672.402879	112587.234388	133842.044633	-0.074000	0.770000	0.578000	192.000000	0.000000	0.000000	0.000000	0.000000	0.000000	0.000000	0.000000	0.000000	0.000000	1733433178.419877	0.000000
199.000000	88032.993738	18985.974072	187500.000000	187500.000000	86611.199273	102640.618699	112589.894246	133862.541182	-0.076000	0.768000	0.576000	192.000000	253.000000	160.000000	24.000000	0.000000	18.000000	0.000000	0.000000	0.000000	0.000000	1733433178.424021	0.000000
200.000000	88033.664290	18968.763229	187500.000000	187500.000000	86616.496636	102631.096856	112581.177066	133836.657862	-0.076000	0.768000	0.576000	192.000000	0.000000	0.000000	0.000000	0.000000	0.000000	0.000000	0.000000	0.000000	0.000000	1733433178.428066	0.000000
201.000000	88045.287197	18984.968243	187500.000000	187500.000000	86626.264349	102652.062792	112595.973920	133850.806517	-0.076000	0.768000	0.576000	192.000000	0.000000	0.000000	0.000000	0.000000	0.000000	0.000000	0.000000	0.000000	0.000000	1733433178.430961	0.000000
202.000000	88051.165706	19003.207267	187500.000000	187500.000000	86629.393593	102672.112307	112612.514211	133846.112650	-0.076000	0.768000	0.576000	192.000000	0.000000	0.000000	0.000000	0.000000	0.000000	0.000000	0.000000	0.000000	0.000000	1733433178.434848	0.000000
203.000000	88049.824601	19000.256836	187500.000000	187500.000000	86629.617110	102681.924722	112610.681368	133838.758926	-0.076000	0.768000	0.576000	192.000000	0.000000	0.000000	0.000000	0.000000	0.000000	0.000000	0.000000	0.000000	0.000000	1733433178.438888	0.000000
204.000000	88052.551514	19003.095508	187500.000000	187500.000000	86636.434393	102685.456298	112618.459775	133867.413863	-0.076000	0.768000	0.576000	192.000000	0.000000	0.000000	0.000000	0.000000	0.000000	0.000000	0.000000	0.000000	0.000000	1733433178.443840	0.000000
205.000000	88032.256130	18973.077115	187500.000000	187500.000000	86627.672509	102673.274597	112608.870877	133858.294351	-0.076000	0.768000	0.576000	192.000000	0.000000	0.000000	0.000000	0.000000	0.000000	0.000000	0.000000	0.000000	0.000000	1733433178.447838	0.000000
206.000000	88037.709956	18980.520246	187500.000000	187500.000000	86639.340119	102672.782859	112604.556990	133839.362423	-0.076000	0.768000	0.576000	192.000000	0.000000	0.000000	0.000000	0.000000	0.000000	0.000000	0.000000	0.000000	0.000000	1733433178.451904	0.000000
207.000000	88043.834334	18993.707775	187500.000000	187500.000000	86641.865866	102679.957769	112598.052633	133842.022281	-0.076000	0.768000	0.576000	192.000000	0.000000	0.000000	0.000000	0.000000	0.000000	0.000000	0.000000	0.000000	0.000000	1733433178.455869	0.000000
208.000000	88041.353290	18995.473563	187500.000000	187500.000000	86638.669567	102669.295987	112603.528810	133845.263284	-0.076000	0.768000	0.576000	192.000000	0.000000	0.000000	0.000000	0.000000	0.000000	0.000000	0.000000	0.000000	0.000000	1733433178.459204	0.000000
209.000000	88059.480555	18997.149944	187500.000000	187500.000000	86649.733680	102676.068565	112623.891249	133861.155374	-0.078000	0.764000	0.578000	192.000000	253.000000	144.000000	23.000000	224.000000	18.000000	16.000000	0.000000	0.000000	0.000000	1733433178.463153	0.000000
210.000000	88057.178325	18996.613502	187500.000000	187500.000000	86655.120451	102701.706016	112633.658961	133875.594601	-0.078000	0.764000	0.578000	192.000000	0.000000	0.000000	0.000000	0.000000	0.000000	0.000000	0.000000	0.000000	0.000000	1733433178.467040	0.000000
211.000000	88053.423232	18994.355976	187500.000000	187500.000000	86655.858058	102704.432929	112647.002953	133887.731598	-0.078000	0.764000	0.578000	192.000000	0.000000	0.000000	0.000000	0.000000	0.000000	0.000000	0.000000	0.000000	0.000000	1733433178.471131	0.000000
212.000000	88044.169610	18992.366671	187500.000000	187500.000000	86653.086442	102698.286199	112630.306200	133840.927045	-0.078000	0.764000	0.578000	192.000000	0.000000	0.000000	0.000000	0.000000	0.000000	0.000000	0.000000	0.000000	0.000000	1733433178.475903	0.000000
213.000000	88041.487401	18995.205342	187500.000000	187500.000000	86652.348835	102685.948036	112623.600676	133844.100993	-0.078000	0.764000	0.578000	192.000000	0.000000	0.000000	0.000000	0.000000	0.000000	0.000000	0.000000	0.000000	0.000000	1733433178.479934	0.000000
214.000000	88034.603063	18987.158714	187500.000000	187500.000000	86644.056337	102675.018033	112610.100223	133841.955226	-0.078000	0.764000	0.578000	192.000000	0.000000	0.000000	0.000000	0.000000	0.000000	0.000000	0.000000	0.000000	0.000000	1733433178.483948	0.000000
215.000000	88038.984005	18988.008080	187500.000000	187500.000000	86645.218628	102670.950016	112613.721205	133825.325528	-0.078000	0.764000	0.578000	192.000000	0.000000	0.000000	0.000000	0.000000	0.000000	0.000000	0.000000	0.000000	0.000000	1733433178.487078	0.000000
216.000000	88044.437831	18980.229673	187500.000000	187500.000000	86638.758974	102653.314490	112609.586133	133849.174839	-0.078000	0.764000	0.578000	192.000000	0.000000	0.000000	0.000000	0.000000	0.000000	0.000000	0.000000	0.000000	0.000000	1733433178.491182	0.000000
217.000000	88042.604988	18978.553293	187500.000000	187500.000000	86637.507276	102654.387373	112610.413147	133848.012548	-0.078000	0.764000	0.578000	192.000000	0.000000	0.000000	0.000000	0.000000	0.000000	0.000000	0.000000	0.000000	0.000000	1733433178.495109	0.000000
218.000000	88032.703165	18958.771999	187500.000000	187500.000000	86623.470381	102660.377641	112601.785374	133838.602464	-0.078000	0.764000	0.578000	192.000000	0.000000	0.000000	0.000000	0.000000	0.000000	0.000000	0.000000	0.000000	0.000000	1733433178.499159	0.000000
219.000000	88031.786744	18974.038240	187500.000000	187500.000000	86624.587968	102682.774089	112592.174124	133829.348842	-0.072000	0.766000	0.576000	192.000000	253.000000	192.000000	23.000000	240.000000	18.000000	0.000000	0.000000	0.000000	0.000000	1733433178.504161	0.000000
220.000000	88048.438793	18982.353089	187500.000000	187500.000000	86639.898913	102695.827507	112614.950551	133868.017360	-0.072000	0.766000	0.576000	192.000000	0.000000	0.000000	0.000000	0.000000	0.000000	0.000000	0.000000	0.000000	0.000000	1733433178.507958	0.000000
221.000000	88054.943151	18990.064441	187500.000000	187500.000000	86647.252637	102684.875153	112617.789223	133870.610162	-0.072000	0.766000	0.576000	192.000000	0.000000	0.000000	0.000000	0.000000	0.000000	0.000000	0.000000	0.000000	0.000000	1733433178.510981	0.000000
222.000000	88062.207468	19002.737880	187500.000000	187500.000000	86650.270122	102686.462127	112620.560839	133843.966883	-0.072000	0.766000	0.576000	192.000000	0.000000	0.000000	0.000000	0.000000	0.000000	0.000000	0.000000	0.000000	0.000000	1733433178.514935	0.000000
223.000000	88052.797383	18981.123743	187500.000000	187500.000000	86642.111736	102678.080222	112614.659979	133833.439211	-0.072000	0.766000	0.576000	192.000000	0.000000	0.000000	0.000000	0.000000	0.000000	0.000000	0.000000	0.000000	0.000000	1733433178.519076	0.000000
224.000000	88046.427136	18983.045993	187500.000000	187500.000000	86637.529628	102684.226952	112609.943761	133826.197246	-0.072000	0.766000	0.576000	192.000000	0.000000	0.000000	0.000000	0.000000	0.000000	0.000000	0.000000	0.000000	0.000000	1733433178.523012	0.000000
225.000000	88047.790593	18983.627139	187500.000000	187500.000000	86642.312901	102690.597199	112611.575438	133853.041691	-0.072000	0.766000	0.576000	192.000000	0.000000	0.000000	0.000000	0.000000	0.000000	0.000000	0.000000	0.000000	0.000000	1733433178.527022	0.000000
226.000000	88051.657444	18992.366671	187500.000000	187500.000000	86649.197239	102702.510679	112604.199362	133861.065967	-0.072000	0.766000	0.576000	192.000000	0.000000	0.000000	0.000000	0.000000	0.000000	0.000000	0.000000	0.000000	0.000000	1733433178.532150	0.000000
227.000000	88047.343558	18983.962415	187500.000000	187500.000000	86648.750204	102691.938304	112601.383043	133858.651979	-0.072000	0.766000	0.576000	192.000000	0.000000	0.000000	0.000000	0.000000	0.000000	0.000000	0.000000	0.000000	0.000000	1733433178.536265	0.000000
228.000000	88050.517505	18980.810819	187500.000000	187500.000000	86651.030082	102666.591426	112607.552124	133851.186496	-0.072000	0.766000	0.576000	192.000000	0.000000	0.000000	0.000000	0.000000	0.000000	0.000000	0.000000	0.000000	0.000000	1733433178.539177	0.000000
229.000000	88048.036462	18982.218979	187500.000000	187500.000000	86642.514067	102656.399030	112591.794144	133819.737592	-0.070000	0.772000	0.576000	192.000000	253.000000	208.000000	24.000000	32.000000	18.000000	0.000000	0.000000	0.000000	0.000000	1733433178.543113	0.000000
230.000000	88048.036462	18986.152886	187500.000000	187500.000000	86648.526686	102673.811039	112597.002101	133827.515999	-0.070000	0.772000	0.576000	192.000000	0.000000	0.000000	0.000000	0.000000	0.000000	0.000000	0.000000	0.000000	0.000000	1733433178.546989	0.000000
231.000000	88049.064642	18988.097487	187500.000000	187500.000000	86649.197239	102696.632170	112589.961301	133848.571342	-0.070000	0.772000	0.576000	192.000000	0.000000	0.000000	0.000000	0.000000	0.000000	0.000000	0.000000	0.000000	0.000000	1733433178.551017	0.000000
232.000000	88040.526276	18980.944929	187500.000000	187500.000000	86643.832820	102704.097653	112575.030336	133856.662674	-0.070000	0.772000	0.576000	192.000000	0.000000	0.000000	0.000000	0.000000	0.000000	0.000000	0.000000	0.000000	0.000000	1733433178.555063	0.000000
233.000000	88030.132715	18959.509606	187500.000000	187500.000000	86631.405250	102673.967501	112577.511379	133840.882342	-0.070000	0.772000	0.576000	192.000000	0.000000	0.000000	0.000000	0.000000	0.000000	0.000000	0.000000	0.000000	0.000000	1733433178.560045	0.000000
234.000000	88015.559377	18948.423141	187500.000000	187500.000000	86626.778439	102664.490362	112568.905958	133810.528673	-0.070000	0.772000	0.576000	192.000000	0.000000	0.000000	0.000000	0.000000	0.000000	0.000000	0.000000	0.000000	0.000000	1733433178.564451	0.000000
235.000000	88028.366927	18964.426990	187500.000000	187500.000000	86634.333329	102680.784783	112566.983708	133826.040784	-0.070000	0.772000	0.576000	192.000000	0.000000	0.000000	0.000000	0.000000	0.000000	0.000000	0.000000	0.000000	0.000000	1733433178.567223	0.000000
236.000000	88044.728404	18986.823438	187500.000000	187500.000000	86640.345948	102696.363949	112586.161505	133841.821115	-0.070000	0.772000	0.576000	192.000000	0.000000	0.000000	0.000000	0.000000	0.000000	0.000000	0.000000	0.000000	0.000000	1733433178.571239	0.000000
237.000000	88042.895561	18993.417203	187500.000000	187500.000000	86643.832820	102683.869324	112593.761098	133835.719089	-0.070000	0.772000	0.576000	192.000000	0.000000	0.000000	0.000000	0.000000	0.000000	0.000000	0.000000	0.000000	0.000000	1733433178.575300	0.000000
238.000000	88046.181267	18985.929368	187500.000000	187500.000000	86649.979550	102669.675966	112595.079851	133841.955226	-0.070000	0.772000	0.576000	192.000000	0.000000	0.000000	0.000000	0.000000	0.000000	0.000000	0.000000	0.000000	0.000000	1733433178.579141	0.000000
239.000000	88047.298854	18977.301595	187500.000000	187500.000000	86654.561657	102689.613723	112596.376252	133841.709357	-0.080000	0.770000	0.574000	192.000000	253.000000	128.000000	24.000000	16.000000	17.000000	240.000000	0.000000	0.000000	0.000000	1733433178.583067	0.000000
240.000000	88048.058814	18992.098450	187500.000000	187500.000000	86657.690901	102693.748795	112590.631853	133860.596581	-0.080000	0.770000	0.574000	192.000000	0.000000	0.000000	0.000000	0.000000	0.000000	0.000000	0.000000	0.000000	0.000000	1733433178.588046	0.000000
241.000000	88059.793479	19005.777717	187500.000000	187500.000000	86670.051416	102696.766281	112594.454002	133879.640267	-0.080000	0.770000	0.574000	192.000000	0.000000	0.000000	0.000000	0.000000	0.000000	0.000000	0.000000	0.000000	0.000000	1733433178.592064	0.000000
242.000000	88061.089881	18992.858409	187500.000000	187500.000000	86676.935753	102693.055891	112604.825211	133859.434290	-0.080000	0.770000	0.574000	192.000000	0.000000	0.000000	0.000000	0.000000	0.000000	0.000000	0.000000	0.000000	0.000000	1733433178.595123	0.000000
243.000000	88052.216238	18986.868142	187500.000000	187500.000000	86671.437224	102704.276467	112602.858258	133861.334188	-0.080000	0.770000	0.574000	192.000000	0.000000	0.000000	0.000000	0.000000	0.000000	0.000000	0.000000	0.000000	0.000000	1733433178.599282	0.000000
244.000000	88045.711880	18965.991612	187500.000000	187500.000000	86667.168041	102707.673932	112596.376252	133851.655883	-0.080000	0.770000	0.574000	192.000000	0.000000	0.000000	0.000000	0.000000	0.000000	0.000000	0.000000	0.000000	0.000000	1733433178.603202	0.000000
245.000000	88050.293988	18964.963432	187500.000000	187500.000000	86674.946448	102714.401807	112598.499667	133833.841542	-0.080000	0.770000	0.574000	192.000000	0.000000	0.000000	0.000000	0.000000	0.000000	0.000000	0.000000	0.000000	0.000000	1733433178.607191	0.000000
246.000000	88059.368796	18991.651415	187500.000000	187500.000000	86670.677265	102706.355179	112585.423897	133856.550915	-0.080000	0.770000	0.574000	192.000000	0.000000	0.000000	0.000000	0.000000	0.000000	0.000000	0.000000	0.000000	0.000000	1733433178.611337	0.000000
247.000000	88059.525258	18987.091659	187500.000000	187500.000000	86669.604381	102710.110272	112588.888417	133871.683046	-0.080000	0.770000	0.574000	192.000000	0.000000	0.000000	0.000000	0.000000	0.000000	0.000000	0.000000	0.000000	0.000000	1733433178.616121	0.000000
248.000000	88061.022825	18981.973109	187500.000000	187500.000000	86678.634486	102716.569926	112596.823287	133873.717055	-0.080000	0.770000	0.574000	192.000000	0.000000	0.000000	0.000000	0.000000	0.000000	0.000000	0.000000	0.000000	0.000000	1733433178.619285	0.000000
249.000000	88064.487346	18983.873008	187500.000000	187500.000000	86686.971687	102715.072359	112605.607522	133874.588773	-0.076000	0.772000	0.580000	192.000000	253.000000	160.000000	24.000000	32.000000	18.000000	32.000000	0.000000	0.000000	0.000000	1733433178.622139	0.000000
250.000000	88060.195811	18984.789429	187500.000000	187500.000000	86677.583954	102685.501002	112588.933121	133876.086339	-0.076000	0.772000	0.580000	192.000000	0.000000	0.000000	0.000000	0.000000	0.000000	0.000000	0.000000	0.000000	0.000000	1733433178.627114	0.000000
251.000000	88055.591351	18979.469714	187500.000000	187500.000000	86676.108739	102683.735214	112584.351013	133859.858973	-0.076000	0.772000	0.580000	192.000000	0.000000	0.000000	0.000000	0.000000	0.000000	0.000000	0.000000	0.000000	0.000000	1733433178.631380	0.000000
252.000000	88058.877058	18987.024604	187500.000000	187500.000000	86678.925059	102694.240534	112601.695967	133847.520810	-0.076000	0.772000	0.580000	192.000000	0.000000	0.000000	0.000000	0.000000	0.000000	0.000000	0.000000	0.000000	0.000000	1733433178.635213	0.000000
253.000000	88056.686587	18983.470676	187500.000000	187500.000000	86672.711274	102705.662275	112601.092470	133864.016397	-0.076000	0.772000	0.580000	192.000000	0.000000	0.000000	0.000000	0.000000	0.000000	0.000000	0.000000	0.000000	0.000000	1733433178.639308	0.000000
254.000000	88052.864439	18967.355069	187500.000000	187500.000000	86667.928000	102704.589391	112599.460792	133875.348732	-0.076000	0.772000	0.580000	192.000000	0.000000	0.000000	0.000000	0.000000	0.000000	0.000000	0.000000	0.000000	0.000000	1733433178.643272	0.000000
255.000000	88053.423232	18969.478484	187500.000000	187500.000000	86675.549945	102711.607839	112600.913656	133866.184517	-0.076000	0.772000	0.580000	192.000000	0.000000	0.000000	0.000000	0.000000	0.000000	0.000000	0.000000	0.000000	0.000000	1733433178.647142	0.000000
0.000000	88064.442642	18987.963377	187500.000000	187500.000000	86692.872547	102726.404694	112595.035147	133864.329322	-0.076000	0.772000	0.580000	192.000000	0.000000	0.000000	0.000000	0.000000	0.000000	0.000000	0.000000	0.000000	0.000000	1733433178.650129	0.000000
1.000000	88071.550497	18984.208284	187500.000000	187500.000000	86703.601385	102719.028618	112604.646397	133859.724863	-0.076000	0.772000	0.580000	192.000000	0.000000	0.000000	0.000000	0.000000	0.000000	0.000000	0.000000	0.000000	0.000000	1733433178.655175	0.000000
2.000000	88062.878020	18973.188874	187500.000000	187500.000000	86693.543100	102696.632170	112598.320854	133852.862877	-0.076000	0.772000	0.580000	192.000000	0.000000	0.000000	0.000000	0.000000	0.000000	0.000000	0.000000	0.000000	0.000000	1733433178.659173	0.000000
3.000000	88063.682683	18977.212188	187500.000000	187500.000000	86689.765655	102697.973275	112597.069156	133835.674386	-0.074000	0.764000	0.580000	192.000000	253.000000	176.000000	23.000000	224.000000	18.000000	32.000000	0.000000	0.000000	0.000000	1733433178.663561	0.000000
4.000000	88060.687549	18983.247159	187500.000000	187500.000000	86681.249640	102690.597199	112578.539560	133847.632569	-0.074000	0.764000	0.580000	192.000000	0.000000	0.000000	0.000000	0.000000	0.000000	0.000000	0.000000	0.000000	0.000000	1733433178.667342	0.000000
5.000000	88051.076299	18967.176255	187500.000000	187500.000000	86672.554812	102693.368816	112580.417106	133842.871647	-0.074000	0.764000	0.580000	192.000000	0.000000	0.000000	0.000000	0.000000	0.000000	0.000000	0.000000	0.000000	0.000000	1733433178.671331	0.000000
6.000000	88052.707976	18972.920653	187500.000000	187500.000000	86674.924096	102691.133641	112582.741688	133867.167993	-0.074000	0.764000	0.580000	192.000000	0.000000	0.000000	0.000000	0.000000	0.000000	0.000000	0.000000	0.000000	0.000000	1733433178.675540	0.000000
7.000000	88052.082128	18967.422124	187500.000000	187500.000000	86683.037780	102694.195830	112572.392830	133846.805554	-0.074000	0.764000	0.580000	192.000000	0.000000	0.000000	0.000000	0.000000	0.000000	0.000000	0.000000	0.000000	0.000000	1733433178.678442	0.000000
8.000000	88047.187096	18956.045086	187500.000000	187500.000000	86684.490643	102720.526185	112587.100278	133835.160295	-0.074000	0.764000	0.580000	192.000000	0.000000	0.000000	0.000000	0.000000	0.000000	0.000000	0.000000	0.000000	0.000000	1733433178.683195	0.000000
9.000000	88054.764337	18979.000327	187500.000000	187500.000000	86684.580050	102708.255077	112587.323795	133849.867743	-0.074000	0.764000	0.580000	192.000000	0.000000	0.000000	0.000000	0.000000	0.000000	0.000000	0.000000	0.000000	0.000000	1733433178.687275	0.000000
10.000000	88052.998549	18979.849694	187500.000000	187500.000000	86688.335143	102698.733234	112588.486086	133839.541237	-0.074000	0.764000	0.580000	192.000000	0.000000	0.000000	0.000000	0.000000	0.000000	0.000000	0.000000	0.000000	0.000000	1733433178.691215	0.000000
11.000000	88047.052985	18969.344374	187500.000000	187500.000000	86681.316695	102682.595275	112573.890397	133844.950359	-0.074000	0.764000	0.580000	192.000000	0.000000	0.000000	0.000000	0.000000	0.000000	0.000000	0.000000	0.000000	0.000000	1733433178.695239	0.000000
12.000000	88042.917912	18961.297746	187500.000000	187500.000000	86675.706408	102676.605007	112561.462827	133840.614121	-0.074000	0.764000	0.580000	192.000000	0.000000	0.000000	0.000000	0.000000	0.000000	0.000000	0.000000	0.000000	0.000000	1733433178.699258	0.000000
13.000000	88048.192924	18959.889586	187500.000000	187500.000000	86677.852175	102689.367853	112579.433629	133837.328415	-0.070000	0.762000	0.582000	192.000000	253.000000	208.000000	23.000000	208.000000	18.000000	48.000000	0.000000	0.000000	0.000000	1733433178.703349	0.000000
14.000000	88045.935398	18956.134493	187500.000000	187500.000000	86685.719989	102700.141394	112586.005042	133840.927045	-0.070000	0.762000	0.582000	192.000000	0.000000	0.000000	0.000000	0.000000	0.000000	0.000000	0.000000	0.000000	0.000000	1733433178.706231	0.000000
15.000000	88057.848878	18979.000327	187500.000000	187500.000000	86699.980402	102726.807025	112594.856333	133864.061101	-0.070000	0.762000	0.582000	192.000000	0.000000	0.000000	0.000000	0.000000	0.000000	0.000000	0.000000	0.000000	0.000000	1733433178.711442	0.000000
16.000000	88057.178325	18980.520246	187500.000000	187500.000000	86701.165044	102715.452339	112584.865103	133874.432310	-0.070000	0.762000	0.582000	192.000000	0.000000	0.000000	0.000000	0.000000	0.000000	0.000000	0.000000	0.000000	0.000000	1733433178.715457	0.000000
17.000000	88060.486383	18974.149999	187500.000000	187500.000000	86703.824902	102704.947019	112587.659071	133877.025113	-0.070000	0.762000	0.582000	192.000000	0.000000	0.000000	0.000000	0.000000	0.000000	0.000000	0.000000	0.000000	0.000000	1733433178.719379	0.000000
18.000000	88065.046139	18976.653394	187500.000000	187500.000000	86704.383696	102703.829432	112586.049746	133866.251572	-0.070000	0.762000	0.582000	192.000000	0.000000	0.000000	0.000000	0.000000	0.000000	0.000000	0.000000	0.000000	0.000000	1733433178.723231	0.000000
19.000000	88060.799308	18966.550406	187500.000000	187500.000000	86691.598498	102714.915897	112565.530844	133869.045540	-0.070000	0.762000	0.582000	192.000000	0.000000	0.000000	0.000000	0.000000	0.000000	0.000000	0.000000	0.000000	0.000000	1733433178.727248	0.000000
20.000000	88053.490287	18972.920653	187500.000000	187500.000000	86686.412893	102708.568002	112568.995365	133876.645133	-0.070000	0.762000	0.582000	192.000000	0.000000	0.000000	0.000000	0.000000	0.000000	0.000000	0.000000	0.000000	0.000000	1733433178.731327	0.000000
21.000000	88068.421253	19001.240313	187500.000000	187500.000000	86688.648068	102692.385339	112576.192626	133858.540220	-0.070000	0.762000	0.582000	192.000000	0.000000	0.000000	0.000000	0.000000	0.000000	0.000000	0.000000	0.000000	0.000000	1733433178.734296	0.000000
22.000000	88069.851764	18991.830229	187500.000000	187500.000000	86694.839501	102709.640886	112586.362670	133843.765717	-0.070000	0.762000	0.582000	192.000000	0.000000	0.000000	0.000000	0.000000	0.000000	0.000000	0.000000	0.000000	0.000000	1733433178.738588	0.000000
23.000000	88062.945075	18969.992574	187500.000000	187500.000000	86698.147559	102719.296839	112590.698909	133862.652941	-0.070000	0.766000	0.582000	192.000000	253.000000	208.000000	23.000000	240.000000	18.000000	48.000000	0.000000	0.000000	0.000000	1733433178.743443	0.000000
24.000000	88061.849840	18973.345336	187500.000000	187500.000000	86704.227233	102727.566985	112595.996272	133867.011531	-0.070000	0.766000	0.582000	192.000000	0.000000	0.000000	0.000000	0.000000	0.000000	0.000000	0.000000	0.000000	0.000000	1733433178.747560	0.000000
25.000000	88055.948979	18971.870121	187500.000000	187500.000000	86695.621812	102708.299781	112578.494856	133841.418784	-0.070000	0.766000	0.582000	192.000000	0.000000	0.000000	0.000000	0.000000	0.000000	0.000000	0.000000	0.000000	0.000000	1733433178.751476	0.000000
26.000000	88052.775032	18973.457095	187500.000000	187500.000000	86677.092216	102694.821679	112564.837940	133851.722938	-0.070000	0.766000	0.582000	192.000000	0.000000	0.000000	0.000000	0.000000	0.000000	0.000000	0.000000	0.000000	0.000000	1733433178.754635	0.000000
27.000000	88039.140468	18969.277319	187500.000000	187500.000000	86663.480003	102703.717673	112552.455074	133888.156281	-0.070000	0.766000	0.582000	192.000000	0.000000	0.000000	0.000000	0.000000	0.000000	0.000000	0.000000	0.000000	0.000000	1733433178.758291	0.000000
28.000000	88066.454299	18980.050859	187500.000000	187500.000000	86694.191300	102733.557252	112579.880664	133884.401188	-0.070000	0.766000	0.582000	192.000000	0.000000	0.000000	0.000000	0.000000	0.000000	0.000000	0.000000	0.000000	0.000000	1733433178.762326	0.000000
29.000000	88079.932401	18991.629063	187500.000000	187500.000000	86703.780199	102716.234650	112591.458868	133847.856086	-0.070000	0.766000	0.582000	192.000000	0.000000	0.000000	0.000000	0.000000	0.000000	0.000000	0.000000	0.000000	0.000000	1733433178.766323	0.000000
30.000000	88071.595200	18995.831191	187500.000000	187500.000000	86693.610155	102715.944077	112570.828208	133848.504287	-0.070000	0.766000	0.582000	192.000000	0.000000	0.000000	0.000000	0.000000	0.000000	0.000000	0.000000	0.000000	0.000000	1733433178.771300	0.000000
31.000000	88067.124852	18983.582435	187500.000000	187500.000000	86691.352629	102707.919801	112561.216958	133861.110671	-0.070000	0.766000	0.582000	192.000000	0.000000	0.000000	0.000000	0.000000	0.000000	0.000000	0.000000	0.000000	0.000000	1733433178.775317	0.000000
32.000000	88065.604933	18986.488162	187500.000000	187500.000000	86698.706353	102711.093749	112575.946757	133867.324456	-0.070000	0.766000	0.582000	192.000000	0.000000	0.000000	0.000000	0.000000	0.000000	0.000000	0.000000	0.000000	0.000000	1733433178.779590	0.000000
33.000000	88057.178325	18967.310365	187500.000000	187500.000000	86694.236004	102721.375551	112572.303423	133862.898810	-0.078000	0.772000	0.584000	192.000000	253.000000	144.000000	24.000000	32.000000	18.000000	64.000000	0.000000	0.000000	0.000000	1733433178.782568	0.000000
34.000000	88055.390186	18958.190853	187500.000000	187500.000000	86688.133977	102701.504851	112556.657202	133874.655828	-0.078000	0.772000	0.584000	192.000000	0.000000	0.000000	0.000000	0.000000	0.000000	0.000000	0.000000	0.000000	0.000000	1733433178.786687	0.000000
35.000000	88062.498040	18972.630080	187500.000000	187500.000000	86694.236004	102715.027656	112556.232519	133855.634493	-0.078000	0.772000	0.584000	192.000000	0.000000	0.000000	0.000000	0.000000	0.000000	0.000000	0.000000	0.000000	0.000000	1733433178.790506	0.000000
36.000000	88052.775032	18966.349240	187500.000000	187500.000000	86693.721914	102713.351275	112558.646507	133865.089281	-0.078000	0.772000	0.584000	192.000000	0.000000	0.000000	0.000000	0.000000	0.000000	0.000000	0.000000	0.000000	0.000000	1733433178.794424	0.000000
37.000000	88051.657444	18974.529979	187500.000000	187500.000000	86691.196166	102722.381380	112548.431760	133857.735557	-0.078000	0.772000	0.584000	192.000000	0.000000	0.000000	0.000000	0.000000	0.000000	0.000000	0.000000	0.000000	0.000000	1733433178.798431	0.000000
38.000000	88060.464032	18994.423031	187500.000000	187500.000000	86695.733571	102727.902261	112547.560042	133854.740424	-0.078000	0.772000	0.584000	192.000000	0.000000	0.000000	0.000000	0.000000	0.000000	0.000000	0.000000	0.000000	0.000000	1733433178.803710	0.000000
39.000000	88058.832354	18993.394851	187500.000000	187500.000000	86696.895861	102719.632115	112536.808853	133846.023243	-0.078000	0.772000	0.584000	192.000000	0.000000	0.000000	0.000000	0.000000	0.000000	0.000000	0.000000	0.000000	0.000000	1733433178.807414	0.000000
40.000000	88066.499003	18974.731144	187500.000000	187500.000000	86700.941527	102723.834243	112534.819548	133886.457549	-0.078000	0.772000	0.584000	192.000000	0.000000	0.000000	0.000000	0.000000	0.000000	0.000000	0.000000	0.000000	0.000000	1733433178.810406	0.000000
41.000000	88057.066567	18961.141284	187500.000000	187500.000000	86690.860890	102724.862424	112536.540632	133882.300124	-0.078000	0.772000	0.584000	192.000000	0.000000	0.000000	0.000000	0.000000	0.000000	0.000000	0.000000	0.000000	0.000000	1733433178.814727	0.000000
42.000000	88050.629264	18956.581528	187500.000000	187500.000000	86682.210765	102714.290048	112536.540632	133854.159278	-0.078000	0.772000	0.584000	192.000000	0.000000	0.000000	0.000000	0.000000	0.000000	0.000000	0.000000	0.000000	0.000000	1733433178.818667	0.000000
43.000000	88057.267732	18960.269566	187500.000000	187500.000000	86678.902707	102709.797348	112529.209260	133839.496534	-0.072000	0.770000	0.572000	192.000000	253.000000	192.000000	24.000000	16.000000	17.000000	224.000000	0.000000	0.000000	0.000000	1733433178.822747	0.000000
44.000000	88051.925665	18958.615537	187500.000000	187500.000000	86672.152480	102707.025731	112529.231611	133843.631607	-0.072000	0.770000	0.572000	192.000000	0.000000	0.000000	0.000000	0.000000	0.000000	0.000000	0.000000	0.000000	0.000000	1733433178.827724	0.000000
45.000000	88057.200677	18968.159731	187500.000000	187500.000000	86669.939657	102697.906220	112526.012960	133855.410976	-0.072000	0.770000	0.572000	192.000000	0.000000	0.000000	0.000000	0.000000	0.000000	0.000000	0.000000	0.000000	0.000000	1733433178.831429	0.000000
46.000000	88066.990741	18985.325871	187500.000000	187500.000000	86676.801643	102715.564098	112526.281181	133841.195266	-0.072000	0.770000	0.572000	192.000000	0.000000	0.000000	0.000000	0.000000	0.000000	0.000000	0.000000	0.000000	0.000000	1733433178.835430	0.000000
47.000000	88071.081110	19008.728148	187500.000000	187500.000000	86673.046550	102708.053912	112514.792384	133850.806517	-0.072000	0.770000	0.572000	192.000000	0.000000	0.000000	0.000000	0.000000	0.000000	0.000000	0.000000	0.000000	0.000000	1733433178.838576	0.000000
48.000000	88059.122927	18984.632967	187500.000000	187500.000000	86661.647160	102700.610781	112500.107288	133852.281732	-0.072000	0.770000	0.572000	192.000000	0.000000	0.000000	0.000000	0.000000	0.000000	0.000000	0.000000	0.000000	0.000000	1733433178.842420	0.000000
49.000000	88062.207468	18961.856539	187500.000000	187500.000000	86672.554812	102737.893491	112508.533896	133878.746197	-0.072000	0.770000	0.572000	192.000000	0.000000	0.000000	0.000000	0.000000	0.000000	0.000000	0.000000	0.000000	0.000000	1733433178.846450	0.000000
50.000000	88062.632151	18958.570833	187500.000000	187500.000000	86671.392521	102727.008191	112520.872059	133871.928915	-0.072000	0.770000	0.572000	192.000000	0.000000	0.000000	0.000000	0.000000	0.000000	0.000000	0.000000	0.000000	0.000000	1733433178.850475	0.000000
51.000000	88073.539802	18976.318118	187500.000000	187500.000000	86676.868698	102732.439665	112515.082957	133855.612142	-0.072000	0.770000	0.572000	192.000000	0.000000	0.000000	0.000000	0.000000	0.000000	0.000000	0.000000	0.000000	0.000000	1733433178.854556	0.000000
52.000000	88063.548572	18979.313252	187500.000000	187500.000000	86679.260335	102741.559177	112511.909009	133860.194249	-0.072000	0.770000	0.572000	192.000000	0.000000	0.000000	0.000000	0.000000	0.000000	0.000000	0.000000	0.000000	0.000000	1733433178.859620	0.000000
53.000000	88058.295913	18987.002252	187500.000000	187500.000000	86670.543155	102713.373627	112503.057719	133862.027092	-0.076000	0.774000	0.574000	192.000000	253.000000	160.000000	24.000000	48.000000	17.000000	240.000000	0.000000	0.000000	0.000000	1733433178.863665	0.000000
54.000000	88062.810965	18980.564950	187500.000000	187500.000000	86660.551925	102702.801252	112500.710785	133846.112650	-0.076000	0.774000	0.574000	192.000000	0.000000	0.000000	0.000000	0.000000	0.000000	0.000000	0.000000	0.000000	0.000000	1733433178.866676	0.000000
55.000000	88059.704072	18965.075191	187500.000000	187500.000000	86660.462518	102707.025731	112496.687471	133853.891057	-0.076000	0.774000	0.574000	192.000000	0.000000	0.000000	0.000000	0.000000	0.000000	0.000000	0.000000	0.000000	0.000000	1733433178.870714	0.000000
56.000000	88053.177363	18977.905092	187500.000000	187500.000000	86649.174887	102709.998513	112487.858532	133870.721921	-0.076000	0.774000	0.574000	192.000000	0.000000	0.000000	0.000000	0.000000	0.000000	0.000000	0.000000	0.000000	0.000000	1733433178.874482	0.000000
57.000000	88053.378529	18986.197589	187500.000000	187500.000000	86649.532515	102719.162729	112497.380376	133889.407979	-0.076000	0.774000	0.574000	192.000000	0.000000	0.000000	0.000000	0.000000	0.000000	0.000000	0.000000	0.000000	0.000000	1733433178.878456	0.000000
58.000000	88046.091860	18964.985784	187500.000000	187500.000000	86640.703576	102674.503943	112478.359041	133909.144570	-0.076000	0.774000	0.574000	192.000000	0.000000	0.000000	0.000000	0.000000	0.000000	0.000000	0.000000	0.000000	0.000000	1733433178.882497	0.000000
59.000000	88048.751718	18971.624252	187500.000000	187500.000000	86639.541285	102676.962635	112462.042268	133863.524659	-0.076000	0.774000	0.574000	192.000000	0.000000	0.000000	0.000000	0.000000	0.000000	0.000000	0.000000	0.000000	0.000000	1733433178.887618	0.000000
60.000000	88057.468898	18974.306461	187500.000000	187500.000000	86651.208896	102700.409615	112473.598119	133819.916406	-0.076000	0.774000	0.574000	192.000000	0.000000	0.000000	0.000000	0.000000	0.000000	0.000000	0.000000	0.000000	0.000000	1733433178.890656	0.000000
61.000000	88053.534991	18962.169464	187500.000000	187500.000000	86641.150611	102690.597199	112482.494114	133851.231200	-0.076000	0.774000	0.574000	192.000000	0.000000	0.000000	0.000000	0.000000	0.000000	0.000000	0.000000	0.000000	0.000000	1733433178.893612	0.000000
62.000000	88047.947055	18965.477522	187500.000000	187500.000000	86644.816297	102677.186153	112459.516520	133866.229220	-0.076000	0.774000	0.574000	192.000000	0.000000	0.000000	0.000000	0.000000	0.000000	0.000000	0.000000	0.000000	0.000000	1733433178.898788	0.000000
63.000000	88054.183192	18990.064441	187500.000000	187500.000000	86648.638445	102682.058833	112459.762390	133858.473165	-0.076000	0.772000	0.572000	192.000000	253.000000	160.000000	24.000000	32.000000	17.000000	224.000000	0.000000	0.000000	0.000000	1733433178.902540	0.000000
64.000000	88061.201639	18984.185932	187500.000000	187500.000000	86660.082538	102703.427101	112481.890617	133843.229275	-0.076000	0.772000	0.572000	192.000000	0.000000	0.000000	0.000000	0.000000	0.000000	0.000000	0.000000	0.000000	0.000000	1733433178.906507	0.000000
65.000000	88058.988817	18976.876912	187500.000000	187500.000000	86669.604381	102721.800235	112497.693300	133844.682139	-0.076000	0.772000	0.572000	192.000000	0.000000	0.000000	0.000000	0.000000	0.000000	0.000000	0.000000	0.000000	0.000000	1733433178.910551	0.000000
66.000000	88055.971331	18974.239406	187500.000000	187500.000000	86655.791003	102710.825528	112498.117983	133839.630644	-0.076000	0.772000	0.572000	192.000000	0.000000	0.000000	0.000000	0.000000	0.000000	0.000000	0.000000	0.000000	0.000000	1733433178.915513	0.000000
67.000000	88055.591351	18975.982842	187500.000000	187500.000000	86639.384823	102700.834298	112484.259902	133833.036880	-0.076000	0.772000	0.572000	192.000000	0.000000	0.000000	0.000000	0.000000	0.000000	0.000000	0.000000	0.000000	0.000000	1733433178.918556	0.000000
68.000000	88044.951921	18955.799217	187500.000000	187500.000000	86629.326538	102683.489345	112458.823616	133839.585941	-0.076000	0.772000	0.572000	192.000000	0.000000	0.000000	0.000000	0.000000	0.000000	0.000000	0.000000	0.000000	0.000000	1733433178.922583	0.000000
69.000000	88051.143354	18955.285127	187500.000000	187500.000000	86631.740526	102674.705109	112461.796398	133873.672351	-0.076000	0.772000	0.572000	192.000000	0.000000	0.000000	0.000000	0.000000	0.000000	0.000000	0.000000	0.000000	0.000000	1733433178.926680	0.000000
70.000000	88051.880962	18963.935252	187500.000000	187500.000000	86625.549093	102678.907237	112455.940241	133887.195156	-0.076000	0.772000	0.572000	192.000000	0.000000	0.000000	0.000000	0.000000	0.000000	0.000000	0.000000	0.000000	0.000000	1733433178.930896	0.000000
71.000000	88056.440718	18981.682537	187500.000000	187500.000000	86639.787154	102700.297856	112466.803189	133862.295313	-0.076000	0.772000	0.572000	192.000000	0.000000	0.000000	0.000000	0.000000	0.000000	0.000000	0.000000	0.000000	0.000000	1733433178.934794	0.000000
72.000000	88060.240514	18993.171333	187500.000000	187500.000000	86644.458669	102695.671045	112475.855646	133858.540220	-0.076000	0.772000	0.572000	192.000000	0.000000	0.000000	0.000000	0.000000	0.000000	0.000000	0.000000	0.000000	0.000000	1733433178.938856	0.000000
73.000000	88060.396977	18975.468752	187500.000000	187500.000000	86643.408137	102695.827507	112472.368774	133852.505249	-0.068000	0.764000	0.578000	192.000000	253.000000	224.000000	23.000000	224.000000	18.000000	16.000000	0.000000	0.000000	0.000000	1733433178.943585	0.000000
74.000000	88065.224953	18980.274377	187500.000000	187500.000000	86657.333274	102731.635002	112484.908102	133863.636418	-0.068000	0.764000	0.578000	192.000000	0.000000	0.000000	0.000000	0.000000	0.000000	0.000000	0.000000	0.000000	0.000000	1733433178.946553	0.000000
75.000000	88054.764337	18980.184970	187500.000000	187500.000000	86645.062166	102698.844993	112466.736134	133871.280714	-0.068000	0.764000	0.578000	192.000000	0.000000	0.000000	0.000000	0.000000	0.000000	0.000000	0.000000	0.000000	0.000000	1733433178.949621	0.000000
76.000000	88058.832354	18989.639758	187500.000000	187500.000000	86647.610265	102692.720615	112465.126808	133873.873517	-0.068000	0.764000	0.578000	192.000000	0.000000	0.000000	0.000000	0.000000	0.000000	0.000000	0.000000	0.000000	0.000000	1733433178.954605	0.000000
77.000000	88062.006302	18971.959528	187500.000000	187500.000000	86643.095212	102713.217165	112472.368774	133868.240877	-0.068000	0.764000	0.578000	192.000000	0.000000	0.000000	0.000000	0.000000	0.000000	0.000000	0.000000	0.000000	0.000000	1733433178.958630	0.000000
78.000000	88056.306607	18962.862368	187500.000000	187500.000000	86638.736622	102716.413464	112469.753619	133862.518831	-0.068000	0.764000	0.578000	192.000000	0.000000	0.000000	0.000000	0.000000	0.000000	0.000000	0.000000	0.000000	0.000000	1733433178.962592	0.000000
79.000000	88048.818773	18958.727295	187500.000000	187500.000000	86622.442200	102698.509717	112452.051038	133854.136926	-0.068000	0.764000	0.578000	192.000000	0.000000	0.000000	0.000000	0.000000	0.000000	0.000000	0.000000	0.000000	0.000000	1733433178.966797	0.000000
80.000000	88039.498095	18954.905147	187500.000000	187500.000000	86610.752238	102691.580676	112431.174508	133840.189438	-0.068000	0.764000	0.578000	192.000000	0.000000	0.000000	0.000000	0.000000	0.000000	0.000000	0.000000	0.000000	0.000000	1733433178.970820	0.000000
81.000000	88045.421308	18966.997441	187500.000000	187500.000000	86619.447067	102674.436888	112421.138575	133832.880417	-0.068000	0.764000	0.578000	192.000000	0.000000	0.000000	0.000000	0.000000	0.000000	0.000000	0.000000	0.000000	0.000000	1733433178.974746	0.000000
82.000000	88056.217200	18977.145133	187500.000000	187500.000000	86620.743468	102675.375661	112423.373750	133849.666578	-0.068000	0.764000	0.578000	192.000000	0.000000	0.000000	0.000000	0.000000	0.000000	0.000000	0.000000	0.000000	0.000000	1733433178.977830	0.000000
83.000000	88049.332863	18976.809857	187500.000000	187500.000000	86616.876616	102670.257112	112420.088043	133845.799726	-0.068000	0.764000	0.578000	192.000000	0.000000	0.000000	0.000000	0.000000	0.000000	0.000000	0.000000	0.000000	0.000000	1733433178.981682	0.000000
84.000000	88050.361043	18969.210263	187500.000000	187500.000000	86611.981584	102668.580731	112405.112374	133850.828868	-0.074000	0.768000	0.582000	192.000000	253.000000	176.000000	24.000000	0.000000	18.000000	48.000000	0.000000	0.000000	0.000000	1733433178.987054	0.000000
85.000000	88054.898447	18958.347316	187500.000000	187500.000000	86615.781381	102676.962635	112409.828593	133877.539203	-0.074000	0.768000	0.582000	192.000000	0.000000	0.000000	0.000000	0.000000	0.000000	0.000000	0.000000	0.000000	0.000000	1733433178.990640	0.000000
86.000000	88058.899410	18969.322022	187500.000000	187500.000000	86624.096230	102700.275505	112424.312523	133857.534392	-0.074000	0.768000	0.582000	192.000000	0.000000	0.000000	0.000000	0.000000	0.000000	0.000000	0.000000	0.000000	0.000000	1733433178.994633	0.000000
87.000000	88062.810965	18971.847769	187500.000000	187500.000000	86621.391668	102706.042255	112421.473851	133869.783148	-0.074000	0.768000	0.582000	192.000000	0.000000	0.000000	0.000000	0.000000	0.000000	0.000000	0.000000	0.000000	0.000000	1733433178.998684	0.000000
88.000000	88063.235648	18961.565967	187500.000000	187500.000000	86609.813465	102687.087975	112426.391235	133873.292371	-0.074000	0.768000	0.582000	192.000000	0.000000	0.000000	0.000000	0.000000	0.000000	0.000000	0.000000	0.000000	0.000000	1733433179.002876	0.000000
89.000000	88055.993683	18952.357048	187500.000000	187500.000000	86606.795979	102682.103536	112417.361130	133836.479048	-0.074000	0.768000	0.582000	192.000000	0.000000	0.000000	0.000000	0.000000	0.000000	0.000000	0.000000	0.000000	0.000000	1733433179.005940	0.000000
90.000000	88057.446546	18960.113103	187500.000000	187500.000000	86612.205102	102684.361063	112415.327122	133831.248740	-0.074000	0.768000	0.582000	192.000000	0.000000	0.000000	0.000000	0.000000	0.000000	0.000000	0.000000	0.000000	0.000000	1733433179.011035	0.000000
91.000000	88049.422270	18957.654412	187500.000000	187500.000000	86594.211947	102684.271656	112406.028796	133843.273979	-0.074000	0.768000	0.582000	192.000000	0.000000	0.000000	0.000000	0.000000	0.000000	0.000000	0.000000	0.000000	0.000000	1733433179.014968	0.000000
92.000000	88042.001491	18957.497949	187500.000000	187500.000000	86575.458834	102683.042310	112403.972435	133865.156336	-0.074000	0.768000	0.582000	192.000000	0.000000	0.000000	0.000000	0.000000	0.000000	0.000000	0.000000	0.000000	0.000000	1733433179.018694	0.000000
93.000000	88039.140468	18958.906109	187500.000000	187500.000000	86572.284886	102693.681740	112396.126973	133868.710264	-0.074000	0.768000	0.582000	192.000000	0.000000	0.000000	0.000000	0.000000	0.000000	0.000000	0.000000	0.000000	0.000000	1733433179.022730	0.000000
94.000000	88031.943206	18944.489234	187500.000000	187500.000000	86575.302371	102700.856650	112400.418508	133844.011586	-0.076000	0.764000	0.582000	192.000000	253.000000	160.000000	23.000000	224.000000	18.000000	48.000000	0.000000	0.000000	0.000000	1733433179.026746	0.000000
95.000000	88038.536970	18945.830339	187500.000000	187500.000000	86574.676523	102697.347426	112399.725604	133843.475144	-0.076000	0.764000	0.582000	192.000000	0.000000	0.000000	0.000000	0.000000	0.000000	0.000000	0.000000	0.000000	0.000000	1733433179.030718	0.000000
96.000000	88055.323131	18969.657298	187500.000000	187500.000000	86582.365523	102702.488327	112395.925807	133861.267133	-0.076000	0.764000	0.582000	192.000000	0.000000	0.000000	0.000000	0.000000	0.000000	0.000000	0.000000	0.000000	0.000000	1733433179.033720	0.000000
97.000000	88063.325055	18978.709755	187500.000000	187500.000000	86581.940840	102708.769168	112397.065746	133870.990142	-0.076000	0.764000	0.582000	192.000000	0.000000	0.000000	0.000000	0.000000	0.000000	0.000000	0.000000	0.000000	0.000000	1733433179.037735	0.000000
98.000000	88064.152070	18967.511531	187500.000000	187500.000000	86583.684276	102710.579659	112411.169697	133903.735447	-0.076000	0.764000	0.582000	192.000000	0.000000	0.000000	0.000000	0.000000	0.000000	0.000000	0.000000	0.000000	0.000000	1733433179.042842	0.000000
99.000000	88063.749738	18969.031449	187500.000000	187500.000000	86569.267400	102691.379510	112404.330063	133851.946455	-0.076000	0.764000	0.582000	192.000000	0.000000	0.000000	0.000000	0.000000	0.000000	0.000000	0.000000	0.000000	0.000000	1733433179.047293	0.000000
100.000000	88056.597180	18961.185987	187500.000000	187500.000000	86548.882609	102676.984987	112382.179485	133828.946510	-0.076000	0.764000	0.582000	192.000000	0.000000	0.000000	0.000000	0.000000	0.000000	0.000000	0.000000	0.000000	0.000000	1733433179.051002	0.000000
101.000000	88049.377567	18956.872100	187500.000000	187500.000000	86544.032281	102679.913065	112364.968641	133836.635511	-0.076000	0.764000	0.582000	192.000000	0.000000	0.000000	0.000000	0.000000	0.000000	0.000000	0.000000	0.000000	0.000000	1733433179.054064	0.000000
102.000000	88043.119078	18952.893490	187500.000000	187500.000000	86536.857371	102661.383469	112357.816083	133806.393600	-0.076000	0.764000	0.582000	192.000000	0.000000	0.000000	0.000000	0.000000	0.000000	0.000000	0.000000	0.000000	0.000000	1733433179.057737	0.000000
103.000000	88050.383395	18954.681630	187500.000000	187500.000000	86545.663958	102686.037443	112383.922921	133828.477124	-0.076000	0.764000	0.582000	192.000000	0.000000	0.000000	0.000000	0.000000	0.000000	0.000000	0.000000	0.000000	0.000000	1733433179.061728	0.000000
104.000000	88055.479593	18959.889586	187500.000000	187500.000000	86555.588133	102730.360953	112395.925807	133864.686950	-0.074000	0.756000	0.580000	192.000000	253.000000	176.000000	23.000000	160.000000	18.000000	32.000000	0.000000	0.000000	0.000000	1733433179.065759	0.000000
105.000000	88048.818773	18949.719542	187500.000000	187500.000000	86565.579363	102726.650563	112404.151249	133860.216601	-0.074000	0.756000	0.580000	192.000000	0.000000	0.000000	0.000000	0.000000	0.000000	0.000000	0.000000	0.000000	0.000000	1733433179.070955	0.000000
106.000000	88054.563171	18952.915842	187500.000000	187500.000000	86568.395682	102685.657464	112388.147400	133849.331301	-0.074000	0.756000	0.580000	192.000000	0.000000	0.000000	0.000000	0.000000	0.000000	0.000000	0.000000	0.000000	0.000000	1733433179.074758	0.000000
107.000000	88056.373663	18954.569871	187500.000000	187500.000000	86560.796089	102666.189094	112374.490485	133861.267133	-0.074000	0.756000	0.580000	192.000000	0.000000	0.000000	0.000000	0.000000	0.000000	0.000000	0.000000	0.000000	0.000000	1733433179.079040	0.000000
108.000000	88047.969407	18955.508644	187500.000000	187500.000000	86559.834964	102676.292083	112379.966662	133850.717110	-0.074000	0.756000	0.580000	192.000000	0.000000	0.000000	0.000000	0.000000	0.000000	0.000000	0.000000	0.000000	0.000000	1733433179.082000	0.000000
109.000000	88054.741985	18971.221920	187500.000000	187500.000000	86568.373331	102691.312455	112390.136706	133839.943569	-0.074000	0.756000	0.580000	192.000000	0.000000	0.000000	0.000000	0.000000	0.000000	0.000000	0.000000	0.000000	0.000000	1733433179.086067	0.000000
110.000000	88051.724500	18961.968298	187500.000000	187500.000000	86565.221735	102682.796440	112372.031793	133841.776412	-0.074000	0.756000	0.580000	192.000000	0.000000	0.000000	0.000000	0.000000	0.000000	0.000000	0.000000	0.000000	0.000000	1733433179.090102	0.000000
111.000000	88052.082128	18959.040220	187500.000000	187500.000000	86562.897153	102686.618589	112370.355412	133845.911484	-0.074000	0.756000	0.580000	192.000000	0.000000	0.000000	0.000000	0.000000	0.000000	0.000000	0.000000	0.000000	0.000000	1733433179.094066	0.000000
112.000000	88049.064642	18958.123798	187500.000000	187500.000000	86554.649360	102681.254170	112375.853941	133841.083508	-0.074000	0.756000	0.580000	192.000000	0.000000	0.000000	0.000000	0.000000	0.000000	0.000000	0.000000	0.000000	0.000000	1733433179.098813	0.000000
113.000000	88044.281369	18971.132513	187500.000000	187500.000000	86543.473487	102694.218182	112363.873406	133838.803630	-0.074000	0.756000	0.580000	192.000000	0.000000	0.000000	0.000000	0.000000	0.000000	0.000000	0.000000	0.000000	0.000000	1733433179.103101	0.000000
114.000000	88039.296930	18955.016906	187500.000000	187500.000000	86538.869028	102680.538914	112358.218415	133810.081638	-0.072000	0.766000	0.582000	192.000000	253.000000	192.000000	23.000000	240.000000	18.000000	48.000000	0.000000	0.000000	0.000000	1733433179.106812	0.000000
115.000000	88044.236665	18941.427045	187500.000000	187500.000000	86544.076984	102658.902426	112357.436104	133823.492685	-0.072000	0.766000	0.582000	192.000000	0.000000	0.000000	0.000000	0.000000	0.000000	0.000000	0.000000	0.000000	0.000000	1733433179.109849	0.000000
116.000000	88043.096726	18938.543670	187500.000000	187500.000000	86540.835981	102647.391277	112350.529414	133842.826944	-0.072000	0.766000	0.582000	192.000000	0.000000	0.000000	0.000000	0.000000	0.000000	0.000000	0.000000	0.000000	0.000000	1733433179.113909	0.000000
117.000000	88045.153087	18945.584470	187500.000000	187500.000000	86545.038109	102652.375716	112366.153284	133832.098106	-0.072000	0.766000	0.582000	192.000000	0.000000	0.000000	0.000000	0.000000	0.000000	0.000000	0.000000	0.000000	0.000000	1733433179.118063	0.000000
118.000000	88041.733270	18948.601955	187500.000000	187500.000000	86542.355900	102650.565225	112353.479845	133831.315795	-0.072000	0.766000	0.582000	192.000000	0.000000	0.000000	0.000000	0.000000	0.000000	0.000000	0.000000	0.000000	0.000000	1733433179.122042	0.000000
119.000000	88040.034537	18954.189891	187500.000000	187500.000000	86534.242217	102654.297966	112350.596470	133840.882342	-0.072000	0.766000	0.582000	192.000000	0.000000	0.000000	0.000000	0.000000	0.000000	0.000000	0.000000	0.000000	0.000000	1733433179.125846	0.000000
120.000000	88047.902351	18979.939101	187500.000000	187500.000000	86539.159601	102658.902426	112350.238842	133835.316758	-0.072000	0.766000	0.582000	192.000000	0.000000	0.000000	0.000000	0.000000	0.000000	0.000000	0.000000	0.000000	0.000000	1733433179.130863	0.000000
121.000000	88052.149183	18970.506665	187500.000000	187500.000000	86547.027415	102674.034557	112361.146493	133838.893037	-0.072000	0.766000	0.582000	192.000000	0.000000	0.000000	0.000000	0.000000	0.000000	0.000000	0.000000	0.000000	0.000000	1733433179.133859	0.000000
122.000000	88045.153087	18940.220051	187500.000000	187500.000000	86541.730051	102670.927664	112362.308784	133841.172915	-0.072000	0.766000	0.582000	192.000000	0.000000	0.000000	0.000000	0.000000	0.000000	0.000000	0.000000	0.000000	0.000000	1733433179.137902	0.000000
123.000000	88038.782840	18946.232670	187500.000000	187500.000000	86538.734917	102663.484533	112358.844263	133828.477124	-0.072000	0.766000	0.582000	192.000000	0.000000	0.000000	0.000000	0.000000	0.000000	0.000000	0.000000	0.000000	0.000000	1733433179.141901	0.000000
124.000000	88037.307624	18935.481481	187500.000000	187500.000000	86531.180028	102663.149257	112343.868595	133833.394508	-0.072000	0.766000	0.574000	192.000000	253.000000	192.000000	23.000000	240.000000	17.000000	240.000000	0.000000	0.000000	0.000000	1733433179.145977	0.000000
125.000000	88034.536008	18928.641847	187500.000000	187500.000000	86520.115914	102636.885957	112331.999818	133819.223502	-0.072000	0.766000	0.574000	192.000000	0.000000	0.000000	0.000000	0.000000	0.000000	0.000000	0.000000	0.000000	0.000000	1733433179.149997	0.000000
126.000000	88043.253189	18937.873118	187500.000000	187500.000000	86521.054688	102657.270748	112336.693685	133839.295368	-0.072000	0.766000	0.574000	192.000000	0.000000	0.000000	0.000000	0.000000	0.000000	0.000000	0.000000	0.000000	0.000000	1733433179.155301	0.000000
127.000000	88049.846953	18956.983859	187500.000000	187500.000000	86514.103295	102658.365984	112321.427443	133870.408996	-0.072000	0.766000	0.574000	192.000000	0.000000	0.000000	0.000000	0.000000	0.000000	0.000000	0.000000	0.000000	0.000000	1733433179.159203	0.000000
128.000000	88042.090898	18959.643717	187500.000000	187500.000000	86510.281147	102664.803286	112320.019283	133839.407127	-0.072000	0.766000	0.574000	192.000000	0.000000	0.000000	0.000000	0.000000	0.000000	0.000000	0.000000	0.000000	0.000000	1733433179.161899	0.000000
129.000000	88042.403822	18949.205452	187500.000000	187500.000000	86514.662089	102669.854780	112335.330228	133807.980574	-0.072000	0.766000	0.574000	192.000000	0.000000	0.000000	0.000000	0.000000	0.000000	0.000000	0.000000	0.000000	0.000000	1733433179.165902	0.000000
130.000000	88035.631244	18929.535917	187500.000000	187500.000000	86501.206339	102646.273690	112319.840469	133814.037897	-0.072000	0.766000	0.574000	192.000000	0.000000	0.000000	0.000000	0.000000	0.000000	0.000000	0.000000	0.000000	0.000000	1733433179.170232	0.000000
131.000000	88032.300834	18930.944077	187500.000000	187500.000000	86495.283126	102638.294117	112307.457603	133827.650109	-0.072000	0.766000	0.574000	192.000000	0.000000	0.000000	0.000000	0.000000	0.000000	0.000000	0.000000	0.000000	0.000000	1733433179.173923	0.000000
132.000000	88036.771183	18934.140376	187500.000000	187500.000000	86500.669897	102647.927719	112302.495516	133852.281732	-0.072000	0.766000	0.574000	192.000000	0.000000	0.000000	0.000000	0.000000	0.000000	0.000000	0.000000	0.000000	0.000000	1733433179.177888	0.000000
133.000000	88036.458258	18926.764301	187500.000000	187500.000000	86497.160673	102655.326147	112295.320606	133851.924104	-0.072000	0.766000	0.574000	192.000000	0.000000	0.000000	0.000000	0.000000	0.000000	0.000000	0.000000	0.000000	0.000000	1733433179.182944	0.000000
134.000000	88035.385374	18939.683609	187500.000000	187500.000000	86478.094635	102639.076428	112279.696736	133820.095220	-0.078000	0.766000	0.570000	192.000000	253.000000	144.000000	23.000000	240.000000	17.000000	208.000000	0.000000	0.000000	0.000000	1733433179.187020	0.000000
135.000000	88024.388316	18922.025731	187500.000000	187500.000000	86477.401731	102645.469027	112281.708393	133785.092388	-0.078000	0.766000	0.570000	192.000000	0.000000	0.000000	0.000000	0.000000	0.000000	0.000000	0.000000	0.000000	0.000000	1733433179.190033	0.000000
136.000000	88021.884921	18906.983007	187500.000000	187500.000000	86485.023676	102680.494211	112302.070832	133798.235214	-0.078000	0.766000	0.570000	192.000000	0.000000	0.000000	0.000000	0.000000	0.000000	0.000000	0.000000	0.000000	0.000000	1733433179.194135	0.000000
137.000000	88036.435906	18935.190908	187500.000000	187500.000000	86475.412425	102662.679870	112293.979501	133824.096182	-0.078000	0.766000	0.570000	192.000000	0.000000	0.000000	0.000000	0.000000	0.000000	0.000000	0.000000	0.000000	0.000000	1733433179.198134	0.000000
138.000000	88033.060793	18932.084016	187500.000000	187500.000000	86464.303608	102638.271766	112275.248739	133819.737592	-0.078000	0.766000	0.570000	192.000000	0.000000	0.000000	0.000000	0.000000	0.000000	0.000000	0.000000	0.000000	0.000000	1733433179.201984	0.000000
139.000000	88033.597235	18941.337638	187500.000000	187500.000000	86473.847803	102659.818847	112284.748231	133830.555836	-0.078000	0.766000	0.570000	192.000000	0.000000	0.000000	0.000000	0.000000	0.000000	0.000000	0.000000	0.000000	0.000000	1733433179.205936	0.000000
140.000000	88030.490342	18946.299725	187500.000000	187500.000000	86461.576696	102638.405876	112269.772562	133835.383813	-0.078000	0.766000	0.570000	192.000000	0.000000	0.000000	0.000000	0.000000	0.000000	0.000000	0.000000	0.000000	0.000000	1733433179.209978	0.000000
141.000000	88024.365964	18937.180214	187500.000000	187500.000000	86441.638940	102624.704257	112232.489852	133797.966993	-0.078000	0.766000	0.570000	192.000000	0.000000	0.000000	0.000000	0.000000	0.000000	0.000000	0.000000	0.000000	0.000000	1733433179.214978	0.000000
142.000000	88020.409706	18913.576771	187500.000000	187500.000000	86437.861495	102632.259146	112237.518995	133784.757112	-0.078000	0.766000	0.570000	192.000000	0.000000	0.000000	0.000000	0.000000	0.000000	0.000000	0.000000	0.000000	0.000000	1733433179.218029	0.000000
143.000000	88021.147313	18914.247324	187500.000000	187500.000000	86440.610759	102638.897614	112252.271146	133802.660859	-0.078000	0.766000	0.570000	192.000000	0.000000	0.000000	0.000000	0.000000	0.000000	0.000000	0.000000	0.000000	0.000000	1733433179.222190	0.000000
144.000000	88016.140522	18910.156955	187500.000000	187500.000000	86439.582579	102653.806228	112249.298364	133793.653106	-0.078000	0.778000	0.572000	192.000000	253.000000	144.000000	24.000000	80.000000	17.000000	224.000000	0.000000	0.000000	0.000000	1733433179.226088	0.000000
145.000000	88017.302813	18901.640940	187500.000000	187500.000000	86451.205486	102652.666289	112250.304192	133802.258528	-0.078000	0.778000	0.572000	192.000000	0.000000	0.000000	0.000000	0.000000	0.000000	0.000000	0.000000	0.000000	0.000000	1733433179.230195	0.000000
146.000000	88013.301851	18908.592332	187500.000000	187500.000000	86442.533009	102627.989963	112227.483061	133808.315850	-0.078000	0.778000	0.572000	192.000000	0.000000	0.000000	0.000000	0.000000	0.000000	0.000000	0.000000	0.000000	0.000000	1733433179.234130	0.000000
147.000000	88012.497188	18909.195830	187500.000000	187500.000000	86435.447506	102637.265937	112226.723102	133812.495627	-0.078000	0.778000	0.572000	192.000000	0.000000	0.000000	0.000000	0.000000	0.000000	0.000000	0.000000	0.000000	0.000000	1733433179.238260	0.000000
148.000000	88025.438848	18934.609763	187500.000000	187500.000000	86450.356120	102661.428173	112257.859082	133828.030089	-0.078000	0.778000	0.572000	192.000000	0.000000	0.000000	0.000000	0.000000	0.000000	0.000000	0.000000	0.000000	0.000000	1733433179.243032	0.000000
149.000000	88026.824656	18940.287106	187500.000000	187500.000000	86448.746794	102651.973385	112244.448035	133801.632679	-0.078000	0.778000	0.572000	192.000000	0.000000	0.000000	0.000000	0.000000	0.000000	0.000000	0.000000	0.000000	0.000000	1733433179.245992	0.000000
150.000000	88021.639052	18919.969370	187500.000000	187500.000000	86431.379489	102648.844141	112234.009771	133796.983516	-0.078000	0.778000	0.572000	192.000000	0.000000	0.000000	0.000000	0.000000	0.000000	0.000000	0.000000	0.000000	0.000000	1733433179.248998	0.000000
151.000000	88020.767334	18922.092786	187500.000000	187500.000000	86426.305643	102661.092897	112233.674494	133810.349859	-0.078000	0.778000	0.572000	192.000000	0.000000	0.000000	0.000000	0.000000	0.000000	0.000000	0.000000	0.000000	0.000000	1733433179.254039	0.000000
152.000000	88021.214368	18935.325019	187500.000000	187500.000000	86427.557341	102642.429190	112224.890259	133829.035917	-0.078000	0.778000	0.572000	192.000000	0.000000	0.000000	0.000000	0.000000	0.000000	0.000000	0.000000	0.000000	0.000000	1733433179.258042	0.000000
153.000000	88020.700278	18915.990760	187500.000000	187500.000000	86419.510713	102624.771312	112210.763956	133825.571397	-0.078000	0.778000	0.572000	192.000000	0.000000	0.000000	0.000000	0.000000	0.000000	0.000000	0.000000	0.000000	0.000000	1733433179.262242	0.000000
154.000000	88018.241586	18907.251228	187500.000000	187500.000000	86415.465047	102641.021030	112214.139070	133805.320717	-0.072000	0.774000	0.576000	192.000000	253.000000	192.000000	24.000000	48.000000	18.000000	0.000000	0.000000	0.000000	0.000000	1733433179.266239	0.000000
155.000000	88032.300834	18927.658370	187500.000000	187500.000000	86425.568035	102664.266844	112229.293553	133811.825074	-0.072000	0.774000	0.576000	192.000000	0.000000	0.000000	0.000000	0.000000	0.000000	0.000000	0.000000	0.000000	0.000000	1733433179.271288	0.000000
156.000000	88031.585578	18915.946056	187500.000000	187500.000000	86423.779896	102665.227969	112219.659951	133829.259435	-0.072000	0.774000	0.576000	192.000000	0.000000	0.000000	0.000000	0.000000	0.000000	0.000000	0.000000	0.000000	0.000000	1733433179.274389	0.000000
157.000000	88030.803267	18914.582600	187500.000000	187500.000000	86423.086992	102668.871304	112217.134204	133828.119496	-0.072000	0.774000	0.576000	192.000000	0.000000	0.000000	0.000000	0.000000	0.000000	0.000000	0.000000	0.000000	0.000000	1733433179.278046	0.000000
158.000000	88020.655575	18909.754623	187500.000000	187500.000000	86431.066564	102680.136583	112219.682302	133801.565623	-0.072000	0.774000	0.576000	192.000000	0.000000	0.000000	0.000000	0.000000	0.000000	0.000000	0.000000	0.000000	0.000000	1733433179.282061	0.000000
159.000000	88028.232816	18927.099577	187500.000000	187500.000000	86437.012128	102683.869324	112228.131262	133789.473330	-0.072000	0.774000	0.576000	192.000000	0.000000	0.000000	0.000000	0.000000	0.000000	0.000000	0.000000	0.000000	0.000000	1733433179.286360	0.000000
160.000000	88023.784819	18911.676873	187500.000000	187500.000000	86424.293986	102668.781897	112231.506375	133790.121530	-0.072000	0.774000	0.576000	192.000000	0.000000	0.000000	0.000000	0.000000	0.000000	0.000000	0.000000	0.000000	0.000000	1733433179.290075	0.000000
161.000000	88030.065659	18916.236629	187500.000000	187500.000000	86426.082125	102673.319301	112216.754224	133805.343068	-0.072000	0.774000	0.576000	192.000000	0.000000	0.000000	0.000000	0.000000	0.000000	0.000000	0.000000	0.000000	0.000000	1733433179.294109	0.000000
162.000000	88030.311528	18927.501908	187500.000000	187500.000000	86417.811980	102662.523408	112204.728985	133812.652089	-0.072000	0.774000	0.576000	192.000000	0.000000	0.000000	0.000000	0.000000	0.000000	0.000000	0.000000	0.000000	0.000000	1733433179.297152	0.000000
163.000000	88024.947110	18926.853708	187500.000000	187500.000000	86410.547663	102670.480629	112214.496698	133811.400391	-0.072000	0.774000	0.576000	192.000000	0.000000	0.000000	0.000000	0.000000	0.000000	0.000000	0.000000	0.000000	0.000000	1733433179.301238	0.000000
164.000000	88023.941281	18921.913972	187500.000000	187500.000000	86407.172550	102678.124926	112216.754224	133836.903731	-0.068000	0.772000	0.578000	192.000000	253.000000	224.000000	24.000000	32.000000	18.000000	16.000000	0.000000	0.000000	0.000000	1733433179.305533	0.000000
165.000000	88029.082183	18929.044179	187500.000000	187500.000000	86412.805189	102700.566077	112223.146823	133821.324566	-0.068000	0.772000	0.578000	192.000000	0.000000	0.000000	0.000000	0.000000	0.000000	0.000000	0.000000	0.000000	0.000000	1733433179.310330	0.000000
166.000000	88041.643863	18943.773978	187500.000000	187500.000000	86421.365907	102680.024824	112231.662837	133827.024260	-0.068000	0.772000	0.578000	192.000000	0.000000	0.000000	0.000000	0.000000	0.000000	0.000000	0.000000	0.000000	0.000000	1733433179.314080	0.000000
167.000000	88040.727441	18957.497949	187500.000000	187500.000000	86411.911119	102670.547684	112231.193451	133842.983406	-0.068000	0.772000	0.578000	192.000000	0.000000	0.000000	0.000000	0.000000	0.000000	0.000000	0.000000	0.000000	0.000000	1733433179.318131	0.000000
168.000000	88034.223084	18948.646658	187500.000000	187500.000000	86401.741076	102679.287217	112228.175965	133818.687060	-0.068000	0.772000	0.578000	192.000000	0.000000	0.000000	0.000000	0.000000	0.000000	0.000000	0.000000	0.000000	0.000000	1733433179.322103	0.000000
169.000000	88031.026784	18920.058777	187500.000000	187500.000000	86389.492320	102677.789650	112225.717273	133825.392583	-0.068000	0.772000	0.578000	192.000000	0.000000	0.000000	0.000000	0.000000	0.000000	0.000000	0.000000	0.000000	0.000000	1733433179.325131	0.000000
170.000000	88036.033575	18916.124870	187500.000000	187500.000000	86393.985020	102692.944132	112221.716311	133825.973728	-0.068000	0.772000	0.578000	192.000000	0.000000	0.000000	0.000000	0.000000	0.000000	0.000000	0.000000	0.000000	0.000000	1733433179.329113	0.000000
171.000000	88031.250302	18910.402824	187500.000000	187500.000000	86392.599212	102687.110327	112220.710483	133813.210882	-0.068000	0.772000	0.578000	192.000000	0.000000	0.000000	0.000000	0.000000	0.000000	0.000000	0.000000	0.000000	0.000000	1733433179.333338	0.000000
172.000000	88026.511732	18910.045196	187500.000000	187500.000000	86390.565203	102686.305664	112229.137090	133798.838711	-0.068000	0.772000	0.578000	192.000000	0.000000	0.000000	0.000000	0.000000	0.000000	0.000000	0.000000	0.000000	0.000000	1733433179.338171	0.000000
173.000000	88027.606967	18917.465975	187500.000000	187500.000000	86390.252279	102690.597199	112233.629791	133799.665725	-0.068000	0.772000	0.578000	192.000000	0.000000	0.000000	0.000000	0.000000	0.000000	0.000000	0.000000	0.000000	0.000000	1733433179.342387	0.000000
174.000000	88028.858665	18916.571905	187500.000000	187500.000000	86385.491358	102678.080222	112230.299381	133804.091371	-0.070000	0.772000	0.580000	192.000000	253.000000	208.000000	24.000000	32.000000	18.000000	32.000000	0.000000	0.000000	0.000000	1733433179.346357	0.000000
175.000000	88024.611834	18920.461109	187500.000000	187500.000000	86375.991866	102678.527257	112214.653160	133792.468463	-0.070000	0.772000	0.580000	192.000000	0.000000	0.000000	0.000000	0.000000	0.000000	0.000000	0.000000	0.000000	0.000000	1733433179.350178	0.000000
176.000000	88016.296985	18924.953809	187500.000000	187500.000000	86368.056997	102668.044289	112210.406328	133796.067094	-0.070000	0.772000	0.580000	192.000000	0.000000	0.000000	0.000000	0.000000	0.000000	0.000000	0.000000	0.000000	0.000000	1733433179.353399	0.000000
177.000000	88013.994755	18905.865420	187500.000000	187500.000000	86362.849040	102658.455391	112208.774651	133814.194359	-0.070000	0.772000	0.580000	192.000000	0.000000	0.000000	0.000000	0.000000	0.000000	0.000000	0.000000	0.000000	0.000000	1733433179.357169	0.000000
178.000000	88012.519540	18900.322187	187500.000000	187500.000000	86357.819898	102654.610891	112217.111852	133814.887263	-0.070000	0.772000	0.580000	192.000000	0.000000	0.000000	0.000000	0.000000	0.000000	0.000000	0.000000	0.000000	0.000000	1733433179.361200	0.000000
179.000000	88011.021973	18903.384376	187500.000000	187500.000000	86358.401043	102657.404859	112234.166233	133803.197301	-0.070000	0.772000	0.580000	192.000000	0.000000	0.000000	0.000000	0.000000	0.000000	0.000000	0.000000	0.000000	0.000000	1733433179.366197	0.000000
180.000000	88010.731400	18907.698263	187500.000000	187500.000000	86359.831555	102676.783821	112228.913573	133811.892129	-0.070000	0.772000	0.580000	192.000000	0.000000	0.000000	0.000000	0.000000	0.000000	0.000000	0.000000	0.000000	0.000000	1733433179.370214	0.000000
181.000000	88007.669211	18904.323149	187500.000000	187500.000000	86349.236828	102660.087068	112213.200297	133805.790103	-0.070000	0.772000	0.580000	192.000000	0.000000	0.000000	0.000000	0.000000	0.000000	0.000000	0.000000	0.000000	0.000000	1733433179.374292	0.000000
182.000000	88001.142502	18898.019957	187500.000000	187500.000000	86343.268912	102653.158027	112217.648294	133794.815397	-0.070000	0.772000	0.580000	192.000000	0.000000	0.000000	0.000000	0.000000	0.000000	0.000000	0.000000	0.000000	0.000000	1733433179.378404	0.000000
183.000000	88007.669211	18900.880981	187500.000000	187500.000000	86347.292226	102662.188132	112221.090462	133811.579205	-0.070000	0.772000	0.580000	192.000000	0.000000	0.000000	0.000000	0.000000	0.000000	0.000000	0.000000	0.000000	0.000000	1733433179.381407	0.000000
184.000000	88004.472912	18889.191018	187500.000000	187500.000000	86345.884066	102677.297911	112213.759090	133793.250775	-0.072000	0.766000	0.580000	192.000000	253.000000	192.000000	23.000000	240.000000	18.000000	32.000000	0.000000	0.000000	0.000000	1733433179.385254	0.000000
185.000000	87996.538043	18890.040385	187500.000000	187500.000000	86335.490505	102661.919911	112211.792137	133818.731763	-0.072000	0.766000	0.580000	192.000000	0.000000	0.000000	0.000000	0.000000	0.000000	0.000000	0.000000	0.000000	0.000000	1733433179.389239	0.000000
186.000000	88004.495264	18898.422289	187500.000000	187500.000000	86345.504087	102651.191074	112217.313018	133800.448036	-0.072000	0.766000	0.580000	192.000000	0.000000	0.000000	0.000000	0.000000	0.000000	0.000000	0.000000	0.000000	0.000000	1733433179.394242	0.000000
187.000000	88004.159987	18892.476725	187500.000000	187500.000000	86360.546811	102658.857722	112236.133186	133789.339219	-0.072000	0.766000	0.580000	192.000000	0.000000	0.000000	0.000000	0.000000	0.000000	0.000000	0.000000	0.000000	0.000000	1733433179.398246	0.000000
188.000000	87996.828615	18883.446620	187500.000000	187500.000000	86357.395215	102651.571053	112223.593858	133766.942771	-0.072000	0.766000	0.580000	192.000000	0.000000	0.000000	0.000000	0.000000	0.000000	0.000000	0.000000	0.000000	0.000000	1733433179.402530	0.000000
189.000000	88001.254261	18888.967501	187500.000000	187500.000000	86368.168756	102655.102629	112233.339218	133768.641504	-0.072000	0.766000	0.580000	192.000000	0.000000	0.000000	0.000000	0.000000	0.000000	0.000000	0.000000	0.000000	0.000000	1733433179.405239	0.000000
190.000000	87998.393237	18885.547684	187500.000000	187500.000000	86371.186241	102656.756658	112233.898012	133786.277030	-0.072000	0.766000	0.580000	192.000000	0.000000	0.000000	0.000000	0.000000	0.000000	0.000000	0.000000	0.000000	0.000000	1733433179.409249	0.000000
191.000000	87997.342705	18884.944187	187500.000000	187500.000000	86377.265916	102668.021937	112236.691980	133802.169121	-0.072000	0.766000	0.580000	192.000000	0.000000	0.000000	0.000000	0.000000	0.000000	0.000000	0.000000	0.000000	0.000000	1733433179.413453	0.000000
192.000000	87992.492377	18877.478704	187500.000000	187500.000000	86371.253296	102661.428173	112236.222593	133801.409161	-0.072000	0.766000	0.580000	192.000000	0.000000	0.000000	0.000000	0.000000	0.000000	0.000000	0.000000	0.000000	0.000000	1733433179.417418	0.000000
193.000000	87990.793644	18881.300852	187500.000000	187500.000000	86370.180413	102669.363042	112232.489852	133797.519958	-0.072000	0.766000	0.580000	192.000000	0.000000	0.000000	0.000000	0.000000	0.000000	0.000000	0.000000	0.000000	0.000000	1733433179.421521	0.000000
194.000000	87987.820862	18872.807190	187500.000000	187500.000000	86371.655628	102658.298929	112233.965067	133785.472367	-0.074000	0.778000	0.582000	192.000000	253.000000	176.000000	24.000000	80.000000	18.000000	48.000000	0.000000	0.000000	0.000000	1733433179.425454	0.000000
195.000000	87992.022990	18873.544797	187500.000000	187500.000000	86372.437939	102662.255187	112235.999076	133790.121530	-0.074000	0.778000	0.582000	192.000000	0.000000	0.000000	0.000000	0.000000	0.000000	0.000000	0.000000	0.000000	0.000000	1733433179.429322	0.000000
196.000000	87993.900537	18897.237646	187500.000000	187500.000000	86370.180413	102667.574902	112223.839727	133794.301307	-0.074000	0.778000	0.582000	192.000000	0.000000	0.000000	0.000000	0.000000	0.000000	0.000000	0.000000	0.000000	0.000000	1733433179.433354	0.000000
197.000000	87991.307734	18887.000547	187500.000000	187500.000000	86374.404892	102655.169684	112225.627866	133770.586106	-0.074000	0.778000	0.582000	192.000000	0.000000	0.000000	0.000000	0.000000	0.000000	0.000000	0.000000	0.000000	0.000000	1733433179.438327	0.000000
198.000000	87985.742150	18860.513730	187500.000000	187500.000000	86369.956895	102655.840237	112231.416968	133783.863042	-0.074000	0.778000	0.582000	192.000000	0.000000	0.000000	0.000000	0.000000	0.000000	0.000000	0.000000	0.000000	0.000000	1733433179.442341	0.000000
199.000000	87992.760598	18871.913120	187500.000000	187500.000000	86378.674075	102678.482554	112247.621983	133812.450923	-0.074000	0.778000	0.582000	192.000000	0.000000	0.000000	0.000000	0.000000	0.000000	0.000000	0.000000	0.000000	0.000000	1733433179.446545	0.000000
200.000000	87994.861662	18885.279463	187500.000000	187500.000000	86382.585631	102659.818847	112235.395579	133782.499585	-0.074000	0.778000	0.582000	192.000000	0.000000	0.000000	0.000000	0.000000	0.000000	0.000000	0.000000	0.000000	0.000000	1733433179.449430	0.000000
201.000000	87994.749903	18888.475762	187500.000000	187500.000000	86387.614773	102656.600196	112248.873681	133775.995228	-0.074000	0.778000	0.582000	192.000000	0.000000	0.000000	0.000000	0.000000	0.000000	0.000000	0.000000	0.000000	0.000000	1733433179.453593	0.000000
202.000000	87990.100740	18878.685698	187500.000000	187500.000000	86390.073465	102649.000603	112254.193396	133777.917478	-0.074000	0.778000	0.582000	192.000000	0.000000	0.000000	0.000000	0.000000	0.000000	0.000000	0.000000	0.000000	0.000000	1733433179.457542	0.000000
203.000000	87988.446711	18871.533140	187500.000000	187500.000000	86386.430131	102659.774144	112238.681285	133780.599687	-0.074000	0.778000	0.582000	192.000000	0.000000	0.000000	0.000000	0.000000	0.000000	0.000000	0.000000	0.000000	0.000000	1733433179.461662	0.000000
204.000000	87981.584726	18864.067657	187500.000000	187500.000000	86373.823747	102652.666289	112249.544233	133783.348952	-0.070000	0.766000	0.582000	192.000000	253.000000	208.000000	23.000000	240.000000	18.000000	48.000000	0.000000	0.000000	0.000000	1733433179.465341	0.000000
205.000000	87987.753807	18875.131771	187500.000000	187500.000000	86375.455424	102663.752754	112258.507283	133775.324675	-0.070000	0.766000	0.582000	192.000000	0.000000	0.000000	0.000000	0.000000	0.000000	0.000000	0.000000	0.000000	0.000000	1733433179.470710	0.000000
206.000000	87984.021066	18862.547739	187500.000000	187500.000000	86376.617715	102665.317376	112250.684172	133773.201260	-0.070000	0.766000	0.582000	192.000000	0.000000	0.000000	0.000000	0.000000	0.000000	0.000000	0.000000	0.000000	0.000000	1733433179.473458	0.000000
207.000000	87981.808243	18864.291175	187500.000000	187500.000000	86376.573011	102638.115303	112246.526748	133793.921327	-0.070000	0.766000	0.582000	192.000000	0.000000	0.000000	0.000000	0.000000	0.000000	0.000000	0.000000	0.000000	0.000000	1733433179.477425	0.000000
208.000000	87985.965667	18882.999585	187500.000000	187500.000000	86369.576915	102636.729495	112237.362532	133754.246980	-0.070000	0.766000	0.582000	192.000000	0.000000	0.000000	0.000000	0.000000	0.000000	0.000000	0.000000	0.000000	0.000000	1733433179.481441	0.000000
209.000000	87984.177528	18873.522445	187500.000000	187500.000000	86363.609000	102659.997661	112241.654067	133751.587123	-0.070000	0.766000	0.582000	192.000000	0.000000	0.000000	0.000000	0.000000	0.000000	0.000000	0.000000	0.000000	0.000000	1733433179.485616	0.000000
210.000000	87978.477833	18859.127922	187500.000000	187500.000000	86353.885991	102629.375771	112235.954372	133748.301416	-0.070000	0.766000	0.582000	192.000000	0.000000	0.000000	0.000000	0.000000	0.000000	0.000000	0.000000	0.000000	0.000000	1733433179.489452	0.000000
211.000000	87981.450615	18861.050172	187500.000000	187500.000000	86361.977322	102648.240644	112241.922288	133744.143992	-0.070000	0.766000	0.582000	192.000000	0.000000	0.000000	0.000000	0.000000	0.000000	0.000000	0.000000	0.000000	0.000000	1733433179.493581	0.000000
212.000000	87982.232926	18865.811094	187500.000000	187500.000000	86364.324256	102645.647841	112254.953355	133774.855289	-0.070000	0.766000	0.582000	192.000000	0.000000	0.000000	0.000000	0.000000	0.000000	0.000000	0.000000	0.000000	0.000000	1733433179.498844	0.000000
213.000000	87980.556545	18867.800399	187500.000000	187500.000000	86363.296075	102636.550681	112253.276974	133806.885339	-0.070000	0.766000	0.582000	192.000000	0.000000	0.000000	0.000000	0.000000	0.000000	0.000000	0.000000	0.000000	0.000000	1733433179.501483	0.000000
214.000000	87975.102720	18866.839274	187500.000000	187500.000000	86353.282494	102630.828635	112226.320771	133794.234251	-0.068000	0.766000	0.582000	192.000000	253.000000	224.000000	23.000000	240.000000	18.000000	48.000000	0.000000	0.000000	0.000000	1733433179.504522	0.000000
215.000000	87975.080368	18867.219253	187500.000000	187500.000000	86359.965665	102637.020068	112242.905765	133763.992341	-0.068000	0.766000	0.582000	192.000000	0.000000	0.000000	0.000000	0.000000	0.000000	0.000000	0.000000	0.000000	0.000000	1733433179.509457	0.000000
216.000000	87978.410778	18858.345611	187500.000000	187500.000000	86378.942296	102662.143429	112280.054364	133772.038969	-0.068000	0.766000	0.582000	192.000000	0.000000	0.000000	0.000000	0.000000	0.000000	0.000000	0.000000	0.000000	0.000000	1733433179.513449	0.000000
217.000000	87988.402008	18865.811094	187500.000000	187500.000000	86387.570070	102658.298929	112278.310928	133803.554929	-0.068000	0.766000	0.582000	192.000000	0.000000	0.000000	0.000000	0.000000	0.000000	0.000000	0.000000	0.000000	0.000000	1733433179.517485	0.000000
218.000000	87990.950106	18870.415553	187500.000000	187500.000000	86388.307677	102653.493303	112277.573321	133778.140995	-0.068000	0.766000	0.582000	192.000000	0.000000	0.000000	0.000000	0.000000	0.000000	0.000000	0.000000	0.000000	0.000000	1733433179.521489	0.000000
219.000000	87982.925830	18867.487474	187500.000000	187500.000000	86385.334895	102650.922853	112289.129172	133758.292646	-0.068000	0.766000	0.582000	192.000000	0.000000	0.000000	0.000000	0.000000	0.000000	0.000000	0.000000	0.000000	0.000000	1733433179.526580	0.000000
220.000000	87974.990961	18858.189149	187500.000000	187500.000000	86383.882032	102656.399030	112278.825018	133750.737757	-0.068000	0.766000	0.582000	192.000000	0.000000	0.000000	0.000000	0.000000	0.000000	0.000000	0.000000	0.000000	0.000000	1733433179.529551	0.000000
221.000000	87966.094967	18857.630355	187500.000000	187500.000000	86368.571087	102649.134713	112267.313870	133761.243076	-0.068000	0.766000	0.582000	192.000000	0.000000	0.000000	0.000000	0.000000	0.000000	0.000000	0.000000	0.000000	0.000000	1733433179.533684	0.000000
222.000000	87967.659589	18861.228986	187500.000000	187500.000000	86361.999674	102642.876225	112266.062172	133785.718237	-0.068000	0.766000	0.582000	192.000000	0.000000	0.000000	0.000000	0.000000	0.000000	0.000000	0.000000	0.000000	0.000000	1733433179.537540	0.000000
223.000000	87958.495374	18824.058035	187500.000000	187500.000000	86354.936523	102643.971460	112255.221576	133760.080786	-0.068000	0.766000	0.582000	192.000000	0.000000	0.000000	0.000000	0.000000	0.000000	0.000000	0.000000	0.000000	0.000000	1733433179.541463	0.000000
224.000000	87945.307844	18807.495392	187500.000000	187500.000000	86352.790755	102650.945205	112253.634602	133747.295588	-0.070000	0.770000	0.580000	192.000000	253.000000	208.000000	24.000000	16.000000	18.000000	32.000000	0.000000	0.000000	0.000000	1733433179.545533	0.000000
225.000000	87959.680016	18832.104663	187500.000000	187500.000000	86366.604133	102640.171664	112257.009716	133741.685300	-0.070000	0.770000	0.580000	192.000000	0.000000	0.000000	0.000000	0.000000	0.000000	0.000000	0.000000	0.000000	0.000000	1733433179.549528	0.000000
226.000000	87957.601304	18839.123111	187500.000000	187500.000000	86370.560392	102639.143484	112260.541291	133731.649367	-0.070000	0.770000	0.580000	192.000000	0.000000	0.000000	0.000000	0.000000	0.000000	0.000000	0.000000	0.000000	0.000000	1733433179.553726	0.000000
227.000000	87961.937542	18839.458387	187500.000000	187500.000000	86371.409758	102633.264975	112270.465466	133758.583219	-0.070000	0.770000	0.580000	192.000000	0.000000	0.000000	0.000000	0.000000	0.000000	0.000000	0.000000	0.000000	0.000000	1733433179.557537	0.000000
228.000000	87965.558525	18847.728532	187500.000000	187500.000000	86356.210572	102617.059960	112250.952393	133790.121530	-0.070000	0.770000	0.580000	192.000000	0.000000	0.000000	0.000000	0.000000	0.000000	0.000000	0.000000	0.000000	0.000000	1733433179.560635	0.000000
229.000000	87967.011388	18844.643992	187500.000000	187500.000000	86360.524459	102633.399085	112269.146713	133766.562792	-0.070000	0.770000	0.580000	192.000000	0.000000	0.000000	0.000000	0.000000	0.000000	0.000000	0.000000	0.000000	0.000000	1733433179.565774	0.000000
230.000000	87970.297095	18850.880128	187500.000000	187500.000000	86376.841232	102653.470952	112298.405146	133764.528783	-0.070000	0.770000	0.580000	192.000000	0.000000	0.000000	0.000000	0.000000	0.000000	0.000000	0.000000	0.000000	0.000000	1733433179.569781	0.000000
231.000000	87964.776214	18843.884032	187500.000000	187500.000000	86375.410721	102650.252301	112290.179704	133760.259600	-0.070000	0.770000	0.580000	192.000000	0.000000	0.000000	0.000000	0.000000	0.000000	0.000000	0.000000	0.000000	0.000000	1733433179.573594	0.000000
232.000000	87960.127051	18842.788797	187500.000000	187500.000000	86377.847061	102646.765428	112278.936777	133741.394727	-0.070000	0.770000	0.580000	192.000000	0.000000	0.000000	0.000000	0.000000	0.000000	0.000000	0.000000	0.000000	0.000000	1733433179.577534	0.000000
233.000000	87963.591571	18853.517634	187500.000000	187500.000000	86378.562317	102649.022955	112282.043669	133756.884486	-0.070000	0.770000	0.580000	192.000000	0.000000	0.000000	0.000000	0.000000	0.000000	0.000000	0.000000	0.000000	0.000000	1733433179.581540	0.000000
234.000000	87961.445804	18857.183320	187500.000000	187500.000000	86367.095872	102623.877242	112264.341088	133762.114795	-0.068000	0.768000	0.582000	192.000000	253.000000	224.000000	24.000000	0.000000	18.000000	48.000000	0.000000	0.000000	0.000000	1733433179.585854	0.000000
235.000000	87950.761670	18836.686771	187500.000000	187500.000000	86360.636218	102613.148405	112240.312963	133759.566696	-0.068000	0.768000	0.582000	192.000000	0.000000	0.000000	0.000000	0.000000	0.000000	0.000000	0.000000	0.000000	0.000000	1733433179.588574	0.000000
236.000000	87943.631463	18824.750939	187500.000000	187500.000000	86362.625523	102617.574050	112254.841596	133745.775669	-0.068000	0.768000	0.582000	192.000000	0.000000	0.000000	0.000000	0.000000	0.000000	0.000000	0.000000	0.000000	0.000000	1733433179.593578	0.000000
237.000000	87947.632426	18831.076483	187500.000000	187500.000000	86371.812090	102636.260109	112272.611233	133738.757222	-0.068000	0.768000	0.582000	192.000000	0.000000	0.000000	0.000000	0.000000	0.000000	0.000000	0.000000	0.000000	0.000000	1733433179.597775	0.000000
238.000000	87954.181487	18831.970552	187500.000000	187500.000000	86374.404892	102625.978306	112273.438248	133753.151745	-0.068000	0.768000	0.582000	192.000000	0.000000	0.000000	0.000000	0.000000	0.000000	0.000000	0.000000	0.000000	0.000000	1733433179.601772	0.000000
239.000000	87945.732527	18831.300000	187500.000000	187500.000000	86360.658569	102611.472024	112259.915442	133742.467611	-0.068000	0.768000	0.582000	192.000000	0.000000	0.000000	0.000000	0.000000	0.000000	0.000000	0.000000	0.000000	0.000000	1733433179.605878	0.000000
240.000000	87945.598417	18838.385503	187500.000000	187500.000000	86365.374787	102626.872376	112262.754114	133733.281044	-0.068000	0.768000	0.582000	192.000000	0.000000	0.000000	0.000000	0.000000	0.000000	0.000000	0.000000	0.000000	0.000000	1733433179.609898	0.000000
241.000000	87947.364205	18834.876279	187500.000000	187500.000000	86366.470023	102626.000658	112274.399373	133749.866039	-0.068000	0.768000	0.582000	192.000000	0.000000	0.000000	0.000000	0.000000	0.000000	0.000000	0.000000	0.000000	0.000000	1733433179.612590	0.000000
242.000000	87942.893856	18833.579878	187500.000000	187500.000000	86362.513764	102625.933603	112266.933890	133762.092443	-0.068000	0.768000	0.582000	192.000000	0.000000	0.000000	0.000000	0.000000	0.000000	0.000000	0.000000	0.000000	0.000000	1733433179.616584	0.000000
243.000000	87945.106679	18835.770349	187500.000000	187500.000000	86355.718834	102625.575975	112263.916405	133776.598725	-0.068000	0.768000	0.582000	192.000000	0.000000	0.000000	0.000000	0.000000	0.000000	0.000000	0.000000	0.000000	0.000000	1733433179.621612	0.000000
244.000000	87948.951179	18842.252355	187500.000000	187500.000000	86356.367034	102647.458332	112284.837638	133763.433547	-0.078000	0.766000	0.576000	192.000000	253.000000	144.000000	23.000000	240.000000	18.000000	0.000000	0.000000	0.000000	0.000000	1733433179.625602	0.000000
245.000000	87946.268969	18844.442826	187500.000000	187500.000000	86358.781023	102632.393257	112285.910521	133771.457824	-0.078000	0.766000	0.576000	192.000000	0.000000	0.000000	0.000000	0.000000	0.000000	0.000000	0.000000	0.000000	0.000000	1733433179.629592	0.000000
246.000000	87930.510989	18836.999695	187500.000000	187500.000000	86347.918075	102628.258184	112272.499475	133727.782515	-0.078000	0.766000	0.576000	192.000000	0.000000	0.000000	0.000000	0.000000	0.000000	0.000000	0.000000	0.000000	0.000000	1733433179.633691	0.000000
247.000000	87924.833646	18840.508919	187500.000000	187500.000000	86347.493392	102632.706181	112264.609309	133740.612416	-0.078000	0.766000	0.576000	192.000000	0.000000	0.000000	0.000000	0.000000	0.000000	0.000000	0.000000	0.000000	0.000000	1733433179.636773	0.000000
248.000000	87916.116466	18835.122148	187500.000000	187500.000000	86354.489488	102631.812111	112261.256547	133737.930207	-0.078000	0.766000	0.576000	192.000000	0.000000	0.000000	0.000000	0.000000	0.000000	0.000000	0.000000	0.000000	0.000000	1733433179.640710	0.000000
249.000000	87907.868672	18825.712064	187500.000000	187500.000000	86352.991921	102622.402027	112263.514073	133723.714498	-0.078000	0.766000	0.576000	192.000000	0.000000	0.000000	0.000000	0.000000	0.000000	0.000000	0.000000	0.000000	0.000000	1733433179.644947	0.000000
250.000000	87899.307954	18811.786927	187500.000000	187500.000000	86337.233941	102611.539079	112249.745399	133725.189713	-0.078000	0.766000	0.576000	192.000000	0.000000	0.000000	0.000000	0.000000	0.000000	0.000000	0.000000	0.000000	0.000000	1733433179.649668	0.000000
251.000000	87903.353620	18813.105680	187500.000000	187500.000000	86331.131915	102628.057018	112264.117570	133748.010844	-0.078000	0.766000	0.576000	192.000000	0.000000	0.000000	0.000000	0.000000	0.000000	0.000000	0.000000	0.000000	0.000000	1733433179.653804	0.000000
252.000000	87918.619861	18825.779119	187500.000000	187500.000000	86343.090098	102640.573995	112278.757963	133740.411251	-0.078000	0.766000	0.576000	192.000000	0.000000	0.000000	0.000000	0.000000	0.000000	0.000000	0.000000	0.000000	0.000000	1733433179.657619	0.000000
253.000000	87914.305975	18828.908363	187500.000000	187500.000000	86345.481735	102625.531271	112275.002870	133717.098381	-0.078000	0.766000	0.576000	192.000000	0.000000	0.000000	0.000000	0.000000	0.000000	0.000000	0.000000	0.000000	0.000000	1733433179.661664	0.000000
254.000000	87916.004707	18832.395236	187500.000000	187500.000000	86337.613921	102605.034721	112269.414934	133741.819411	-0.074000	0.764000	0.574000	192.000000	253.000000	176.000000	23.000000	224.000000	17.000000	240.000000	0.000000	0.000000	0.000000	1733433179.664670	0.000000
255.000000	87923.179617	18832.171718	187500.000000	187500.000000	86339.402060	102607.828690	112264.944585	133751.453012	-0.074000	0.764000	0.574000	192.000000	0.000000	0.000000	0.000000	0.000000	0.000000	0.000000	0.000000	0.000000	0.000000	1733433179.668844	0.000000
0.000000	87910.439123	18824.639180	187500.000000	187500.000000	86340.832572	102615.651800	112261.435361	133732.789306	-0.074000	0.764000	0.574000	192.000000	0.000000	0.000000	0.000000	0.000000	0.000000	0.000000	0.000000	0.000000	0.000000	1733433179.672945	0.000000
1.000000	87901.721943	18805.819011	187500.000000	187500.000000	86333.925883	102604.654742	112263.335259	133714.796151	-0.074000	0.764000	0.574000	192.000000	0.000000	0.000000	0.000000	0.000000	0.000000	0.000000	0.000000	0.000000	0.000000	1733433179.676816	0.000000
2.000000	87894.435274	18802.443898	187500.000000	187500.000000	86330.684880	102609.415663	112248.739570	133720.629957	-0.074000	0.764000	0.574000	192.000000	0.000000	0.000000	0.000000	0.000000	0.000000	0.000000	0.000000	0.000000	0.000000	1733433179.681985	0.000000
3.000000	87906.952251	18821.018198	187500.000000	187500.000000	86344.386499	102629.934565	112285.061155	133723.155704	-0.074000	0.764000	0.574000	192.000000	0.000000	0.000000	0.000000	0.000000	0.000000	0.000000	0.000000	0.000000	0.000000	1733433179.685763	0.000000
4.000000	87906.236995	18828.014294	187500.000000	187500.000000	86340.921979	102605.146480	112286.916350	133744.434565	-0.074000	0.764000	0.574000	192.000000	0.000000	0.000000	0.000000	0.000000	0.000000	0.000000	0.000000	0.000000	0.000000	1733433179.689726	0.000000
5.000000	87905.879367	18827.410797	187500.000000	187500.000000	86341.503124	102610.108567	112286.491667	133743.249922	-0.074000	0.764000	0.574000	192.000000	0.000000	0.000000	0.000000	0.000000	0.000000	0.000000	0.000000	0.000000	0.000000	1733433179.692714	0.000000
6.000000	87909.477998	18813.776232	187500.000000	187500.000000	86345.369976	102625.777140	112284.569417	133734.599797	-0.074000	0.764000	0.574000	192.000000	0.000000	0.000000	0.000000	0.000000	0.000000	0.000000	0.000000	0.000000	0.000000	1733433179.696724	0.000000
7.000000	87907.645155	18817.732491	187500.000000	187500.000000	86345.884066	102629.018143	112287.139867	133734.532742	-0.074000	0.764000	0.574000	192.000000	0.000000	0.000000	0.000000	0.000000	0.000000	0.000000	0.000000	0.000000	0.000000	1733433179.700766	0.000000
8.000000	87909.008611	18815.273799	187500.000000	187500.000000	86345.325273	102615.472986	112286.961053	133751.564771	-0.072000	0.768000	0.574000	192.000000	253.000000	192.000000	24.000000	0.000000	17.000000	240.000000	0.000000	0.000000	0.000000	1733433179.705038	0.000000
9.000000	87916.965832	18820.459404	187500.000000	187500.000000	86350.510877	102612.544908	112293.219542	133737.997262	-0.072000	0.768000	0.574000	192.000000	0.000000	0.000000	0.000000	0.000000	0.000000	0.000000	0.000000	0.000000	0.000000	1733433179.709922	0.000000
10.000000	87916.362335	18819.274762	187500.000000	187500.000000	86355.875296	102620.613887	112290.693795	133720.674660	-0.072000	0.768000	0.574000	192.000000	0.000000	0.000000	0.000000	0.000000	0.000000	0.000000	0.000000	0.000000	0.000000	1733433179.714048	0.000000
11.000000	87912.048449	18816.547849	187500.000000	187500.000000	86352.902514	102621.329143	112286.245797	133716.204311	-0.072000	0.768000	0.574000	192.000000	0.000000	0.000000	0.000000	0.000000	0.000000	0.000000	0.000000	0.000000	0.000000	1733433179.717938	0.000000
12.000000	87917.479922	18831.456462	187500.000000	187500.000000	86352.567238	102612.857832	112295.566475	133719.132390	-0.072000	0.768000	0.574000	192.000000	0.000000	0.000000	0.000000	0.000000	0.000000	0.000000	0.000000	0.000000	0.000000	1733433179.720930	0.000000
13.000000	87910.662640	18832.238773	187500.000000	187500.000000	86355.428261	102611.941411	112296.035861	133747.452050	-0.072000	0.768000	0.574000	192.000000	0.000000	0.000000	0.000000	0.000000	0.000000	0.000000	0.000000	0.000000	0.000000	1733433179.724733	0.000000
14.000000	87912.897815	18844.532233	187500.000000	187500.000000	86344.721776	102607.515765	112294.314777	133767.322751	-0.072000	0.768000	0.574000	192.000000	0.000000	0.000000	0.000000	0.000000	0.000000	0.000000	0.000000	0.000000	0.000000	1733433179.728779	0.000000
15.000000	87900.894928	18809.797622	187500.000000	187500.000000	86331.288377	102616.590573	112289.509152	133729.883579	-0.072000	0.768000	0.574000	192.000000	0.000000	0.000000	0.000000	0.000000	0.000000	0.000000	0.000000	0.000000	0.000000	1733433179.732803	0.000000
16.000000	87898.726809	18806.869543	187500.000000	187500.000000	86331.891874	102605.861736	112278.601501	133729.503599	-0.072000	0.768000	0.574000	192.000000	0.000000	0.000000	0.000000	0.000000	0.000000	0.000000	0.000000	0.000000	0.000000	1733433179.737804	0.000000
17.000000	87905.633498	18816.681959	187500.000000	187500.000000	86333.300034	102606.487585	112287.564550	133734.018652	-0.072000	0.768000	0.574000	192.000000	0.000000	0.000000	0.000000	0.000000	0.000000	0.000000	0.000000	0.000000	0.000000	1733433179.741899	0.000000
18.000000	87904.895890	18811.317541	187500.000000	187500.000000	86337.166886	102608.767463	112299.656844	133736.253826	-0.072000	0.762000	0.578000	192.000000	253.000000	192.000000	23.000000	208.000000	18.000000	16.000000	0.000000	0.000000	0.000000	1733433179.746048	0.000000
19.000000	87900.090265	18801.013386	187500.000000	187500.000000	86330.327252	102599.558544	112298.002815	133719.557073	-0.072000	0.762000	0.578000	192.000000	0.000000	0.000000	0.000000	0.000000	0.000000	0.000000	0.000000	0.000000	0.000000	1733433179.749120	0.000000
20.000000	87900.313783	18807.987131	187500.000000	187500.000000	86323.867598	102589.880239	112291.990196	133705.408419	-0.072000	0.762000	0.578000	192.000000	0.000000	0.000000	0.000000	0.000000	0.000000	0.000000	0.000000	0.000000	0.000000	1733433179.752966	0.000000
21.000000	87902.504254	18811.429299	187500.000000	187500.000000	86318.525531	102604.185355	112295.432364	133701.586271	-0.072000	0.762000	0.578000	192.000000	0.000000	0.000000	0.000000	0.000000	0.000000	0.000000	0.000000	0.000000	0.000000	1733433179.756817	0.000000
22.000000	87902.660716	18811.921038	187500.000000	187500.000000	86313.317575	102603.827727	112286.514018	133693.338477	-0.072000	0.762000	0.578000	192.000000	0.000000	0.000000	0.000000	0.000000	0.000000	0.000000	0.000000	0.000000	0.000000	1733433179.760814	0.000000
23.000000	87895.172882	18808.076538	187500.000000	187500.000000	86307.483769	102582.325349	112282.289539	133696.713590	-0.072000	0.762000	0.578000	192.000000	0.000000	0.000000	0.000000	0.000000	0.000000	0.000000	0.000000	0.000000	0.000000	1733433179.765860	0.000000
24.000000	87896.692800	18811.295189	187500.000000	187500.000000	86299.057162	102583.979378	112274.689946	133722.731021	-0.072000	0.762000	0.578000	192.000000	0.000000	0.000000	0.000000	0.000000	0.000000	0.000000	0.000000	0.000000	0.000000	1733433179.770110	0.000000
25.000000	87893.272983	18808.858849	187500.000000	187500.000000	86303.862787	102608.231021	112272.722992	133710.124637	-0.072000	0.762000	0.578000	192.000000	0.000000	0.000000	0.000000	0.000000	0.000000	0.000000	0.000000	0.000000	0.000000	1733433179.773157	0.000000
26.000000	87900.134969	18819.408872	187500.000000	187500.000000	86308.556653	102584.851096	112283.876513	133710.258747	-0.072000	0.762000	0.578000	192.000000	0.000000	0.000000	0.000000	0.000000	0.000000	0.000000	0.000000	0.000000	0.000000	1733433179.777041	0.000000
27.000000	87903.420675	18823.923924	187500.000000	187500.000000	86312.579967	102584.404061	112285.798763	133711.331631	-0.072000	0.762000	0.578000	192.000000	0.000000	0.000000	0.000000	0.000000	0.000000	0.000000	0.000000	0.000000	0.000000	1733433179.781107	0.000000
28.000000	87894.502329	18812.166907	187500.000000	187500.000000	86309.897758	102572.557637	112280.255530	133710.705782	-0.072000	0.766000	0.584000	192.000000	253.000000	192.000000	23.000000	240.000000	18.000000	64.000000	0.000000	0.000000	0.000000	1733433179.785040	0.000000
29.000000	87899.777341	18816.033759	187500.000000	187500.000000	86315.329232	102577.653835	112287.095164	133711.443390	-0.072000	0.766000	0.584000	192.000000	0.000000	0.000000	0.000000	0.000000	0.000000	0.000000	0.000000	0.000000	0.000000	1733433179.789136	0.000000
30.000000	87898.592698	18800.052261	187500.000000	187500.000000	86317.251482	102585.320483	112290.447925	133711.264576	-0.072000	0.766000	0.584000	192.000000	0.000000	0.000000	0.000000	0.000000	0.000000	0.000000	0.000000	0.000000	0.000000	1733433179.792878	0.000000
31.000000	87900.805521	18807.964779	187500.000000	187500.000000	86324.985185	102597.323370	112300.886190	133716.874864	-0.072000	0.766000	0.584000	192.000000	0.000000	0.000000	0.000000	0.000000	0.000000	0.000000	0.000000	0.000000	0.000000	1733433179.797881	0.000000
32.000000	87890.233146	18805.193163	187500.000000	187500.000000	86328.650871	102604.922963	112307.211734	133734.219817	-0.072000	0.766000	0.584000	192.000000	0.000000	0.000000	0.000000	0.000000	0.000000	0.000000	0.000000	0.000000	0.000000	1733433179.800906	0.000000
33.000000	87888.556765	18801.281607	187500.000000	187500.000000	86323.957005	102598.999750	112295.700585	133740.210085	-0.072000	0.766000	0.584000	192.000000	0.000000	0.000000	0.000000	0.000000	0.000000	0.000000	0.000000	0.000000	0.000000	1733433179.804924	0.000000
34.000000	87883.438216	18791.178619	187500.000000	187500.000000	86324.694613	102610.555602	112294.135963	133697.048866	-0.072000	0.766000	0.584000	192.000000	0.000000	0.000000	0.000000	0.000000	0.000000	0.000000	0.000000	0.000000	0.000000	1733433179.809045	0.000000
35.000000	87876.330361	18792.542075	187500.000000	187500.000000	86313.585796	102581.297169	112280.568454	133680.218003	-0.072000	0.766000	0.584000	192.000000	0.000000	0.000000	0.000000	0.000000	0.000000	0.000000	0.000000	0.000000	0.000000	1733433179.813172	0.000000
36.000000	87886.679219	18803.852058	187500.000000	187500.000000	86306.321479	102569.450744	112270.823094	133698.926413	-0.072000	0.766000	0.584000	192.000000	0.000000	0.000000	0.000000	0.000000	0.000000	0.000000	0.000000	0.000000	0.000000	1733433179.817116	0.000000
37.000000	87889.473187	18809.775270	187500.000000	187500.000000	86309.897758	102578.480849	112284.345899	133709.387029	-0.072000	0.766000	0.584000	192.000000	0.000000	0.000000	0.000000	0.000000	0.000000	0.000000	0.000000	0.000000	0.000000	1733433179.820929	0.000000
38.000000	87892.110693	18813.418605	187500.000000	187500.000000	86308.176673	102590.394329	112289.263283	133703.843797	-0.066000	0.776000	0.578000	192.000000	253.000000	240.000000	24.000000	64.000000	18.000000	16.000000	0.000000	0.000000	0.000000	1733433179.825927	0.000000
39.000000	87894.077646	18817.285456	187500.000000	187500.000000	86310.210682	102595.088195	112298.718071	133696.154797	-0.066000	0.776000	0.578000	192.000000	0.000000	0.000000	0.000000	0.000000	0.000000	0.000000	0.000000	0.000000	0.000000	1733433179.828984	0.000000
40.000000	87891.149568	18797.012424	187500.000000	187500.000000	86307.439066	102597.725701	112296.527600	133695.417189	-0.066000	0.776000	0.578000	192.000000	0.000000	0.000000	0.000000	0.000000	0.000000	0.000000	0.000000	0.000000	0.000000	1733433179.832884	0.000000
41.000000	87880.398378	18779.332194	187500.000000	187500.000000	86283.455644	102573.988148	112265.436323	133691.997372	-0.066000	0.776000	0.578000	192.000000	0.000000	0.000000	0.000000	0.000000	0.000000	0.000000	0.000000	0.000000	0.000000	1733433179.836962	0.000000
42.000000	87873.245820	18772.917244	187500.000000	187500.000000	86272.547993	102574.412832	112270.107838	133716.986622	-0.066000	0.776000	0.578000	192.000000	0.000000	0.000000	0.000000	0.000000	0.000000	0.000000	0.000000	0.000000	0.000000	1733433179.840950	0.000000
43.000000	87875.369236	18778.818104	187500.000000	187500.000000	86283.857975	102587.510954	112285.955225	133658.045072	-0.066000	0.776000	0.578000	192.000000	0.000000	0.000000	0.000000	0.000000	0.000000	0.000000	0.000000	0.000000	0.000000	1733433179.845294	0.000000
44.000000	87882.499442	18798.509991	187500.000000	187500.000000	86287.367199	102574.792811	112289.911484	133662.873049	-0.066000	0.776000	0.578000	192.000000	0.000000	0.000000	0.000000	0.000000	0.000000	0.000000	0.000000	0.000000	0.000000	1733433179.849168	0.000000
45.000000	87878.744349	18791.648005	187500.000000	187500.000000	86277.644191	102561.314709	112285.888170	133682.274363	-0.066000	0.776000	0.578000	192.000000	0.000000	0.000000	0.000000	0.000000	0.000000	0.000000	0.000000	0.000000	0.000000	1733433179.853482	0.000000
46.000000	87879.705474	18781.634424	187500.000000	187500.000000	86275.498423	102569.540151	112288.860952	133694.791340	-0.066000	0.776000	0.578000	192.000000	0.000000	0.000000	0.000000	0.000000	0.000000	0.000000	0.000000	0.000000	0.000000	1733433179.856182	0.000000
47.000000	87879.884288	18790.306901	187500.000000	187500.000000	86273.598525	102566.924997	112287.832771	133690.164529	-0.066000	0.776000	0.578000	192.000000	0.000000	0.000000	0.000000	0.000000	0.000000	0.000000	0.000000	0.000000	0.000000	1733433179.860987	0.000000
48.000000	87866.137965	18781.679127	187500.000000	187500.000000	86266.021283	102551.345831	112288.570379	133683.123730	-0.066000	0.776000	0.578000	192.000000	0.000000	0.000000	0.000000	0.000000	0.000000	0.000000	0.000000	0.000000	0.000000	1733433179.864942	0.000000
49.000000	87867.009683	18785.925959	187500.000000	187500.000000	86262.780280	102555.458552	112292.169010	133688.085817	-0.068000	0.774000	0.576000	192.000000	253.000000	224.000000	24.000000	48.000000	18.000000	0.000000	0.000000	0.000000	0.000000	1733433179.869242	0.000000
50.000000	87882.611201	18788.652872	187500.000000	187500.000000	86276.101920	102579.710195	112300.148582	133691.751503	-0.068000	0.774000	0.576000	192.000000	0.000000	0.000000	0.000000	0.000000	0.000000	0.000000	0.000000	0.000000	0.000000	1733433179.872972	0.000000
51.000000	87878.520832	18775.264177	187500.000000	187500.000000	86278.337095	102578.145573	112302.383757	133697.495901	-0.068000	0.774000	0.576000	192.000000	0.000000	0.000000	0.000000	0.000000	0.000000	0.000000	0.000000	0.000000	0.000000	1733433179.876971	0.000000
52.000000	87868.976637	18766.546996	187500.000000	187500.000000	86275.096092	102574.569294	112295.812344	133687.996410	-0.068000	0.774000	0.576000	192.000000	0.000000	0.000000	0.000000	0.000000	0.000000	0.000000	0.000000	0.000000	0.000000	1733433179.881016	0.000000
53.000000	87868.194326	18772.671374	187500.000000	187500.000000	86277.197156	102576.133916	112294.985330	133682.274363	-0.068000	0.774000	0.576000	192.000000	0.000000	0.000000	0.000000	0.000000	0.000000	0.000000	0.000000	0.000000	0.000000	1733433179.884070	0.000000
54.000000	87869.982466	18779.242787	187500.000000	187500.000000	86280.482862	102573.921093	112295.991158	133670.204421	-0.068000	0.774000	0.576000	192.000000	0.000000	0.000000	0.000000	0.000000	0.000000	0.000000	0.000000	0.000000	0.000000	1733433179.889241	0.000000
55.000000	87874.564573	18786.998843	187500.000000	187500.000000	86281.846318	102565.181561	112282.155428	133663.968285	-0.068000	0.774000	0.576000	192.000000	0.000000	0.000000	0.000000	0.000000	0.000000	0.000000	0.000000	0.000000	0.000000	1733433179.893311	0.000000
56.000000	87875.682160	18779.019270	187500.000000	187500.000000	86280.482862	102566.299148	112276.254568	133668.081006	-0.068000	0.774000	0.576000	192.000000	0.000000	0.000000	0.000000	0.000000	0.000000	0.000000	0.000000	0.000000	0.000000	1733433179.897265	0.000000
57.000000	87881.068931	18775.778267	187500.000000	187500.000000	86289.624726	102572.557637	112304.350710	133708.336497	-0.068000	0.774000	0.576000	192.000000	0.000000	0.000000	0.000000	0.000000	0.000000	0.000000	0.000000	0.000000	0.000000	1733433179.900992	0.000000
58.000000	87873.715207	18765.161188	187500.000000	187500.000000	86291.859900	102574.591646	112303.300178	133693.673753	-0.068000	0.774000	0.576000	192.000000	0.000000	0.000000	0.000000	0.000000	0.000000	0.000000	0.000000	0.000000	0.000000	1733433179.905024	0.000000
59.000000	87863.120480	18761.786075	187500.000000	187500.000000	86285.735522	102558.990128	112290.649091	133669.578572	-0.068000	0.770000	0.574000	192.000000	253.000000	224.000000	24.000000	16.000000	17.000000	240.000000	0.000000	0.000000	0.000000	1733433179.909056	0.000000
60.000000	87865.288599	18772.336098	187500.000000	187500.000000	86288.842414	102573.362300	112300.327396	133660.324950	-0.068000	0.770000	0.574000	192.000000	0.000000	0.000000	0.000000	0.000000	0.000000	0.000000	0.000000	0.000000	0.000000	1733433179.912093	0.000000
61.000000	87874.586925	18799.493468	187500.000000	187500.000000	86296.196138	102585.611056	112305.423594	133677.356980	-0.068000	0.770000	0.574000	192.000000	0.000000	0.000000	0.000000	0.000000	0.000000	0.000000	0.000000	0.000000	0.000000	1733433179.917058	0.000000
62.000000	87876.196250	18776.672337	187500.000000	187500.000000	86304.175711	102574.144611	112313.671388	133689.002238	-0.068000	0.770000	0.574000	192.000000	0.000000	0.000000	0.000000	0.000000	0.000000	0.000000	0.000000	0.000000	0.000000	1733433179.921306	0.000000
63.000000	87863.232239	18755.281717	187500.000000	187500.000000	86303.795732	102565.896817	112306.295312	133672.216078	-0.068000	0.770000	0.574000	192.000000	0.000000	0.000000	0.000000	0.000000	0.000000	0.000000	0.000000	0.000000	0.000000	1733433179.925045	0.000000
64.000000	87862.449928	18765.228243	187500.000000	187500.000000	86310.344793	102574.569294	112319.929876	133693.450236	-0.068000	0.770000	0.574000	192.000000	0.000000	0.000000	0.000000	0.000000	0.000000	0.000000	0.000000	0.000000	0.000000	1733433179.929263	0.000000
65.000000	87858.024282	18764.714153	187500.000000	187500.000000	86302.476979	102560.375936	112326.277772	133697.495901	-0.068000	0.770000	0.574000	192.000000	0.000000	0.000000	0.000000	0.000000	0.000000	0.000000	0.000000	0.000000	0.000000	1733433179.933351	0.000000
66.000000	87860.684140	18761.406095	187500.000000	187500.000000	86302.029944	102566.701480	112322.276809	133701.049829	-0.068000	0.770000	0.574000	192.000000	0.000000	0.000000	0.000000	0.000000	0.000000	0.000000	0.000000	0.000000	0.000000	1733433179.937216	0.000000
67.000000	87870.876535	18777.879331	187500.000000	187500.000000	86308.869578	102565.472134	112325.361350	133711.756314	-0.068000	0.770000	0.574000	192.000000	0.000000	0.000000	0.000000	0.000000	0.000000	0.000000	0.000000	0.000000	0.000000	1733433179.940063	0.000000
68.000000	87868.976637	18775.040659	187500.000000	187500.000000	86298.610127	102556.710250	112317.694702	133724.139181	-0.068000	0.770000	0.574000	192.000000	0.000000	0.000000	0.000000	0.000000	0.000000	0.000000	0.000000	0.000000	0.000000	1733433179.944082	0.000000
69.000000	87862.941666	18775.688860	187500.000000	187500.000000	86295.033848	102559.839494	112312.911429	133677.602849	-0.072000	0.776000	0.572000	192.000000	253.000000	192.000000	24.000000	64.000000	17.000000	224.000000	0.000000	0.000000	0.000000	1733433179.949057	0.000000
70.000000	87869.468375	18786.417697	187500.000000	187500.000000	86296.576118	102565.628596	112326.143661	133674.473604	-0.072000	0.776000	0.572000	192.000000	0.000000	0.000000	0.000000	0.000000	0.000000	0.000000	0.000000	0.000000	0.000000	1733433179.953290	0.000000
71.000000	87859.275980	18771.978470	187500.000000	187500.000000	86290.675258	102560.375936	112327.685932	133679.681561	-0.072000	0.776000	0.572000	192.000000	0.000000	0.000000	0.000000	0.000000	0.000000	0.000000	0.000000	0.000000	0.000000	1733433179.957113	0.000000
72.000000	87856.951398	18766.770514	187500.000000	187500.000000	86292.955135	102580.336044	112323.573211	133713.119771	-0.072000	0.776000	0.572000	192.000000	0.000000	0.000000	0.000000	0.000000	0.000000	0.000000	0.000000	0.000000	0.000000	1733433179.961323	0.000000
73.000000	87859.968884	18764.647098	187500.000000	187500.000000	86296.464359	102578.860829	112331.351618	133705.430771	-0.072000	0.776000	0.572000	192.000000	0.000000	0.000000	0.000000	0.000000	0.000000	0.000000	0.000000	0.000000	0.000000	1733433179.964353	0.000000
74.000000	87863.209887	18775.040659	187500.000000	187500.000000	86297.291374	102557.716078	112323.863783	133681.067369	-0.072000	0.776000	0.572000	192.000000	0.000000	0.000000	0.000000	0.000000	0.000000	0.000000	0.000000	0.000000	0.000000	1733433179.968281	0.000000
75.000000	87865.288599	18776.694688	187500.000000	187500.000000	86289.222394	102546.741372	112324.690798	133696.601832	-0.072000	0.776000	0.572000	192.000000	0.000000	0.000000	0.000000	0.000000	0.000000	0.000000	0.000000	0.000000	0.000000	1733433179.972367	0.000000
76.000000	87865.735634	18781.254444	187500.000000	187500.000000	86291.859900	102552.552826	112328.647057	133688.421093	-0.072000	0.776000	0.572000	192.000000	0.000000	0.000000	0.000000	0.000000	0.000000	0.000000	0.000000	0.000000	0.000000	1733433179.977116	0.000000
77.000000	87870.094224	18790.753936	187500.000000	187500.000000	86298.297202	102572.557637	112340.426426	133683.593116	-0.072000	0.776000	0.572000	192.000000	0.000000	0.000000	0.000000	0.000000	0.000000	0.000000	0.000000	0.000000	0.000000	1733433179.981147	0.000000
78.000000	87869.848355	18786.440049	187500.000000	187500.000000	86292.642211	102554.743296	112333.676199	133697.540605	-0.072000	0.776000	0.572000	192.000000	0.000000	0.000000	0.000000	0.000000	0.000000	0.000000	0.000000	0.000000	0.000000	1733433179.985139	0.000000
79.000000	87872.955248	18793.704366	187500.000000	187500.000000	86300.644136	102563.192256	112335.531394	133690.320991	-0.068000	0.778000	0.566000	192.000000	253.000000	224.000000	24.000000	80.000000	17.000000	176.000000	0.000000	0.000000	0.000000	1733433179.989153	0.000000
80.000000	87880.510137	18795.939540	187500.000000	187500.000000	86308.668412	102575.798640	112344.047409	133700.312221	-0.068000	0.778000	0.566000	192.000000	0.000000	0.000000	0.000000	0.000000	0.000000	0.000000	0.000000	0.000000	0.000000	1733433179.992154	0.000000
81.000000	87869.133099	18777.722869	187500.000000	187500.000000	86292.217528	102567.684957	112344.337981	133704.849625	-0.068000	0.778000	0.566000	192.000000	0.000000	0.000000	0.000000	0.000000	0.000000	0.000000	0.000000	0.000000	0.000000	1733433179.996250	0.000000
82.000000	87861.533506	18790.552770	187500.000000	187500.000000	86286.361371	102564.935692	112342.751007	133716.494884	-0.068000	0.778000	0.566000	192.000000	0.000000	0.000000	0.000000	0.000000	0.000000	0.000000	0.000000	0.000000	0.000000	1733433180.000350	0.000000
83.000000	87846.490782	18765.116485	187500.000000	187500.000000	86267.317685	102561.851151	112332.178632	133704.715515	-0.068000	0.778000	0.566000	192.000000	0.000000	0.000000	0.000000	0.000000	0.000000	0.000000	0.000000	0.000000	0.000000	1733433180.004335	0.000000
84.000000	87840.276997	18738.920240	187500.000000	187500.000000	86270.513984	102575.865695	112333.698551	133656.525154	-0.068000	0.778000	0.566000	192.000000	0.000000	0.000000	0.000000	0.000000	0.000000	0.000000	0.000000	0.000000	0.000000	1733433180.009293	0.000000
85.000000	87856.839640	18753.895909	187500.000000	187500.000000	86287.054275	102565.472134	112345.366162	133682.408474	-0.068000	0.778000	0.566000	192.000000	0.000000	0.000000	0.000000	0.000000	0.000000	0.000000	0.000000	0.000000	0.000000	1733433180.013171	0.000000
86.000000	87860.102994	18761.741371	187500.000000	187500.000000	86282.695685	102557.581968	112332.446853	133702.837968	-0.068000	0.778000	0.566000	192.000000	0.000000	0.000000	0.000000	0.000000	0.000000	0.000000	0.000000	0.000000	0.000000	1733433180.016184	0.000000
87.000000	87848.077756	18746.430426	187500.000000	187500.000000	86276.459548	102544.461494	112317.828812	133677.714607	-0.068000	0.778000	0.566000	192.000000	0.000000	0.000000	0.000000	0.000000	0.000000	0.000000	0.000000	0.000000	0.000000	1733433180.020303	0.000000
88.000000	87852.324587	18752.107770	187500.000000	187500.000000	86284.416769	102531.050447	112327.663580	133681.402645	-0.068000	0.778000	0.566000	192.000000	0.000000	0.000000	0.000000	0.000000	0.000000	0.000000	0.000000	0.000000	0.000000	1733433180.024179	0.000000
89.000000	87860.840602	18771.643194	187500.000000	187500.000000	86298.096037	102549.378878	112342.862766	133673.735997	-0.070000	0.776000	0.568000	192.000000	253.000000	208.000000	24.000000	64.000000	17.000000	192.000000	0.000000	0.000000	0.000000	1733433180.028242	0.000000
90.000000	87862.874611	18801.192200	187500.000000	187500.000000	86297.917223	102537.308936	112351.155263	133674.898288	-0.070000	0.776000	0.568000	192.000000	0.000000	0.000000	0.000000	0.000000	0.000000	0.000000	0.000000	0.000000	0.000000	1733433180.033221	0.000000
91.000000	87860.505326	18776.560578	187500.000000	187500.000000	86295.704400	102531.653944	112346.394342	133678.541622	-0.070000	0.776000	0.568000	192.000000	0.000000	0.000000	0.000000	0.000000	0.000000	0.000000	0.000000	0.000000	0.000000	1733433180.037432	0.000000
92.000000	87852.302236	18752.778322	187500.000000	187500.000000	86286.093150	102546.361392	112344.002705	133687.258802	-0.070000	0.776000	0.568000	192.000000	0.000000	0.000000	0.000000	0.000000	0.000000	0.000000	0.000000	0.000000	0.000000	1733433180.041335	0.000000
93.000000	87852.995140	18752.912432	187500.000000	187500.000000	86283.545051	102533.933822	112344.405036	133695.819520	-0.070000	0.776000	0.568000	192.000000	0.000000	0.000000	0.000000	0.000000	0.000000	0.000000	0.000000	0.000000	0.000000	1733433180.044377	0.000000
94.000000	87851.810497	18756.980450	187500.000000	187500.000000	86277.644191	102518.578174	112335.732560	133673.847756	-0.070000	0.776000	0.568000	192.000000	0.000000	0.000000	0.000000	0.000000	0.000000	0.000000	0.000000	0.000000	0.000000	1733433180.048486	0.000000
95.000000	87858.136041	18752.465397	187500.000000	187500.000000	86273.129138	102515.001895	112329.183499	133696.333611	-0.070000	0.776000	0.568000	192.000000	0.000000	0.000000	0.000000	0.000000	0.000000	0.000000	0.000000	0.000000	0.000000	1733433180.052275	0.000000
96.000000	87853.799803	18745.022267	187500.000000	187500.000000	86257.237048	102516.946497	112323.997894	133674.831232	-0.070000	0.776000	0.568000	192.000000	0.000000	0.000000	0.000000	0.000000	0.000000	0.000000	0.000000	0.000000	0.000000	1733433180.056208	0.000000
97.000000	87854.313893	18753.851206	187500.000000	187500.000000	86261.148603	102557.716078	112349.612993	133653.887648	-0.070000	0.776000	0.568000	192.000000	0.000000	0.000000	0.000000	0.000000	0.000000	0.000000	0.000000	0.000000	0.000000	1733433180.060213	0.000000
98.000000	87854.358596	18759.707363	187500.000000	187500.000000	86255.583019	102541.756933	112349.791807	133662.694235	-0.070000	0.776000	0.568000	192.000000	0.000000	0.000000	0.000000	0.000000	0.000000	0.000000	0.000000	0.000000	0.000000	1733433180.065223	0.000000
99.000000	87841.975730	18748.486787	187500.000000	187500.000000	86237.813382	102506.016494	112333.318571	133657.776851	-0.074000	0.772000	0.564000	192.000000	253.000000	176.000000	24.000000	32.000000	17.000000	160.000000	0.000000	0.000000	0.000000	1733433180.069495	0.000000
100.000000	87839.964073	18745.357543	187500.000000	187500.000000	86223.508265	102493.387758	112324.735501	133666.516383	-0.074000	0.772000	0.564000	192.000000	0.000000	0.000000	0.000000	0.000000	0.000000	0.000000	0.000000	0.000000	0.000000	1733433180.072306	0.000000
101.000000	87844.903808	18758.142741	187500.000000	187500.000000	86222.234216	102487.129269	112310.653902	133682.587288	-0.074000	0.772000	0.564000	192.000000	0.000000	0.000000	0.000000	0.000000	0.000000	0.000000	0.000000	0.000000	0.000000	1733433180.076290	0.000000
102.000000	87850.089413	18770.637366	187500.000000	187500.000000	86226.615158	102494.527697	112305.334187	133705.676640	-0.074000	0.772000	0.564000	192.000000	0.000000	0.000000	0.000000	0.000000	0.000000	0.000000	0.000000	0.000000	0.000000	1733433180.080436	0.000000
103.000000	87851.922256	18767.999860	187500.000000	187500.000000	86231.487838	102512.990238	112322.857955	133709.163512	-0.074000	0.772000	0.564000	192.000000	0.000000	0.000000	0.000000	0.000000	0.000000	0.000000	0.000000	0.000000	0.000000	1733433180.084400	0.000000
104.000000	87844.747346	18752.152473	187500.000000	187500.000000	86232.560722	102507.894040	112337.520699	133646.623331	-0.074000	0.772000	0.564000	192.000000	0.000000	0.000000	0.000000	0.000000	0.000000	0.000000	0.000000	0.000000	0.000000	1733433180.088561	0.000000
105.000000	87848.770660	18764.580043	187500.000000	187500.000000	86236.114649	102503.490746	112347.154301	133658.849735	-0.074000	0.772000	0.564000	192.000000	0.000000	0.000000	0.000000	0.000000	0.000000	0.000000	0.000000	0.000000	0.000000	1733433180.093347	0.000000
106.000000	87849.240047	18744.329362	187500.000000	187500.000000	86241.948455	102505.636514	112352.339906	133656.256933	-0.074000	0.772000	0.564000	192.000000	0.000000	0.000000	0.000000	0.000000	0.000000	0.000000	0.000000	0.000000	0.000000	1733433180.097305	0.000000
107.000000	87840.276997	18728.012589	187500.000000	187500.000000	86238.640396	102500.070930	112350.060028	133647.182125	-0.074000	0.772000	0.564000	192.000000	0.000000	0.000000	0.000000	0.000000	0.000000	0.000000	0.000000	0.000000	0.000000	1733433180.100313	0.000000
108.000000	87841.931026	18731.633572	187500.000000	187500.000000	86250.822097	102513.459624	112349.724752	133663.700064	-0.074000	0.772000	0.564000	192.000000	0.000000	0.000000	0.000000	0.000000	0.000000	0.000000	0.000000	0.000000	0.000000	1733433180.104279	0.000000
109.000000	87843.495648	18740.596621	187500.000000	187500.000000	86254.107804	102526.021305	112352.071685	133694.701933	-0.074000	0.776000	0.566000	192.000000	253.000000	176.000000	24.000000	64.000000	17.000000	176.000000	0.000000	0.000000	0.000000	1733433180.108330	0.000000
110.000000	87840.031128	18747.346848	187500.000000	187500.000000	86238.819210	102521.506252	112355.379743	133712.940957	-0.074000	0.776000	0.566000	192.000000	0.000000	0.000000	0.000000	0.000000	0.000000	0.000000	0.000000	0.000000	0.000000	1733433180.112329	0.000000
111.000000	87850.402337	18767.932805	187500.000000	187500.000000	86242.171972	102515.091302	112367.606147	133686.141215	-0.074000	0.776000	0.566000	192.000000	0.000000	0.000000	0.000000	0.000000	0.000000	0.000000	0.000000	0.000000	0.000000	1733433180.116400	0.000000
112.000000	87853.576285	18766.614052	187500.000000	187500.000000	86247.223466	102503.133119	112358.732505	133677.200517	-0.074000	0.776000	0.566000	192.000000	0.000000	0.000000	0.000000	0.000000	0.000000	0.000000	0.000000	0.000000	0.000000	1733433180.121460	0.000000
113.000000	87835.806648	18751.146644	187500.000000	187500.000000	86241.747289	102505.480052	112347.511929	133674.250087	-0.074000	0.776000	0.566000	192.000000	0.000000	0.000000	0.000000	0.000000	0.000000	0.000000	0.000000	0.000000	0.000000	1733433180.124605	0.000000
114.000000	87828.810552	18734.248726	187500.000000	187500.000000	86234.773545	102472.690043	112336.604278	133679.770968	-0.074000	0.776000	0.566000	192.000000	0.000000	0.000000	0.000000	0.000000	0.000000	0.000000	0.000000	0.000000	0.000000	1733433180.127482	0.000000
115.000000	87827.581206	18729.666618	187500.000000	187500.000000	86225.944606	102471.795973	112328.200022	133655.139346	-0.074000	0.776000	0.566000	192.000000	0.000000	0.000000	0.000000	0.000000	0.000000	0.000000	0.000000	0.000000	0.000000	1733433180.132545	0.000000
116.000000	87827.134171	18730.895964	187500.000000	187500.000000	86227.866856	102488.202153	112330.524603	133650.557238	-0.074000	0.776000	0.566000	192.000000	0.000000	0.000000	0.000000	0.000000	0.000000	0.000000	0.000000	0.000000	0.000000	1733433180.136690	0.000000
117.000000	87830.129305	18737.556784	187500.000000	187500.000000	86235.846428	102500.719130	112323.081472	133665.443500	-0.074000	0.776000	0.566000	192.000000	0.000000	0.000000	0.000000	0.000000	0.000000	0.000000	0.000000	0.000000	0.000000	1733433180.140442	0.000000
118.000000	87838.354747	18744.284659	187500.000000	187500.000000	86243.267208	102507.916392	112347.780150	133677.222869	-0.074000	0.776000	0.566000	192.000000	0.000000	0.000000	0.000000	0.000000	0.000000	0.000000	0.000000	0.000000	0.000000	1733433180.144447	0.000000
119.000000	87833.705584	18744.463473	187500.000000	187500.000000	86240.249722	102516.991200	112348.428350	133659.922619	-0.076000	0.772000	0.572000	192.000000	253.000000	160.000000	24.000000	32.000000	17.000000	224.000000	0.000000	0.000000	0.000000	1733433180.148463	0.000000
120.000000	87833.705584	18756.622822	187500.000000	187500.000000	86242.037862	102513.884308	112354.597432	133648.031491	-0.076000	0.772000	0.572000	192.000000	0.000000	0.000000	0.000000	0.000000	0.000000	0.000000	0.000000	0.000000	0.000000	1733433180.152774	0.000000
121.000000	87830.911616	18757.338078	187500.000000	187500.000000	86228.537408	102497.276961	112347.109598	133652.367729	-0.076000	0.772000	0.572000	192.000000	0.000000	0.000000	0.000000	0.000000	0.000000	0.000000	0.000000	0.000000	0.000000	1733433180.155423	0.000000
122.000000	87822.999099	18733.019380	187500.000000	187500.000000	86216.847446	102508.922220	112331.955115	133656.949837	-0.076000	0.772000	0.572000	192.000000	0.000000	0.000000	0.000000	0.000000	0.000000	0.000000	0.000000	0.000000	0.000000	1733433180.160654	0.000000
123.000000	87825.256625	18732.281772	187500.000000	187500.000000	86216.556873	102484.022377	112318.387606	133667.544564	-0.076000	0.772000	0.572000	192.000000	0.000000	0.000000	0.000000	0.000000	0.000000	0.000000	0.000000	0.000000	0.000000	1733433180.164671	0.000000
124.000000	87833.280901	18742.585926	187500.000000	187500.000000	86215.595748	102481.049595	112327.305952	133715.578463	-0.076000	0.772000	0.572000	192.000000	0.000000	0.000000	0.000000	0.000000	0.000000	0.000000	0.000000	0.000000	0.000000	1733433180.168875	0.000000
125.000000	87841.886323	18752.912432	187500.000000	187500.000000	86216.668632	102476.176915	112333.296220	133669.288000	-0.076000	0.772000	0.572000	192.000000	0.000000	0.000000	0.000000	0.000000	0.000000	0.000000	0.000000	0.000000	0.000000	1733433180.172428	0.000000
126.000000	87833.727936	18745.491653	187500.000000	187500.000000	86217.629757	102477.450964	112339.130025	133634.575741	-0.076000	0.772000	0.572000	192.000000	0.000000	0.000000	0.000000	0.000000	0.000000	0.000000	0.000000	0.000000	0.000000	1733433180.176448	0.000000
127.000000	87833.213846	18739.166109	187500.000000	187500.000000	86223.217693	102491.867839	112347.333115	133667.790433	-0.076000	0.772000	0.572000	192.000000	0.000000	0.000000	0.000000	0.000000	0.000000	0.000000	0.000000	0.000000	0.000000	1733433180.180438	0.000000
128.000000	87839.449983	18750.856072	187500.000000	187500.000000	86229.319719	102508.765758	112366.957947	133672.238430	-0.076000	0.772000	0.572000	192.000000	0.000000	0.000000	0.000000	0.000000	0.000000	0.000000	0.000000	0.000000	0.000000	1733433180.183451	0.000000
129.000000	87838.310044	18742.518871	187500.000000	187500.000000	86223.888245	102509.011627	112353.703362	133648.679691	-0.070000	0.768000	0.580000	192.000000	253.000000	208.000000	24.000000	0.000000	18.000000	32.000000	0.000000	0.000000	0.000000	1733433180.188503	0.000000
130.000000	87829.592863	18727.699665	187500.000000	187500.000000	86212.824132	102501.277924	112333.519737	133655.251104	-0.070000	0.768000	0.580000	192.000000	0.000000	0.000000	0.000000	0.000000	0.000000	0.000000	0.000000	0.000000	0.000000	1733433180.192450	0.000000
131.000000	87826.240102	18733.645229	187500.000000	187500.000000	86203.704620	102492.583095	112337.207775	133683.391951	-0.070000	0.768000	0.580000	192.000000	0.000000	0.000000	0.000000	0.000000	0.000000	0.000000	0.000000	0.000000	0.000000	1733433180.196678	0.000000
132.000000	87821.434477	18727.319685	187500.000000	187500.000000	86199.010754	102489.051520	112327.931801	133646.109241	-0.070000	0.768000	0.580000	192.000000	0.000000	0.000000	0.000000	0.000000	0.000000	0.000000	0.000000	0.000000	0.000000	1733433180.200554	0.000000
133.000000	87832.766811	18727.140871	187500.000000	187500.000000	86208.778466	102489.699720	112337.475996	133637.079136	-0.070000	0.768000	0.580000	192.000000	0.000000	0.000000	0.000000	0.000000	0.000000	0.000000	0.000000	0.000000	0.000000	1733433180.204854	0.000000
134.000000	87839.360576	18739.993124	187500.000000	187500.000000	86217.339184	102489.789127	112340.269964	133653.597075	-0.070000	0.768000	0.580000	192.000000	0.000000	0.000000	0.000000	0.000000	0.000000	0.000000	0.000000	0.000000	0.000000	1733433180.208669	0.000000
135.000000	87846.289616	18753.292412	187500.000000	187500.000000	86226.749268	102509.101034	112352.205795	133663.320084	-0.070000	0.768000	0.580000	192.000000	0.000000	0.000000	0.000000	0.000000	0.000000	0.000000	0.000000	0.000000	0.000000	1733433180.211620	0.000000
136.000000	87841.931026	18749.783188	187500.000000	187500.000000	86224.827018	102494.795918	112341.029923	133661.867221	-0.070000	0.768000	0.580000	192.000000	0.000000	0.000000	0.000000	0.000000	0.000000	0.000000	0.000000	0.000000	0.000000	1733433180.215519	0.000000
137.000000	87843.048613	18741.110711	187500.000000	187500.000000	86227.129248	102501.233220	112345.500272	133669.891497	-0.070000	0.768000	0.580000	192.000000	0.000000	0.000000	0.000000	0.000000	0.000000	0.000000	0.000000	0.000000	0.000000	1733433180.220542	0.000000
138.000000	87844.054442	18746.720999	187500.000000	187500.000000	86226.458696	102496.896982	112349.590641	133676.641724	-0.070000	0.768000	0.580000	192.000000	0.000000	0.000000	0.000000	0.000000	0.000000	0.000000	0.000000	0.000000	0.000000	1733433180.224513	0.000000
139.000000	87837.214808	18742.407112	187500.000000	187500.000000	86229.297367	102493.454813	112356.005592	133682.296715	-0.066000	0.768000	0.580000	192.000000	253.000000	240.000000	24.000000	0.000000	18.000000	32.000000	0.000000	0.000000	0.000000	1733433180.228523	0.000000
140.000000	87828.140000	18733.242897	187500.000000	187500.000000	86227.620986	102505.144776	112350.395304	133670.204421	-0.066000	0.768000	0.580000	192.000000	0.000000	0.000000	0.000000	0.000000	0.000000	0.000000	0.000000	0.000000	0.000000	1733433180.232527	0.000000
141.000000	87830.822209	18737.489729	187500.000000	187500.000000	86223.776486	102494.795918	112336.313705	133660.012026	-0.066000	0.768000	0.580000	192.000000	0.000000	0.000000	0.000000	0.000000	0.000000	0.000000	0.000000	0.000000	0.000000	1733433180.236686	0.000000
142.000000	87842.132192	18741.468339	187500.000000	187500.000000	86238.372175	102496.137023	112356.094999	133673.266610	-0.066000	0.768000	0.580000	192.000000	0.000000	0.000000	0.000000	0.000000	0.000000	0.000000	0.000000	0.000000	0.000000	1733433180.239680	0.000000
143.000000	87833.593826	18732.751159	187500.000000	187500.000000	86234.572379	102495.242953	112354.865653	133653.038282	-0.066000	0.768000	0.580000	192.000000	0.000000	0.000000	0.000000	0.000000	0.000000	0.000000	0.000000	0.000000	0.000000	1733433180.243796	0.000000
144.000000	87834.711413	18735.634534	187500.000000	187500.000000	86234.460620	102488.760947	112349.836510	133655.541677	-0.066000	0.768000	0.580000	192.000000	0.000000	0.000000	0.000000	0.000000	0.000000	0.000000	0.000000	0.000000	0.000000	1733433180.248721	0.000000
145.000000	87838.198285	18739.724903	187500.000000	187500.000000	86222.815361	102480.244932	112339.420597	133664.929410	-0.066000	0.768000	0.580000	192.000000	0.000000	0.000000	0.000000	0.000000	0.000000	0.000000	0.000000	0.000000	0.000000	1733433180.252546	0.000000
146.000000	87835.024337	18743.345886	187500.000000	187500.000000	86219.373193	102478.188572	112335.173766	133638.867276	-0.066000	0.768000	0.580000	192.000000	0.000000	0.000000	0.000000	0.000000	0.000000	0.000000	0.000000	0.000000	0.000000	1733433180.256518	0.000000
147.000000	87839.986424	18747.346848	187500.000000	187500.000000	86238.752155	102499.601543	112352.384609	133644.566970	-0.066000	0.768000	0.580000	192.000000	0.000000	0.000000	0.000000	0.000000	0.000000	0.000000	0.000000	0.000000	0.000000	1733433180.259595	0.000000
148.000000	87834.554951	18734.963982	187500.000000	187500.000000	86235.309987	102495.131194	112355.111522	133667.633971	-0.066000	0.768000	0.580000	192.000000	0.000000	0.000000	0.000000	0.000000	0.000000	0.000000	0.000000	0.000000	0.000000	1733433180.263574	0.000000
149.000000	87841.059308	18736.752121	187500.000000	187500.000000	86237.075774	102481.921313	112342.527490	133668.148061	-0.070000	0.772000	0.582000	192.000000	253.000000	208.000000	24.000000	32.000000	18.000000	48.000000	0.000000	0.000000	0.000000	1733433180.267557	0.000000
150.000000	87837.326567	18729.666618	187500.000000	187500.000000	86230.973748	102467.124458	112326.657751	133661.442537	-0.070000	0.772000	0.582000	192.000000	0.000000	0.000000	0.000000	0.000000	0.000000	0.000000	0.000000	0.000000	0.000000	1733433180.271563	0.000000
151.000000	87841.104012	18747.726828	187500.000000	187500.000000	86234.795896	102479.641435	112341.968696	133646.600979	-0.070000	0.772000	0.582000	192.000000	0.000000	0.000000	0.000000	0.000000	0.000000	0.000000	0.000000	0.000000	0.000000	1733433180.276687	0.000000
152.000000	87838.354747	18740.350752	187500.000000	187500.000000	86236.025242	102496.405243	112355.715019	133653.798241	-0.070000	0.772000	0.582000	192.000000	0.000000	0.000000	0.000000	0.000000	0.000000	0.000000	0.000000	0.000000	0.000000	1733433180.280648	0.000000
153.000000	87838.958244	18745.268136	187500.000000	187500.000000	86235.041766	102475.796935	112352.272851	133656.815726	-0.070000	0.772000	0.582000	192.000000	0.000000	0.000000	0.000000	0.000000	0.000000	0.000000	0.000000	0.000000	0.000000	1733433180.284646	0.000000
154.000000	87842.601579	18742.742389	187500.000000	187500.000000	86241.836696	102479.932008	112356.273813	133673.803052	-0.070000	0.772000	0.582000	192.000000	0.000000	0.000000	0.000000	0.000000	0.000000	0.000000	0.000000	0.000000	0.000000	1733433180.287630	0.000000
155.000000	87841.193419	18726.157394	187500.000000	187500.000000	86250.062138	102482.278941	112351.579946	133662.761290	-0.070000	0.772000	0.582000	192.000000	0.000000	0.000000	0.000000	0.000000	0.000000	0.000000	0.000000	0.000000	0.000000	1733433180.291570	0.000000
156.000000	87842.825096	18732.527641	187500.000000	187500.000000	86250.106841	102480.423746	112344.807368	133674.563011	-0.070000	0.772000	0.582000	192.000000	0.000000	0.000000	0.000000	0.000000	0.000000	0.000000	0.000000	0.000000	0.000000	1733433180.295584	0.000000
157.000000	87846.624893	18752.800674	187500.000000	187500.000000	86258.958132	102494.773566	112346.528452	133651.898343	-0.070000	0.772000	0.582000	192.000000	0.000000	0.000000	0.000000	0.000000	0.000000	0.000000	0.000000	0.000000	0.000000	1733433180.299644	0.000000
158.000000	87851.363462	18758.723886	187500.000000	187500.000000	86267.764719	102502.864898	112366.645022	133635.290996	-0.070000	0.772000	0.582000	192.000000	0.000000	0.000000	0.000000	0.000000	0.000000	0.000000	0.000000	0.000000	0.000000	1733433180.303743	0.000000
159.000000	87852.659864	18743.256479	187500.000000	187500.000000	86276.571307	102518.444063	112382.224188	133663.230677	-0.066000	0.776000	0.582000	192.000000	253.000000	240.000000	24.000000	64.000000	18.000000	48.000000	0.000000	0.000000	0.000000	1733433180.308633	0.000000
160.000000	87852.883381	18747.525662	187500.000000	187500.000000	86281.220470	102496.472299	112383.542941	133677.893421	-0.066000	0.776000	0.582000	192.000000	0.000000	0.000000	0.000000	0.000000	0.000000	0.000000	0.000000	0.000000	0.000000	1733433180.312759	0.000000
161.000000	87853.732747	18756.309897	187500.000000	187500.000000	86283.500348	102508.877517	112380.614863	133674.898288	-0.066000	0.776000	0.582000	192.000000	0.000000	0.000000	0.000000	0.000000	0.000000	0.000000	0.000000	0.000000	0.000000	1733433180.315828	0.000000
162.000000	87859.410090	18759.975584	187500.000000	187500.000000	86284.640287	102527.295354	112389.421450	133681.223831	-0.066000	0.776000	0.582000	192.000000	0.000000	0.000000	0.000000	0.000000	0.000000	0.000000	0.000000	0.000000	0.000000	1733433180.319967	0.000000
163.000000	87856.437308	18755.751104	187500.000000	187500.000000	86283.455644	102514.554860	112386.314557	133678.787491	-0.066000	0.776000	0.582000	192.000000	0.000000	0.000000	0.000000	0.000000	0.000000	0.000000	0.000000	0.000000	0.000000	1733433180.323703	0.000000
164.000000	87842.579227	18751.236051	187500.000000	187500.000000	86264.568420	102503.960133	112367.449685	133693.629049	-0.066000	0.776000	0.582000	192.000000	0.000000	0.000000	0.000000	0.000000	0.000000	0.000000	0.000000	0.000000	0.000000	1733433180.327658	0.000000
165.000000	87839.695852	18753.203005	187500.000000	187500.000000	86259.986312	102496.137023	112360.341830	133662.560125	-0.066000	0.776000	0.582000	192.000000	0.000000	0.000000	0.000000	0.000000	0.000000	0.000000	0.000000	0.000000	0.000000	1733433180.332633	0.000000
166.000000	87838.913541	18741.736560	187500.000000	187500.000000	86265.171917	102500.137985	112372.031793	133653.530020	-0.066000	0.776000	0.582000	192.000000	0.000000	0.000000	0.000000	0.000000	0.000000	0.000000	0.000000	0.000000	0.000000	1733433180.336751	0.000000
167.000000	87832.587997	18733.421711	187500.000000	187500.000000	86269.172879	102508.274020	112379.832551	133660.324950	-0.066000	0.776000	0.582000	192.000000	0.000000	0.000000	0.000000	0.000000	0.000000	0.000000	0.000000	0.000000	0.000000	1733433180.340675	0.000000
168.000000	87832.252721	18740.373104	187500.000000	187500.000000	86260.813327	102490.414976	112372.411772	133670.539697	-0.066000	0.776000	0.582000	192.000000	0.000000	0.000000	0.000000	0.000000	0.000000	0.000000	0.000000	0.000000	0.000000	1733433180.343673	0.000000
169.000000	87837.795953	18749.626726	187500.000000	187500.000000	86268.122347	102499.936819	112381.173656	133667.924543	-0.070000	0.776000	0.582000	192.000000	253.000000	208.000000	24.000000	64.000000	18.000000	48.000000	0.000000	0.000000	0.000000	1733433180.347925	0.000000
170.000000	87831.760982	18739.836662	187500.000000	187500.000000	86268.479975	102497.925162	112374.870464	133666.426976	-0.070000	0.776000	0.582000	192.000000	0.000000	0.000000	0.000000	0.000000	0.000000	0.000000	0.000000	0.000000	0.000000	1733433180.351865	0.000000
171.000000	87830.688099	18735.478072	187500.000000	187500.000000	86269.172879	102492.270171	112374.959871	133659.877915	-0.070000	0.776000	0.582000	192.000000	0.000000	0.000000	0.000000	0.000000	0.000000	0.000000	0.000000	0.000000	0.000000	1733433180.355914	0.000000
172.000000	87831.649224	18735.254554	187500.000000	187500.000000	86268.927010	102486.123441	112368.701383	133652.792412	-0.070000	0.776000	0.582000	192.000000	0.000000	0.000000	0.000000	0.000000	0.000000	0.000000	0.000000	0.000000	0.000000	1733433180.360885	0.000000
173.000000	87831.828038	18725.844470	187500.000000	187500.000000	86263.629647	102488.962113	112372.948214	133655.809898	-0.070000	0.776000	0.582000	192.000000	0.000000	0.000000	0.000000	0.000000	0.000000	0.000000	0.000000	0.000000	0.000000	1733433180.364688	0.000000
174.000000	87836.298387	18728.481976	187500.000000	187500.000000	86265.037807	102488.179801	112379.743144	133651.428956	-0.070000	0.776000	0.582000	192.000000	0.000000	0.000000	0.000000	0.000000	0.000000	0.000000	0.000000	0.000000	0.000000	1733433180.368717	0.000000
175.000000	87835.784296	18730.158356	187500.000000	187500.000000	86260.075719	102489.163278	112376.770362	133661.554296	-0.070000	0.776000	0.582000	192.000000	0.000000	0.000000	0.000000	0.000000	0.000000	0.000000	0.000000	0.000000	0.000000	1733433180.371693	0.000000
176.000000	87837.415974	18739.434330	187500.000000	187500.000000	86259.919257	102489.610313	112372.925862	133677.915773	-0.070000	0.776000	0.582000	192.000000	0.000000	0.000000	0.000000	0.000000	0.000000	0.000000	0.000000	0.000000	0.000000	1733433180.375745	0.000000
177.000000	87837.505381	18745.223432	187500.000000	187500.000000	86258.913429	102484.514115	112365.125104	133671.992561	-0.070000	0.776000	0.582000	192.000000	0.000000	0.000000	0.000000	0.000000	0.000000	0.000000	0.000000	0.000000	0.000000	1733433180.379759	0.000000
178.000000	87837.527733	18743.770569	187500.000000	187500.000000	86255.068929	102486.682235	112362.711115	133680.441520	-0.070000	0.776000	0.582000	192.000000	0.000000	0.000000	0.000000	0.000000	0.000000	0.000000	0.000000	0.000000	0.000000	1733433180.383758	0.000000
179.000000	87834.018509	18745.178729	187500.000000	187500.000000	86246.776431	102471.036013	112349.031848	133662.873049	-0.076000	0.780000	0.576000	192.000000	253.000000	160.000000	24.000000	96.000000	18.000000	0.000000	0.000000	0.000000	0.000000	1733433180.387931	0.000000
180.000000	87824.116686	18731.924144	187500.000000	187500.000000	86244.742423	102480.244932	112354.105694	133652.568895	-0.076000	0.780000	0.576000	192.000000	0.000000	0.000000	0.000000	0.000000	0.000000	0.000000	0.000000	0.000000	0.000000	1733433180.392837	0.000000
181.000000	87827.312985	18728.772548	187500.000000	187500.000000	86254.130155	102495.779395	112365.773304	133646.757441	-0.076000	0.780000	0.576000	192.000000	0.000000	0.000000	0.000000	0.000000	0.000000	0.000000	0.000000	0.000000	0.000000	1733433180.396055	0.000000
182.000000	87840.075831	18746.698647	187500.000000	187500.000000	86270.424577	102521.662715	112395.702290	133649.596113	-0.076000	0.780000	0.576000	192.000000	0.000000	0.000000	0.000000	0.000000	0.000000	0.000000	0.000000	0.000000	0.000000	1733433180.399830	0.000000
183.000000	87848.256570	18754.544110	187500.000000	187500.000000	86278.426502	102528.256479	112410.633255	133652.255971	-0.076000	0.780000	0.576000	192.000000	0.000000	0.000000	0.000000	0.000000	0.000000	0.000000	0.000000	0.000000	0.000000	1733433180.404868	0.000000
184.000000	87856.526715	18767.843398	187500.000000	187500.000000	86288.373028	102539.857035	112415.103604	133674.831232	-0.076000	0.780000	0.576000	192.000000	0.000000	0.000000	0.000000	0.000000	0.000000	0.000000	0.000000	0.000000	0.000000	1733433180.407738	0.000000
185.000000	87838.310044	18748.263269	187500.000000	187500.000000	86273.620877	102509.145738	112395.411717	133652.367729	-0.076000	0.780000	0.576000	192.000000	0.000000	0.000000	0.000000	0.000000	0.000000	0.000000	0.000000	0.000000	0.000000	1733433180.411779	0.000000
186.000000	87837.505381	18734.092263	187500.000000	187500.000000	86275.565478	102510.933877	112393.712985	133655.318159	-0.076000	0.780000	0.576000	192.000000	0.000000	0.000000	0.000000	0.000000	0.000000	0.000000	0.000000	0.000000	0.000000	1733433180.415834	0.000000
187.000000	87844.792050	18739.389627	187500.000000	187500.000000	86284.684990	102511.246802	112398.943293	133664.080043	-0.076000	0.780000	0.576000	192.000000	0.000000	0.000000	0.000000	0.000000	0.000000	0.000000	0.000000	0.000000	0.000000	1733433180.420801	0.000000
188.000000	87856.973750	18755.102903	187500.000000	187500.000000	86290.563499	102507.134081	112401.312578	133678.631029	-0.076000	0.780000	0.576000	192.000000	0.000000	0.000000	0.000000	0.000000	0.000000	0.000000	0.000000	0.000000	0.000000	1733433180.424086	0.000000
189.000000	87846.826058	18750.409037	187500.000000	187500.000000	86285.780225	102505.547107	112397.088098	133664.527078	-0.074000	0.778000	0.568000	192.000000	253.000000	176.000000	24.000000	80.000000	17.000000	192.000000	0.000000	0.000000	0.000000	1733433180.426912	0.000000
190.000000	87842.445116	18742.675333	187500.000000	187500.000000	86282.740388	102519.651058	112406.788755	133666.896363	-0.074000	0.778000	0.568000	192.000000	0.000000	0.000000	0.000000	0.000000	0.000000	0.000000	0.000000	0.000000	0.000000	1733433180.432008	0.000000
191.000000	87839.986424	18743.859976	187500.000000	187500.000000	86275.923106	102517.862918	112399.882066	133657.195706	-0.074000	0.778000	0.568000	192.000000	0.000000	0.000000	0.000000	0.000000	0.000000	0.000000	0.000000	0.000000	0.000000	1733433180.435988	0.000000
192.000000	87839.695852	18742.429464	187500.000000	187500.000000	86275.073740	102522.892061	112391.634273	133659.162660	-0.074000	0.778000	0.568000	192.000000	0.000000	0.000000	0.000000	0.000000	0.000000	0.000000	0.000000	0.000000	0.000000	1733433180.439938	0.000000
193.000000	87841.886323	18738.830833	187500.000000	187500.000000	86283.857975	102518.131139	112403.793622	133676.507613	-0.074000	0.778000	0.568000	192.000000	0.000000	0.000000	0.000000	0.000000	0.000000	0.000000	0.000000	0.000000	0.000000	1733433180.443841	0.000000
194.000000	87849.351805	18749.716133	187500.000000	187500.000000	86289.758836	102523.629668	112409.627427	133705.117846	-0.074000	0.778000	0.568000	192.000000	0.000000	0.000000	0.000000	0.000000	0.000000	0.000000	0.000000	0.000000	0.000000	1733433180.448820	0.000000
195.000000	87839.964073	18740.507214	187500.000000	187500.000000	86279.566441	102505.167127	112406.833459	133701.474512	-0.074000	0.778000	0.568000	192.000000	0.000000	0.000000	0.000000	0.000000	0.000000	0.000000	0.000000	0.000000	0.000000	1733433180.452023	0.000000
196.000000	87841.931026	18748.017400	187500.000000	187500.000000	86269.709321	102497.232258	112405.447651	133683.861337	-0.074000	0.778000	0.568000	192.000000	0.000000	0.000000	0.000000	0.000000	0.000000	0.000000	0.000000	0.000000	0.000000	1733433180.455810	0.000000
197.000000	87847.116631	18746.698647	187500.000000	187500.000000	86277.711246	102524.836662	112417.562296	133669.667979	-0.074000	0.778000	0.568000	192.000000	0.000000	0.000000	0.000000	0.000000	0.000000	0.000000	0.000000	0.000000	0.000000	1733433180.459876	0.000000
198.000000	87836.566608	18738.786130	187500.000000	187500.000000	86261.774452	102502.931953	112401.491392	133666.829308	-0.074000	0.778000	0.568000	192.000000	0.000000	0.000000	0.000000	0.000000	0.000000	0.000000	0.000000	0.000000	0.000000	1733433180.463975	0.000000
199.000000	87834.063212	18741.893022	187500.000000	187500.000000	86258.935780	102497.411072	112398.205685	133654.155869	-0.078000	0.780000	0.572000	192.000000	253.000000	144.000000	24.000000	96.000000	17.000000	224.000000	0.000000	0.000000	0.000000	1733433180.467995	0.000000
200.000000	87828.408221	18731.164185	187500.000000	187500.000000	86261.103900	102505.837680	112398.518610	133639.917808	-0.078000	0.780000	0.572000	192.000000	0.000000	0.000000	0.000000	0.000000	0.000000	0.000000	0.000000	0.000000	0.000000	1733433180.472033	0.000000
201.000000	87827.983538	18728.280810	187500.000000	187500.000000	86267.742368	102507.983447	112390.024947	133652.233619	-0.078000	0.780000	0.572000	192.000000	0.000000	0.000000	0.000000	0.000000	0.000000	0.000000	0.000000	0.000000	0.000000	1733433180.477058	0.000000
202.000000	87840.299349	18737.377970	187500.000000	187500.000000	86279.879365	102502.730787	112404.955912	133663.163622	-0.078000	0.780000	0.572000	192.000000	0.000000	0.000000	0.000000	0.000000	0.000000	0.000000	0.000000	0.000000	0.000000	1733433180.479894	0.000000
203.000000	87845.708471	18751.370162	187500.000000	187500.000000	86282.360409	102492.538392	112412.533154	133679.435692	-0.078000	0.780000	0.572000	192.000000	0.000000	0.000000	0.000000	0.000000	0.000000	0.000000	0.000000	0.000000	0.000000	1733433180.482881	0.000000
204.000000	87841.975730	18742.697685	187500.000000	187500.000000	86286.517833	102502.775491	112416.221191	133679.122767	-0.078000	0.780000	0.572000	192.000000	0.000000	0.000000	0.000000	0.000000	0.000000	0.000000	0.000000	0.000000	0.000000	1733433180.487888	0.000000
205.000000	87849.798840	18761.316688	187500.000000	187500.000000	86297.291374	102515.605392	112426.525346	133691.907965	-0.078000	0.780000	0.572000	192.000000	0.000000	0.000000	0.000000	0.000000	0.000000	0.000000	0.000000	0.000000	0.000000	1733433180.491895	0.000000
206.000000	87847.630721	18753.895909	187500.000000	187500.000000	86294.005667	102520.142796	112427.888802	133676.239392	-0.078000	0.780000	0.572000	192.000000	0.000000	0.000000	0.000000	0.000000	0.000000	0.000000	0.000000	0.000000	0.000000	1733433180.495898	0.000000
207.000000	87839.248817	18737.646191	187500.000000	187500.000000	86292.441045	102524.411979	112420.780947	133657.933314	-0.078000	0.780000	0.572000	192.000000	0.000000	0.000000	0.000000	0.000000	0.000000	0.000000	0.000000	0.000000	0.000000	1733433180.500049	0.000000
208.000000	87850.201172	18748.442083	187500.000000	187500.000000	86301.895833	102514.577212	112427.218250	133675.255916	-0.078000	0.780000	0.572000	192.000000	0.000000	0.000000	0.000000	0.000000	0.000000	0.000000	0.000000	0.000000	0.000000	1733433180.504044	0.000000
209.000000	87846.669596	18732.997028	187500.000000	187500.000000	86298.028981	102497.612238	112407.772232	133670.115014	-0.078000	0.776000	0.576000	192.000000	253.000000	144.000000	24.000000	64.000000	18.000000	0.000000	0.000000	0.000000	0.000000	1733433180.506936	0.000000
210.000000	87842.311006	18731.521813	187500.000000	187500.000000	86294.407999	102488.850354	112399.502087	133666.963418	-0.078000	0.776000	0.576000	192.000000	0.000000	0.000000	0.000000	0.000000	0.000000	0.000000	0.000000	0.000000	0.000000	1733433180.511088	0.000000
211.000000	87842.445116	18748.039752	187500.000000	187500.000000	86299.884176	102499.601543	112411.862601	133663.968285	-0.078000	0.776000	0.576000	192.000000	0.000000	0.000000	0.000000	0.000000	0.000000	0.000000	0.000000	0.000000	0.000000	1733433180.515935	0.000000
212.000000	87855.632646	18766.435238	187500.000000	187500.000000	86305.427409	102521.148625	112424.536040	133663.878878	-0.078000	0.776000	0.576000	192.000000	0.000000	0.000000	0.000000	0.000000	0.000000	0.000000	0.000000	0.000000	0.000000	1733433180.520168	0.000000
213.000000	87859.901829	18751.124293	187500.000000	187500.000000	86308.355487	102526.960078	112432.873241	133674.518308	-0.078000	0.776000	0.576000	192.000000	0.000000	0.000000	0.000000	0.000000	0.000000	0.000000	0.000000	0.000000	0.000000	1733433180.523946	0.000000
214.000000	87864.841564	18749.224394	187500.000000	187500.000000	86310.881235	102538.471227	112441.635125	133700.111055	-0.078000	0.776000	0.576000	192.000000	0.000000	0.000000	0.000000	0.000000	0.000000	0.000000	0.000000	0.000000	0.000000	1733433180.527983	0.000000
215.000000	87863.142832	18755.326421	187500.000000	187500.000000	86309.361316	102558.587797	112439.556413	133694.321954	-0.078000	0.776000	0.576000	192.000000	0.000000	0.000000	0.000000	0.000000	0.000000	0.000000	0.000000	0.000000	0.000000	1733433180.530974	0.000000
216.000000	87864.327474	18765.541168	187500.000000	187500.000000	86297.716057	102526.445988	112437.790625	133676.440558	-0.078000	0.776000	0.576000	192.000000	0.000000	0.000000	0.000000	0.000000	0.000000	0.000000	0.000000	0.000000	0.000000	1733433180.534972	0.000000
217.000000	87858.091337	18756.823988	187500.000000	187500.000000	86290.094112	102493.477165	112434.281401	133681.715570	-0.078000	0.776000	0.576000	192.000000	0.000000	0.000000	0.000000	0.000000	0.000000	0.000000	0.000000	0.000000	0.000000	1733433180.539152	0.000000
218.000000	87863.500460	18759.439142	187500.000000	187500.000000	86295.771455	102505.569459	112434.370808	133674.384198	-0.078000	0.776000	0.576000	192.000000	0.000000	0.000000	0.000000	0.000000	0.000000	0.000000	0.000000	0.000000	0.000000	1733433180.544194	0.000000
219.000000	87855.230314	18748.710304	187500.000000	187500.000000	86287.747179	102517.549994	112435.600154	133670.092663	-0.074000	0.774000	0.576000	192.000000	253.000000	176.000000	24.000000	48.000000	18.000000	0.000000	0.000000	0.000000	0.000000	1733433180.548195	0.000000
220.000000	87855.789108	18748.687953	187500.000000	187500.000000	86281.108711	102509.011627	112438.550584	133700.960422	-0.074000	0.774000	0.576000	192.000000	0.000000	0.000000	0.000000	0.000000	0.000000	0.000000	0.000000	0.000000	0.000000	1733433180.552166	0.000000
221.000000	87848.681253	18744.865804	187500.000000	187500.000000	86275.632534	102508.877517	112430.012218	133684.688352	-0.074000	0.774000	0.576000	192.000000	0.000000	0.000000	0.000000	0.000000	0.000000	0.000000	0.000000	0.000000	0.000000	1733433180.556011	0.000000
222.000000	87845.909637	18735.701589	187500.000000	187500.000000	86272.682103	102495.779395	112426.994732	133667.790433	-0.074000	0.774000	0.576000	192.000000	0.000000	0.000000	0.000000	0.000000	0.000000	0.000000	0.000000	0.000000	0.000000	1733433180.558994	0.000000
223.000000	87850.759965	18744.977563	187500.000000	187500.000000	86282.941554	102516.253593	112446.887785	133677.647552	-0.074000	0.774000	0.576000	192.000000	0.000000	0.000000	0.000000	0.000000	0.000000	0.000000	0.000000	0.000000	0.000000	1733433180.562988	0.000000
224.000000	87858.493669	18762.791903	187500.000000	187500.000000	86289.602374	102532.793883	112450.329953	133683.369599	-0.074000	0.774000	0.576000	192.000000	0.000000	0.000000	0.000000	0.000000	0.000000	0.000000	0.000000	0.000000	0.000000	1733433180.567026	0.000000
225.000000	87850.245875	18757.271022	187500.000000	187500.000000	86271.989199	102499.579191	112427.754692	133668.483337	-0.074000	0.774000	0.576000	192.000000	0.000000	0.000000	0.000000	0.000000	0.000000	0.000000	0.000000	0.000000	0.000000	1733433180.571003	0.000000
226.000000	87844.859105	18748.151511	187500.000000	187500.000000	86261.059196	102475.953397	112401.983130	133685.470663	-0.074000	0.774000	0.576000	192.000000	0.000000	0.000000	0.000000	0.000000	0.000000	0.000000	0.000000	0.000000	0.000000	1733433180.576255	0.000000
227.000000	87849.687082	18773.364278	187500.000000	187500.000000	86270.134004	102495.377063	112418.836346	133691.304468	-0.074000	0.774000	0.576000	192.000000	0.000000	0.000000	0.000000	0.000000	0.000000	0.000000	0.000000	0.000000	0.000000	1733433180.580276	0.000000
228.000000	87846.624893	18745.558708	187500.000000	187500.000000	86269.038769	102507.715226	112436.136596	133661.241372	-0.074000	0.774000	0.576000	192.000000	0.000000	0.000000	0.000000	0.000000	0.000000	0.000000	0.000000	0.000000	0.000000	1733433180.584372	0.000000
229.000000	87847.206038	18726.358560	187500.000000	187500.000000	86269.888135	102504.898906	112439.757578	133661.889572	-0.080000	0.770000	0.570000	192.000000	253.000000	128.000000	24.000000	16.000000	17.000000	208.000000	0.000000	0.000000	0.000000	1733433180.587551	0.000000
230.000000	87845.306140	18731.633572	187500.000000	187500.000000	86273.754987	102483.664749	112436.673038	133646.444517	-0.080000	0.770000	0.570000	192.000000	0.000000	0.000000	0.000000	0.000000	0.000000	0.000000	0.000000	0.000000	0.000000	1733433180.591326	0.000000
231.000000	87846.647244	18731.186537	187500.000000	187500.000000	86274.582002	102489.319740	112439.511709	133651.540715	-0.080000	0.770000	0.570000	192.000000	0.000000	0.000000	0.000000	0.000000	0.000000	0.000000	0.000000	0.000000	0.000000	1733433180.595053	0.000000
232.000000	87863.545163	18751.638383	187500.000000	187500.000000	86279.879365	102511.671485	112449.033552	133654.669959	-0.080000	0.770000	0.570000	192.000000	0.000000	0.000000	0.000000	0.000000	0.000000	0.000000	0.000000	0.000000	0.000000	1733433180.600047	0.000000
233.000000	87864.036901	18749.872595	187500.000000	187500.000000	86282.919202	102529.150549	112444.786721	133668.975075	-0.080000	0.770000	0.570000	192.000000	0.000000	0.000000	0.000000	0.000000	0.000000	0.000000	0.000000	0.000000	0.000000	1733433180.604085	0.000000
234.000000	87862.114651	18751.794845	187500.000000	187500.000000	86279.857013	102513.213755	112451.089913	133674.160680	-0.080000	0.770000	0.570000	192.000000	0.000000	0.000000	0.000000	0.000000	0.000000	0.000000	0.000000	0.000000	0.000000	1733433180.608088	0.000000
235.000000	87856.034977	18751.794845	187500.000000	187500.000000	86270.759853	102499.802709	112443.356209	133669.600924	-0.080000	0.770000	0.570000	192.000000	0.000000	0.000000	0.000000	0.000000	0.000000	0.000000	0.000000	0.000000	0.000000	1733433180.612120	0.000000
236.000000	87852.704567	18758.455665	187500.000000	187500.000000	86259.382815	102498.394549	112434.393160	133657.151003	-0.080000	0.770000	0.570000	192.000000	0.000000	0.000000	0.000000	0.000000	0.000000	0.000000	0.000000	0.000000	0.000000	1733433180.615246	0.000000
237.000000	87854.135079	18739.970772	187500.000000	187500.000000	86265.574249	102504.854203	112435.443692	133654.088814	-0.080000	0.770000	0.570000	192.000000	0.000000	0.000000	0.000000	0.000000	0.000000	0.000000	0.000000	0.000000	0.000000	1733433180.619207	0.000000
238.000000	87858.158393	18742.876499	187500.000000	187500.000000	86275.364313	102536.034886	112451.983983	133679.435692	-0.080000	0.770000	0.570000	192.000000	0.000000	0.000000	0.000000	0.000000	0.000000	0.000000	0.000000	0.000000	0.000000	1733433180.623293	0.000000
239.000000	87848.524791	18731.790034	187500.000000	187500.000000	86277.353618	102511.045636	112457.773084	133696.288907	-0.076000	0.770000	0.570000	192.000000	253.000000	160.000000	24.000000	16.000000	17.000000	208.000000	0.000000	0.000000	0.000000	1733433180.627337	0.000000
240.000000	87847.228390	18738.652019	187500.000000	187500.000000	86277.063045	102503.446043	112448.295945	133693.874919	-0.076000	0.770000	0.570000	192.000000	0.000000	0.000000	0.000000	0.000000	0.000000	0.000000	0.000000	0.000000	0.000000	1733433180.632088	0.000000
241.000000	87849.798840	18740.730732	187500.000000	187500.000000	86278.806481	102511.604430	112451.849872	133679.100416	-0.076000	0.770000	0.570000	192.000000	0.000000	0.000000	0.000000	0.000000	0.000000	0.000000	0.000000	0.000000	0.000000	1733433180.636417	0.000000
242.000000	87855.275018	18746.117502	187500.000000	187500.000000	86285.668467	102503.624857	112455.493206	133674.898288	-0.076000	0.770000	0.570000	192.000000	0.000000	0.000000	0.000000	0.000000	0.000000	0.000000	0.000000	0.000000	0.000000	1733433180.639139	0.000000
243.000000	87865.914448	18760.333211	187500.000000	187500.000000	86302.320516	102507.312895	112471.050021	133690.902137	-0.076000	0.770000	0.570000	192.000000	0.000000	0.000000	0.000000	0.000000	0.000000	0.000000	0.000000	0.000000	0.000000	1733433180.643124	0.000000
244.000000	87867.590829	18774.392459	187500.000000	187500.000000	86299.347734	102504.206002	112469.016012	133686.789416	-0.076000	0.770000	0.570000	192.000000	0.000000	0.000000	0.000000	0.000000	0.000000	0.000000	0.000000	0.000000	0.000000	1733433180.647103	0.000000
245.000000	87866.137965	18776.426467	187500.000000	187500.000000	86289.870595	102506.619991	112470.491227	133695.394837	-0.076000	0.770000	0.570000	192.000000	0.000000	0.000000	0.000000	0.000000	0.000000	0.000000	0.000000	0.000000	0.000000	1733433180.651185	0.000000
246.000000	87863.120480	18748.889118	187500.000000	187500.000000	86300.130045	102519.114616	112477.174399	133698.367619	-0.076000	0.770000	0.570000	192.000000	0.000000	0.000000	0.000000	0.000000	0.000000	0.000000	0.000000	0.000000	0.000000	1733433180.655178	0.000000
247.000000	87855.386776	18741.445987	187500.000000	187500.000000	86293.357467	102503.826023	112465.395029	133681.536756	-0.076000	0.770000	0.570000	192.000000	0.000000	0.000000	0.000000	0.000000	0.000000	0.000000	0.000000	0.000000	0.000000	1733433180.659308	0.000000
248.000000	87843.719166	18737.534432	187500.000000	187500.000000	86283.075664	102493.834793	112462.712820	133674.741825	-0.076000	0.770000	0.570000	192.000000	0.000000	0.000000	0.000000	0.000000	0.000000	0.000000	0.000000	0.000000	0.000000	1733433180.664257	0.000000
249.000000	87840.656977	18720.949438	187500.000000	187500.000000	86272.570345	102493.745386	112456.320221	133652.703005	-0.072000	0.770000	0.578000	192.000000	253.000000	192.000000	24.000000	16.000000	18.000000	16.000000	0.000000	0.000000	0.000000	1733433180.667174	0.000000
250.000000	87853.352768	18743.122368	187500.000000	187500.000000	86284.752045	102507.581116	112455.359096	133656.525154	-0.072000	0.770000	0.578000	192.000000	0.000000	0.000000	0.000000	0.000000	0.000000	0.000000	0.000000	0.000000	0.000000	1733433180.671147	0.000000
251.000000	87866.808518	18749.537319	187500.000000	187500.000000	86296.084380	102514.554860	112474.626300	133681.559107	-0.072000	0.770000	0.578000	192.000000	0.000000	0.000000	0.000000	0.000000	0.000000	0.000000	0.000000	0.000000	0.000000	1733433180.675142	0.000000
252.000000	87867.903753	18749.447912	187500.000000	187500.000000	86294.698572	102511.358560	112483.164666	133711.622204	-0.072000	0.770000	0.578000	192.000000	0.000000	0.000000	0.000000	0.000000	0.000000	0.000000	0.000000	0.000000	0.000000	1733433180.679140	0.000000
253.000000	87861.868782	18749.291450	187500.000000	187500.000000	86287.702476	102486.861049	112468.077239	133683.459006	-0.072000	0.770000	0.578000	192.000000	0.000000	0.000000	0.000000	0.000000	0.000000	0.000000	0.000000	0.000000	0.000000	1733433180.683171	0.000000
254.000000	87860.013587	18741.356580	187500.000000	187500.000000	86284.416769	102471.080717	112450.732285	133678.876898	-0.072000	0.770000	0.578000	192.000000	0.000000	0.000000	0.000000	0.000000	0.000000	0.000000	0.000000	0.000000	0.000000	1733433180.687214	0.000000
255.000000	87858.001930	18726.067987	187500.000000	187500.000000	86281.689856	102479.909656	112441.657477	133688.443445	-0.072000	0.770000	0.578000	192.000000	0.000000	0.000000	0.000000	0.000000	0.000000	0.000000	0.000000	0.000000	0.000000	1733433180.692361	0.000000
0.000000	87864.439233	18744.597583	187500.000000	187500.000000	86294.922089	102505.211831	112476.615605	133711.666907	-0.072000	0.770000	0.578000	192.000000	0.000000	0.000000	0.000000	0.000000	0.000000	0.000000	0.000000	0.000000	0.000000	1733433180.695426	0.000000
1.000000	87875.928030	18773.721906	187500.000000	187500.000000	86298.096037	102510.509194	112478.582558	133707.934166	-0.072000	0.770000	0.578000	192.000000	0.000000	0.000000	0.000000	0.000000	0.000000	0.000000	0.000000	0.000000	0.000000	1733433180.699434	0.000000
2.000000	87873.826966	18755.974621	187500.000000	187500.000000	86291.725790	102498.238086	112464.568015	133699.239337	-0.072000	0.770000	0.578000	192.000000	0.000000	0.000000	0.000000	0.000000	0.000000	0.000000	0.000000	0.000000	0.000000	1733433180.703199	0.000000
3.000000	87859.968884	18738.003819	187500.000000	187500.000000	86285.735522	102475.685176	112460.142369	133659.542639	-0.072000	0.774000	0.576000	192.000000	253.000000	192.000000	24.000000	48.000000	18.000000	0.000000	0.000000	0.000000	0.000000	1733433180.707221	0.000000
4.000000	87863.120480	18752.197176	187500.000000	187500.000000	86292.664563	102491.532563	112471.586462	133653.284151	-0.072000	0.774000	0.576000	192.000000	0.000000	0.000000	0.000000	0.000000	0.000000	0.000000	0.000000	0.000000	0.000000	1733433180.711246	0.000000
5.000000	87867.344960	18754.097075	187500.000000	187500.000000	86294.117426	102498.975694	112476.213274	133665.130575	-0.072000	0.774000	0.576000	192.000000	0.000000	0.000000	0.000000	0.000000	0.000000	0.000000	0.000000	0.000000	0.000000	1733433180.715278	0.000000
6.000000	87864.774509	18748.486787	187500.000000	187500.000000	86283.120368	102471.684214	112464.031573	133662.001331	-0.072000	0.774000	0.576000	192.000000	0.000000	0.000000	0.000000	0.000000	0.000000	0.000000	0.000000	0.000000	0.000000	1733433180.720304	0.000000
7.000000	87859.097166	18740.462511	187500.000000	187500.000000	86283.053313	102470.253702	112452.654535	133655.027587	-0.072000	0.774000	0.576000	192.000000	0.000000	0.000000	0.000000	0.000000	0.000000	0.000000	0.000000	0.000000	0.000000	1733433180.723445	0.000000
8.000000	87865.825041	18755.505235	187500.000000	187500.000000	86289.378856	102482.949493	112469.127771	133700.178111	-0.072000	0.774000	0.576000	192.000000	0.000000	0.000000	0.000000	0.000000	0.000000	0.000000	0.000000	0.000000	0.000000	1733433180.727302	0.000000
9.000000	87867.121442	18764.133008	187500.000000	187500.000000	86285.288487	102479.172048	112466.691430	133700.379276	-0.072000	0.774000	0.576000	192.000000	0.000000	0.000000	0.000000	0.000000	0.000000	0.000000	0.000000	0.000000	0.000000	1733433180.731407	0.000000
10.000000	87864.640399	18757.315726	187500.000000	187500.000000	86286.227260	102497.344017	112454.912061	133670.271477	-0.072000	0.774000	0.576000	192.000000	0.000000	0.000000	0.000000	0.000000	0.000000	0.000000	0.000000	0.000000	0.000000	1733433180.735411	0.000000
11.000000	87859.074814	18752.286583	187500.000000	187500.000000	86280.482862	102483.262418	112453.369791	133660.079081	-0.072000	0.774000	0.576000	192.000000	0.000000	0.000000	0.000000	0.000000	0.000000	0.000000	0.000000	0.000000	0.000000	1733433180.739274	0.000000
12.000000	87854.090375	18747.212737	187500.000000	187500.000000	86279.409978	102483.083604	112460.030611	133657.598037	-0.072000	0.774000	0.576000	192.000000	0.000000	0.000000	0.000000	0.000000	0.000000	0.000000	0.000000	0.000000	0.000000	1733433180.743259	0.000000
13.000000	87866.674407	18754.767627	187500.000000	187500.000000	86290.965830	102477.383909	112463.092800	133677.692256	-0.072000	0.774000	0.576000	192.000000	0.000000	0.000000	0.000000	0.000000	0.000000	0.000000	0.000000	0.000000	0.000000	1733433180.748249	0.000000
14.000000	87871.994123	18770.458552	187500.000000	187500.000000	86287.814234	102474.925217	112467.518445	133701.787436	-0.072000	0.778000	0.582000	192.000000	253.000000	192.000000	24.000000	80.000000	18.000000	48.000000	0.000000	0.000000	0.000000	1733433180.751256	0.000000
15.000000	87867.456718	18750.096113	187500.000000	187500.000000	86286.249612	102490.817307	112457.169587	133698.926413	-0.072000	0.778000	0.582000	192.000000	0.000000	0.000000	0.000000	0.000000	0.000000	0.000000	0.000000	0.000000	0.000000	1733433180.755315	0.000000
16.000000	87867.769643	18743.435293	187500.000000	187500.000000	86303.393400	102504.094244	112491.814791	133702.078009	-0.072000	0.778000	0.582000	192.000000	0.000000	0.000000	0.000000	0.000000	0.000000	0.000000	0.000000	0.000000	0.000000	1733433180.759435	0.000000
17.000000	87871.994123	18754.007668	187500.000000	187500.000000	86310.277737	102513.504328	112510.657312	133684.822462	-0.072000	0.778000	0.582000	192.000000	0.000000	0.000000	0.000000	0.000000	0.000000	0.000000	0.000000	0.000000	0.000000	1733433180.763423	0.000000
18.000000	87868.820175	18755.974621	187500.000000	187500.000000	86314.077534	102535.185520	112503.281236	133678.385160	-0.072000	0.778000	0.582000	192.000000	0.000000	0.000000	0.000000	0.000000	0.000000	0.000000	0.000000	0.000000	0.000000	1733433180.767454	0.000000
19.000000	87881.985352	18774.526569	187500.000000	187500.000000	86323.755839	102533.799712	112515.842916	133704.022611	-0.072000	0.778000	0.582000	192.000000	0.000000	0.000000	0.000000	0.000000	0.000000	0.000000	0.000000	0.000000	0.000000	1733433180.771463	0.000000
20.000000	87885.919259	18782.796715	187500.000000	187500.000000	86329.880217	102529.754046	112517.005207	133708.939994	-0.072000	0.778000	0.582000	192.000000	0.000000	0.000000	0.000000	0.000000	0.000000	0.000000	0.000000	0.000000	0.000000	1733433180.775312	0.000000
21.000000	87879.996047	18781.924997	187500.000000	187500.000000	86318.100848	102534.738485	112507.349254	133694.657230	-0.072000	0.778000	0.582000	192.000000	0.000000	0.000000	0.000000	0.000000	0.000000	0.000000	0.000000	0.000000	0.000000	1733433180.778284	0.000000
22.000000	87885.628687	18783.824895	187500.000000	187500.000000	86317.676165	102563.438125	112506.969274	133708.560015	-0.072000	0.778000	0.582000	192.000000	0.000000	0.000000	0.000000	0.000000	0.000000	0.000000	0.000000	0.000000	0.000000	1733433180.783342	0.000000
23.000000	87881.493614	18764.445932	187500.000000	187500.000000	86306.813217	102530.446950	112499.302626	133714.080896	-0.072000	0.778000	0.582000	192.000000	0.000000	0.000000	0.000000	0.000000	0.000000	0.000000	0.000000	0.000000	0.000000	1733433180.787325	0.000000
24.000000	87871.994123	18748.218566	187500.000000	187500.000000	86302.991069	102508.743406	112491.121887	133709.878768	-0.072000	0.776000	0.570000	192.000000	253.000000	192.000000	24.000000	64.000000	17.000000	208.000000	0.000000	0.000000	0.000000	1733433180.791519	0.000000
25.000000	87873.424634	18754.857034	187500.000000	187500.000000	86301.873481	102518.801691	112481.309471	133722.328689	-0.072000	0.776000	0.570000	192.000000	0.000000	0.000000	0.000000	0.000000	0.000000	0.000000	0.000000	0.000000	0.000000	1733433180.795512	0.000000
26.000000	87872.217640	18750.923127	187500.000000	187500.000000	86297.917223	102524.702552	112474.045154	133685.627125	-0.072000	0.776000	0.570000	192.000000	0.000000	0.000000	0.000000	0.000000	0.000000	0.000000	0.000000	0.000000	0.000000	1733433180.799656	0.000000
27.000000	87876.263306	18750.543147	187500.000000	187500.000000	86308.020211	102518.265250	112492.597102	133668.349227	-0.072000	0.776000	0.570000	192.000000	0.000000	0.000000	0.000000	0.000000	0.000000	0.000000	0.000000	0.000000	0.000000	1733433180.802489	0.000000
28.000000	87882.544146	18768.670412	187500.000000	187500.000000	86315.597453	102510.084511	112491.993605	133697.697067	-0.072000	0.776000	0.570000	192.000000	0.000000	0.000000	0.000000	0.000000	0.000000	0.000000	0.000000	0.000000	0.000000	1733433180.806425	0.000000
29.000000	87890.054332	18768.089267	187500.000000	187500.000000	86315.440990	102517.974677	112488.126753	133741.126506	-0.072000	0.776000	0.570000	192.000000	0.000000	0.000000	0.000000	0.000000	0.000000	0.000000	0.000000	0.000000	0.000000	1733433180.810388	0.000000
30.000000	87884.980486	18755.237014	187500.000000	187500.000000	86308.467246	102512.006761	112467.339631	133701.653326	-0.072000	0.776000	0.570000	192.000000	0.000000	0.000000	0.000000	0.000000	0.000000	0.000000	0.000000	0.000000	0.000000	1733433180.815444	0.000000
31.000000	87893.228280	18770.056220	187500.000000	187500.000000	86326.326290	102537.286584	112495.301663	133670.003256	-0.072000	0.776000	0.570000	192.000000	0.000000	0.000000	0.000000	0.000000	0.000000	0.000000	0.000000	0.000000	0.000000	1733433180.819681	0.000000
32.000000	87893.652963	18774.437162	187500.000000	187500.000000	86337.368052	102541.533416	112495.122849	133674.183032	-0.072000	0.776000	0.570000	192.000000	0.000000	0.000000	0.000000	0.000000	0.000000	0.000000	0.000000	0.000000	0.000000	1733433180.823616	0.000000
33.000000	87890.501367	18771.732601	187500.000000	187500.000000	86342.061918	102534.514968	112492.664157	133689.002238	-0.072000	0.776000	0.570000	192.000000	0.000000	0.000000	0.000000	0.000000	0.000000	0.000000	0.000000	0.000000	0.000000	1733433180.827627	0.000000
34.000000	87890.613126	18764.490636	187500.000000	187500.000000	86347.024005	102554.922110	112506.633998	133704.268480	-0.072000	0.772000	0.574000	192.000000	253.000000	192.000000	24.000000	32.000000	17.000000	240.000000	0.000000	0.000000	0.000000	1733433180.831656	0.000000
35.000000	87882.722960	18761.316688	187500.000000	187500.000000	86336.071651	102554.028041	112503.996492	133721.345213	-0.072000	0.772000	0.574000	192.000000	0.000000	0.000000	0.000000	0.000000	0.000000	0.000000	0.000000	0.000000	0.000000	1733433180.834672	0.000000
36.000000	87882.253573	18772.604319	187500.000000	187500.000000	86338.999729	102542.539244	112500.666082	133701.720381	-0.072000	0.772000	0.574000	192.000000	0.000000	0.000000	0.000000	0.000000	0.000000	0.000000	0.000000	0.000000	0.000000	1733433180.838512	0.000000
37.000000	87880.934820	18770.615014	187500.000000	187500.000000	86328.337947	102512.990238	112483.589349	133701.228643	-0.072000	0.772000	0.574000	192.000000	0.000000	0.000000	0.000000	0.000000	0.000000	0.000000	0.000000	0.000000	0.000000	1733433180.843405	0.000000
38.000000	87886.187480	18771.754953	187500.000000	187500.000000	86330.282549	102524.300221	112502.834201	133718.283024	-0.072000	0.772000	0.574000	192.000000	0.000000	0.000000	0.000000	0.000000	0.000000	0.000000	0.000000	0.000000	0.000000	1733433180.847424	0.000000
39.000000	87896.156358	18772.917244	187500.000000	187500.000000	86345.168811	102540.996974	112521.050873	133727.067259	-0.072000	0.772000	0.574000	192.000000	0.000000	0.000000	0.000000	0.000000	0.000000	0.000000	0.000000	0.000000	0.000000	1733433180.851438	0.000000
40.000000	87900.067914	18775.308880	187500.000000	187500.000000	86340.899627	102540.572290	112529.857460	133735.605626	-0.072000	0.772000	0.574000	192.000000	0.000000	0.000000	0.000000	0.000000	0.000000	0.000000	0.000000	0.000000	0.000000	1733433180.855454	0.000000
41.000000	87899.375009	18780.628595	187500.000000	187500.000000	86346.420508	102551.546997	112531.064454	133710.661079	-0.072000	0.772000	0.574000	192.000000	0.000000	0.000000	0.000000	0.000000	0.000000	0.000000	0.000000	0.000000	0.000000	1733433180.859468	0.000000
42.000000	87905.991126	18794.710194	187500.000000	187500.000000	86360.300942	102577.318558	112535.557155	133712.404515	-0.072000	0.772000	0.574000	192.000000	0.000000	0.000000	0.000000	0.000000	0.000000	0.000000	0.000000	0.000000	0.000000	1733433180.862696	0.000000
43.000000	87890.166091	18758.209796	187500.000000	187500.000000	86335.468153	102551.703459	112511.707844	133690.700971	-0.072000	0.772000	0.574000	192.000000	0.000000	0.000000	0.000000	0.000000	0.000000	0.000000	0.000000	0.000000	0.000000	1733433180.866626	0.000000
44.000000	87889.830815	18759.349735	187500.000000	187500.000000	86328.092078	102540.661697	112507.461012	133697.115922	-0.072000	0.774000	0.578000	192.000000	253.000000	192.000000	24.000000	48.000000	18.000000	16.000000	0.000000	0.000000	0.000000	1733433180.871646	0.000000
45.000000	87891.842472	18771.509084	187500.000000	187500.000000	86327.779153	102545.869654	112507.706881	133717.433657	-0.072000	0.774000	0.578000	192.000000	0.000000	0.000000	0.000000	0.000000	0.000000	0.000000	0.000000	0.000000	0.000000	1733433180.875634	0.000000
46.000000	87903.465379	18795.604264	187500.000000	187500.000000	86344.185334	102575.239846	112524.023655	133710.906948	-0.072000	0.774000	0.578000	192.000000	0.000000	0.000000	0.000000	0.000000	0.000000	0.000000	0.000000	0.000000	0.000000	1733433180.879575	0.000000
47.000000	87910.282661	18800.789869	187500.000000	187500.000000	86353.997750	102587.756823	112528.717521	133722.507503	-0.072000	0.774000	0.578000	192.000000	0.000000	0.000000	0.000000	0.000000	0.000000	0.000000	0.000000	0.000000	0.000000	1733433180.883501	0.000000
48.000000	87903.800655	18774.571273	187500.000000	187500.000000	86341.659587	102581.498335	112533.813719	133726.955500	-0.072000	0.774000	0.578000	192.000000	0.000000	0.000000	0.000000	0.000000	0.000000	0.000000	0.000000	0.000000	0.000000	1733433180.886660	0.000000
49.000000	87892.065989	18760.064991	187500.000000	187500.000000	86329.500238	102534.023229	112520.246210	133698.054695	-0.072000	0.774000	0.578000	192.000000	0.000000	0.000000	0.000000	0.000000	0.000000	0.000000	0.000000	0.000000	0.000000	1733433180.890466	0.000000
50.000000	87887.908565	18758.075685	187500.000000	187500.000000	86331.780116	102540.929918	112528.538707	133686.588250	-0.072000	0.774000	0.578000	192.000000	0.000000	0.000000	0.000000	0.000000	0.000000	0.000000	0.000000	0.000000	0.000000	1733433180.894540	0.000000
51.000000	87895.061123	18765.362354	187500.000000	187500.000000	86337.658624	102556.017346	112549.392885	133712.180997	-0.072000	0.774000	0.578000	192.000000	0.000000	0.000000	0.000000	0.000000	0.000000	0.000000	0.000000	0.000000	0.000000	1733433180.898527	0.000000
52.000000	87903.778303	18773.833665	187500.000000	187500.000000	86341.480773	102570.009538	112554.310269	133739.338367	-0.072000	0.774000	0.578000	192.000000	0.000000	0.000000	0.000000	0.000000	0.000000	0.000000	0.000000	0.000000	0.000000	1733433180.903753	0.000000
53.000000	87901.856053	18778.304014	187500.000000	187500.000000	86348.298055	102578.927884	112550.443417	133721.054640	-0.072000	0.774000	0.578000	192.000000	0.000000	0.000000	0.000000	0.000000	0.000000	0.000000	0.000000	0.000000	0.000000	1733433180.907614	0.000000
54.000000	87914.529492	18801.035738	187500.000000	187500.000000	86366.715892	102584.493468	112562.178083	133733.884541	-0.074000	0.770000	0.576000	192.000000	253.000000	176.000000	24.000000	16.000000	18.000000	0.000000	0.000000	0.000000	0.000000	1733433180.911649	0.000000
55.000000	87915.781190	18801.035738	187500.000000	187500.000000	86371.499165	102601.681960	112576.818475	133735.136239	-0.074000	0.770000	0.576000	192.000000	0.000000	0.000000	0.000000	0.000000	0.000000	0.000000	0.000000	0.000000	0.000000	1733433180.914738	0.000000
56.000000	87916.608204	18791.268026	187500.000000	187500.000000	86374.382541	102594.797623	112566.089638	133716.763105	-0.074000	0.770000	0.576000	192.000000	0.000000	0.000000	0.000000	0.000000	0.000000	0.000000	0.000000	0.000000	0.000000	1733433180.918615	0.000000
57.000000	87908.829797	18762.523682	187500.000000	187500.000000	86364.614828	102579.576085	112553.237385	133721.188750	-0.074000	0.770000	0.576000	192.000000	0.000000	0.000000	0.000000	0.000000	0.000000	0.000000	0.000000	0.000000	0.000000	1733433180.922516	0.000000
58.000000	87903.800655	18755.549938	187500.000000	187500.000000	86360.256238	102580.023119	112546.487158	133726.754335	-0.074000	0.770000	0.576000	192.000000	0.000000	0.000000	0.000000	0.000000	0.000000	0.000000	0.000000	0.000000	0.000000	1733433180.926566	0.000000
59.000000	87909.656812	18772.067877	187500.000000	187500.000000	86359.138651	102575.686881	112553.617365	133736.723213	-0.074000	0.770000	0.576000	192.000000	0.000000	0.000000	0.000000	0.000000	0.000000	0.000000	0.000000	0.000000	0.000000	1733433180.931532	0.000000
60.000000	87901.744294	18769.184502	187500.000000	187500.000000	86348.163944	102556.978471	112542.396789	133718.998279	-0.074000	0.770000	0.576000	192.000000	0.000000	0.000000	0.000000	0.000000	0.000000	0.000000	0.000000	0.000000	0.000000	1733433180.935830	0.000000
61.000000	87897.743332	18758.947403	187500.000000	187500.000000	86344.811183	102554.564483	112524.694207	133699.842834	-0.074000	0.770000	0.576000	192.000000	0.000000	0.000000	0.000000	0.000000	0.000000	0.000000	0.000000	0.000000	0.000000	1733433180.938551	0.000000
62.000000	87908.025135	18780.069802	187500.000000	187500.000000	86347.068709	102565.427430	112537.345295	133713.075067	-0.074000	0.770000	0.576000	192.000000	0.000000	0.000000	0.000000	0.000000	0.000000	0.000000	0.000000	0.000000	0.000000	1733433180.942549	0.000000
63.000000	87907.108713	18789.077555	187500.000000	187500.000000	86341.123145	102571.909436	112527.197603	133712.158646	-0.074000	0.770000	0.576000	192.000000	0.000000	0.000000	0.000000	0.000000	0.000000	0.000000	0.000000	0.000000	0.000000	1733433180.946749	0.000000
64.000000	87912.495483	18785.300110	187500.000000	187500.000000	86349.505049	102563.639291	112543.179100	133711.555149	-0.068000	0.772000	0.578000	192.000000	253.000000	224.000000	24.000000	32.000000	18.000000	16.000000	0.000000	0.000000	0.000000	1733433180.950801	0.000000
65.000000	87907.086361	18794.196104	187500.000000	187500.000000	86345.638197	102588.963817	112555.137283	133697.138273	-0.068000	0.772000	0.578000	192.000000	0.000000	0.000000	0.000000	0.000000	0.000000	0.000000	0.000000	0.000000	0.000000	1733433180.954989	0.000000
66.000000	87889.160262	18764.557691	187500.000000	187500.000000	86339.826744	102603.425396	112549.057609	133690.276288	-0.068000	0.772000	0.578000	192.000000	0.000000	0.000000	0.000000	0.000000	0.000000	0.000000	0.000000	0.000000	0.000000	1733433180.959880	0.000000
67.000000	87894.345867	18763.238938	187500.000000	187500.000000	86339.402060	102572.803506	112548.744684	133716.606643	-0.068000	0.772000	0.578000	192.000000	0.000000	0.000000	0.000000	0.000000	0.000000	0.000000	0.000000	0.000000	0.000000	1733433180.963556	0.000000
68.000000	87901.364315	18758.612127	187500.000000	187500.000000	86333.121220	102561.962910	112546.598917	133728.140143	-0.068000	0.772000	0.578000	192.000000	0.000000	0.000000	0.000000	0.000000	0.000000	0.000000	0.000000	0.000000	0.000000	1733433180.966577	0.000000
69.000000	87902.727771	18758.857996	187500.000000	187500.000000	86331.780116	102557.716078	112540.340428	133726.888445	-0.068000	0.772000	0.578000	192.000000	0.000000	0.000000	0.000000	0.000000	0.000000	0.000000	0.000000	0.000000	0.000000	1733433180.970624	0.000000
70.000000	87900.090265	18764.468284	187500.000000	187500.000000	86335.244636	102569.830724	112552.343315	133719.914701	-0.068000	0.772000	0.578000	192.000000	0.000000	0.000000	0.000000	0.000000	0.000000	0.000000	0.000000	0.000000	0.000000	1733433180.974634	0.000000
71.000000	87899.106789	18761.651964	187500.000000	187500.000000	86333.680014	102557.805485	112544.341391	133699.485207	-0.068000	0.772000	0.578000	192.000000	0.000000	0.000000	0.000000	0.000000	0.000000	0.000000	0.000000	0.000000	0.000000	1733433180.978785	0.000000
72.000000	87894.815254	18764.133008	187500.000000	187500.000000	86325.745145	102553.960985	112530.863289	133686.543547	-0.068000	0.772000	0.578000	192.000000	0.000000	0.000000	0.000000	0.000000	0.000000	0.000000	0.000000	0.000000	0.000000	1733433180.982706	0.000000
73.000000	87895.351695	18770.950290	187500.000000	187500.000000	86321.185389	102552.418715	112529.209260	133694.254898	-0.068000	0.772000	0.578000	192.000000	0.000000	0.000000	0.000000	0.000000	0.000000	0.000000	0.000000	0.000000	0.000000	1733433180.987959	0.000000
74.000000	87900.134969	18773.699555	187500.000000	187500.000000	86330.416659	102556.866712	112537.971143	133702.457989	-0.072000	0.772000	0.578000	192.000000	253.000000	192.000000	24.000000	32.000000	18.000000	16.000000	0.000000	0.000000	0.000000	1733433180.992866	0.000000
75.000000	87909.813274	18775.442991	187500.000000	187500.000000	86345.928770	102567.103811	112545.570737	133706.593061	-0.072000	0.772000	0.578000	192.000000	0.000000	0.000000	0.000000	0.000000	0.000000	0.000000	0.000000	0.000000	0.000000	1733433180.996675	0.000000
76.000000	87909.835626	18784.204875	187500.000000	187500.000000	86340.519648	102572.624692	112546.487158	133709.565843	-0.072000	0.772000	0.578000	192.000000	0.000000	0.000000	0.000000	0.000000	0.000000	0.000000	0.000000	0.000000	0.000000	1733433180.999673	0.000000
77.000000	87917.658736	18793.369090	187500.000000	187500.000000	86339.558523	102582.012425	112546.934193	133725.770858	-0.072000	0.772000	0.578000	192.000000	0.000000	0.000000	0.000000	0.000000	0.000000	0.000000	0.000000	0.000000	0.000000	1733433181.002903	0.000000
78.000000	87921.838513	18796.520686	187500.000000	187500.000000	86338.195066	102589.768480	112551.292783	133712.136294	-0.072000	0.772000	0.578000	192.000000	0.000000	0.000000	0.000000	0.000000	0.000000	0.000000	0.000000	0.000000	0.000000	1733433181.006648	0.000000
79.000000	87921.905568	18784.853075	187500.000000	187500.000000	86339.580874	102594.931733	112557.774789	133699.239337	-0.072000	0.772000	0.578000	192.000000	0.000000	0.000000	0.000000	0.000000	0.000000	0.000000	0.000000	0.000000	0.000000	1733433181.010711	0.000000
80.000000	87911.824931	18778.371069	187500.000000	187500.000000	86336.585741	102584.784041	112553.684420	133697.898233	-0.072000	0.772000	0.578000	192.000000	0.000000	0.000000	0.000000	0.000000	0.000000	0.000000	0.000000	0.000000	0.000000	1733433181.015907	0.000000
81.000000	87909.925033	18780.695651	187500.000000	187500.000000	86327.108601	102562.521704	112555.964298	133704.983736	-0.072000	0.772000	0.578000	192.000000	0.000000	0.000000	0.000000	0.000000	0.000000	0.000000	0.000000	0.000000	0.000000	1733433181.018883	0.000000
82.000000	87904.225338	18770.145627	187500.000000	187500.000000	86326.259235	102572.669396	112563.675650	133715.869035	-0.072000	0.772000	0.578000	192.000000	0.000000	0.000000	0.000000	0.000000	0.000000	0.000000	0.000000	0.000000	0.000000	1733433181.022831	0.000000
83.000000	87895.418751	18756.533415	187500.000000	187500.000000	86327.488581	102560.845323	112564.033278	133734.510390	-0.072000	0.772000	0.578000	192.000000	0.000000	0.000000	0.000000	0.000000	0.000000	0.000000	0.000000	0.000000	0.000000	1733433181.027064	0.000000
84.000000	87890.367256	18752.443046	187500.000000	187500.000000	86316.200950	102553.558654	112558.981783	133734.085707	-0.070000	0.774000	0.574000	192.000000	253.000000	208.000000	24.000000	48.000000	17.000000	240.000000	0.000000	0.000000	0.000000	1733433181.030961	0.000000
85.000000	87892.289506	18749.202043	187500.000000	187500.000000	86318.883159	102560.890026	112559.272356	133706.168378	-0.070000	0.774000	0.574000	192.000000	0.000000	0.000000	0.000000	0.000000	0.000000	0.000000	0.000000	0.000000	0.000000	1733433181.034722	0.000000
86.000000	87898.033905	18757.472188	187500.000000	187500.000000	86323.867598	102566.969701	112561.440475	133726.195541	-0.070000	0.774000	0.574000	192.000000	0.000000	0.000000	0.000000	0.000000	0.000000	0.000000	0.000000	0.000000	0.000000	1733433181.038754	0.000000
87.000000	87918.217530	18788.451706	187500.000000	187500.000000	86337.211589	102591.109585	112569.397696	133716.606643	-0.070000	0.774000	0.574000	192.000000	0.000000	0.000000	0.000000	0.000000	0.000000	0.000000	0.000000	0.000000	0.000000	1733433181.043726	0.000000
88.000000	87911.891986	18787.959968	187500.000000	187500.000000	86329.679052	102590.573143	112563.809760	133700.155759	-0.070000	0.774000	0.574000	192.000000	0.000000	0.000000	0.000000	0.000000	0.000000	0.000000	0.000000	0.000000	0.000000	1733433181.046701	0.000000
89.000000	87912.584890	18780.338023	187500.000000	187500.000000	86328.270892	102588.583838	112577.041993	133694.858395	-0.070000	0.774000	0.574000	192.000000	0.000000	0.000000	0.000000	0.000000	0.000000	0.000000	0.000000	0.000000	0.000000	1733433181.049724	0.000000
90.000000	87898.927975	18760.735543	187500.000000	187500.000000	86322.817066	102574.792811	112559.384115	133697.115922	-0.070000	0.774000	0.574000	192.000000	0.000000	0.000000	0.000000	0.000000	0.000000	0.000000	0.000000	0.000000	0.000000	1733433181.055107	0.000000
91.000000	87907.913376	18758.902700	187500.000000	187500.000000	86333.322386	102581.900666	112558.981783	133714.818503	-0.070000	0.774000	0.574000	192.000000	0.000000	0.000000	0.000000	0.000000	0.000000	0.000000	0.000000	0.000000	0.000000	1733433181.059067	0.000000
92.000000	87906.549919	18751.012534	187500.000000	187500.000000	86328.472057	102563.907512	112561.641641	133730.554131	-0.070000	0.774000	0.574000	192.000000	0.000000	0.000000	0.000000	0.000000	0.000000	0.000000	0.000000	0.000000	0.000000	1733433181.062969	0.000000
93.000000	87899.039733	18750.029057	187500.000000	187500.000000	86320.827761	102568.288454	112562.580414	133712.806846	-0.070000	0.774000	0.574000	192.000000	0.000000	0.000000	0.000000	0.000000	0.000000	0.000000	0.000000	0.000000	0.000000	1733433181.066977	0.000000
94.000000	87900.045562	18759.506197	187500.000000	187500.000000	86321.967700	102574.636349	112560.658164	133687.951706	-0.074000	0.778000	0.582000	192.000000	253.000000	176.000000	24.000000	80.000000	18.000000	48.000000	0.000000	0.000000	0.000000	1733433181.071880	0.000000
95.000000	87898.615050	18758.947403	187500.000000	187500.000000	86323.353508	102562.968738	112558.959432	133679.055712	-0.074000	0.778000	0.582000	192.000000	0.000000	0.000000	0.000000	0.000000	0.000000	0.000000	0.000000	0.000000	0.000000	1733433181.074752	0.000000
96.000000	87903.219510	18762.478979	187500.000000	187500.000000	86330.059031	102563.326366	112562.803932	133703.933204	-0.074000	0.778000	0.582000	192.000000	0.000000	0.000000	0.000000	0.000000	0.000000	0.000000	0.000000	0.000000	0.000000	1733433181.078781	0.000000
97.000000	87904.918242	18759.394438	187500.000000	187500.000000	86327.153304	102566.992052	112565.352030	133705.855454	-0.074000	0.778000	0.582000	192.000000	0.000000	0.000000	0.000000	0.000000	0.000000	0.000000	0.000000	0.000000	0.000000	1733433181.082760	0.000000
98.000000	87906.751085	18766.725810	187500.000000	187500.000000	86333.076517	102583.085308	112573.868045	133708.828236	-0.074000	0.778000	0.582000	192.000000	0.000000	0.000000	0.000000	0.000000	0.000000	0.000000	0.000000	0.000000	0.000000	1733433181.086852	0.000000
99.000000	87911.422600	18763.730677	187500.000000	187500.000000	86334.909360	102582.459460	112568.011888	133710.526968	-0.074000	0.778000	0.582000	192.000000	0.000000	0.000000	0.000000	0.000000	0.000000	0.000000	0.000000	0.000000	0.000000	1733433181.090798	0.000000
100.000000	87908.338059	18762.903662	187500.000000	187500.000000	86324.873427	102572.177657	112549.437588	133716.204311	-0.074000	0.778000	0.582000	192.000000	0.000000	0.000000	0.000000	0.000000	0.000000	0.000000	0.000000	0.000000	0.000000	1733433181.094803	0.000000
101.000000	87903.375972	18777.789924	187500.000000	187500.000000	86317.385592	102565.047451	112546.889490	133711.733963	-0.074000	0.778000	0.582000	192.000000	0.000000	0.000000	0.000000	0.000000	0.000000	0.000000	0.000000	0.000000	0.000000	1733433181.098974	0.000000
102.000000	87894.904661	18771.844360	187500.000000	187500.000000	86315.597453	102551.546997	112556.411333	133719.668832	-0.074000	0.778000	0.582000	192.000000	0.000000	0.000000	0.000000	0.000000	0.000000	0.000000	0.000000	0.000000	0.000000	1733433181.103076	0.000000
103.000000	87893.563556	18749.157339	187500.000000	187500.000000	86320.581892	102570.166000	112549.035257	133709.968175	-0.074000	0.778000	0.582000	192.000000	0.000000	0.000000	0.000000	0.000000	0.000000	0.000000	0.000000	0.000000	0.000000	1733433181.105960	0.000000
104.000000	87890.814291	18733.511118	187500.000000	187500.000000	86324.515799	102565.092154	112548.431760	133687.258802	-0.076000	0.772000	0.578000	192.000000	253.000000	160.000000	24.000000	32.000000	18.000000	16.000000	0.000000	0.000000	0.000000	1733433181.111070	0.000000
105.000000	87900.559652	18744.754046	187500.000000	187500.000000	86328.069726	102560.666509	112562.803932	133697.115922	-0.076000	0.772000	0.578000	192.000000	0.000000	0.000000	0.000000	0.000000	0.000000	0.000000	0.000000	0.000000	0.000000	1733433181.114842	0.000000
106.000000	87905.924071	18753.940613	187500.000000	187500.000000	86329.656700	102566.299148	112565.597900	133704.581404	-0.076000	0.772000	0.578000	192.000000	0.000000	0.000000	0.000000	0.000000	0.000000	0.000000	0.000000	0.000000	0.000000	1733433181.119063	0.000000
107.000000	87904.694725	18759.506197	187500.000000	187500.000000	86332.584778	102555.078573	112560.322888	133713.008012	-0.076000	0.772000	0.578000	192.000000	0.000000	0.000000	0.000000	0.000000	0.000000	0.000000	0.000000	0.000000	0.000000	1733433181.122857	0.000000
108.000000	87904.828835	18765.429409	187500.000000	187500.000000	86346.331101	102563.594587	112568.660089	133692.042076	-0.076000	0.772000	0.578000	192.000000	0.000000	0.000000	0.000000	0.000000	0.000000	0.000000	0.000000	0.000000	0.000000	1733433181.127864	0.000000
109.000000	87904.448855	18771.397325	187500.000000	187500.000000	86350.913209	102574.859866	112571.632871	133701.116884	-0.076000	0.772000	0.578000	192.000000	0.000000	0.000000	0.000000	0.000000	0.000000	0.000000	0.000000	0.000000	0.000000	1733433181.130843	0.000000
110.000000	87897.296297	18757.718057	187500.000000	187500.000000	86345.481735	102572.401175	112559.339411	133687.147044	-0.076000	0.772000	0.578000	192.000000	0.000000	0.000000	0.000000	0.000000	0.000000	0.000000	0.000000	0.000000	0.000000	1733433181.133894	0.000000
111.000000	87900.425541	18763.484807	187500.000000	187500.000000	86349.505049	102569.294282	112547.940022	133689.225756	-0.076000	0.772000	0.578000	192.000000	0.000000	0.000000	0.000000	0.000000	0.000000	0.000000	0.000000	0.000000	0.000000	1733433181.139004	0.000000
112.000000	87910.617937	18756.444008	187500.000000	187500.000000	86358.401043	102582.124183	112562.736876	133705.766047	-0.076000	0.772000	0.578000	192.000000	0.000000	0.000000	0.000000	0.000000	0.000000	0.000000	0.000000	0.000000	0.000000	1733433181.143057	0.000000
113.000000	87907.421637	18752.554804	187500.000000	187500.000000	86357.283456	102585.655759	112572.281071	133708.180035	-0.076000	0.772000	0.578000	192.000000	0.000000	0.000000	0.000000	0.000000	0.000000	0.000000	0.000000	0.000000	0.000000	1733433181.147165	0.000000
114.000000	87911.243786	18749.112636	187500.000000	187500.000000	86363.363130	102593.881201	112581.713507	133740.500658	-0.076000	0.764000	0.578000	192.000000	253.000000	160.000000	23.000000	224.000000	18.000000	16.000000	0.000000	0.000000	0.000000	1733433181.150906	0.000000
115.000000	87900.425541	18734.315781	187500.000000	187500.000000	86358.401043	102575.820991	112561.641641	133735.940902	-0.076000	0.764000	0.578000	192.000000	0.000000	0.000000	0.000000	0.000000	0.000000	0.000000	0.000000	0.000000	0.000000	1733433181.154183	0.000000
116.000000	87900.380838	18740.104883	187500.000000	187500.000000	86361.977322	102580.939541	112548.588222	133720.540550	-0.076000	0.764000	0.578000	192.000000	0.000000	0.000000	0.000000	0.000000	0.000000	0.000000	0.000000	0.000000	0.000000	1733433181.157879	0.000000
117.000000	87911.556710	18765.496464	187500.000000	187500.000000	86378.115282	102584.672282	112574.516246	133715.600814	-0.076000	0.764000	0.578000	192.000000	0.000000	0.000000	0.000000	0.000000	0.000000	0.000000	0.000000	0.000000	0.000000	1733433181.161861	0.000000
118.000000	87909.679164	18771.531435	187500.000000	187500.000000	86369.934543	102582.861791	112578.830132	133731.671719	-0.076000	0.764000	0.578000	192.000000	0.000000	0.000000	0.000000	0.000000	0.000000	0.000000	0.000000	0.000000	0.000000	1733433181.166862	0.000000
119.000000	87910.528530	18760.132046	187500.000000	187500.000000	86367.542907	102586.482774	112572.392830	133730.464724	-0.076000	0.764000	0.578000	192.000000	0.000000	0.000000	0.000000	0.000000	0.000000	0.000000	0.000000	0.000000	0.000000	1733433181.170920	0.000000
120.000000	87907.958079	18753.538281	187500.000000	187500.000000	86370.359227	102582.750032	112565.799065	133713.678564	-0.076000	0.764000	0.578000	192.000000	0.000000	0.000000	0.000000	0.000000	0.000000	0.000000	0.000000	0.000000	0.000000	1733433181.175021	0.000000
121.000000	87905.991126	18764.468284	187500.000000	187500.000000	86370.403930	102581.520686	112572.258719	133721.859303	-0.076000	0.764000	0.578000	192.000000	0.000000	0.000000	0.000000	0.000000	0.000000	0.000000	0.000000	0.000000	0.000000	1733433181.179065	0.000000
122.000000	87908.539225	18767.664584	187500.000000	187500.000000	86374.650761	102586.102794	112558.378286	133712.605681	-0.076000	0.764000	0.578000	192.000000	0.000000	0.000000	0.000000	0.000000	0.000000	0.000000	0.000000	0.000000	0.000000	1733433181.182268	0.000000
123.000000	87905.097056	18746.989220	187500.000000	187500.000000	86366.022988	102559.995956	112543.514376	133721.255806	-0.076000	0.764000	0.578000	192.000000	0.000000	0.000000	0.000000	0.000000	0.000000	0.000000	0.000000	0.000000	0.000000	1733433181.186190	0.000000
124.000000	87910.819103	18756.019325	187500.000000	187500.000000	86372.840270	102587.645064	112567.698964	133738.556056	-0.072000	0.766000	0.580000	192.000000	253.000000	192.000000	23.000000	240.000000	18.000000	32.000000	0.000000	0.000000	0.000000	1733433181.190100	0.000000
125.000000	87915.982356	18766.837569	187500.000000	187500.000000	86383.524404	102605.437053	112583.926330	133735.292701	-0.072000	0.766000	0.580000	192.000000	0.000000	0.000000	0.000000	0.000000	0.000000	0.000000	0.000000	0.000000	0.000000	1733433181.193925	0.000000
126.000000	87912.607242	18766.390534	187500.000000	187500.000000	86382.138596	102598.999750	112576.863179	133701.966250	-0.072000	0.766000	0.580000	192.000000	0.000000	0.000000	0.000000	0.000000	0.000000	0.000000	0.000000	0.000000	0.000000	1733433181.198912	0.000000
127.000000	87913.724829	18764.088305	187500.000000	187500.000000	86380.775139	102595.132899	112577.310214	133697.674715	-0.072000	0.766000	0.580000	192.000000	0.000000	0.000000	0.000000	0.000000	0.000000	0.000000	0.000000	0.000000	0.000000	1733433181.203166	0.000000
128.000000	87919.715097	18766.837569	187500.000000	187500.000000	86378.472910	102588.740300	112575.432667	133711.264576	-0.072000	0.766000	0.580000	192.000000	0.000000	0.000000	0.000000	0.000000	0.000000	0.000000	0.000000	0.000000	0.000000	1733433181.206967	0.000000
129.000000	87915.334155	18770.302089	187500.000000	187500.000000	86373.980209	102590.662550	112566.022583	133745.730966	-0.072000	0.766000	0.580000	192.000000	0.000000	0.000000	0.000000	0.000000	0.000000	0.000000	0.000000	0.000000	0.000000	1733433181.209989	0.000000
130.000000	87916.071763	18789.502238	187500.000000	187500.000000	86374.740168	102577.765593	112557.439513	133739.673643	-0.072000	0.766000	0.580000	192.000000	0.000000	0.000000	0.000000	0.000000	0.000000	0.000000	0.000000	0.000000	0.000000	1733433181.214149	0.000000
131.000000	87906.147588	18768.469246	187500.000000	187500.000000	86364.212497	102558.073706	112538.194661	133717.768934	-0.072000	0.766000	0.580000	192.000000	0.000000	0.000000	0.000000	0.000000	0.000000	0.000000	0.000000	0.000000	0.000000	1733433181.218103	0.000000
132.000000	87888.936745	18735.701589	187500.000000	187500.000000	86352.522534	102559.995956	112534.439568	133695.752465	-0.072000	0.766000	0.580000	192.000000	0.000000	0.000000	0.000000	0.000000	0.000000	0.000000	0.000000	0.000000	0.000000	1733433181.222233	0.000000
133.000000	87906.438161	18763.328345	187500.000000	187500.000000	86362.871392	102582.057128	112560.993440	133720.004108	-0.072000	0.766000	0.580000	192.000000	0.000000	0.000000	0.000000	0.000000	0.000000	0.000000	0.000000	0.000000	0.000000	1733433181.226330	0.000000
134.000000	87911.355544	18763.976546	187500.000000	187500.000000	86368.436976	102572.781154	112557.215995	133728.631881	-0.074000	0.774000	0.582000	192.000000	253.000000	176.000000	24.000000	48.000000	18.000000	48.000000	0.000000	0.000000	0.000000	1733433181.229964	0.000000
135.000000	87904.806483	18758.008630	187500.000000	187500.000000	86357.059939	102561.784096	112537.524109	133706.995393	-0.074000	0.774000	0.582000	192.000000	0.000000	0.000000	0.000000	0.000000	0.000000	0.000000	0.000000	0.000000	0.000000	1733433181.233968	0.000000
136.000000	87895.664620	18739.926069	187500.000000	187500.000000	86355.785889	102582.504163	112551.940984	133694.053733	-0.074000	0.774000	0.582000	192.000000	0.000000	0.000000	0.000000	0.000000	0.000000	0.000000	0.000000	0.000000	0.000000	1733433181.239027	0.000000
137.000000	87891.082512	18744.642287	187500.000000	187500.000000	86350.466174	102583.778213	112548.767036	133695.618355	-0.074000	0.774000	0.582000	192.000000	0.000000	0.000000	0.000000	0.000000	0.000000	0.000000	0.000000	0.000000	0.000000	1733433181.243016	0.000000
138.000000	87900.559652	18758.567424	187500.000000	187500.000000	86363.206668	102596.362245	112554.667897	133702.614451	-0.074000	0.774000	0.582000	192.000000	0.000000	0.000000	0.000000	0.000000	0.000000	0.000000	0.000000	0.000000	0.000000	1733433181.247051	0.000000
139.000000	87900.023210	18760.735543	187500.000000	187500.000000	86362.379654	102584.739338	112553.237385	133718.260672	-0.074000	0.774000	0.582000	192.000000	0.000000	0.000000	0.000000	0.000000	0.000000	0.000000	0.000000	0.000000	0.000000	1733433181.250215	0.000000
140.000000	87900.403190	18754.030020	187500.000000	187500.000000	86358.199878	102563.929863	112551.225728	133732.074050	-0.074000	0.774000	0.582000	192.000000	0.000000	0.000000	0.000000	0.000000	0.000000	0.000000	0.000000	0.000000	0.000000	1733433181.254210	0.000000
141.000000	87896.290469	18754.052371	187500.000000	187500.000000	86362.781985	102558.274872	112557.886548	133717.657175	-0.074000	0.774000	0.582000	192.000000	0.000000	0.000000	0.000000	0.000000	0.000000	0.000000	0.000000	0.000000	0.000000	1733433181.258031	0.000000
142.000000	87886.679219	18729.063121	187500.000000	187500.000000	86362.424357	102568.176695	112562.468655	133718.059506	-0.074000	0.774000	0.582000	192.000000	0.000000	0.000000	0.000000	0.000000	0.000000	0.000000	0.000000	0.000000	0.000000	1733433181.262216	0.000000
143.000000	87890.836643	18736.528604	187500.000000	187500.000000	86368.168756	102586.840402	112557.953603	133715.109076	-0.074000	0.774000	0.582000	192.000000	0.000000	0.000000	0.000000	0.000000	0.000000	0.000000	0.000000	0.000000	0.000000	1733433181.266065	0.000000
144.000000	87896.089303	18744.396418	187500.000000	187500.000000	86367.878183	102590.729605	112552.119798	133734.018652	-0.080000	0.772000	0.584000	192.000000	253.000000	128.000000	24.000000	32.000000	18.000000	64.000000	0.000000	0.000000	0.000000	1733433181.271189	0.000000
145.000000	87888.310896	18732.505290	187500.000000	187500.000000	86362.536116	102578.860829	112542.396789	133718.774762	-0.080000	0.772000	0.584000	192.000000	0.000000	0.000000	0.000000	0.000000	0.000000	0.000000	0.000000	0.000000	0.000000	1733433181.275070	0.000000
146.000000	87894.234108	18738.204984	187500.000000	187500.000000	86366.447671	102583.130012	112538.217013	133706.794227	-0.080000	0.772000	0.584000	192.000000	0.000000	0.000000	0.000000	0.000000	0.000000	0.000000	0.000000	0.000000	0.000000	1733433181.278085	0.000000
147.000000	87888.310896	18732.974676	187500.000000	187500.000000	86353.796584	102568.020233	112522.235515	133713.142122	-0.080000	0.772000	0.584000	192.000000	0.000000	0.000000	0.000000	0.000000	0.000000	0.000000	0.000000	0.000000	0.000000	1733433181.282351	0.000000
148.000000	87889.652001	18743.971735	187500.000000	187500.000000	86367.766424	102590.439032	112543.290859	133717.545416	-0.080000	0.772000	0.584000	192.000000	0.000000	0.000000	0.000000	0.000000	0.000000	0.000000	0.000000	0.000000	0.000000	1733433181.286306	0.000000
149.000000	87890.143739	18765.518816	187500.000000	187500.000000	86374.986038	102571.998843	112542.374437	133721.278157	-0.080000	0.772000	0.584000	192.000000	0.000000	0.000000	0.000000	0.000000	0.000000	0.000000	0.000000	0.000000	0.000000	1733433181.290152	0.000000
150.000000	87884.622858	18744.597583	187500.000000	187500.000000	86370.739206	102554.631538	112526.638809	133729.525951	-0.080000	0.772000	0.584000	192.000000	0.000000	0.000000	0.000000	0.000000	0.000000	0.000000	0.000000	0.000000	0.000000	1733433181.294347	0.000000
151.000000	87882.454739	18728.124348	187500.000000	187500.000000	86378.227041	102560.711212	112544.900184	133716.561939	-0.080000	0.772000	0.584000	192.000000	0.000000	0.000000	0.000000	0.000000	0.000000	0.000000	0.000000	0.000000	0.000000	1733433181.299125	0.000000
152.000000	87890.099036	18744.508176	187500.000000	187500.000000	86377.712950	102565.896817	112541.480367	133717.254843	-0.080000	0.772000	0.584000	192.000000	0.000000	0.000000	0.000000	0.000000	0.000000	0.000000	0.000000	0.000000	0.000000	1733433181.303365	0.000000
153.000000	87887.260364	18743.502348	187500.000000	187500.000000	86385.580764	102596.630466	112550.286955	133719.780591	-0.080000	0.772000	0.584000	192.000000	0.000000	0.000000	0.000000	0.000000	0.000000	0.000000	0.000000	0.000000	0.000000	1733433181.306176	0.000000
154.000000	87885.472224	18727.811423	187500.000000	187500.000000	86398.947108	102601.570201	112558.445341	133709.565843	-0.072000	0.770000	0.582000	192.000000	253.000000	192.000000	24.000000	16.000000	18.000000	48.000000	0.000000	0.000000	0.000000	1733433181.310122	0.000000
155.000000	87883.058236	18739.523737	187500.000000	187500.000000	86389.134692	102558.923073	112549.392885	133716.941919	-0.072000	0.770000	0.582000	192.000000	0.000000	0.000000	0.000000	0.000000	0.000000	0.000000	0.000000	0.000000	0.000000	1733433181.314120	0.000000
156.000000	87889.942573	18752.174825	187500.000000	187500.000000	86385.938392	102556.129105	112547.157710	133702.793265	-0.072000	0.770000	0.582000	192.000000	0.000000	0.000000	0.000000	0.000000	0.000000	0.000000	0.000000	0.000000	0.000000	1733433181.318400	0.000000
157.000000	87898.011553	18754.588813	187500.000000	187500.000000	86394.163834	102563.192256	112550.622231	133720.272329	-0.072000	0.770000	0.582000	192.000000	0.000000	0.000000	0.000000	0.000000	0.000000	0.000000	0.000000	0.000000	0.000000	1733433181.322146	0.000000
158.000000	87897.743332	18756.332249	187500.000000	187500.000000	86396.153140	102567.975529	112550.644583	133729.414192	-0.072000	0.770000	0.582000	192.000000	0.000000	0.000000	0.000000	0.000000	0.000000	0.000000	0.000000	0.000000	0.000000	1733433181.327401	0.000000
159.000000	87887.975620	18748.173862	187500.000000	187500.000000	86389.246451	102572.669396	112543.000286	133710.325803	-0.072000	0.770000	0.582000	192.000000	0.000000	0.000000	0.000000	0.000000	0.000000	0.000000	0.000000	0.000000	0.000000	1733433181.334446	0.000000
160.000000	87876.308009	18734.673409	187500.000000	187500.000000	86374.650761	102543.857997	112523.822489	133713.678564	-0.072000	0.770000	0.582000	192.000000	0.000000	0.000000	0.000000	0.000000	0.000000	0.000000	0.000000	0.000000	0.000000	1733433181.334885	0.000000
161.000000	87867.702588	18714.176859	187500.000000	187500.000000	86366.022988	102527.988258	112505.248190	133725.435582	-0.072000	0.770000	0.582000	192.000000	0.000000	0.000000	0.000000	0.000000	0.000000	0.000000	0.000000	0.000000	0.000000	1733433181.338150	0.000000
162.000000	87871.144756	18717.954304	187500.000000	187500.000000	86374.941334	102546.808427	112502.342463	133693.785512	-0.072000	0.770000	0.582000	192.000000	0.000000	0.000000	0.000000	0.000000	0.000000	0.000000	0.000000	0.000000	0.000000	1733433181.342148	0.000000
163.000000	87888.154434	18747.257441	187500.000000	187500.000000	86397.471893	102578.637311	112541.010981	133708.045925	-0.072000	0.770000	0.582000	192.000000	0.000000	0.000000	0.000000	0.000000	0.000000	0.000000	0.000000	0.000000	0.000000	1733433181.346178	0.000000
164.000000	87887.975620	18754.074723	187500.000000	187500.000000	86398.567128	102555.972642	112533.277277	133694.679581	-0.080000	0.774000	0.578000	192.000000	253.000000	128.000000	24.000000	48.000000	18.000000	16.000000	0.000000	0.000000	0.000000	1733433181.350197	0.000000
165.000000	87886.500405	18756.198139	187500.000000	187500.000000	86398.254204	102542.293375	112529.656295	133700.178111	-0.080000	0.774000	0.578000	192.000000	0.000000	0.000000	0.000000	0.000000	0.000000	0.000000	0.000000	0.000000	0.000000	1733433181.355204	0.000000
166.000000	87885.494576	18758.008630	187500.000000	187500.000000	86397.941279	102543.120389	112528.494004	133716.137256	-0.080000	0.774000	0.578000	192.000000	0.000000	0.000000	0.000000	0.000000	0.000000	0.000000	0.000000	0.000000	0.000000	1733433181.358184	0.000000
167.000000	87889.160262	18745.804578	187500.000000	187500.000000	86403.596271	102564.935692	112528.695170	133718.037154	-0.080000	0.774000	0.578000	192.000000	0.000000	0.000000	0.000000	0.000000	0.000000	0.000000	0.000000	0.000000	0.000000	1733433181.362397	0.000000
168.000000	87876.062140	18725.665656	187500.000000	187500.000000	86408.245433	102570.814201	112546.822434	133724.496809	-0.080000	0.774000	0.578000	192.000000	0.000000	0.000000	0.000000	0.000000	0.000000	0.000000	0.000000	0.000000	0.000000	1733433181.366419	0.000000
169.000000	87876.352713	18746.810406	187500.000000	187500.000000	86411.754657	102546.808427	112541.458016	133699.328744	-0.080000	0.774000	0.578000	192.000000	0.000000	0.000000	0.000000	0.000000	0.000000	0.000000	0.000000	0.000000	0.000000	1733433181.370608	0.000000
170.000000	87884.019361	18747.100979	187500.000000	187500.000000	86418.057849	102562.186427	112544.184928	133683.168433	-0.080000	0.774000	0.578000	192.000000	0.000000	0.000000	0.000000	0.000000	0.000000	0.000000	0.000000	0.000000	0.000000	1733433181.374513	0.000000
171.000000	87882.342980	18735.835700	187500.000000	187500.000000	86426.573864	102569.651910	112548.476463	133699.619317	-0.080000	0.774000	0.578000	192.000000	0.000000	0.000000	0.000000	0.000000	0.000000	0.000000	0.000000	0.000000	0.000000	1733433181.378183	0.000000
172.000000	87877.246782	18728.951362	187500.000000	187500.000000	86418.750753	102560.152419	112545.414274	133708.403553	-0.080000	0.774000	0.578000	192.000000	0.000000	0.000000	0.000000	0.000000	0.000000	0.000000	0.000000	0.000000	0.000000	1733433181.383255	0.000000
173.000000	87881.538317	18740.015476	187500.000000	187500.000000	86421.701184	102564.242788	112544.363742	133705.877805	-0.080000	0.774000	0.578000	192.000000	0.000000	0.000000	0.000000	0.000000	0.000000	0.000000	0.000000	0.000000	0.000000	1733433181.386333	0.000000
174.000000	87882.790015	18743.792921	187500.000000	187500.000000	86424.696317	102583.778213	112542.217975	133715.109076	-0.078000	0.770000	0.576000	192.000000	253.000000	144.000000	24.000000	16.000000	18.000000	0.000000	0.000000	0.000000	0.000000	1733433181.389256	0.000000
175.000000	87876.240954	18728.750197	187500.000000	187500.000000	86419.957747	102572.781154	112549.147016	133742.780536	-0.078000	0.770000	0.576000	192.000000	0.000000	0.000000	0.000000	0.000000	0.000000	0.000000	0.000000	0.000000	0.000000	1733433181.394502	0.000000
176.000000	87885.785149	18755.058200	187500.000000	187500.000000	86431.915931	102573.921093	112552.902109	133723.401573	-0.078000	0.770000	0.576000	192.000000	0.000000	0.000000	0.000000	0.000000	0.000000	0.000000	0.000000	0.000000	0.000000	1733433181.398374	0.000000
177.000000	87894.412922	18762.300165	187500.000000	187500.000000	86429.367832	102561.605282	112542.173271	133726.173189	-0.078000	0.770000	0.576000	192.000000	0.000000	0.000000	0.000000	0.000000	0.000000	0.000000	0.000000	0.000000	0.000000	1733433181.402427	0.000000
178.000000	87893.384742	18740.060179	187500.000000	187500.000000	86436.833315	102578.413794	112562.781580	133721.322861	-0.078000	0.770000	0.576000	192.000000	0.000000	0.000000	0.000000	0.000000	0.000000	0.000000	0.000000	0.000000	0.000000	1733433181.406394	0.000000
179.000000	87884.913431	18738.294391	187500.000000	187500.000000	86440.521352	102575.061032	112561.619289	133693.539643	-0.078000	0.770000	0.576000	192.000000	0.000000	0.000000	0.000000	0.000000	0.000000	0.000000	0.000000	0.000000	0.000000	1733433181.411262	0.000000
180.000000	87883.348809	18739.657848	187500.000000	187500.000000	86435.514562	102570.233055	112550.599879	133705.073143	-0.078000	0.770000	0.576000	192.000000	0.000000	0.000000	0.000000	0.000000	0.000000	0.000000	0.000000	0.000000	0.000000	1733433181.414281	0.000000
181.000000	87883.661733	18748.330325	187500.000000	187500.000000	86439.694338	102561.046488	112556.567795	133717.768934	-0.078000	0.770000	0.576000	192.000000	0.000000	0.000000	0.000000	0.000000	0.000000	0.000000	0.000000	0.000000	0.000000	1733433181.417271	0.000000
182.000000	87877.246782	18755.080552	187500.000000	187500.000000	86432.273559	102558.319576	112551.471597	133692.019724	-0.078000	0.770000	0.576000	192.000000	0.000000	0.000000	0.000000	0.000000	0.000000	0.000000	0.000000	0.000000	0.000000	1733433181.422297	0.000000
183.000000	87887.752102	18745.715171	187500.000000	187500.000000	86438.085012	102565.405079	112556.254870	133702.390933	-0.078000	0.770000	0.576000	192.000000	0.000000	0.000000	0.000000	0.000000	0.000000	0.000000	0.000000	0.000000	0.000000	1733433181.426300	0.000000
184.000000	87887.238012	18742.697685	187500.000000	187500.000000	86446.779841	102584.582875	112570.828208	133708.202387	-0.070000	0.768000	0.578000	192.000000	253.000000	208.000000	24.000000	0.000000	18.000000	16.000000	0.000000	0.000000	0.000000	1733433181.430441	0.000000
185.000000	87892.378913	18758.634479	187500.000000	187500.000000	86445.706957	102592.808317	112570.291766	133715.422000	-0.070000	0.768000	0.578000	192.000000	0.000000	0.000000	0.000000	0.000000	0.000000	0.000000	0.000000	0.000000	0.000000	1733433181.434423	0.000000
186.000000	87897.363352	18775.733563	187500.000000	187500.000000	86447.472745	102603.157175	112576.147923	133724.921492	-0.070000	0.768000	0.578000	192.000000	0.000000	0.000000	0.000000	0.000000	0.000000	0.000000	0.000000	0.000000	0.000000	1733433181.438481	0.000000
187.000000	87897.922146	18762.590738	187500.000000	187500.000000	86449.842030	102590.394329	112564.368554	133723.468628	-0.070000	0.768000	0.578000	192.000000	0.000000	0.000000	0.000000	0.000000	0.000000	0.000000	0.000000	0.000000	0.000000	1733433181.442536	0.000000
188.000000	87895.977544	18746.877461	187500.000000	187500.000000	86447.182172	102567.617901	112562.111027	133721.479323	-0.070000	0.768000	0.578000	192.000000	0.000000	0.000000	0.000000	0.000000	0.000000	0.000000	0.000000	0.000000	0.000000	1733433181.445375	0.000000
189.000000	87896.961021	18756.935746	187500.000000	187500.000000	86446.779841	102578.994939	112564.122684	133753.151745	-0.070000	0.768000	0.578000	192.000000	0.000000	0.000000	0.000000	0.000000	0.000000	0.000000	0.000000	0.000000	0.000000	1733433181.450324	0.000000
190.000000	87891.060161	18761.070819	187500.000000	187500.000000	86446.645730	102586.326311	112557.707734	133734.488038	-0.070000	0.768000	0.578000	192.000000	0.000000	0.000000	0.000000	0.000000	0.000000	0.000000	0.000000	0.000000	0.000000	1733433181.454344	0.000000
191.000000	87901.096094	18769.340964	187500.000000	187500.000000	86469.600972	102602.821899	112587.323795	133738.868980	-0.070000	0.768000	0.578000	192.000000	0.000000	0.000000	0.000000	0.000000	0.000000	0.000000	0.000000	0.000000	0.000000	1733433181.458368	0.000000
192.000000	87884.108768	18740.931897	187500.000000	187500.000000	86459.207411	102581.140707	112585.267435	133721.166399	-0.070000	0.768000	0.578000	192.000000	0.000000	0.000000	0.000000	0.000000	0.000000	0.000000	0.000000	0.000000	0.000000	1733433181.462328	0.000000
193.000000	87884.466396	18741.781264	187500.000000	187500.000000	86460.861440	102576.871523	112583.903978	133714.818503	-0.070000	0.768000	0.578000	192.000000	0.000000	0.000000	0.000000	0.000000	0.000000	0.000000	0.000000	0.000000	0.000000	1733433181.466389	0.000000
194.000000	87882.633553	18745.625764	187500.000000	187500.000000	86457.620437	102578.212628	112581.512342	133707.733000	-0.064000	0.764000	0.574000	192.000000	254.000000	0.000000	23.000000	224.000000	17.000000	240.000000	0.000000	0.000000	0.000000	1733433181.469584	0.000000
195.000000	87886.522756	18756.980450	187500.000000	187500.000000	86467.678722	102583.085308	112587.860237	133740.612416	-0.064000	0.764000	0.574000	192.000000	0.000000	0.000000	0.000000	0.000000	0.000000	0.000000	0.000000	0.000000	0.000000	1733433181.473734	0.000000
196.000000	87887.126254	18760.757895	187500.000000	187500.000000	86474.048969	102585.208724	112585.960339	133733.191637	-0.064000	0.764000	0.574000	192.000000	0.000000	0.000000	0.000000	0.000000	0.000000	0.000000	0.000000	0.000000	0.000000	1733433181.479612	0.000000
197.000000	87880.241916	18751.437217	187500.000000	187500.000000	86464.124794	102576.536247	112571.342298	133694.746637	-0.064000	0.764000	0.574000	192.000000	0.000000	0.000000	0.000000	0.000000	0.000000	0.000000	0.000000	0.000000	0.000000	1733433181.482428	0.000000
198.000000	87877.962038	18749.827892	187500.000000	187500.000000	86449.529105	102568.176695	112562.222786	133713.365640	-0.064000	0.764000	0.574000	192.000000	0.000000	0.000000	0.000000	0.000000	0.000000	0.000000	0.000000	0.000000	0.000000	1733433181.486681	0.000000
199.000000	87898.033905	18773.274872	187500.000000	187500.000000	86470.718559	102590.081404	112575.566778	133730.174152	-0.064000	0.764000	0.574000	192.000000	0.000000	0.000000	0.000000	0.000000	0.000000	0.000000	0.000000	0.000000	0.000000	1733433181.490446	0.000000
200.000000	87897.206890	18768.357488	187500.000000	187500.000000	86468.461033	102589.679073	112564.703830	133710.728134	-0.064000	0.764000	0.574000	192.000000	0.000000	0.000000	0.000000	0.000000	0.000000	0.000000	0.000000	0.000000	0.000000	1733433181.493414	0.000000
201.000000	87887.327419	18760.824950	187500.000000	187500.000000	86453.842992	102562.186427	112549.705809	133718.886521	-0.064000	0.764000	0.574000	192.000000	0.000000	0.000000	0.000000	0.000000	0.000000	0.000000	0.000000	0.000000	0.000000	1733433181.497424	0.000000
202.000000	87892.960059	18761.897834	187500.000000	187500.000000	86457.195754	102567.863770	112552.969164	133727.268425	-0.064000	0.764000	0.574000	192.000000	0.000000	0.000000	0.000000	0.000000	0.000000	0.000000	0.000000	0.000000	0.000000	1733433181.501648	0.000000
203.000000	87892.177748	18763.305993	187500.000000	187500.000000	86456.145222	102563.952215	112549.102312	133732.364623	-0.064000	0.764000	0.574000	192.000000	0.000000	0.000000	0.000000	0.000000	0.000000	0.000000	0.000000	0.000000	0.000000	1733433181.505599	0.000000
204.000000	87897.475111	18783.355508	187500.000000	187500.000000	86470.696207	102592.853021	112565.754362	133710.504617	-0.068000	0.764000	0.580000	192.000000	253.000000	224.000000	23.000000	224.000000	18.000000	32.000000	0.000000	0.000000	0.000000	1733433181.510708	0.000000
205.000000	87898.637402	18776.202950	187500.000000	187500.000000	86478.072283	102629.934565	112590.430688	133721.769896	-0.068000	0.764000	0.580000	192.000000	0.000000	0.000000	0.000000	0.000000	0.000000	0.000000	0.000000	0.000000	0.000000	1733433181.514600	0.000000
206.000000	87901.006687	18776.493523	187500.000000	187500.000000	86481.469748	102599.446785	112597.650301	133743.652254	-0.068000	0.764000	0.580000	192.000000	0.000000	0.000000	0.000000	0.000000	0.000000	0.000000	0.000000	0.000000	0.000000	1733433181.518430	0.000000
207.000000	87882.812367	18756.354601	187500.000000	187500.000000	86452.457184	102562.521704	112558.758266	133714.974965	-0.068000	0.764000	0.580000	192.000000	0.000000	0.000000	0.000000	0.000000	0.000000	0.000000	0.000000	0.000000	0.000000	1733433181.521482	0.000000
208.000000	87890.948402	18770.212683	187500.000000	187500.000000	86468.148109	102580.425451	112576.058516	133731.291739	-0.068000	0.764000	0.580000	192.000000	0.000000	0.000000	0.000000	0.000000	0.000000	0.000000	0.000000	0.000000	0.000000	1733433181.525419	0.000000
209.000000	87892.736541	18773.476037	187500.000000	187500.000000	86474.093673	102588.650893	112582.406411	133744.546323	-0.068000	0.764000	0.580000	192.000000	0.000000	0.000000	0.000000	0.000000	0.000000	0.000000	0.000000	0.000000	0.000000	1733433181.529481	0.000000
210.000000	87889.272021	18758.209796	187500.000000	187500.000000	86478.206394	102588.785003	112574.315080	133710.325803	-0.068000	0.764000	0.580000	192.000000	0.000000	0.000000	0.000000	0.000000	0.000000	0.000000	0.000000	0.000000	0.000000	1733433181.533491	0.000000
211.000000	87898.771512	18766.077610	187500.000000	187500.000000	86484.956620	102586.058090	112583.971034	133743.272274	-0.068000	0.764000	0.580000	192.000000	0.000000	0.000000	0.000000	0.000000	0.000000	0.000000	0.000000	0.000000	0.000000	1733433181.538635	0.000000
212.000000	87901.878405	18775.063011	187500.000000	187500.000000	86495.797216	102596.250486	112589.670728	133747.116774	-0.068000	0.764000	0.580000	192.000000	0.000000	0.000000	0.000000	0.000000	0.000000	0.000000	0.000000	0.000000	0.000000	1733433181.542807	0.000000
213.000000	87892.960059	18771.486732	187500.000000	187500.000000	86494.299650	102602.128995	112579.500685	133728.028384	-0.068000	0.764000	0.580000	192.000000	0.000000	0.000000	0.000000	0.000000	0.000000	0.000000	0.000000	0.000000	0.000000	1733433181.546610	0.000000
214.000000	87907.823969	18798.442936	187500.000000	187500.000000	86506.794275	102609.058035	112591.771792	133749.977797	-0.066000	0.770000	0.578000	192.000000	253.000000	240.000000	24.000000	16.000000	18.000000	16.000000	0.000000	0.000000	0.000000	1733433181.549506	0.000000
215.000000	87918.597510	18806.467212	187500.000000	187500.000000	86507.800103	102614.578916	112590.721260	133754.738719	-0.066000	0.770000	0.578000	192.000000	0.000000	0.000000	0.000000	0.000000	0.000000	0.000000	0.000000	0.000000	0.000000	1733433181.553761	0.000000
216.000000	87917.524626	18800.879276	187500.000000	187500.000000	86507.040144	102625.710085	112597.136211	133761.958332	-0.066000	0.770000	0.578000	192.000000	0.000000	0.000000	0.000000	0.000000	0.000000	0.000000	0.000000	0.000000	0.000000	1733433181.557535	0.000000
217.000000	87926.688841	18815.117337	187500.000000	187500.000000	86516.874911	102628.794626	112611.888362	133777.895126	-0.066000	0.770000	0.578000	192.000000	0.000000	0.000000	0.000000	0.000000	0.000000	0.000000	0.000000	0.000000	0.000000	1733433181.561520	0.000000
218.000000	87916.071763	18809.060014	187500.000000	187500.000000	86511.555196	102618.870451	112609.295560	133761.488946	-0.066000	0.770000	0.578000	192.000000	0.000000	0.000000	0.000000	0.000000	0.000000	0.000000	0.000000	0.000000	0.000000	1733433181.566533	0.000000
219.000000	87903.331268	18791.983282	187500.000000	187500.000000	86503.061533	102629.398123	112601.137173	133731.179980	-0.066000	0.770000	0.578000	192.000000	0.000000	0.000000	0.000000	0.000000	0.000000	0.000000	0.000000	0.000000	0.000000	1733433181.570573	0.000000
220.000000	87901.431370	18779.443953	187500.000000	187500.000000	86501.631022	102636.885957	112590.184819	133728.140143	-0.066000	0.770000	0.578000	192.000000	0.000000	0.000000	0.000000	0.000000	0.000000	0.000000	0.000000	0.000000	0.000000	1733433181.573656	0.000000
221.000000	87904.515911	18778.393421	187500.000000	187500.000000	86502.390981	102615.584745	112584.730993	133751.274198	-0.066000	0.770000	0.578000	192.000000	0.000000	0.000000	0.000000	0.000000	0.000000	0.000000	0.000000	0.000000	0.000000	1733433181.577702	0.000000
222.000000	87913.903643	18784.830723	187500.000000	187500.000000	86514.505627	102612.947239	112593.850505	133741.305320	-0.066000	0.770000	0.578000	192.000000	0.000000	0.000000	0.000000	0.000000	0.000000	0.000000	0.000000	0.000000	0.000000	1733433181.581704	0.000000
223.000000	87925.012460	18796.587741	187500.000000	187500.000000	86527.179066	102620.300963	112605.451060	133735.918550	-0.066000	0.770000	0.578000	192.000000	0.000000	0.000000	0.000000	0.000000	0.000000	0.000000	0.000000	0.000000	0.000000	1733433181.585534	0.000000
224.000000	87927.068821	18806.958950	187500.000000	187500.000000	86527.268473	102629.174606	112614.324703	133754.537553	-0.068000	0.768000	0.582000	192.000000	253.000000	224.000000	24.000000	0.000000	18.000000	48.000000	0.000000	0.000000	0.000000	1733433181.589510	0.000000
225.000000	87933.975510	18824.147442	187500.000000	187500.000000	86534.152810	102635.298983	112630.641476	133774.050626	-0.068000	0.768000	0.582000	192.000000	0.000000	0.000000	0.000000	0.000000	0.000000	0.000000	0.000000	0.000000	0.000000	1733433181.593562	0.000000
226.000000	87940.211647	18829.556564	187500.000000	187500.000000	86535.270397	102641.177492	112631.110863	133800.246871	-0.068000	0.768000	0.582000	192.000000	0.000000	0.000000	0.000000	0.000000	0.000000	0.000000	0.000000	0.000000	0.000000	1733433181.598585	0.000000
227.000000	87939.384632	18830.361227	187500.000000	187500.000000	86532.968167	102643.814998	112617.990389	133777.939830	-0.068000	0.768000	0.582000	192.000000	0.000000	0.000000	0.000000	0.000000	0.000000	0.000000	0.000000	0.000000	0.000000	1733433181.601566	0.000000
228.000000	87934.534303	18834.630410	187500.000000	187500.000000	86532.409374	102636.394219	112605.607522	133779.906783	-0.068000	0.768000	0.582000	192.000000	0.000000	0.000000	0.000000	0.000000	0.000000	0.000000	0.000000	0.000000	0.000000	1733433181.605647	0.000000
229.000000	87939.854019	18822.180488	187500.000000	187500.000000	86542.244141	102660.288234	112630.216793	133764.640542	-0.068000	0.768000	0.582000	192.000000	0.000000	0.000000	0.000000	0.000000	0.000000	0.000000	0.000000	0.000000	0.000000	1733433181.609711	0.000000
230.000000	87938.602321	18814.491488	187500.000000	187500.000000	86549.173182	102656.577844	112644.499558	133768.507393	-0.068000	0.768000	0.582000	192.000000	0.000000	0.000000	0.000000	0.000000	0.000000	0.000000	0.000000	0.000000	0.000000	1733433181.613847	0.000000
231.000000	87943.519705	18832.708160	187500.000000	187500.000000	86552.391833	102663.193961	112645.863014	133773.715350	-0.068000	0.768000	0.582000	192.000000	0.000000	0.000000	0.000000	0.000000	0.000000	0.000000	0.000000	0.000000	0.000000	1733433181.617635	0.000000
232.000000	87952.192182	18839.570146	187500.000000	187500.000000	86554.805822	102672.089955	112642.532604	133786.321734	-0.068000	0.768000	0.582000	192.000000	0.000000	0.000000	0.000000	0.000000	0.000000	0.000000	0.000000	0.000000	0.000000	1733433181.621596	0.000000
233.000000	87952.795679	18842.274707	187500.000000	187500.000000	86555.252857	102667.217275	112648.120540	133784.064208	-0.068000	0.768000	0.582000	192.000000	0.000000	0.000000	0.000000	0.000000	0.000000	0.000000	0.000000	0.000000	0.000000	1733433181.626589	0.000000
234.000000	87961.848135	18850.678963	187500.000000	187500.000000	86561.846621	102652.576882	112642.152624	133775.995228	-0.062000	0.772000	0.586000	192.000000	254.000000	16.000000	24.000000	32.000000	18.000000	80.000000	0.000000	0.000000	0.000000	1733433181.629590	0.000000
235.000000	87964.373882	18854.277593	187500.000000	187500.000000	86557.622142	102651.258129	112634.843604	133786.701713	-0.062000	0.772000	0.586000	192.000000	0.000000	0.000000	0.000000	0.000000	0.000000	0.000000	0.000000	0.000000	0.000000	1733433181.633616	0.000000
236.000000	87966.542002	18854.769332	187500.000000	187500.000000	86566.048749	102661.897559	112665.331383	133797.117626	-0.062000	0.772000	0.586000	192.000000	0.000000	0.000000	0.000000	0.000000	0.000000	0.000000	0.000000	0.000000	0.000000	1733433181.637614	0.000000
237.000000	87975.996789	18866.973384	187500.000000	187500.000000	86581.002066	102678.482554	112679.547093	133791.194414	-0.062000	0.772000	0.586000	192.000000	0.000000	0.000000	0.000000	0.000000	0.000000	0.000000	0.000000	0.000000	0.000000	1733433181.641735	0.000000
238.000000	87974.454519	18867.353364	187500.000000	187500.000000	86590.278040	102692.452394	112684.710346	133786.500548	-0.062000	0.772000	0.586000	192.000000	0.000000	0.000000	0.000000	0.000000	0.000000	0.000000	0.000000	0.000000	0.000000	1733433181.645777	0.000000
239.000000	87971.124109	18865.162893	187500.000000	187500.000000	86589.741598	102696.118080	112682.475171	133796.961164	-0.062000	0.772000	0.586000	192.000000	0.000000	0.000000	0.000000	0.000000	0.000000	0.000000	0.000000	0.000000	0.000000	1733433181.649851	0.000000
240.000000	87977.136728	18868.672117	187500.000000	187500.000000	86593.094360	102707.919801	112684.889160	133833.886246	-0.062000	0.772000	0.586000	192.000000	0.000000	0.000000	0.000000	0.000000	0.000000	0.000000	0.000000	0.000000	0.000000	1733433181.654749	0.000000
241.000000	87984.602211	18864.514692	187500.000000	187500.000000	86602.526796	102713.597144	112688.197218	133858.629627	-0.062000	0.772000	0.586000	192.000000	0.000000	0.000000	0.000000	0.000000	0.000000	0.000000	0.000000	0.000000	0.000000	1733433181.657671	0.000000
242.000000	87976.086196	18851.349515	187500.000000	187500.000000	86591.485034	102688.183211	112670.293471	133837.239008	-0.062000	0.772000	0.586000	192.000000	0.000000	0.000000	0.000000	0.000000	0.000000	0.000000	0.000000	0.000000	0.000000	1733433181.661651	0.000000
243.000000	87982.501147	18868.739172	187500.000000	187500.000000	86609.880520	102699.202621	112697.160267	133840.323548	-0.062000	0.772000	0.586000	192.000000	0.000000	0.000000	0.000000	0.000000	0.000000	0.000000	0.000000	0.000000	0.000000	1733433181.665682	0.000000
244.000000	87990.279554	18889.034556	187500.000000	187500.000000	86617.971852	102722.694304	112714.237000	133848.794860	-0.062000	0.772000	0.586000	192.000000	0.000000	0.000000	0.000000	0.000000	0.000000	0.000000	0.000000	0.000000	0.000000	1733433181.669802	0.000000
245.000000	87986.077426	18870.147332	187500.000000	187500.000000	86610.148741	102724.214223	112709.230209	133844.659787	-0.062000	0.772000	0.588000	192.000000	254.000000	16.000000	24.000000	32.000000	18.000000	96.000000	0.000000	0.000000	0.000000	1733433181.673784	0.000000
246.000000	87993.453502	18870.259091	187500.000000	187500.000000	86608.561767	102714.334752	112711.599494	133866.340979	-0.062000	0.772000	0.588000	192.000000	0.000000	0.000000	0.000000	0.000000	0.000000	0.000000	0.000000	0.000000	0.000000	1733433181.677749	0.000000
247.000000	87995.286345	18880.563245	187500.000000	187500.000000	86611.534549	102715.564098	112714.304055	133833.819191	-0.062000	0.772000	0.588000	192.000000	0.000000	0.000000	0.000000	0.000000	0.000000	0.000000	0.000000	0.000000	0.000000	1733433181.682928	0.000000
248.000000	88006.395162	18891.001510	187500.000000	187500.000000	86623.269215	102725.555328	112720.428433	133823.604444	-0.062000	0.772000	0.588000	192.000000	0.000000	0.000000	0.000000	0.000000	0.000000	0.000000	0.000000	0.000000	0.000000	1733433181.685689	0.000000
249.000000	88012.050153	18899.249303	187500.000000	187500.000000	86636.903779	102724.325982	112726.664570	133851.298255	-0.062000	0.772000	0.588000	192.000000	0.000000	0.000000	0.000000	0.000000	0.000000	0.000000	0.000000	0.000000	0.000000	1733433181.689690	0.000000
250.000000	88018.733325	18901.372719	187500.000000	187500.000000	86639.742451	102737.357049	112724.362340	133849.800688	-0.062000	0.772000	0.588000	192.000000	0.000000	0.000000	0.000000	0.000000	0.000000	0.000000	0.000000	0.000000	0.000000	1733433181.693715	0.000000
251.000000	88018.733325	18901.685643	187500.000000	187500.000000	86632.992224	102743.414371	112722.551849	133864.821060	-0.062000	0.772000	0.588000	192.000000	0.000000	0.000000	0.000000	0.000000	0.000000	0.000000	0.000000	0.000000	0.000000	1733433181.697744	0.000000
252.000000	88020.365002	18907.966484	187500.000000	187500.000000	86630.511180	102747.661203	112730.151442	133866.743310	-0.062000	0.772000	0.588000	192.000000	0.000000	0.000000	0.000000	0.000000	0.000000	0.000000	0.000000	0.000000	0.000000	1733433181.702078	0.000000
253.000000	88025.260034	18914.001455	187500.000000	187500.000000	86625.504389	102752.757401	112727.983323	133850.247723	-0.062000	0.772000	0.588000	192.000000	0.000000	0.000000	0.000000	0.000000	0.000000	0.000000	0.000000	0.000000	0.000000	1733433181.705938	0.000000
254.000000	88031.429116	18912.012149	187500.000000	187500.000000	86621.682241	102749.918729	112728.653875	133871.884212	-0.062000	0.772000	0.588000	192.000000	0.000000	0.000000	0.000000	0.000000	0.000000	0.000000	0.000000	0.000000	0.000000	1733433181.709998	0.000000
255.000000	88035.899465	18903.943170	187500.000000	187500.000000	86633.796887	102772.203418	112747.429341	133877.516851	-0.074000	0.768000	0.580000	192.000000	253.000000	176.000000	24.000000	0.000000	18.000000	32.000000	0.000000	0.000000	0.000000	1733433181.712783	0.000000
0.000000	88031.630281	18898.914027	187500.000000	187500.000000	86625.057355	102764.022680	112755.364210	133879.908488	-0.074000	0.768000	0.580000	192.000000	0.000000	0.000000	0.000000	0.000000	0.000000	0.000000	0.000000	0.000000	0.000000	1733433181.716846	0.000000
1.000000	88029.484514	18902.177382	187500.000000	187500.000000	86621.995166	102770.705851	112739.494471	133890.503215	-0.074000	0.768000	0.580000	192.000000	0.000000	0.000000	0.000000	0.000000	0.000000	0.000000	0.000000	0.000000	0.000000	1733433181.721708	0.000000
2.000000	88036.927645	18914.023806	187500.000000	187500.000000	86621.302262	102776.763174	112739.203899	133887.373970	-0.074000	0.768000	0.580000	192.000000	0.000000	0.000000	0.000000	0.000000	0.000000	0.000000	0.000000	0.000000	0.000000	1733433181.725730	0.000000
3.000000	88046.002453	18926.853708	187500.000000	187500.000000	86629.013613	102782.731090	112744.791835	133874.901697	-0.074000	0.768000	0.580000	192.000000	0.000000	0.000000	0.000000	0.000000	0.000000	0.000000	0.000000	0.000000	0.000000	1733433181.729777	0.000000
4.000000	88046.494191	18929.267696	187500.000000	187500.000000	86638.066070	102794.666921	112764.014335	133866.229220	-0.074000	0.768000	0.580000	192.000000	0.000000	0.000000	0.000000	0.000000	0.000000	0.000000	0.000000	0.000000	0.000000	1733433181.733799	0.000000
5.000000	88058.519430	18939.974182	187500.000000	187500.000000	86640.904741	102768.761250	112766.920062	133890.145587	-0.074000	0.768000	0.580000	192.000000	0.000000	0.000000	0.000000	0.000000	0.000000	0.000000	0.000000	0.000000	0.000000	1733433181.737775	0.000000
6.000000	88062.878020	18941.315286	187500.000000	187500.000000	86644.168096	102774.572703	112765.422495	133914.844264	-0.074000	0.768000	0.580000	192.000000	0.000000	0.000000	0.000000	0.000000	0.000000	0.000000	0.000000	0.000000	0.000000	1733433181.741229	0.000000
7.000000	88066.633113	18943.148129	187500.000000	187500.000000	86653.019387	102790.308331	112772.999736	133895.867633	-0.074000	0.768000	0.580000	192.000000	0.000000	0.000000	0.000000	0.000000	0.000000	0.000000	0.000000	0.000000	0.000000	1733433181.745034	0.000000
8.000000	88063.839145	18939.840071	187500.000000	187500.000000	86645.151573	102788.833116	112770.205768	133892.492520	-0.074000	0.768000	0.580000	192.000000	0.000000	0.000000	0.000000	0.000000	0.000000	0.000000	0.000000	0.000000	0.000000	1733433181.749859	0.000000
9.000000	88070.656427	18947.104388	187500.000000	187500.000000	86642.201143	102789.257799	112762.628527	133889.765607	-0.070000	0.772000	0.574000	192.000000	253.000000	208.000000	24.000000	32.000000	17.000000	240.000000	0.000000	0.000000	0.000000	1733433181.753979	0.000000
10.000000	88072.221049	18941.404693	187500.000000	187500.000000	86648.660797	102808.189727	112762.337954	133878.567383	-0.070000	0.772000	0.574000	192.000000	0.000000	0.000000	0.000000	0.000000	0.000000	0.000000	0.000000	0.000000	0.000000	1733433181.758171	0.000000
11.000000	88064.554401	18942.857557	187500.000000	187500.000000	86654.762823	102829.535643	112774.787876	133884.669409	-0.070000	0.772000	0.574000	192.000000	0.000000	0.000000	0.000000	0.000000	0.000000	0.000000	0.000000	0.000000	0.000000	1733433181.761821	0.000000
12.000000	88070.276448	18949.116045	187500.000000	187500.000000	86654.427547	102821.757236	112792.848086	133903.690744	-0.070000	0.772000	0.574000	192.000000	0.000000	0.000000	0.000000	0.000000	0.000000	0.000000	0.000000	0.000000	0.000000	1733433181.764814	0.000000
13.000000	88072.265753	18950.099522	187500.000000	187500.000000	86641.418832	102799.204326	112778.990004	133917.727639	-0.070000	0.772000	0.574000	192.000000	0.000000	0.000000	0.000000	0.000000	0.000000	0.000000	0.000000	0.000000	0.000000	1733433181.769016	0.000000
14.000000	88076.177308	18970.707830	187500.000000	187500.000000	86640.591817	102789.995407	112765.713068	133911.536206	-0.070000	0.772000	0.574000	192.000000	0.000000	0.000000	0.000000	0.000000	0.000000	0.000000	0.000000	0.000000	0.000000	1733433181.772828	0.000000
15.000000	88090.884756	18969.143208	187500.000000	187500.000000	86656.908590	102813.598849	112783.706222	133949.444765	-0.070000	0.772000	0.574000	192.000000	0.000000	0.000000	0.000000	0.000000	0.000000	0.000000	0.000000	0.000000	0.000000	1733433181.776930	0.000000
16.000000	88090.884756	18955.396885	187500.000000	187500.000000	86658.003826	102821.690181	112803.867496	133930.445782	-0.070000	0.772000	0.574000	192.000000	0.000000	0.000000	0.000000	0.000000	0.000000	0.000000	0.000000	0.000000	0.000000	1733433181.782069	0.000000
17.000000	88092.359971	18961.163635	187500.000000	187500.000000	86664.418777	102809.508480	112807.443775	133874.968752	-0.070000	0.772000	0.574000	192.000000	0.000000	0.000000	0.000000	0.000000	0.000000	0.000000	0.000000	0.000000	0.000000	1733433181.785988	0.000000
18.000000	88095.712733	18977.145133	187500.000000	187500.000000	86670.856079	102814.694084	112803.018129	133905.076552	-0.070000	0.772000	0.574000	192.000000	0.000000	0.000000	0.000000	0.000000	0.000000	0.000000	0.000000	0.000000	0.000000	1733433181.790054	0.000000
19.000000	88095.355105	18982.174275	187500.000000	187500.000000	86667.950352	102820.729055	112797.519600	133915.000727	-0.072000	0.762000	0.574000	192.000000	253.000000	192.000000	23.000000	208.000000	17.000000	240.000000	0.000000	0.000000	0.000000	1733433181.793055	0.000000
20.000000	88099.490178	18987.896322	187500.000000	187500.000000	86672.934791	102819.343247	112795.038556	133916.028907	-0.072000	0.762000	0.574000	192.000000	0.000000	0.000000	0.000000	0.000000	0.000000	0.000000	0.000000	0.000000	0.000000	1733433181.796854	0.000000
21.000000	88103.312326	18978.150961	187500.000000	187500.000000	86680.310867	102825.624088	112806.326187	133919.694593	-0.072000	0.762000	0.574000	192.000000	0.000000	0.000000	0.000000	0.000000	0.000000	0.000000	0.000000	0.000000	0.000000	1733433181.800844	0.000000
22.000000	88101.278317	18961.521263	187500.000000	187500.000000	86687.016390	102847.931128	112814.551629	133911.402096	-0.072000	0.762000	0.574000	192.000000	0.000000	0.000000	0.000000	0.000000	0.000000	0.000000	0.000000	0.000000	0.000000	1733433181.805829	0.000000
23.000000	88096.115064	18955.039257	187500.000000	187500.000000	86692.604326	102848.624033	112815.602161	133899.779189	-0.072000	0.762000	0.574000	192.000000	0.000000	0.000000	0.000000	0.000000	0.000000	0.000000	0.000000	0.000000	0.000000	1733433181.809898	0.000000
24.000000	88104.116989	18970.283147	187500.000000	187500.000000	86695.912384	102822.181919	112824.788728	133918.867578	-0.072000	0.762000	0.574000	192.000000	0.000000	0.000000	0.000000	0.000000	0.000000	0.000000	0.000000	0.000000	0.000000	1733433181.813924	0.000000
25.000000	88101.568890	18972.719487	187500.000000	187500.000000	86687.843405	102800.545430	112816.540935	133942.068689	-0.072000	0.762000	0.574000	192.000000	0.000000	0.000000	0.000000	0.000000	0.000000	0.000000	0.000000	0.000000	0.000000	1733433181.817950	0.000000
26.000000	88101.680649	18968.092676	187500.000000	187500.000000	86679.126224	102792.990541	112805.543876	133943.588608	-0.072000	0.762000	0.574000	192.000000	0.000000	0.000000	0.000000	0.000000	0.000000	0.000000	0.000000	0.000000	0.000000	1733433181.821099	0.000000
27.000000	88103.267622	18975.111124	187500.000000	187500.000000	86676.108739	102797.885573	112803.867496	133949.981207	-0.072000	0.762000	0.574000	192.000000	0.000000	0.000000	0.000000	0.000000	0.000000	0.000000	0.000000	0.000000	0.000000	1733433181.825209	0.000000
28.000000	88103.781713	18976.429877	187500.000000	187500.000000	86680.310867	102805.082834	112808.673121	133924.097887	-0.072000	0.762000	0.574000	192.000000	0.000000	0.000000	0.000000	0.000000	0.000000	0.000000	0.000000	0.000000	0.000000	1733433181.829172	0.000000
29.000000	88105.592204	18984.208284	187500.000000	187500.000000	86690.883242	102815.409340	112815.646865	133897.141683	-0.072000	0.766000	0.574000	192.000000	253.000000	192.000000	23.000000	240.000000	17.000000	240.000000	0.000000	0.000000	0.000000	1733433181.833055	0.000000
30.000000	88110.308422	18999.273360	187500.000000	187500.000000	86693.431341	102829.401532	112823.559382	133921.885064	-0.072000	0.766000	0.574000	192.000000	0.000000	0.000000	0.000000	0.000000	0.000000	0.000000	0.000000	0.000000	0.000000	1733433181.838058	0.000000
31.000000	88115.672841	18990.243255	187500.000000	187500.000000	86699.086332	102827.948669	112825.816909	133931.295148	-0.072000	0.766000	0.574000	192.000000	0.000000	0.000000	0.000000	0.000000	0.000000	0.000000	0.000000	0.000000	0.000000	1733433181.841897	0.000000
32.000000	88114.465846	19001.642645	187500.000000	187500.000000	86694.124245	102815.431692	112809.991874	133932.122163	-0.072000	0.766000	0.574000	192.000000	0.000000	0.000000	0.000000	0.000000	0.000000	0.000000	0.000000	0.000000	0.000000	1733433181.844952	0.000000
33.000000	88122.467771	18987.270473	187500.000000	187500.000000	86699.958050	102847.171169	112825.392225	133903.444875	-0.072000	0.766000	0.574000	192.000000	0.000000	0.000000	0.000000	0.000000	0.000000	0.000000	0.000000	0.000000	0.000000	1733433181.848955	0.000000
34.000000	88125.373498	18977.279243	187500.000000	187500.000000	86701.992059	102828.149835	112836.344580	133923.248520	-0.072000	0.766000	0.574000	192.000000	0.000000	0.000000	0.000000	0.000000	0.000000	0.000000	0.000000	0.000000	0.000000	1733433181.852928	0.000000
35.000000	88122.356012	18971.937176	187500.000000	187500.000000	86698.862815	102806.379236	112822.464147	133942.471021	-0.072000	0.766000	0.574000	192.000000	0.000000	0.000000	0.000000	0.000000	0.000000	0.000000	0.000000	0.000000	0.000000	1733433181.857122	0.000000
36.000000	88128.212169	18984.588264	187500.000000	187500.000000	86705.657745	102813.822366	112816.473879	133978.882012	-0.072000	0.766000	0.574000	192.000000	0.000000	0.000000	0.000000	0.000000	0.000000	0.000000	0.000000	0.000000	0.000000	1733433181.861390	0.000000
37.000000	88128.748611	18986.309348	187500.000000	187500.000000	86706.261242	102820.930221	112819.401958	133934.379689	-0.072000	0.766000	0.574000	192.000000	0.000000	0.000000	0.000000	0.000000	0.000000	0.000000	0.000000	0.000000	0.000000	1733433181.866121	0.000000
38.000000	88134.940044	19003.810764	187500.000000	187500.000000	86715.693678	102827.099303	112840.390246	133916.095962	-0.072000	0.766000	0.574000	192.000000	0.000000	0.000000	0.000000	0.000000	0.000000	0.000000	0.000000	0.000000	0.000000	1733433181.869979	0.000000
39.000000	88122.445419	18989.930331	187500.000000	187500.000000	86699.265146	102816.370465	112822.173574	133911.625613	-0.070000	0.770000	0.576000	192.000000	253.000000	208.000000	24.000000	16.000000	18.000000	0.000000	0.000000	0.000000	0.000000	1733433181.872953	0.000000
40.000000	88144.707757	19012.706758	187500.000000	187500.000000	86724.455562	102852.088553	112852.035505	133951.545829	-0.070000	0.770000	0.576000	192.000000	0.000000	0.000000	0.000000	0.000000	0.000000	0.000000	0.000000	0.000000	0.000000	1733433181.877003	0.000000
41.000000	88146.652358	19009.331645	187500.000000	187500.000000	86719.605234	102850.725097	112846.559327	133944.750898	-0.070000	0.770000	0.576000	192.000000	0.000000	0.000000	0.000000	0.000000	0.000000	0.000000	0.000000	0.000000	0.000000	1733433181.880974	0.000000
42.000000	88139.902132	19006.872953	187500.000000	187500.000000	86708.429361	102827.702800	112838.400941	133951.769346	-0.070000	0.770000	0.576000	192.000000	0.000000	0.000000	0.000000	0.000000	0.000000	0.000000	0.000000	0.000000	0.000000	1733433181.885253	0.000000
43.000000	88138.829248	19003.430784	187500.000000	187500.000000	86714.754905	102848.333460	112849.330944	133962.811108	-0.070000	0.770000	0.576000	192.000000	0.000000	0.000000	0.000000	0.000000	0.000000	0.000000	0.000000	0.000000	0.000000	1733433181.889003	0.000000
44.000000	88153.961379	18998.356938	187500.000000	187500.000000	86734.446792	102860.582216	112874.431953	133955.703253	-0.070000	0.770000	0.576000	192.000000	0.000000	0.000000	0.000000	0.000000	0.000000	0.000000	0.000000	0.000000	0.000000	1733433181.894183	0.000000
45.000000	88148.194629	18995.205342	187500.000000	187500.000000	86731.071679	102852.736754	112873.046145	133938.604169	-0.070000	0.770000	0.576000	192.000000	0.000000	0.000000	0.000000	0.000000	0.000000	0.000000	0.000000	0.000000	0.000000	1733433181.898295	0.000000
46.000000	88126.826361	18968.986746	187500.000000	187500.000000	86706.574167	102817.041018	112830.577830	133925.617805	-0.070000	0.770000	0.576000	192.000000	0.000000	0.000000	0.000000	0.000000	0.000000	0.000000	0.000000	0.000000	0.000000	1733433181.901165	0.000000
47.000000	88136.549370	18978.776810	187500.000000	187500.000000	86709.904577	102819.276192	112814.261057	133938.313596	-0.070000	0.770000	0.576000	192.000000	0.000000	0.000000	0.000000	0.000000	0.000000	0.000000	0.000000	0.000000	0.000000	1733433181.905243	0.000000
48.000000	88146.652358	19001.687348	187500.000000	187500.000000	86723.427382	102838.655155	112841.418426	133935.966663	-0.070000	0.770000	0.576000	192.000000	0.000000	0.000000	0.000000	0.000000	0.000000	0.000000	0.000000	0.000000	0.000000	1733433181.909324	0.000000
49.000000	88151.905018	19018.406453	187500.000000	187500.000000	86726.176646	102854.301376	112861.110313	133943.879180	-0.072000	0.776000	0.578000	192.000000	253.000000	192.000000	24.000000	64.000000	18.000000	16.000000	0.000000	0.000000	0.000000	1733433181.913008	0.000000
50.000000	88148.015815	19003.229618	187500.000000	187500.000000	86713.302042	102847.461742	112849.174482	133941.778116	-0.072000	0.776000	0.578000	192.000000	0.000000	0.000000	0.000000	0.000000	0.000000	0.000000	0.000000	0.000000	0.000000	1733433181.917040	0.000000
51.000000	88148.105222	18994.199514	187500.000000	187500.000000	86713.570263	102855.821294	112848.973316	133934.245579	-0.072000	0.776000	0.578000	192.000000	0.000000	0.000000	0.000000	0.000000	0.000000	0.000000	0.000000	0.000000	0.000000	1733433181.921051	0.000000
52.000000	88144.797164	18998.848677	187500.000000	187500.000000	86721.169856	102858.391745	112853.086037	133931.541017	-0.072000	0.776000	0.578000	192.000000	0.000000	0.000000	0.000000	0.000000	0.000000	0.000000	0.000000	0.000000	0.000000	1733433181.926013	0.000000
53.000000	88147.881704	18994.154810	187500.000000	187500.000000	86726.847199	102846.388858	112856.863482	133966.320332	-0.072000	0.776000	0.578000	192.000000	0.000000	0.000000	0.000000	0.000000	0.000000	0.000000	0.000000	0.000000	0.000000	1733433181.929011	0.000000
54.000000	88154.520172	19000.078022	187500.000000	187500.000000	86731.116382	102862.079783	112868.262871	133982.905326	-0.072000	0.776000	0.578000	192.000000	0.000000	0.000000	0.000000	0.000000	0.000000	0.000000	0.000000	0.000000	0.000000	1733433181.933501	0.000000
55.000000	88154.967207	19018.451156	187500.000000	187500.000000	86729.417649	102862.862094	112873.403773	133960.777099	-0.072000	0.776000	0.578000	192.000000	0.000000	0.000000	0.000000	0.000000	0.000000	0.000000	0.000000	0.000000	0.000000	1733433181.937324	0.000000
56.000000	88153.313178	19014.204325	187500.000000	187500.000000	86735.072641	102849.048716	112873.917863	133952.663416	-0.072000	0.776000	0.578000	192.000000	0.000000	0.000000	0.000000	0.000000	0.000000	0.000000	0.000000	0.000000	0.000000	1733433181.941284	0.000000
57.000000	88158.722300	19026.006046	187500.000000	187500.000000	86750.651807	102879.849420	112889.273511	133956.060881	-0.072000	0.776000	0.578000	192.000000	0.000000	0.000000	0.000000	0.000000	0.000000	0.000000	0.000000	0.000000	0.000000	1733433181.945332	0.000000
58.000000	88157.247085	19012.416185	187500.000000	187500.000000	86745.510905	102872.898027	112889.742898	133956.954951	-0.072000	0.776000	0.578000	192.000000	0.000000	0.000000	0.000000	0.000000	0.000000	0.000000	0.000000	0.000000	0.000000	1733433181.950072	0.000000
59.000000	88152.463812	18999.474525	187500.000000	187500.000000	86730.512885	102860.805733	112889.832305	133972.556469	-0.082000	0.774000	0.582000	192.000000	253.000000	112.000000	24.000000	48.000000	18.000000	48.000000	0.000000	0.000000	0.000000	1733433181.954097	0.000000
60.000000	88147.814649	19007.990540	187500.000000	187500.000000	86731.384603	102872.763917	112884.914921	133974.724588	-0.082000	0.774000	0.582000	192.000000	0.000000	0.000000	0.000000	0.000000	0.000000	0.000000	0.000000	0.000000	0.000000	1733433181.957059	0.000000
61.000000	88153.112013	19009.532810	187500.000000	187500.000000	86739.654748	102869.187637	112875.258967	133951.612884	-0.082000	0.774000	0.582000	192.000000	0.000000	0.000000	0.000000	0.000000	0.000000	0.000000	0.000000	0.000000	0.000000	1733433181.961065	0.000000
62.000000	88158.588190	19018.495860	187500.000000	187500.000000	86743.588655	102888.477193	112886.099563	133964.711006	-0.082000	0.774000	0.582000	192.000000	0.000000	0.000000	0.000000	0.000000	0.000000	0.000000	0.000000	0.000000	0.000000	1733433181.965124	0.000000
63.000000	88147.546428	19011.142136	187500.000000	187500.000000	86726.467219	102864.985510	112877.918825	133951.076442	-0.082000	0.774000	0.582000	192.000000	0.000000	0.000000	0.000000	0.000000	0.000000	0.000000	0.000000	0.000000	0.000000	1733433181.969185	0.000000
64.000000	88139.656262	19003.140211	187500.000000	187500.000000	86714.330222	102847.171169	112871.436819	133975.417492	-0.082000	0.774000	0.582000	192.000000	0.000000	0.000000	0.000000	0.000000	0.000000	0.000000	0.000000	0.000000	0.000000	1733433181.973246	0.000000
65.000000	88153.134364	19027.347151	187500.000000	187500.000000	86719.337013	102860.604568	112878.499970	133967.929657	-0.082000	0.774000	0.582000	192.000000	0.000000	0.000000	0.000000	0.000000	0.000000	0.000000	0.000000	0.000000	0.000000	1733433181.977233	0.000000
66.000000	88159.504611	19024.933162	187500.000000	187500.000000	86723.181513	102878.731832	112894.548523	133956.083233	-0.082000	0.774000	0.582000	192.000000	0.000000	0.000000	0.000000	0.000000	0.000000	0.000000	0.000000	0.000000	0.000000	1733433181.981267	0.000000
67.000000	88159.392853	19019.278171	187500.000000	187500.000000	86720.432248	102880.162344	112895.152020	133949.578875	-0.082000	0.774000	0.582000	192.000000	0.000000	0.000000	0.000000	0.000000	0.000000	0.000000	0.000000	0.000000	0.000000	1733433181.984133	0.000000
68.000000	88163.036187	19029.202346	187500.000000	187500.000000	86722.689774	102890.757071	112893.296825	133953.915114	-0.082000	0.774000	0.582000	192.000000	0.000000	0.000000	0.000000	0.000000	0.000000	0.000000	0.000000	0.000000	0.000000	1733433181.989130	0.000000
69.000000	88167.595943	19041.808729	187500.000000	187500.000000	86735.296158	102907.565583	112906.573761	133979.954896	-0.080000	0.770000	0.582000	192.000000	253.000000	128.000000	24.000000	16.000000	18.000000	48.000000	0.000000	0.000000	0.000000	1733433181.993145	0.000000
70.000000	88168.758234	19035.483186	187500.000000	187500.000000	86739.386527	102911.991228	112919.314256	133998.305678	-0.080000	0.770000	0.582000	192.000000	0.000000	0.000000	0.000000	0.000000	0.000000	0.000000	0.000000	0.000000	0.000000	1733433181.997114	0.000000
71.000000	88153.804917	19005.822421	187500.000000	187500.000000	86725.193170	102880.363510	112899.421203	133974.612829	-0.080000	0.770000	0.582000	192.000000	0.000000	0.000000	0.000000	0.000000	0.000000	0.000000	0.000000	0.000000	0.000000	1733433182.001122	0.000000
72.000000	88147.166448	18994.646549	187500.000000	187500.000000	86721.214559	102871.646329	112887.530075	133951.612884	-0.080000	0.770000	0.582000	192.000000	0.000000	0.000000	0.000000	0.000000	0.000000	0.000000	0.000000	0.000000	0.000000	1733433182.005348	0.000000
73.000000	88149.669844	19000.078022	187500.000000	187500.000000	86724.679080	102884.655045	112894.772040	133945.868486	-0.080000	0.770000	0.582000	192.000000	0.000000	0.000000	0.000000	0.000000	0.000000	0.000000	0.000000	0.000000	0.000000	1733433182.009359	0.000000
74.000000	88151.949722	19003.721357	187500.000000	187500.000000	86726.087240	102893.416928	112898.907113	133985.609887	-0.080000	0.770000	0.582000	192.000000	0.000000	0.000000	0.000000	0.000000	0.000000	0.000000	0.000000	0.000000	0.000000	1733433182.012421	0.000000
75.000000	88147.211152	19001.285017	187500.000000	187500.000000	86713.011469	102864.761992	112872.487351	134022.043231	-0.080000	0.770000	0.582000	192.000000	0.000000	0.000000	0.000000	0.000000	0.000000	0.000000	0.000000	0.000000	0.000000	1733433182.017153	0.000000
76.000000	88151.659149	19008.884610	187500.000000	187500.000000	86718.778219	102872.674510	112895.755517	133960.821803	-0.080000	0.770000	0.582000	192.000000	0.000000	0.000000	0.000000	0.000000	0.000000	0.000000	0.000000	0.000000	0.000000	1733433182.020826	0.000000
77.000000	88151.636797	19002.313197	187500.000000	187500.000000	86724.634376	102883.448050	112915.626218	133968.600210	-0.080000	0.770000	0.582000	192.000000	0.000000	0.000000	0.000000	0.000000	0.000000	0.000000	0.000000	0.000000	0.000000	1733433182.025169	0.000000
78.000000	88156.598885	19010.337473	187500.000000	187500.000000	86728.680042	102881.548152	112907.534886	133963.369902	-0.080000	0.770000	0.582000	192.000000	0.000000	0.000000	0.000000	0.000000	0.000000	0.000000	0.000000	0.000000	0.000000	1733433182.029166	0.000000
79.000000	88156.353015	19008.772851	187500.000000	187500.000000	86720.521655	102879.022405	112898.773002	133975.551602	-0.080000	0.774000	0.578000	192.000000	253.000000	128.000000	24.000000	48.000000	18.000000	16.000000	0.000000	0.000000	0.000000	1733433182.033203	0.000000
80.000000	88166.791280	19020.082834	187500.000000	187500.000000	86726.847199	102903.743434	112922.555259	133973.227021	-0.080000	0.774000	0.578000	192.000000	0.000000	0.000000	0.000000	0.000000	0.000000	0.000000	0.000000	0.000000	0.000000	1733433182.037402	0.000000
81.000000	88173.921487	19024.843755	187500.000000	187500.000000	86735.743193	102908.236135	112925.438634	133953.982169	-0.080000	0.774000	0.578000	192.000000	0.000000	0.000000	0.000000	0.000000	0.000000	0.000000	0.000000	0.000000	0.000000	1733433182.040381	0.000000
82.000000	88175.866088	19037.561898	187500.000000	187500.000000	86742.761641	102901.575315	112928.903154	133976.311562	-0.080000	0.774000	0.578000	192.000000	0.000000	0.000000	0.000000	0.000000	0.000000	0.000000	0.000000	0.000000	0.000000	1733433182.044371	0.000000
83.000000	88179.174147	19049.743599	187500.000000	187500.000000	86743.834525	102897.283780	112933.239392	133976.691541	-0.080000	0.774000	0.578000	192.000000	0.000000	0.000000	0.000000	0.000000	0.000000	0.000000	0.000000	0.000000	0.000000	1733433182.049550	0.000000
84.000000	88168.266495	19025.961343	187500.000000	187500.000000	86737.933664	102887.337254	112922.689369	133958.117242	-0.080000	0.774000	0.578000	192.000000	0.000000	0.000000	0.000000	0.000000	0.000000	0.000000	0.000000	0.000000	0.000000	1733433182.053715	0.000000
85.000000	88160.152812	19017.490031	187500.000000	187500.000000	86732.233969	102886.510239	112918.196668	133955.278570	-0.080000	0.774000	0.578000	192.000000	0.000000	0.000000	0.000000	0.000000	0.000000	0.000000	0.000000	0.000000	0.000000	1733433182.057196	0.000000
86.000000	88163.013835	19026.631895	187500.000000	187500.000000	86730.043498	102894.065129	112917.906096	133960.508878	-0.080000	0.774000	0.578000	192.000000	0.000000	0.000000	0.000000	0.000000	0.000000	0.000000	0.000000	0.000000	0.000000	1733433182.061247	0.000000
87.000000	88174.167356	19039.327686	187500.000000	187500.000000	86735.229103	102898.468423	112919.269552	133957.781965	-0.080000	0.774000	0.578000	192.000000	0.000000	0.000000	0.000000	0.000000	0.000000	0.000000	0.000000	0.000000	0.000000	1733433182.065236	0.000000
88.000000	88182.124577	19036.444311	187500.000000	187500.000000	86739.542990	102903.072882	112938.000314	133977.071521	-0.080000	0.774000	0.578000	192.000000	0.000000	0.000000	0.000000	0.000000	0.000000	0.000000	0.000000	0.000000	0.000000	1733433182.068260	0.000000
89.000000	88183.175109	19034.544412	187500.000000	187500.000000	86737.911312	102899.317789	112929.886631	133992.136597	-0.070000	0.766000	0.576000	192.000000	253.000000	208.000000	23.000000	240.000000	18.000000	0.000000	0.000000	0.000000	0.000000	1733433182.072245	0.000000
90.000000	88181.409321	19040.400569	187500.000000	187500.000000	86740.884094	102900.189507	112923.784605	134012.052001	-0.070000	0.766000	0.576000	192.000000	0.000000	0.000000	0.000000	0.000000	0.000000	0.000000	0.000000	0.000000	0.000000	1733433182.077289	0.000000
91.000000	88177.207193	19025.424901	187500.000000	187500.000000	86733.396260	102891.517030	112920.543602	134015.494170	-0.070000	0.766000	0.576000	192.000000	0.000000	0.000000	0.000000	0.000000	0.000000	0.000000	0.000000	0.000000	0.000000	1733433182.081302	0.000000
92.000000	88179.174147	19028.822366	187500.000000	187500.000000	86743.119269	102922.965935	112950.003201	133983.933506	-0.070000	0.766000	0.576000	192.000000	0.000000	0.000000	0.000000	0.000000	0.000000	0.000000	0.000000	0.000000	0.000000	1733433182.085617	0.000000
93.000000	88183.845661	19034.656171	187500.000000	187500.000000	86752.551705	102935.460560	112950.941974	133987.487434	-0.070000	0.766000	0.576000	192.000000	0.000000	0.000000	0.000000	0.000000	0.000000	0.000000	0.000000	0.000000	0.000000	1733433182.088522	0.000000
94.000000	88184.538565	19040.534680	187500.000000	187500.000000	86762.431176	102930.409066	112955.680544	133976.356265	-0.070000	0.766000	0.576000	192.000000	0.000000	0.000000	0.000000	0.000000	0.000000	0.000000	0.000000	0.000000	0.000000	1733433182.092405	0.000000
95.000000	88191.691123	19058.796055	187500.000000	187500.000000	86764.129909	102928.308002	112963.771875	133990.750789	-0.070000	0.766000	0.576000	192.000000	0.000000	0.000000	0.000000	0.000000	0.000000	0.000000	0.000000	0.000000	0.000000	1733433182.096290	0.000000
96.000000	88200.274193	19076.856265	187500.000000	187500.000000	86766.588600	102929.291478	112964.442428	134013.638975	-0.070000	0.766000	0.576000	192.000000	0.000000	0.000000	0.000000	0.000000	0.000000	0.000000	0.000000	0.000000	0.000000	1733433182.100393	0.000000
97.000000	88193.546318	19056.404419	187500.000000	187500.000000	86761.917086	102912.035932	112955.702896	134004.541815	-0.070000	0.766000	0.576000	192.000000	0.000000	0.000000	0.000000	0.000000	0.000000	0.000000	0.000000	0.000000	0.000000	1733433182.105301	0.000000
98.000000	88183.756254	19034.432654	187500.000000	187500.000000	86750.137717	102907.297362	112940.771930	133978.569088	-0.070000	0.766000	0.576000	192.000000	0.000000	0.000000	0.000000	0.000000	0.000000	0.000000	0.000000	0.000000	0.000000	1733433182.109289	0.000000
99.000000	88191.534661	19045.027381	187500.000000	187500.000000	86761.313589	102918.964972	112952.305430	133992.315411	-0.066000	0.772000	0.580000	192.000000	253.000000	240.000000	24.000000	32.000000	18.000000	32.000000	0.000000	0.000000	0.000000	1733433182.113297	0.000000
100.000000	88196.072065	19054.549224	187500.000000	187500.000000	86769.047292	102929.291478	112959.189768	133984.402893	-0.066000	0.772000	0.580000	192.000000	0.000000	0.000000	0.000000	0.000000	0.000000	0.000000	0.000000	0.000000	0.000000	1733433182.116328	0.000000
101.000000	88197.949612	19054.728038	187500.000000	187500.000000	86769.494327	102928.419760	112958.206291	133985.520480	-0.066000	0.772000	0.580000	192.000000	0.000000	0.000000	0.000000	0.000000	0.000000	0.000000	0.000000	0.000000	0.000000	1733433182.120303	0.000000
102.000000	88198.888385	19065.076895	187500.000000	187500.000000	86773.115310	102925.648144	112964.531835	133995.019972	-0.066000	0.772000	0.580000	192.000000	0.000000	0.000000	0.000000	0.000000	0.000000	0.000000	0.000000	0.000000	0.000000	1733433182.124482	0.000000
103.000000	88202.911699	19060.025401	187500.000000	187500.000000	86776.378665	102921.244850	112972.913739	133999.691486	-0.066000	0.772000	0.580000	192.000000	0.000000	0.000000	0.000000	0.000000	0.000000	0.000000	0.000000	0.000000	0.000000	1733433182.128417	0.000000
104.000000	88203.403438	19057.745523	187500.000000	187500.000000	86774.299952	102919.166138	112969.359811	134030.358080	-0.066000	0.772000	0.580000	192.000000	0.000000	0.000000	0.000000	0.000000	0.000000	0.000000	0.000000	0.000000	0.000000	1733433182.133511	0.000000
105.000000	88207.091475	19060.673602	187500.000000	187500.000000	86774.121138	102927.682153	112966.878768	134034.604911	-0.066000	0.772000	0.580000	192.000000	0.000000	0.000000	0.000000	0.000000	0.000000	0.000000	0.000000	0.000000	0.000000	1733433182.137476	0.000000
106.000000	88203.336382	19055.912680	187500.000000	187500.000000	86766.655656	102928.755036	112974.053678	134025.843027	-0.066000	0.772000	0.580000	192.000000	0.000000	0.000000	0.000000	0.000000	0.000000	0.000000	0.000000	0.000000	0.000000	1733433182.141330	0.000000
107.000000	88202.844644	19064.473398	187500.000000	187500.000000	86766.543897	102961.433287	112977.808771	133991.533100	-0.066000	0.772000	0.580000	192.000000	0.000000	0.000000	0.000000	0.000000	0.000000	0.000000	0.000000	0.000000	0.000000	1733433182.144350	0.000000
108.000000	88189.433597	19041.294639	187500.000000	187500.000000	86758.474917	102936.444037	112961.067314	133974.948105	-0.066000	0.772000	0.580000	192.000000	0.000000	0.000000	0.000000	0.000000	0.000000	0.000000	0.000000	0.000000	0.000000	1733433182.148353	0.000000
109.000000	88180.492899	19030.007008	187500.000000	187500.000000	86750.495344	102896.277952	112951.366657	133986.056922	-0.076000	0.772000	0.574000	192.000000	253.000000	160.000000	24.000000	32.000000	17.000000	240.000000	0.000000	0.000000	0.000000	1733433182.152643	0.000000
110.000000	88186.192594	19036.667828	187500.000000	187500.000000	86757.580847	102894.981551	112950.137311	133998.775065	-0.076000	0.772000	0.574000	192.000000	0.000000	0.000000	0.000000	0.000000	0.000000	0.000000	0.000000	0.000000	0.000000	1733433182.156377	0.000000
111.000000	88204.297507	19064.495750	187500.000000	187500.000000	86777.943287	102922.250679	112965.023573	134019.003394	-0.076000	0.772000	0.574000	192.000000	0.000000	0.000000	0.000000	0.000000	0.000000	0.000000	0.000000	0.000000	0.000000	1733433182.160674	0.000000
112.000000	88199.290717	19068.921395	187500.000000	187500.000000	86771.282467	102922.653010	112960.709686	134006.441713	-0.076000	0.772000	0.574000	192.000000	0.000000	0.000000	0.000000	0.000000	0.000000	0.000000	0.000000	0.000000	0.000000	1733433182.165615	0.000000
113.000000	88200.296545	19076.386878	187500.000000	187500.000000	86776.021037	102923.703542	112969.091591	133984.469948	-0.076000	0.772000	0.574000	192.000000	0.000000	0.000000	0.000000	0.000000	0.000000	0.000000	0.000000	0.000000	0.000000	1733433182.169621	0.000000
114.000000	88205.213929	19078.398535	187500.000000	187500.000000	86779.552612	102930.610231	112961.603756	133983.084140	-0.076000	0.772000	0.574000	192.000000	0.000000	0.000000	0.000000	0.000000	0.000000	0.000000	0.000000	0.000000	0.000000	1733433182.172685	0.000000
115.000000	88207.180882	19062.372334	187500.000000	187500.000000	86773.338827	102920.082560	112965.470608	134002.932489	-0.076000	0.772000	0.574000	192.000000	0.000000	0.000000	0.000000	0.000000	0.000000	0.000000	0.000000	0.000000	0.000000	1733433182.176624	0.000000
116.000000	88194.418036	19044.021552	187500.000000	187500.000000	86770.768377	102918.830862	112973.897216	134022.803190	-0.076000	0.772000	0.574000	192.000000	0.000000	0.000000	0.000000	0.000000	0.000000	0.000000	0.000000	0.000000	0.000000	1733433182.180408	0.000000
117.000000	88195.043885	19053.699857	187500.000000	187500.000000	86771.170708	102913.220574	112962.341364	133989.297925	-0.076000	0.772000	0.574000	192.000000	0.000000	0.000000	0.000000	0.000000	0.000000	0.000000	0.000000	0.000000	0.000000	1733433182.184423	0.000000
118.000000	88197.480225	19046.681410	187500.000000	187500.000000	86777.138624	102926.251641	112967.482265	133989.834367	-0.076000	0.772000	0.574000	192.000000	0.000000	0.000000	0.000000	0.000000	0.000000	0.000000	0.000000	0.000000	0.000000	1733433182.188469	0.000000
119.000000	88206.197406	19046.837872	187500.000000	187500.000000	86785.475825	102937.360458	112978.859303	134012.409629	-0.076000	0.770000	0.570000	192.000000	253.000000	160.000000	24.000000	16.000000	17.000000	208.000000	0.000000	0.000000	0.000000	1733433182.193446	0.000000
120.000000	88210.846568	19063.802846	187500.000000	187500.000000	86785.051141	102934.387676	112977.629957	134021.640899	-0.076000	0.770000	0.570000	192.000000	0.000000	0.000000	0.000000	0.000000	0.000000	0.000000	0.000000	0.000000	0.000000	1733433182.197450	0.000000
121.000000	88207.806731	19054.705686	187500.000000	187500.000000	86783.777092	102923.122397	112967.415210	133988.895594	-0.076000	0.770000	0.570000	192.000000	0.000000	0.000000	0.000000	0.000000	0.000000	0.000000	0.000000	0.000000	0.000000	1733433182.200663	0.000000
122.000000	88215.719249	19063.109942	187500.000000	187500.000000	86789.700304	102924.664667	112973.718402	133994.327068	-0.076000	0.770000	0.570000	192.000000	0.000000	0.000000	0.000000	0.000000	0.000000	0.000000	0.000000	0.000000	0.000000	1733433182.204461	0.000000
123.000000	88212.768818	19066.619166	187500.000000	187500.000000	86775.171670	102921.311906	112977.965233	134010.934414	-0.076000	0.770000	0.570000	192.000000	0.000000	0.000000	0.000000	0.000000	0.000000	0.000000	0.000000	0.000000	0.000000	1733433182.208649	0.000000
124.000000	88198.597812	19057.857282	187500.000000	187500.000000	86763.951095	102910.314847	112976.422963	134002.373696	-0.076000	0.770000	0.570000	192.000000	0.000000	0.000000	0.000000	0.000000	0.000000	0.000000	0.000000	0.000000	0.000000	1733433182.212685	0.000000
125.000000	88194.373333	19039.484148	187500.000000	187500.000000	86766.230973	102922.451845	112968.778666	133998.663306	-0.076000	0.770000	0.570000	192.000000	0.000000	0.000000	0.000000	0.000000	0.000000	0.000000	0.000000	0.000000	0.000000	1733433182.216534	0.000000
126.000000	88195.222699	19045.161491	187500.000000	187500.000000	86761.246534	102918.339124	112954.898233	133992.494225	-0.076000	0.770000	0.570000	192.000000	0.000000	0.000000	0.000000	0.000000	0.000000	0.000000	0.000000	0.000000	0.000000	1733433182.221551	0.000000
127.000000	88202.352906	19062.975831	187500.000000	187500.000000	86768.220278	102929.045609	112967.012878	134023.943129	-0.076000	0.770000	0.570000	192.000000	0.000000	0.000000	0.000000	0.000000	0.000000	0.000000	0.000000	0.000000	0.000000	1733433182.224446	0.000000
128.000000	88203.358734	19060.293622	187500.000000	187500.000000	86768.510850	102911.477138	112964.956518	134007.626356	-0.076000	0.770000	0.570000	192.000000	0.000000	0.000000	0.000000	0.000000	0.000000	0.000000	0.000000	0.000000	0.000000	1733433182.228488	0.000000
129.000000	88199.715400	19039.439444	187500.000000	187500.000000	86776.691589	102925.156406	112968.197521	133997.098684	-0.076000	0.766000	0.570000	192.000000	253.000000	160.000000	23.000000	240.000000	17.000000	208.000000	0.000000	0.000000	0.000000	1733433182.232495	0.000000
130.000000	88201.749408	19045.340305	187500.000000	187500.000000	86777.138624	102940.176778	112980.111001	133986.615716	-0.076000	0.766000	0.570000	192.000000	0.000000	0.000000	0.000000	0.000000	0.000000	0.000000	0.000000	0.000000	0.000000	1733433182.236471	0.000000
131.000000	88199.737751	19047.575479	187500.000000	187500.000000	86777.786824	102942.881339	112993.276178	133999.535024	-0.076000	0.766000	0.570000	192.000000	0.000000	0.000000	0.000000	0.000000	0.000000	0.000000	0.000000	0.000000	0.000000	1733433182.240716	0.000000
132.000000	88206.532682	19048.067218	187500.000000	187500.000000	86778.993819	102941.048496	113003.312111	134026.066545	-0.076000	0.766000	0.570000	192.000000	0.000000	0.000000	0.000000	0.000000	0.000000	0.000000	0.000000	0.000000	0.000000	1733433182.244675	0.000000
133.000000	88203.314031	19055.063314	187500.000000	187500.000000	86777.987990	102948.961013	112994.863152	133993.567108	-0.076000	0.766000	0.570000	192.000000	0.000000	0.000000	0.000000	0.000000	0.000000	0.000000	0.000000	0.000000	0.000000	1733433182.249702	0.000000
134.000000	88197.770798	19052.202291	187500.000000	187500.000000	86773.517641	102934.655897	112971.282061	133970.969495	-0.076000	0.766000	0.570000	192.000000	0.000000	0.000000	0.000000	0.000000	0.000000	0.000000	0.000000	0.000000	0.000000	1733433182.252540	0.000000
135.000000	88200.385952	19052.694029	187500.000000	187500.000000	86771.841260	102919.389656	112968.756314	133992.360114	-0.076000	0.766000	0.570000	192.000000	0.000000	0.000000	0.000000	0.000000	0.000000	0.000000	0.000000	0.000000	0.000000	1733433182.256544	0.000000
136.000000	88201.280022	19047.016686	187500.000000	187500.000000	86772.824737	102923.971763	112971.080896	134034.828429	-0.076000	0.766000	0.570000	192.000000	0.000000	0.000000	0.000000	0.000000	0.000000	0.000000	0.000000	0.000000	0.000000	1733433182.260578	0.000000
137.000000	88205.660964	19052.246994	187500.000000	187500.000000	86779.597316	102940.802627	112984.044908	134016.879978	-0.076000	0.766000	0.570000	192.000000	0.000000	0.000000	0.000000	0.000000	0.000000	0.000000	0.000000	0.000000	0.000000	1733433182.264518	0.000000
138.000000	88213.349964	19076.968023	187500.000000	187500.000000	86792.784845	102946.792894	112992.113887	133987.956820	-0.076000	0.766000	0.570000	192.000000	0.000000	0.000000	0.000000	0.000000	0.000000	0.000000	0.000000	0.000000	0.000000	1733433182.268740	0.000000
139.000000	88210.779513	19076.006898	187500.000000	187500.000000	86784.022961	102934.477083	112983.173190	134003.692449	-0.076000	0.768000	0.574000	192.000000	253.000000	160.000000	24.000000	0.000000	17.000000	240.000000	0.000000	0.000000	0.000000	1733433182.272587	0.000000
140.000000	88205.772722	19042.993372	187500.000000	187500.000000	86777.026865	102925.089350	112974.925396	134006.955803	-0.076000	0.768000	0.574000	192.000000	0.000000	0.000000	0.000000	0.000000	0.000000	0.000000	0.000000	0.000000	0.000000	1733433182.277577	0.000000
141.000000	88203.179920	19040.020590	187500.000000	187500.000000	86780.603144	102942.970746	112980.781553	134002.664268	-0.076000	0.768000	0.574000	192.000000	0.000000	0.000000	0.000000	0.000000	0.000000	0.000000	0.000000	0.000000	0.000000	1733433182.280630	0.000000
142.000000	88200.944746	19034.231488	187500.000000	187500.000000	86788.672124	102939.685039	113001.143992	134003.178358	-0.076000	0.768000	0.574000	192.000000	0.000000	0.000000	0.000000	0.000000	0.000000	0.000000	0.000000	0.000000	0.000000	1733433182.283843	0.000000
143.000000	88206.420923	19042.523985	187500.000000	187500.000000	86799.713886	102925.335220	113008.743585	134017.215254	-0.076000	0.768000	0.574000	192.000000	0.000000	0.000000	0.000000	0.000000	0.000000	0.000000	0.000000	0.000000	0.000000	1733433182.288984	0.000000
144.000000	88215.048696	19052.470511	187500.000000	187500.000000	86807.291127	102941.093199	113013.146879	134041.176324	-0.076000	0.768000	0.574000	192.000000	0.000000	0.000000	0.000000	0.000000	0.000000	0.000000	0.000000	0.000000	0.000000	1733433182.292799	0.000000
145.000000	88215.540435	19061.433561	187500.000000	187500.000000	86805.368877	102949.273938	113016.633751	134032.213275	-0.076000	0.768000	0.574000	192.000000	0.000000	0.000000	0.000000	0.000000	0.000000	0.000000	0.000000	0.000000	0.000000	1733433182.296568	0.000000
146.000000	88210.757161	19061.724134	187500.000000	187500.000000	86790.884947	102939.595633	113016.767861	134012.879016	-0.076000	0.768000	0.574000	192.000000	0.000000	0.000000	0.000000	0.000000	0.000000	0.000000	0.000000	0.000000	0.000000	1733433182.300732	0.000000
147.000000	88210.332478	19061.813541	187500.000000	187500.000000	86788.359200	102945.965880	113009.391786	134047.680682	-0.076000	0.768000	0.574000	192.000000	0.000000	0.000000	0.000000	0.000000	0.000000	0.000000	0.000000	0.000000	0.000000	1733433182.305602	0.000000
148.000000	88209.192539	19055.353887	187500.000000	187500.000000	86787.979220	102945.652955	113002.015710	134021.707955	-0.076000	0.768000	0.574000	192.000000	0.000000	0.000000	0.000000	0.000000	0.000000	0.000000	0.000000	0.000000	0.000000	1733433182.308608	0.000000
149.000000	88204.990411	19051.643497	187500.000000	187500.000000	86785.811101	102951.173836	113013.839783	134002.843082	-0.072000	0.774000	0.572000	192.000000	253.000000	192.000000	24.000000	48.000000	17.000000	224.000000	0.000000	0.000000	0.000000	1733433182.311665	0.000000
150.000000	88200.520063	19040.512328	187500.000000	187500.000000	86788.538014	102948.983365	113008.542419	134008.229853	-0.072000	0.774000	0.572000	192.000000	0.000000	0.000000	0.000000	0.000000	0.000000	0.000000	0.000000	0.000000	0.000000	1733433182.316627	0.000000
151.000000	88200.184786	19039.953535	187500.000000	187500.000000	86784.246479	102949.296290	112987.218855	134001.233757	-0.072000	0.774000	0.572000	192.000000	0.000000	0.000000	0.000000	0.000000	0.000000	0.000000	0.000000	0.000000	0.000000	1733433182.320908	0.000000
152.000000	88202.084685	19038.567726	187500.000000	187500.000000	86783.687685	102945.250624	112982.145009	133997.433960	-0.072000	0.774000	0.572000	192.000000	0.000000	0.000000	0.000000	0.000000	0.000000	0.000000	0.000000	0.000000	0.000000	1733433182.324824	0.000000
153.000000	88200.341249	19044.312125	187500.000000	187500.000000	86788.381551	102948.379868	112995.801925	134007.447542	-0.072000	0.774000	0.572000	192.000000	0.000000	0.000000	0.000000	0.000000	0.000000	0.000000	0.000000	0.000000	0.000000	1733433182.330897	0.000000
154.000000	88193.255746	19039.618258	187500.000000	187500.000000	86783.307705	102943.149560	112989.521085	134025.843027	-0.072000	0.774000	0.572000	192.000000	0.000000	0.000000	0.000000	0.000000	0.000000	0.000000	0.000000	0.000000	0.000000	1733433182.333849	0.000000
155.000000	88189.344190	19031.281058	187500.000000	187500.000000	86772.131833	102915.656914	112977.987585	134019.897463	-0.072000	0.774000	0.572000	192.000000	0.000000	0.000000	0.000000	0.000000	0.000000	0.000000	0.000000	0.000000	0.000000	1733433182.337020	0.000000
156.000000	88186.907850	19025.022569	187500.000000	187500.000000	86766.856821	102911.857118	112975.238320	133980.737207	-0.072000	0.774000	0.572000	192.000000	0.000000	0.000000	0.000000	0.000000	0.000000	0.000000	0.000000	0.000000	0.000000	1733433182.339642	0.000000
157.000000	88193.591022	19036.712532	187500.000000	187500.000000	86775.909278	102931.146673	112995.444297	133975.462195	-0.072000	0.774000	0.572000	192.000000	0.000000	0.000000	0.000000	0.000000	0.000000	0.000000	0.000000	0.000000	0.000000	1733433182.343644	0.000000
158.000000	88195.669734	19041.898136	187500.000000	187500.000000	86781.161938	102938.835673	113002.462745	133983.017085	-0.072000	0.774000	0.572000	192.000000	0.000000	0.000000	0.000000	0.000000	0.000000	0.000000	0.000000	0.000000	0.000000	1733433182.348652	0.000000
159.000000	88187.019609	19029.336456	187500.000000	187500.000000	86778.010342	102916.550984	112988.448201	133983.262954	-0.072000	0.772000	0.574000	192.000000	253.000000	192.000000	24.000000	32.000000	17.000000	240.000000	0.000000	0.000000	0.000000	1733433182.352896	0.000000
160.000000	88190.081798	19036.936049	187500.000000	187500.000000	86781.787787	102914.516975	112982.949672	133983.821748	-0.072000	0.772000	0.574000	192.000000	0.000000	0.000000	0.000000	0.000000	0.000000	0.000000	0.000000	0.000000	0.000000	1733433182.356648	0.000000
161.000000	88181.945763	19038.321857	187500.000000	187500.000000	86777.563307	102913.466443	112974.143085	133998.462140	-0.072000	0.772000	0.574000	192.000000	0.000000	0.000000	0.000000	0.000000	0.000000	0.000000	0.000000	0.000000	0.000000	1733433182.359801	0.000000
162.000000	88182.325743	19039.305334	187500.000000	187500.000000	86779.597316	102916.394522	112977.786419	133993.991791	-0.072000	0.772000	0.574000	192.000000	0.000000	0.000000	0.000000	0.000000	0.000000	0.000000	0.000000	0.000000	0.000000	1733433182.363831	0.000000
163.000000	88197.212004	19039.864128	187500.000000	187500.000000	86784.246479	102919.121435	112985.073088	133984.447597	-0.072000	0.772000	0.574000	192.000000	0.000000	0.000000	0.000000	0.000000	0.000000	0.000000	0.000000	0.000000	0.000000	1733433182.368075	0.000000
164.000000	88188.092493	19022.183898	187500.000000	187500.000000	86774.791691	102917.132129	112971.371468	133986.168681	-0.072000	0.772000	0.574000	192.000000	0.000000	0.000000	0.000000	0.000000	0.000000	0.000000	0.000000	0.000000	0.000000	1733433182.371949	0.000000
165.000000	88183.376275	19020.507517	187500.000000	187500.000000	86762.922914	102906.157423	112974.456009	133991.376637	-0.072000	0.772000	0.574000	192.000000	0.000000	0.000000	0.000000	0.000000	0.000000	0.000000	0.000000	0.000000	0.000000	1733433182.376717	0.000000
166.000000	88185.700856	19033.672694	187500.000000	187500.000000	86758.027882	102904.346931	112976.579425	134021.238568	-0.072000	0.772000	0.574000	192.000000	0.000000	0.000000	0.000000	0.000000	0.000000	0.000000	0.000000	0.000000	0.000000	1733433182.380704	0.000000
167.000000	88183.711551	19038.075988	187500.000000	187500.000000	86762.989970	102909.309019	112972.377297	134004.966498	-0.072000	0.772000	0.574000	192.000000	0.000000	0.000000	0.000000	0.000000	0.000000	0.000000	0.000000	0.000000	0.000000	1733433182.384908	0.000000
168.000000	88178.436539	19009.331645	187500.000000	187500.000000	86767.236801	102913.309981	112982.770858	133976.870355	-0.072000	0.772000	0.574000	192.000000	0.000000	0.000000	0.000000	0.000000	0.000000	0.000000	0.000000	0.000000	0.000000	1733433182.387695	0.000000
169.000000	88186.192594	19013.042034	187500.000000	187500.000000	86781.743083	102912.974705	112993.432640	133989.946126	-0.072000	0.772000	0.578000	192.000000	253.000000	192.000000	24.000000	32.000000	18.000000	16.000000	0.000000	0.000000	0.000000	1733433182.391732	0.000000
170.000000	88188.159548	19025.648418	187500.000000	187500.000000	86788.314496	102914.941658	112995.287835	134005.055905	-0.072000	0.772000	0.578000	192.000000	0.000000	0.000000	0.000000	0.000000	0.000000	0.000000	0.000000	0.000000	0.000000	1733433182.395851	0.000000
171.000000	88185.030304	19019.009950	187500.000000	187500.000000	86790.572022	102906.626809	112991.264521	134006.642879	-0.072000	0.772000	0.578000	192.000000	0.000000	0.000000	0.000000	0.000000	0.000000	0.000000	0.000000	0.000000	0.000000	1733433182.400905	0.000000
172.000000	88175.240240	19008.772851	187500.000000	187500.000000	86781.720731	102912.214746	112982.346175	133999.624431	-0.072000	0.772000	0.578000	192.000000	0.000000	0.000000	0.000000	0.000000	0.000000	0.000000	0.000000	0.000000	0.000000	1733433182.404972	0.000000
173.000000	88181.610487	19027.995351	187500.000000	187500.000000	86787.822758	102924.441150	112977.629957	133996.472835	-0.072000	0.772000	0.578000	192.000000	0.000000	0.000000	0.000000	0.000000	0.000000	0.000000	0.000000	0.000000	0.000000	1733433182.408855	0.000000
174.000000	88192.853414	19038.835947	187500.000000	187500.000000	86800.809121	102945.943528	112989.431678	134000.451446	-0.072000	0.772000	0.578000	192.000000	0.000000	0.000000	0.000000	0.000000	0.000000	0.000000	0.000000	0.000000	0.000000	1733433182.412732	0.000000
175.000000	88190.171205	19022.519174	187500.000000	187500.000000	86800.607956	102917.601516	112993.097364	134018.466952	-0.072000	0.772000	0.578000	192.000000	0.000000	0.000000	0.000000	0.000000	0.000000	0.000000	0.000000	0.000000	0.000000	1733433182.415826	0.000000
176.000000	88191.735827	19012.885572	187500.000000	187500.000000	86802.396095	102918.227365	112994.706690	134011.023821	-0.072000	0.772000	0.578000	192.000000	0.000000	0.000000	0.000000	0.000000	0.000000	0.000000	0.000000	0.000000	0.000000	1733433182.419768	0.000000
177.000000	88184.180937	19004.436613	187500.000000	187500.000000	86803.156054	102916.305115	112984.558998	133986.213384	-0.072000	0.772000	0.578000	192.000000	0.000000	0.000000	0.000000	0.000000	0.000000	0.000000	0.000000	0.000000	0.000000	1733433182.423768	0.000000
178.000000	88188.047789	19004.905999	187500.000000	187500.000000	86809.883929	102920.663705	112985.296605	133999.602079	-0.072000	0.772000	0.578000	192.000000	0.000000	0.000000	0.000000	0.000000	0.000000	0.000000	0.000000	0.000000	0.000000	1733433182.427746	0.000000
179.000000	88188.450121	19017.311217	187500.000000	187500.000000	86805.704153	102912.147690	112976.400611	134001.412571	-0.074000	0.768000	0.576000	192.000000	253.000000	176.000000	24.000000	0.000000	18.000000	0.000000	0.000000	0.000000	0.000000	1733433182.432946	0.000000
180.000000	88190.595888	19032.979790	187500.000000	187500.000000	86810.375668	102926.206938	112997.970044	133987.174509	-0.074000	0.768000	0.576000	192.000000	0.000000	0.000000	0.000000	0.000000	0.000000	0.000000	0.000000	0.000000	0.000000	1733433182.437017	0.000000
181.000000	88192.428731	19020.909848	187500.000000	187500.000000	86812.744953	102938.925080	113008.587123	133997.948050	-0.074000	0.768000	0.576000	192.000000	0.000000	0.000000	0.000000	0.000000	0.000000	0.000000	0.000000	0.000000	0.000000	1733433182.441105	0.000000
182.000000	88183.532737	19005.040110	187500.000000	187500.000000	86805.435932	102914.785196	112993.723213	134017.081144	-0.074000	0.768000	0.576000	192.000000	0.000000	0.000000	0.000000	0.000000	0.000000	0.000000	0.000000	0.000000	0.000000	1733433182.443993	0.000000
183.000000	88175.240240	18997.664034	187500.000000	187500.000000	86789.722656	102902.312923	112985.967158	133979.127881	-0.074000	0.768000	0.576000	192.000000	0.000000	0.000000	0.000000	0.000000	0.000000	0.000000	0.000000	0.000000	0.000000	1733433182.448028	0.000000
184.000000	88178.682408	19013.489069	187500.000000	187500.000000	86793.053066	102912.930001	112986.525951	133967.616733	-0.074000	0.768000	0.576000	192.000000	0.000000	0.000000	0.000000	0.000000	0.000000	0.000000	0.000000	0.000000	0.000000	1733433182.451820	0.000000
185.000000	88181.945763	19030.141119	187500.000000	187500.000000	86792.226051	102903.676379	112987.732945	133973.741111	-0.074000	0.768000	0.576000	192.000000	0.000000	0.000000	0.000000	0.000000	0.000000	0.000000	0.000000	0.000000	0.000000	1733433182.455943	0.000000
186.000000	88188.539527	19022.049787	187500.000000	187500.000000	86796.763455	102920.239022	112992.985605	133988.247393	-0.074000	0.768000	0.576000	192.000000	0.000000	0.000000	0.000000	0.000000	0.000000	0.000000	0.000000	0.000000	0.000000	1733433182.460824	0.000000
187.000000	88186.460815	19008.549334	187500.000000	187500.000000	86797.188139	102925.446978	112987.308262	133995.981097	-0.074000	0.768000	0.576000	192.000000	0.000000	0.000000	0.000000	0.000000	0.000000	0.000000	0.000000	0.000000	0.000000	1733433182.464783	0.000000
188.000000	88183.286868	19007.610560	187500.000000	187500.000000	86786.772226	102903.832841	112975.886521	133982.547698	-0.074000	0.768000	0.576000	192.000000	0.000000	0.000000	0.000000	0.000000	0.000000	0.000000	0.000000	0.000000	0.000000	1733433182.467839	0.000000
189.000000	88170.434614	18998.334586	187500.000000	187500.000000	86771.394226	102879.670606	112970.723268	133983.553527	-0.068000	0.774000	0.578000	192.000000	253.000000	224.000000	24.000000	48.000000	18.000000	16.000000	0.000000	0.000000	0.000000	1733433182.471955	0.000000
190.000000	88183.175109	19002.693177	187500.000000	187500.000000	86779.865537	102897.753167	112976.199445	133983.821748	-0.068000	0.774000	0.578000	192.000000	0.000000	0.000000	0.000000	0.000000	0.000000	0.000000	0.000000	0.000000	0.000000	1733433182.475909	0.000000
191.000000	88190.484129	19012.192668	187500.000000	187500.000000	86781.720731	102907.610286	112982.212065	133974.881050	-0.068000	0.774000	0.578000	192.000000	0.000000	0.000000	0.000000	0.000000	0.000000	0.000000	0.000000	0.000000	0.000000	1733433182.480113	0.000000
192.000000	88179.442367	19014.360787	187500.000000	187500.000000	86773.852917	102898.468423	112977.853474	133982.748864	-0.068000	0.774000	0.578000	192.000000	0.000000	0.000000	0.000000	0.000000	0.000000	0.000000	0.000000	0.000000	0.000000	1733433182.484061	0.000000
193.000000	88178.503594	19022.519174	187500.000000	187500.000000	86769.494327	102900.234211	112978.367564	133993.477701	-0.068000	0.774000	0.578000	192.000000	0.000000	0.000000	0.000000	0.000000	0.000000	0.000000	0.000000	0.000000	0.000000	1733433182.488928	0.000000
194.000000	88184.180937	19014.517249	187500.000000	187500.000000	86774.992856	102910.404254	112974.545416	134025.395992	-0.068000	0.774000	0.578000	192.000000	0.000000	0.000000	0.000000	0.000000	0.000000	0.000000	0.000000	0.000000	0.000000	1733433182.492895	0.000000
195.000000	88195.446217	19013.243200	187500.000000	187500.000000	86791.957830	102920.417836	113006.709576	134021.484437	-0.068000	0.774000	0.578000	192.000000	0.000000	0.000000	0.000000	0.000000	0.000000	0.000000	0.000000	0.000000	0.000000	1733433182.495876	0.000000
196.000000	88193.032228	19019.032302	187500.000000	187500.000000	86794.036543	102920.820167	113014.018597	134017.885806	-0.068000	0.774000	0.578000	192.000000	0.000000	0.000000	0.000000	0.000000	0.000000	0.000000	0.000000	0.000000	0.000000	1733433182.499901	0.000000
197.000000	88189.187728	19018.697026	187500.000000	187500.000000	86795.087075	102924.977592	113025.127414	134003.603042	-0.068000	0.774000	0.578000	192.000000	0.000000	0.000000	0.000000	0.000000	0.000000	0.000000	0.000000	0.000000	0.000000	1733433182.503999	0.000000
198.000000	88189.612411	19019.456985	187500.000000	187500.000000	86793.813025	102916.349818	113019.494774	133990.035533	-0.068000	0.774000	0.578000	192.000000	0.000000	0.000000	0.000000	0.000000	0.000000	0.000000	0.000000	0.000000	0.000000	1733433182.507887	0.000000
199.000000	88181.677542	19012.349130	187500.000000	187500.000000	86785.252307	102921.803644	113007.044853	133981.452463	-0.074000	0.772000	0.572000	192.000000	253.000000	176.000000	24.000000	32.000000	17.000000	224.000000	0.000000	0.000000	0.000000	1733433182.511981	0.000000
200.000000	88187.868975	19026.766005	187500.000000	187500.000000	86787.532185	102914.673437	112993.075012	133998.685658	-0.074000	0.772000	0.572000	192.000000	0.000000	0.000000	0.000000	0.000000	0.000000	0.000000	0.000000	0.000000	0.000000	1733433182.516147	0.000000
201.000000	88195.356810	19041.808729	187500.000000	187500.000000	86787.778054	102911.253621	112998.394728	133986.727475	-0.074000	0.772000	0.572000	192.000000	0.000000	0.000000	0.000000	0.000000	0.000000	0.000000	0.000000	0.000000	0.000000	1733433182.521129	0.000000
202.000000	88184.896193	19038.835947	187500.000000	187500.000000	86785.811101	102927.458635	113002.239228	133987.398027	-0.074000	0.772000	0.572000	192.000000	0.000000	0.000000	0.000000	0.000000	0.000000	0.000000	0.000000	0.000000	0.000000	1733433182.524186	0.000000
203.000000	88184.091530	19025.290790	187500.000000	187500.000000	86788.113330	102915.723969	112998.506486	133992.516576	-0.074000	0.772000	0.572000	192.000000	0.000000	0.000000	0.000000	0.000000	0.000000	0.000000	0.000000	0.000000	0.000000	1733433182.527907	0.000000
204.000000	88192.607545	19023.212078	187500.000000	187500.000000	86785.229955	102909.957219	112997.455954	134008.699239	-0.074000	0.772000	0.572000	192.000000	0.000000	0.000000	0.000000	0.000000	0.000000	0.000000	0.000000	0.000000	0.000000	1733433182.531924	0.000000
205.000000	88185.969077	19017.668845	187500.000000	187500.000000	86777.272734	102908.973743	113001.725137	134043.120926	-0.074000	0.772000	0.572000	192.000000	0.000000	0.000000	0.000000	0.000000	0.000000	0.000000	0.000000	0.000000	0.000000	1733433182.536134	0.000000
206.000000	88175.486109	18998.066365	187500.000000	187500.000000	86770.544859	102912.080635	112994.214951	134043.523257	-0.074000	0.772000	0.572000	192.000000	0.000000	0.000000	0.000000	0.000000	0.000000	0.000000	0.000000	0.000000	0.000000	1733433182.539952	0.000000
207.000000	88167.081853	18984.297691	187500.000000	187500.000000	86773.092958	102921.423664	112987.643538	133994.371771	-0.074000	0.772000	0.572000	192.000000	0.000000	0.000000	0.000000	0.000000	0.000000	0.000000	0.000000	0.000000	0.000000	1733433182.543954	0.000000
208.000000	88175.642571	19003.251970	187500.000000	187500.000000	86773.987028	102892.880487	112974.388954	133974.724588	-0.074000	0.772000	0.572000	192.000000	0.000000	0.000000	0.000000	0.000000	0.000000	0.000000	0.000000	0.000000	0.000000	1733433182.549222	0.000000
209.000000	88180.783472	19015.366616	187500.000000	187500.000000	86775.998685	102897.104966	112992.449163	133978.971419	-0.074000	0.772000	0.572000	192.000000	0.000000	0.000000	0.000000	0.000000	0.000000	0.000000	0.000000	0.000000	0.000000	1733433182.552116	0.000000
210.000000	88173.899135	19009.577514	187500.000000	187500.000000	86775.126967	102902.469385	113001.993358	133985.766350	-0.076000	0.770000	0.578000	192.000000	253.000000	160.000000	24.000000	16.000000	18.000000	16.000000	0.000000	0.000000	0.000000	1733433182.555035	0.000000
211.000000	88178.525946	19022.005084	187500.000000	187500.000000	86777.228031	102910.024275	112997.925341	133994.818806	-0.076000	0.770000	0.578000	192.000000	0.000000	0.000000	0.000000	0.000000	0.000000	0.000000	0.000000	0.000000	0.000000	1733433182.560252	0.000000
212.000000	88186.192594	19026.788357	187500.000000	187500.000000	86786.124025	102930.207900	113005.055547	134005.972327	-0.076000	0.770000	0.578000	192.000000	0.000000	0.000000	0.000000	0.000000	0.000000	0.000000	0.000000	0.000000	0.000000	1733433182.564215	0.000000
213.000000	88175.441405	19013.265552	187500.000000	187500.000000	86786.347543	102919.121435	112992.002129	133993.298887	-0.076000	0.770000	0.578000	192.000000	0.000000	0.000000	0.000000	0.000000	0.000000	0.000000	0.000000	0.000000	0.000000	1733433182.568033	0.000000
214.000000	88171.127519	19005.062462	187500.000000	187500.000000	86780.111406	102919.233193	112980.669794	133985.878108	-0.076000	0.770000	0.578000	192.000000	0.000000	0.000000	0.000000	0.000000	0.000000	0.000000	0.000000	0.000000	0.000000	1733433182.571966	0.000000
215.000000	88174.636742	19012.438537	187500.000000	187500.000000	86791.823720	102938.634507	112988.582312	134005.592347	-0.076000	0.770000	0.578000	192.000000	0.000000	0.000000	0.000000	0.000000	0.000000	0.000000	0.000000	0.000000	0.000000	1733433182.576975	0.000000
216.000000	88173.899135	19004.302502	187500.000000	187500.000000	86791.734313	102914.651086	112987.487076	134003.826559	-0.076000	0.770000	0.578000	192.000000	0.000000	0.000000	0.000000	0.000000	0.000000	0.000000	0.000000	0.000000	0.000000	1733433182.580026	0.000000
217.000000	88166.210135	18993.417203	187500.000000	187500.000000	86783.687685	102911.365379	112993.410289	133982.458291	-0.076000	0.770000	0.578000	192.000000	0.000000	0.000000	0.000000	0.000000	0.000000	0.000000	0.000000	0.000000	0.000000	1733433182.583002	0.000000
218.000000	88168.981751	19001.620293	187500.000000	187500.000000	86775.797519	102922.407141	112990.571617	133982.480643	-0.076000	0.770000	0.578000	192.000000	0.000000	0.000000	0.000000	0.000000	0.000000	0.000000	0.000000	0.000000	0.000000	1733433182.588170	0.000000
219.000000	88169.205269	19004.213095	187500.000000	187500.000000	86773.852917	102908.683170	112971.751448	133980.647800	-0.076000	0.770000	0.578000	192.000000	0.000000	0.000000	0.000000	0.000000	0.000000	0.000000	0.000000	0.000000	0.000000	1733433182.592129	0.000000
220.000000	88164.980789	19009.331645	187500.000000	187500.000000	86769.427272	102903.497565	112957.491035	133978.412626	-0.078000	0.772000	0.576000	192.000000	253.000000	144.000000	24.000000	32.000000	18.000000	0.000000	0.000000	0.000000	0.000000	1733433182.596204	0.000000
221.000000	88165.696045	19014.494898	187500.000000	187500.000000	86777.831528	102924.955240	112970.432695	134006.844045	-0.078000	0.772000	0.576000	192.000000	0.000000	0.000000	0.000000	0.000000	0.000000	0.000000	0.000000	0.000000	0.000000	1733433182.600517	0.000000
222.000000	88163.505574	18996.457040	187500.000000	187500.000000	86779.329095	102907.543231	112969.650384	133978.256163	-0.078000	0.772000	0.576000	192.000000	0.000000	0.000000	0.000000	0.000000	0.000000	0.000000	0.000000	0.000000	0.000000	1733433182.603109	0.000000
223.000000	88184.985600	19025.000218	187500.000000	187500.000000	86799.490368	102934.678249	113008.475364	133986.503957	-0.078000	0.772000	0.576000	192.000000	0.000000	0.000000	0.000000	0.000000	0.000000	0.000000	0.000000	0.000000	0.000000	1733433182.607045	0.000000
224.000000	88181.968115	19016.193630	187500.000000	187500.000000	86797.277546	102931.169025	113009.101213	133983.531175	-0.078000	0.772000	0.576000	192.000000	0.000000	0.000000	0.000000	0.000000	0.000000	0.000000	0.000000	0.000000	0.000000	1733433182.611094	0.000000
225.000000	88174.636742	18998.334586	187500.000000	187500.000000	86791.466092	102911.119510	112995.131373	133977.630315	-0.078000	0.772000	0.576000	192.000000	0.000000	0.000000	0.000000	0.000000	0.000000	0.000000	0.000000	0.000000	0.000000	1733433182.616075	0.000000
226.000000	88171.060463	18987.672804	187500.000000	187500.000000	86782.570098	102901.865888	112983.575521	133967.840250	-0.078000	0.772000	0.576000	192.000000	0.000000	0.000000	0.000000	0.000000	0.000000	0.000000	0.000000	0.000000	0.000000	1733433182.620161	0.000000
227.000000	88175.307295	18993.864238	187500.000000	187500.000000	86788.158034	102908.236135	112977.853474	133983.374713	-0.078000	0.772000	0.576000	192.000000	0.000000	0.000000	0.000000	0.000000	0.000000	0.000000	0.000000	0.000000	0.000000	1733433182.624075	0.000000
228.000000	88182.236336	19010.046901	187500.000000	187500.000000	86791.443740	102916.662743	112986.525951	133999.512672	-0.078000	0.772000	0.576000	192.000000	0.000000	0.000000	0.000000	0.000000	0.000000	0.000000	0.000000	0.000000	0.000000	1733433182.628346	0.000000
229.000000	88171.060463	19003.117860	187500.000000	187500.000000	86779.060874	102903.005827	112974.031326	133983.777044	-0.078000	0.772000	0.576000	192.000000	0.000000	0.000000	0.000000	0.000000	0.000000	0.000000	0.000000	0.000000	0.000000	1733433182.632218	0.000000
230.000000	88177.542469	19014.472546	187500.000000	187500.000000	86784.447644	102908.772577	112969.672736	133983.687637	-0.074000	0.768000	0.570000	192.000000	253.000000	176.000000	24.000000	0.000000	17.000000	208.000000	0.000000	0.000000	0.000000	1733433182.635314	0.000000
231.000000	88185.522042	19018.294694	187500.000000	187500.000000	86799.713886	102926.475159	112989.945768	133977.697370	-0.074000	0.768000	0.570000	192.000000	0.000000	0.000000	0.000000	0.000000	0.000000	0.000000	0.000000	0.000000	0.000000	1733433182.639113	0.000000
232.000000	88186.371408	19011.924447	187500.000000	187500.000000	86799.490368	102930.297307	112998.305321	133988.895594	-0.074000	0.768000	0.570000	192.000000	0.000000	0.000000	0.000000	0.000000	0.000000	0.000000	0.000000	0.000000	0.000000	1733433182.644123	0.000000
233.000000	88187.109016	19018.674674	187500.000000	187500.000000	86801.457322	102935.013525	113004.899085	134009.168626	-0.074000	0.768000	0.570000	192.000000	0.000000	0.000000	0.000000	0.000000	0.000000	0.000000	0.000000	0.000000	0.000000	1733433182.648094	0.000000
234.000000	88183.733902	19017.355921	187500.000000	187500.000000	86795.534110	102934.722952	112993.499695	134015.091838	-0.074000	0.768000	0.570000	192.000000	0.000000	0.000000	0.000000	0.000000	0.000000	0.000000	0.000000	0.000000	0.000000	1733433182.652282	0.000000
235.000000	88179.576478	19011.388005	187500.000000	187500.000000	86798.484540	102942.836635	112977.987585	133996.003448	-0.074000	0.768000	0.570000	192.000000	0.000000	0.000000	0.000000	0.000000	0.000000	0.000000	0.000000	0.000000	0.000000	1733433182.656144	0.000000
236.000000	88183.264516	19027.101282	187500.000000	187500.000000	86805.771208	102933.761827	112989.655195	133994.751751	-0.074000	0.768000	0.570000	192.000000	0.000000	0.000000	0.000000	0.000000	0.000000	0.000000	0.000000	0.000000	0.000000	1733433182.659159	0.000000
237.000000	88187.153719	19018.495860	187500.000000	187500.000000	86801.882005	102923.502376	113000.428736	134008.565129	-0.074000	0.768000	0.570000	192.000000	0.000000	0.000000	0.000000	0.000000	0.000000	0.000000	0.000000	0.000000	0.000000	1733433182.663285	0.000000
238.000000	88190.238260	19013.623180	187500.000000	187500.000000	86805.324174	102926.341048	113003.915608	134025.843027	-0.074000	0.768000	0.570000	192.000000	0.000000	0.000000	0.000000	0.000000	0.000000	0.000000	0.000000	0.000000	0.000000	1733433182.667262	0.000000
239.000000	88190.774702	19012.460889	187500.000000	187500.000000	86810.956813	102935.125284	113003.557980	134007.268728	-0.074000	0.768000	0.570000	192.000000	0.000000	0.000000	0.000000	0.000000	0.000000	0.000000	0.000000	0.000000	0.000000	1733433182.672377	0.000000
240.000000	88184.270344	19008.392871	187500.000000	187500.000000	86803.871310	102944.334202	112995.623111	133988.269745	-0.074000	0.770000	0.576000	192.000000	253.000000	176.000000	24.000000	16.000000	18.000000	0.000000	0.000000	0.000000	0.000000	1733433182.676355	0.000000
241.000000	88179.397664	19004.123688	187500.000000	187500.000000	86792.851900	102916.930964	112982.145009	133995.690524	-0.074000	0.770000	0.576000	192.000000	0.000000	0.000000	0.000000	0.000000	0.000000	0.000000	0.000000	0.000000	0.000000	1733433182.680134	0.000000
242.000000	88180.716417	19012.796165	187500.000000	187500.000000	86793.187176	102907.520879	112976.802942	133979.664323	-0.074000	0.770000	0.576000	192.000000	0.000000	0.000000	0.000000	0.000000	0.000000	0.000000	0.000000	0.000000	0.000000	1733433182.684196	0.000000
243.000000	88172.513327	18998.781621	187500.000000	187500.000000	86794.237708	102911.991228	112974.724230	133976.266858	-0.074000	0.770000	0.576000	192.000000	0.000000	0.000000	0.000000	0.000000	0.000000	0.000000	0.000000	0.000000	0.000000	1733433182.687189	0.000000
244.000000	88174.189708	18997.284054	187500.000000	187500.000000	86806.732334	102932.241909	112981.317995	133978.949067	-0.074000	0.770000	0.576000	192.000000	0.000000	0.000000	0.000000	0.000000	0.000000	0.000000	0.000000	0.000000	0.000000	1733433182.691172	0.000000
245.000000	88175.754330	19002.402604	187500.000000	187500.000000	86806.642927	102920.909574	112976.691184	133981.854794	-0.074000	0.770000	0.576000	192.000000	0.000000	0.000000	0.000000	0.000000	0.000000	0.000000	0.000000	0.000000	0.000000	1733433182.695203	0.000000
246.000000	88173.295638	19006.045938	187500.000000	187500.000000	86801.703191	102920.842519	112979.216931	133977.250335	-0.074000	0.770000	0.576000	192.000000	0.000000	0.000000	0.000000	0.000000	0.000000	0.000000	0.000000	0.000000	0.000000	1733433182.700511	0.000000
247.000000	88172.893306	19003.184915	187500.000000	187500.000000	86795.757627	102923.167100	112976.758239	134021.193864	-0.074000	0.770000	0.576000	192.000000	0.000000	0.000000	0.000000	0.000000	0.000000	0.000000	0.000000	0.000000	0.000000	1733433182.704354	0.000000
248.000000	88176.022551	19006.962360	187500.000000	187500.000000	86792.248403	102912.147690	112977.317032	134013.974251	-0.074000	0.770000	0.576000	192.000000	0.000000	0.000000	0.000000	0.000000	0.000000	0.000000	0.000000	0.000000	0.000000	1733433182.708363	0.000000
249.000000	88175.575516	18988.209246	187500.000000	187500.000000	86805.257118	102918.272068	112972.064373	133978.345570	-0.074000	0.770000	0.576000	192.000000	0.000000	0.000000	0.000000	0.000000	0.000000	0.000000	0.000000	0.000000	0.000000	1733433182.712543	0.000000
250.000000	88161.359806	18974.418220	187500.000000	187500.000000	86793.075418	102911.097158	112962.319012	133960.017140	-0.072000	0.772000	0.584000	192.000000	253.000000	192.000000	24.000000	32.000000	18.000000	64.000000	0.000000	0.000000	0.000000	1733433182.715461	0.000000
251.000000	88161.069234	18988.544522	187500.000000	187500.000000	86793.477749	102896.993208	112965.805884	133955.524439	-0.072000	0.772000	0.584000	192.000000	0.000000	0.000000	0.000000	0.000000	0.000000	0.000000	0.000000	0.000000	0.000000	1733433182.719483	0.000000
252.000000	88169.406434	18997.708738	187500.000000	187500.000000	86797.702229	102908.973743	112979.194579	133974.925753	-0.072000	0.772000	0.584000	192.000000	0.000000	0.000000	0.000000	0.000000	0.000000	0.000000	0.000000	0.000000	0.000000	1733433182.723406	0.000000
253.000000	88171.216926	18992.500781	187500.000000	187500.000000	86801.345563	102915.165176	112980.423925	133989.744960	-0.072000	0.772000	0.584000	192.000000	0.000000	0.000000	0.000000	0.000000	0.000000	0.000000	0.000000	0.000000	0.000000	1733433182.727268	0.000000
254.000000	88165.226658	18989.237426	187500.000000	187500.000000	86792.740141	102919.836690	112968.353983	134000.406742	-0.072000	0.772000	0.584000	192.000000	0.000000	0.000000	0.000000	0.000000	0.000000	0.000000	0.000000	0.000000	0.000000	1733433182.732244	0.000000
255.000000	88155.391890	18982.867179	187500.000000	187500.000000	86777.473900	102911.007751	112962.207253	133976.669190	-0.072000	0.772000	0.584000	192.000000	0.000000	0.000000	0.000000	0.000000	0.000000	0.000000	0.000000	0.000000	0.000000	1733433182.736297	0.000000
0.000000	88153.067309	18971.177217	187500.000000	187500.000000	86775.506947	102898.043740	112966.811713	133977.831480	-0.072000	0.772000	0.584000	192.000000	0.000000	0.000000	0.000000	0.000000	0.000000	0.000000	0.000000	0.000000	0.000000	1733433182.739488	0.000000
1.000000	88162.365635	18981.883703	187500.000000	187500.000000	86783.397112	102901.843536	112973.785457	133968.443748	-0.072000	0.772000	0.584000	192.000000	0.000000	0.000000	0.000000	0.000000	0.000000	0.000000	0.000000	0.000000	0.000000	1733433182.743545	0.000000
2.000000	88170.926353	19003.028453	187500.000000	187500.000000	86791.175519	102909.867812	112982.234416	133958.720739	-0.072000	0.772000	0.584000	192.000000	0.000000	0.000000	0.000000	0.000000	0.000000	0.000000	0.000000	0.000000	0.000000	1733433182.747524	0.000000
3.000000	88171.105167	19004.481316	187500.000000	187500.000000	86790.996705	102916.595687	112987.241207	133962.699349	-0.072000	0.772000	0.584000	192.000000	0.000000	0.000000	0.000000	0.000000	0.000000	0.000000	0.000000	0.000000	0.000000	1733433182.751587	0.000000
4.000000	88161.493917	18989.907979	187500.000000	187500.000000	86783.642981	102906.827975	112976.534721	133970.433053	-0.068000	0.762000	0.572000	192.000000	253.000000	224.000000	23.000000	208.000000	17.000000	224.000000	0.000000	0.000000	0.000000	1733433182.756394	0.000000
5.000000	88157.761175	18992.076098	187500.000000	187500.000000	86789.610897	102908.861984	112956.798131	133965.247448	-0.068000	0.762000	0.572000	192.000000	0.000000	0.000000	0.000000	0.000000	0.000000	0.000000	0.000000	0.000000	0.000000	1733433182.760258	0.000000
6.000000	88151.837963	18986.845790	187500.000000	187500.000000	86791.779016	102911.410083	112969.292756	133966.923829	-0.068000	0.762000	0.572000	192.000000	0.000000	0.000000	0.000000	0.000000	0.000000	0.000000	0.000000	0.000000	0.000000	1733433182.764264	0.000000
7.000000	88154.028434	18983.068345	187500.000000	187500.000000	86790.348505	102908.169080	112982.301472	133998.395085	-0.068000	0.762000	0.572000	192.000000	0.000000	0.000000	0.000000	0.000000	0.000000	0.000000	0.000000	0.000000	0.000000	1733433182.767308	0.000000
8.000000	88156.934161	18976.385173	187500.000000	187500.000000	86797.411656	102918.227365	112986.883579	133997.389257	-0.068000	0.762000	0.572000	192.000000	0.000000	0.000000	0.000000	0.000000	0.000000	0.000000	0.000000	0.000000	0.000000	1733433182.771331	0.000000
9.000000	88163.729091	18979.715583	187500.000000	187500.000000	86800.831473	102915.858080	112984.626053	133960.061843	-0.068000	0.762000	0.572000	192.000000	0.000000	0.000000	0.000000	0.000000	0.000000	0.000000	0.000000	0.000000	0.000000	1733433182.775325	0.000000
10.000000	88164.980789	18989.952682	187500.000000	187500.000000	86801.524377	102919.367304	112991.957425	133968.555506	-0.068000	0.762000	0.572000	192.000000	0.000000	0.000000	0.000000	0.000000	0.000000	0.000000	0.000000	0.000000	0.000000	1733433182.779449	0.000000
11.000000	88161.158641	18987.739860	187500.000000	187500.000000	86795.645868	102912.952353	112994.349062	133978.837309	-0.068000	0.762000	0.572000	192.000000	0.000000	0.000000	0.000000	0.000000	0.000000	0.000000	0.000000	0.000000	0.000000	1733433182.783735	0.000000
12.000000	88159.705777	18994.870066	187500.000000	187500.000000	86796.651697	102911.655952	112990.661024	133969.471928	-0.068000	0.762000	0.572000	192.000000	0.000000	0.000000	0.000000	0.000000	0.000000	0.000000	0.000000	0.000000	0.000000	1733433182.788815	0.000000
13.000000	88157.515306	18991.852581	187500.000000	187500.000000	86791.063761	102904.011655	112989.834009	133961.000617	-0.068000	0.762000	0.572000	192.000000	0.000000	0.000000	0.000000	0.000000	0.000000	0.000000	0.000000	0.000000	0.000000	1733433182.792731	0.000000
14.000000	88161.248048	18990.757345	187500.000000	187500.000000	86794.081246	102918.070903	112997.657120	133970.634219	-0.078000	0.764000	0.572000	192.000000	253.000000	144.000000	23.000000	224.000000	17.000000	224.000000	0.000000	0.000000	0.000000	1733433182.795321	0.000000
15.000000	88156.956513	18982.464848	187500.000000	187500.000000	86789.767359	102917.713275	112993.723213	133965.672131	-0.078000	0.764000	0.572000	192.000000	0.000000	0.000000	0.000000	0.000000	0.000000	0.000000	0.000000	0.000000	0.000000	1733433182.799345	0.000000
16.000000	88151.837963	18973.457095	187500.000000	187500.000000	86784.402941	102903.162289	112980.982719	133970.298942	-0.078000	0.764000	0.572000	192.000000	0.000000	0.000000	0.000000	0.000000	0.000000	0.000000	0.000000	0.000000	0.000000	1733433182.803464	0.000000
17.000000	88150.273341	18978.709755	187500.000000	187500.000000	86781.452511	102908.861984	112979.708669	133978.390274	-0.078000	0.764000	0.572000	192.000000	0.000000	0.000000	0.000000	0.000000	0.000000	0.000000	0.000000	0.000000	0.000000	1733433182.807460	0.000000
18.000000	88159.437556	18995.317101	187500.000000	187500.000000	86778.211508	102901.128280	112982.457934	133996.338725	-0.078000	0.764000	0.572000	192.000000	0.000000	0.000000	0.000000	0.000000	0.000000	0.000000	0.000000	0.000000	0.000000	1733433182.811438	0.000000
19.000000	88151.569742	18984.700022	187500.000000	187500.000000	86773.785862	102898.423719	112967.817541	133970.231887	-0.078000	0.764000	0.572000	192.000000	0.000000	0.000000	0.000000	0.000000	0.000000	0.000000	0.000000	0.000000	0.000000	1733433182.815539	0.000000
20.000000	88148.641664	18978.441534	187500.000000	187500.000000	86771.438929	102887.560771	112968.912777	133956.016178	-0.078000	0.764000	0.572000	192.000000	0.000000	0.000000	0.000000	0.000000	0.000000	0.000000	0.000000	0.000000	0.000000	1733433182.820649	0.000000
21.000000	88149.043995	18982.643662	187500.000000	187500.000000	86784.291182	102894.601571	112994.349062	133953.892762	-0.078000	0.764000	0.572000	192.000000	0.000000	0.000000	0.000000	0.000000	0.000000	0.000000	0.000000	0.000000	0.000000	1733433182.823448	0.000000
22.000000	88154.363710	18976.675746	187500.000000	187500.000000	86785.744045	102900.413024	113000.294626	133982.145367	-0.078000	0.764000	0.572000	192.000000	0.000000	0.000000	0.000000	0.000000	0.000000	0.000000	0.000000	0.000000	0.000000	1733433182.827711	0.000000
23.000000	88156.867106	18982.017813	187500.000000	187500.000000	86782.614801	102913.757016	112983.217893	133992.069541	-0.078000	0.764000	0.572000	192.000000	0.000000	0.000000	0.000000	0.000000	0.000000	0.000000	0.000000	0.000000	0.000000	1733433182.831443	0.000000
24.000000	88144.461887	18966.528054	187500.000000	187500.000000	86775.574002	102900.815356	112973.338422	133946.740204	-0.080000	0.770000	0.574000	192.000000	253.000000	128.000000	24.000000	16.000000	17.000000	240.000000	0.000000	0.000000	0.000000	1733433182.835657	0.000000
25.000000	88139.723318	18959.286089	187500.000000	187500.000000	86762.095900	102878.687129	112969.829198	133950.227076	-0.080000	0.770000	0.574000	192.000000	0.000000	0.000000	0.000000	0.000000	0.000000	0.000000	0.000000	0.000000	0.000000	1733433182.839416	0.000000
26.000000	88147.546428	18974.462923	187500.000000	187500.000000	86768.823775	102891.964065	112984.380184	133961.112375	-0.080000	0.770000	0.574000	192.000000	0.000000	0.000000	0.000000	0.000000	0.000000	0.000000	0.000000	0.000000	0.000000	1733433182.843462	0.000000
27.000000	88150.653321	18981.838999	187500.000000	187500.000000	86780.066702	102900.770652	112985.631881	133975.037512	-0.080000	0.770000	0.574000	192.000000	0.000000	0.000000	0.000000	0.000000	0.000000	0.000000	0.000000	0.000000	0.000000	1733433182.848450	0.000000
28.000000	88142.807858	18975.044069	187500.000000	187500.000000	86779.709074	102892.567562	112979.775724	133950.808221	-0.080000	0.770000	0.574000	192.000000	0.000000	0.000000	0.000000	0.000000	0.000000	0.000000	0.000000	0.000000	0.000000	1733433182.851476	0.000000
29.000000	88138.203399	18960.515435	187500.000000	187500.000000	86770.880135	102878.575370	112962.676640	133950.517649	-0.080000	0.770000	0.574000	192.000000	0.000000	0.000000	0.000000	0.000000	0.000000	0.000000	0.000000	0.000000	0.000000	1733433182.855544	0.000000
30.000000	88126.133457	18945.092731	187500.000000	187500.000000	86767.527374	102870.014652	112963.838931	133948.953026	-0.080000	0.770000	0.574000	192.000000	0.000000	0.000000	0.000000	0.000000	0.000000	0.000000	0.000000	0.000000	0.000000	1733433182.859684	0.000000
31.000000	88122.534826	18939.817719	187500.000000	187500.000000	86762.989970	102857.900007	112957.245166	133937.151305	-0.080000	0.770000	0.574000	192.000000	0.000000	0.000000	0.000000	0.000000	0.000000	0.000000	0.000000	0.000000	0.000000	1733433182.863638	0.000000
32.000000	88140.215056	18968.405601	187500.000000	187500.000000	86777.160976	102877.413079	112980.669794	133966.499146	-0.080000	0.770000	0.574000	192.000000	0.000000	0.000000	0.000000	0.000000	0.000000	0.000000	0.000000	0.000000	0.000000	1733433182.867577	0.000000
33.000000	88144.752460	18975.535807	187500.000000	187500.000000	86772.958848	102860.135181	112981.988547	133952.238733	-0.080000	0.770000	0.574000	192.000000	0.000000	0.000000	0.000000	0.000000	0.000000	0.000000	0.000000	0.000000	0.000000	1733433182.871476	0.000000
34.000000	88153.223771	18966.326888	187500.000000	187500.000000	86775.864574	102863.890274	112977.920530	133944.639140	-0.076000	0.772000	0.578000	192.000000	253.000000	160.000000	24.000000	32.000000	18.000000	16.000000	0.000000	0.000000	0.000000	1733433182.876456	0.000000
35.000000	88156.732995	18977.391002	187500.000000	187500.000000	86788.917993	102881.682263	112988.135277	133969.561335	-0.076000	0.772000	0.578000	192.000000	0.000000	0.000000	0.000000	0.000000	0.000000	0.000000	0.000000	0.000000	0.000000	1733433182.879496	0.000000
36.000000	88148.328739	18974.038240	187500.000000	187500.000000	86782.413636	102882.196353	112974.165437	133967.147346	-0.076000	0.772000	0.578000	192.000000	0.000000	0.000000	0.000000	0.000000	0.000000	0.000000	0.000000	0.000000	0.000000	1733433182.883466	0.000000
37.000000	88141.265588	18974.440572	187500.000000	187500.000000	86773.450586	102878.374204	112965.738829	133946.919018	-0.076000	0.772000	0.578000	192.000000	0.000000	0.000000	0.000000	0.000000	0.000000	0.000000	0.000000	0.000000	0.000000	1733433182.887486	0.000000
38.000000	88137.331681	18965.522226	187500.000000	187500.000000	86770.433101	102866.930111	112964.956518	133970.455405	-0.076000	0.772000	0.578000	192.000000	0.000000	0.000000	0.000000	0.000000	0.000000	0.000000	0.000000	0.000000	0.000000	1733433182.891676	0.000000
39.000000	88128.905073	18952.669972	187500.000000	187500.000000	86756.127984	102832.486073	112955.054695	133965.716835	-0.076000	0.772000	0.578000	192.000000	0.000000	0.000000	0.000000	0.000000	0.000000	0.000000	0.000000	0.000000	0.000000	1733433182.895716	0.000000
40.000000	88139.276283	18964.985784	187500.000000	187500.000000	86766.275676	102859.218759	112981.250940	133936.234884	-0.076000	0.772000	0.578000	192.000000	0.000000	0.000000	0.000000	0.000000	0.000000	0.000000	0.000000	0.000000	0.000000	1733433182.899807	0.000000
41.000000	88141.712623	18972.294804	187500.000000	187500.000000	86777.384493	102889.661835	112998.372376	133946.784907	-0.076000	0.772000	0.578000	192.000000	0.000000	0.000000	0.000000	0.000000	0.000000	0.000000	0.000000	0.000000	0.000000	1733433182.903535	0.000000
42.000000	88139.745669	18983.984766	187500.000000	187500.000000	86778.211508	102877.927170	112995.310187	133965.135689	-0.076000	0.772000	0.578000	192.000000	0.000000	0.000000	0.000000	0.000000	0.000000	0.000000	0.000000	0.000000	0.000000	1733433182.906741	0.000000
43.000000	88131.788448	18983.090697	187500.000000	187500.000000	86768.868478	102865.320786	112976.065335	133965.001579	-0.076000	0.772000	0.578000	192.000000	0.000000	0.000000	0.000000	0.000000	0.000000	0.000000	0.000000	0.000000	0.000000	1733433182.910520	0.000000
44.000000	88125.842884	18960.560138	187500.000000	187500.000000	86763.437004	102857.989413	112965.582367	133957.558448	-0.070000	0.762000	0.572000	192.000000	253.000000	208.000000	23.000000	208.000000	17.000000	224.000000	0.000000	0.000000	0.000000	1733433182.915501	0.000000
45.000000	88120.769038	18945.383304	187500.000000	187500.000000	86756.932647	102859.732850	112968.465742	133952.439899	-0.070000	0.762000	0.572000	192.000000	0.000000	0.000000	0.000000	0.000000	0.000000	0.000000	0.000000	0.000000	0.000000	1733433182.919784	0.000000
46.000000	88125.775829	18952.826435	187500.000000	187500.000000	86765.895696	102875.446126	112985.162495	133945.913189	-0.070000	0.762000	0.572000	192.000000	0.000000	0.000000	0.000000	0.000000	0.000000	0.000000	0.000000	0.000000	0.000000	1733433182.923543	0.000000
47.000000	88128.033355	18960.962470	187500.000000	187500.000000	86771.058949	102868.427678	112987.263559	133961.268838	-0.070000	0.762000	0.572000	192.000000	0.000000	0.000000	0.000000	0.000000	0.000000	0.000000	0.000000	0.000000	0.000000	1733433182.927565	0.000000
48.000000	88116.365745	18945.428007	187500.000000	187500.000000	86758.005531	102855.351908	112964.084800	133953.423375	-0.070000	0.762000	0.572000	192.000000	0.000000	0.000000	0.000000	0.000000	0.000000	0.000000	0.000000	0.000000	0.000000	1733433182.931658	0.000000
49.000000	88121.596053	18954.703981	187500.000000	187500.000000	86760.732443	102860.872789	112961.268480	133953.199858	-0.070000	0.762000	0.572000	192.000000	0.000000	0.000000	0.000000	0.000000	0.000000	0.000000	0.000000	0.000000	0.000000	1733433182.934804	0.000000
50.000000	88122.624233	18951.820606	187500.000000	187500.000000	86759.033711	102848.042887	112953.713590	133943.409794	-0.070000	0.762000	0.572000	192.000000	0.000000	0.000000	0.000000	0.000000	0.000000	0.000000	0.000000	0.000000	0.000000	1733433182.938880	0.000000
51.000000	88124.948815	18954.949850	187500.000000	187500.000000	86769.315513	102872.965082	112963.950689	133933.507971	-0.070000	0.762000	0.572000	192.000000	0.000000	0.000000	0.000000	0.000000	0.000000	0.000000	0.000000	0.000000	0.000000	1733433182.943827	0.000000
52.000000	88116.991593	18948.221975	187500.000000	187500.000000	86759.257228	102856.000108	112956.351096	133943.186276	-0.070000	0.762000	0.572000	192.000000	0.000000	0.000000	0.000000	0.000000	0.000000	0.000000	0.000000	0.000000	0.000000	1733433182.947619	0.000000
53.000000	88110.554291	18952.781731	187500.000000	187500.000000	86748.662501	102836.621146	112949.466759	133923.337927	-0.070000	0.762000	0.572000	192.000000	0.000000	0.000000	0.000000	0.000000	0.000000	0.000000	0.000000	0.000000	0.000000	1733433182.951944	0.000000
54.000000	88098.260832	18949.697190	187500.000000	187500.000000	86731.518713	102830.116788	112937.195651	133904.875386	-0.076000	0.766000	0.570000	192.000000	253.000000	160.000000	23.000000	240.000000	17.000000	208.000000	0.000000	0.000000	0.000000	1733433182.955605	0.000000
55.000000	88102.194739	18951.842958	187500.000000	187500.000000	86739.610045	102849.831027	112941.911869	133926.802448	-0.076000	0.766000	0.570000	192.000000	0.000000	0.000000	0.000000	0.000000	0.000000	0.000000	0.000000	0.000000	0.000000	1733433182.958600	0.000000
56.000000	88110.420181	18944.355124	187500.000000	187500.000000	86751.791746	102857.072992	112953.579480	133951.791698	-0.076000	0.766000	0.570000	192.000000	0.000000	0.000000	0.000000	0.000000	0.000000	0.000000	0.000000	0.000000	0.000000	1733433182.962624	0.000000
57.000000	88089.923631	18924.059740	187500.000000	187500.000000	86738.447754	102839.437466	112933.284096	133933.642081	-0.076000	0.766000	0.570000	192.000000	0.000000	0.000000	0.000000	0.000000	0.000000	0.000000	0.000000	0.000000	0.000000	1733433182.967836	0.000000
58.000000	88084.000419	18919.343522	187500.000000	187500.000000	86727.093068	102831.703762	112947.432750	133998.797417	-0.076000	0.766000	0.570000	192.000000	0.000000	0.000000	0.000000	0.000000	0.000000	0.000000	0.000000	0.000000	0.000000	1733433182.971821	0.000000
59.000000	88085.162709	18922.763338	187500.000000	187500.000000	86730.781106	102835.771780	112959.547396	133948.461288	-0.076000	0.766000	0.570000	192.000000	0.000000	0.000000	0.000000	0.000000	0.000000	0.000000	0.000000	0.000000	0.000000	1733433182.975868	0.000000
60.000000	88097.031486	18948.959583	187500.000000	187500.000000	86747.477859	102850.255710	112953.288907	133885.228203	-0.076000	0.766000	0.570000	192.000000	0.000000	0.000000	0.000000	0.000000	0.000000	0.000000	0.000000	0.000000	0.000000	1733433182.979883	0.000000
61.000000	88098.014962	18937.873118	187500.000000	187500.000000	86745.287388	102832.866053	112947.298640	133889.318572	-0.076000	0.766000	0.570000	192.000000	0.000000	0.000000	0.000000	0.000000	0.000000	0.000000	0.000000	0.000000	0.000000	1733433182.983624	0.000000
62.000000	88098.193776	18938.811891	187500.000000	187500.000000	86742.761641	102837.850492	112955.255861	133900.717962	-0.076000	0.766000	0.570000	192.000000	0.000000	0.000000	0.000000	0.000000	0.000000	0.000000	0.000000	0.000000	0.000000	1733433182.986704	0.000000
63.000000	88103.669954	18943.863385	187500.000000	187500.000000	86752.507001	102846.813541	112955.904061	133906.887043	-0.076000	0.766000	0.570000	192.000000	0.000000	0.000000	0.000000	0.000000	0.000000	0.000000	0.000000	0.000000	0.000000	1733433182.990609	0.000000
64.000000	88103.647602	18940.443568	187500.000000	187500.000000	86756.686778	102846.835893	112955.233509	133923.270872	-0.076000	0.772000	0.562000	192.000000	253.000000	160.000000	24.000000	32.000000	17.000000	144.000000	0.000000	0.000000	0.000000	1733433182.994658	0.000000
65.000000	88100.875986	18933.738045	187500.000000	187500.000000	86754.853935	102838.655155	112947.969192	133911.513854	-0.076000	0.772000	0.562000	192.000000	0.000000	0.000000	0.000000	0.000000	0.000000	0.000000	0.000000	0.000000	0.000000	1733433182.999614	0.000000
66.000000	88104.899300	18941.024714	187500.000000	187500.000000	86759.368987	102844.958346	112953.445369	133909.703363	-0.076000	0.772000	0.562000	192.000000	0.000000	0.000000	0.000000	0.000000	0.000000	0.000000	0.000000	0.000000	0.000000	1733433183.003680	0.000000
67.000000	88106.195701	18953.184063	187500.000000	187500.000000	86755.636246	102851.976794	112954.250032	133916.207721	-0.076000	0.772000	0.562000	192.000000	0.000000	0.000000	0.000000	0.000000	0.000000	0.000000	0.000000	0.000000	0.000000	1733433183.007955	0.000000
68.000000	88108.095599	18939.504795	187500.000000	187500.000000	86751.098842	102846.187692	112948.326820	133925.483695	-0.076000	0.772000	0.562000	192.000000	0.000000	0.000000	0.000000	0.000000	0.000000	0.000000	0.000000	0.000000	0.000000	1733433183.010891	0.000000
69.000000	88106.508625	18943.014019	187500.000000	187500.000000	86748.416632	102838.610451	112948.751503	133933.686785	-0.076000	0.772000	0.562000	192.000000	0.000000	0.000000	0.000000	0.000000	0.000000	0.000000	0.000000	0.000000	0.000000	1733433183.014924	0.000000
70.000000	88105.234576	18938.543670	187500.000000	187500.000000	86750.316531	102848.042887	112954.674715	133938.827686	-0.076000	0.772000	0.562000	192.000000	0.000000	0.000000	0.000000	0.000000	0.000000	0.000000	0.000000	0.000000	0.000000	1733433183.018921	0.000000
71.000000	88109.771980	18947.417313	187500.000000	187500.000000	86762.252362	102861.006899	112976.467666	133936.078422	-0.076000	0.772000	0.562000	192.000000	0.000000	0.000000	0.000000	0.000000	0.000000	0.000000	0.000000	0.000000	0.000000	1733433183.022690	0.000000
72.000000	88103.178215	18948.534900	187500.000000	187500.000000	86767.035635	102864.963158	112974.590120	133941.576951	-0.076000	0.772000	0.562000	192.000000	0.000000	0.000000	0.000000	0.000000	0.000000	0.000000	0.000000	0.000000	0.000000	1733433183.027695	0.000000
73.000000	88103.357029	18954.726333	187500.000000	187500.000000	86764.062853	102877.457783	112970.253881	133954.071576	-0.076000	0.772000	0.562000	192.000000	0.000000	0.000000	0.000000	0.000000	0.000000	0.000000	0.000000	0.000000	0.000000	1733433183.031686	0.000000
74.000000	88099.870157	18942.835205	187500.000000	187500.000000	86755.390376	102838.789265	112965.627070	133922.153285	-0.076000	0.766000	0.564000	192.000000	253.000000	160.000000	23.000000	240.000000	17.000000	160.000000	0.000000	0.000000	0.000000	1733433183.035892	0.000000
75.000000	88097.031486	18938.566022	187500.000000	187500.000000	86748.237818	102833.536605	112951.120788	133906.618822	-0.076000	0.766000	0.564000	192.000000	0.000000	0.000000	0.000000	0.000000	0.000000	0.000000	0.000000	0.000000	0.000000	1733433183.038984	0.000000
76.000000	88094.952773	18948.110217	187500.000000	187500.000000	86745.779126	102836.643498	112945.421093	133894.168901	-0.076000	0.766000	0.564000	192.000000	0.000000	0.000000	0.000000	0.000000	0.000000	0.000000	0.000000	0.000000	0.000000	1733433183.043051	0.000000
77.000000	88089.856576	18940.376513	187500.000000	187500.000000	86742.716937	102823.813596	112943.945878	133901.768494	-0.076000	0.766000	0.564000	192.000000	0.000000	0.000000	0.000000	0.000000	0.000000	0.000000	0.000000	0.000000	0.000000	1733433183.046931	0.000000
78.000000	88086.839090	18927.144280	187500.000000	187500.000000	86733.351556	102825.154701	112943.476491	133916.990032	-0.076000	0.766000	0.564000	192.000000	0.000000	0.000000	0.000000	0.000000	0.000000	0.000000	0.000000	0.000000	0.000000	1733433183.050872	0.000000
79.000000	88084.223936	18923.500946	187500.000000	187500.000000	86727.987138	102831.457893	112950.204366	133913.346697	-0.076000	0.766000	0.564000	192.000000	0.000000	0.000000	0.000000	0.000000	0.000000	0.000000	0.000000	0.000000	0.000000	1733433183.054722	0.000000
80.000000	88084.067474	18925.289086	187500.000000	187500.000000	86730.356423	102838.655155	112949.824387	133893.878328	-0.076000	0.766000	0.564000	192.000000	0.000000	0.000000	0.000000	0.000000	0.000000	0.000000	0.000000	0.000000	0.000000	1733433183.059757	0.000000
81.000000	88089.498948	18935.906164	187500.000000	187500.000000	86737.531333	102832.508425	112953.579480	133896.135854	-0.076000	0.766000	0.564000	192.000000	0.000000	0.000000	0.000000	0.000000	0.000000	0.000000	0.000000	0.000000	0.000000	1733433183.063740	0.000000
82.000000	88086.950849	18948.825472	187500.000000	187500.000000	86737.330167	102831.837872	112952.193672	133900.896776	-0.076000	0.766000	0.564000	192.000000	0.000000	0.000000	0.000000	0.000000	0.000000	0.000000	0.000000	0.000000	0.000000	1733433183.066784	0.000000
83.000000	88078.278372	18933.805100	187500.000000	187500.000000	86730.669347	102830.943803	112943.431788	133899.510968	-0.076000	0.766000	0.564000	192.000000	0.000000	0.000000	0.000000	0.000000	0.000000	0.000000	0.000000	0.000000	0.000000	1733433183.070869	0.000000
84.000000	88067.884811	18914.783766	187500.000000	187500.000000	86718.062963	102818.806805	112922.801128	133910.955061	-0.078000	0.768000	0.564000	192.000000	253.000000	144.000000	24.000000	0.000000	17.000000	160.000000	0.000000	0.000000	0.000000	1733433183.075778	0.000000
85.000000	88067.750700	18912.012149	187500.000000	187500.000000	86722.555664	102827.479282	112930.467776	133949.981207	-0.078000	0.768000	0.564000	192.000000	0.000000	0.000000	0.000000	0.000000	0.000000	0.000000	0.000000	0.000000	0.000000	1733433183.080047	0.000000
86.000000	88073.204526	18911.922742	187500.000000	187500.000000	86728.009490	102829.267422	112938.156776	133925.304881	-0.078000	0.768000	0.564000	192.000000	0.000000	0.000000	0.000000	0.000000	0.000000	0.000000	0.000000	0.000000	0.000000	1733433183.082916	0.000000
87.000000	88078.479538	18927.457205	187500.000000	187500.000000	86736.145525	102834.430675	112929.685465	133916.185369	-0.078000	0.768000	0.564000	192.000000	0.000000	0.000000	0.000000	0.000000	0.000000	0.000000	0.000000	0.000000	0.000000	1733433183.088350	0.000000
88.000000	88078.479538	18928.910068	187500.000000	187500.000000	86740.280597	102846.120637	112954.428846	133915.760686	-0.078000	0.768000	0.564000	192.000000	0.000000	0.000000	0.000000	0.000000	0.000000	0.000000	0.000000	0.000000	0.000000	1733433183.092020	0.000000
89.000000	88078.568945	18918.717673	187500.000000	187500.000000	86748.751908	102847.104114	112963.146027	133905.098904	-0.078000	0.768000	0.564000	192.000000	0.000000	0.000000	0.000000	0.000000	0.000000	0.000000	0.000000	0.000000	0.000000	1733433183.095051	0.000000
90.000000	88081.117044	18921.936324	187500.000000	187500.000000	86748.416632	102841.516178	112964.040096	133920.990994	-0.078000	0.768000	0.564000	192.000000	0.000000	0.000000	0.000000	0.000000	0.000000	0.000000	0.000000	0.000000	0.000000	1733433183.098754	0.000000
91.000000	88079.485366	18922.495117	187500.000000	187500.000000	86736.123173	102826.160529	112952.216023	133920.923939	-0.078000	0.768000	0.564000	192.000000	0.000000	0.000000	0.000000	0.000000	0.000000	0.000000	0.000000	0.000000	0.000000	1733433183.103056	0.000000
92.000000	88073.338637	18918.471803	187500.000000	187500.000000	86732.323376	102826.004067	112948.863262	133925.349584	-0.078000	0.768000	0.564000	192.000000	0.000000	0.000000	0.000000	0.000000	0.000000	0.000000	0.000000	0.000000	0.000000	1733433183.106757	0.000000
93.000000	88069.650599	18921.981027	187500.000000	187500.000000	86732.591597	102829.781512	112951.366657	133907.624651	-0.078000	0.768000	0.564000	192.000000	0.000000	0.000000	0.000000	0.000000	0.000000	0.000000	0.000000	0.000000	0.000000	1733433183.111801	0.000000
94.000000	88074.053892	18926.227859	187500.000000	187500.000000	86737.866609	102827.903965	112947.499805	133883.618877	-0.078000	0.764000	0.566000	192.000000	253.000000	144.000000	23.000000	224.000000	17.000000	176.000000	0.000000	0.000000	0.000000	1733433183.115850	0.000000
95.000000	88082.771073	18923.746815	187500.000000	187500.000000	86745.354443	102841.449123	112946.292811	133885.719941	-0.078000	0.764000	0.566000	192.000000	0.000000	0.000000	0.000000	0.000000	0.000000	0.000000	0.000000	0.000000	0.000000	1733433183.118911	0.000000
96.000000	88087.353180	18919.611742	187500.000000	187500.000000	86744.728594	102849.562806	112945.890480	133895.755875	-0.078000	0.764000	0.566000	192.000000	0.000000	0.000000	0.000000	0.000000	0.000000	0.000000	0.000000	0.000000	0.000000	1733433183.122984	0.000000
97.000000	88084.603916	18913.733234	187500.000000	187500.000000	86734.223274	102818.046846	112944.527023	133903.646040	-0.078000	0.764000	0.566000	192.000000	0.000000	0.000000	0.000000	0.000000	0.000000	0.000000	0.000000	0.000000	0.000000	1733433183.127093	0.000000
98.000000	88083.732198	18914.850821	187500.000000	187500.000000	86729.395298	102819.924393	112935.854547	133910.060991	-0.078000	0.764000	0.566000	192.000000	0.000000	0.000000	0.000000	0.000000	0.000000	0.000000	0.000000	0.000000	0.000000	1733433183.131072	0.000000
99.000000	88081.474672	18918.717673	187500.000000	187500.000000	86724.768487	102835.637669	112944.325858	133894.437122	-0.078000	0.764000	0.566000	192.000000	0.000000	0.000000	0.000000	0.000000	0.000000	0.000000	0.000000	0.000000	0.000000	1733433183.134819	0.000000
100.000000	88084.447454	18917.935362	187500.000000	187500.000000	86726.847199	102830.474416	112946.873957	133908.831645	-0.078000	0.764000	0.566000	192.000000	0.000000	0.000000	0.000000	0.000000	0.000000	0.000000	0.000000	0.000000	0.000000	1733433183.138850	0.000000
101.000000	88071.483442	18898.824620	187500.000000	187500.000000	86722.175684	102811.944820	112942.604773	133912.631442	-0.078000	0.764000	0.566000	192.000000	0.000000	0.000000	0.000000	0.000000	0.000000	0.000000	0.000000	0.000000	0.000000	1733433183.143854	0.000000
102.000000	88068.197735	18897.550571	187500.000000	187500.000000	86718.264129	102815.409340	112934.312276	133896.627593	-0.078000	0.764000	0.566000	192.000000	0.000000	0.000000	0.000000	0.000000	0.000000	0.000000	0.000000	0.000000	0.000000	1733433183.146841	0.000000
103.000000	88063.727386	18909.933437	187500.000000	187500.000000	86724.433210	102836.330573	112957.245166	133921.773305	-0.078000	0.764000	0.566000	192.000000	0.000000	0.000000	0.000000	0.000000	0.000000	0.000000	0.000000	0.000000	0.000000	1733433183.151079	0.000000
104.000000	88065.962561	18911.565114	187500.000000	187500.000000	86729.931740	102824.998239	112960.128541	133954.026872	-0.074000	0.768000	0.570000	192.000000	253.000000	176.000000	24.000000	0.000000	17.000000	208.000000	0.000000	0.000000	0.000000	1733433183.155107	0.000000
105.000000	88067.750700	18906.759489	187500.000000	187500.000000	86729.864684	102819.387951	112952.886576	133921.303919	-0.074000	0.768000	0.570000	192.000000	0.000000	0.000000	0.000000	0.000000	0.000000	0.000000	0.000000	0.000000	0.000000	1733433183.159043	0.000000
106.000000	88061.983950	18903.160859	187500.000000	187500.000000	86736.391394	102828.440407	112962.386067	133904.338944	-0.074000	0.768000	0.570000	192.000000	0.000000	0.000000	0.000000	0.000000	0.000000	0.000000	0.000000	0.000000	0.000000	1733433183.163183	0.000000
107.000000	88066.990741	18907.452393	187500.000000	187500.000000	86739.699452	102828.440407	112965.291794	133896.918165	-0.074000	0.768000	0.570000	192.000000	0.000000	0.000000	0.000000	0.000000	0.000000	0.000000	0.000000	0.000000	0.000000	1733433183.166883	0.000000
108.000000	88066.387244	18902.065623	187500.000000	187500.000000	86734.022109	102823.634782	112949.131483	133904.920090	-0.074000	0.768000	0.570000	192.000000	0.000000	0.000000	0.000000	0.000000	0.000000	0.000000	0.000000	0.000000	0.000000	1733433183.171860	0.000000
109.000000	88062.810965	18898.444640	187500.000000	187500.000000	86731.049327	102833.246032	112953.713590	133913.190235	-0.074000	0.768000	0.570000	192.000000	0.000000	0.000000	0.000000	0.000000	0.000000	0.000000	0.000000	0.000000	0.000000	1733433183.174853	0.000000
110.000000	88058.407671	18902.490306	187500.000000	187500.000000	86723.963824	102816.169300	112951.701933	133885.071741	-0.074000	0.768000	0.570000	192.000000	0.000000	0.000000	0.000000	0.000000	0.000000	0.000000	0.000000	0.000000	0.000000	1733433183.177906	0.000000
111.000000	88058.675892	18905.261923	187500.000000	187500.000000	86725.506094	102824.595907	112944.661134	133872.666523	-0.074000	0.768000	0.570000	192.000000	0.000000	0.000000	0.000000	0.000000	0.000000	0.000000	0.000000	0.000000	0.000000	1733433183.182929	0.000000
112.000000	88059.458203	18896.522390	187500.000000	187500.000000	86722.488609	102805.418111	112937.352113	133892.291354	-0.074000	0.768000	0.570000	192.000000	0.000000	0.000000	0.000000	0.000000	0.000000	0.000000	0.000000	0.000000	0.000000	1733433183.187000	0.000000
113.000000	88062.542744	18890.845047	187500.000000	187500.000000	86715.179588	102806.490994	112930.937163	133885.585831	-0.074000	0.768000	0.570000	192.000000	0.000000	0.000000	0.000000	0.000000	0.000000	0.000000	0.000000	0.000000	0.000000	1733433183.191176	0.000000
114.000000	88047.567075	18878.193960	187500.000000	187500.000000	86697.521710	102793.214058	112917.570820	133862.854107	-0.076000	0.770000	0.570000	192.000000	253.000000	160.000000	24.000000	16.000000	17.000000	208.000000	0.000000	0.000000	0.000000	1733433183.195158	0.000000
115.000000	88044.348424	18879.311547	187500.000000	187500.000000	86688.625716	102786.977921	112907.512535	133872.957095	-0.076000	0.770000	0.570000	192.000000	0.000000	0.000000	0.000000	0.000000	0.000000	0.000000	0.000000	0.000000	0.000000	1733433183.199155	0.000000
116.000000	88045.443659	18879.155085	187500.000000	187500.000000	86674.410006	102777.701947	112888.625310	133881.830738	-0.076000	0.770000	0.570000	192.000000	0.000000	0.000000	0.000000	0.000000	0.000000	0.000000	0.000000	0.000000	0.000000	1733433183.202964	0.000000
117.000000	88049.310511	18896.276521	187500.000000	187500.000000	86668.509146	102775.176200	112882.210360	133882.747159	-0.076000	0.770000	0.570000	192.000000	0.000000	0.000000	0.000000	0.000000	0.000000	0.000000	0.000000	0.000000	0.000000	1733433183.206923	0.000000
118.000000	88056.708939	18899.517524	187500.000000	187500.000000	86685.004733	102789.995407	112915.045072	133885.675238	-0.076000	0.770000	0.570000	192.000000	0.000000	0.000000	0.000000	0.000000	0.000000	0.000000	0.000000	0.000000	0.000000	1733433183.210944	0.000000
119.000000	88059.726424	18887.805210	187500.000000	187500.000000	86694.794797	102806.088663	112927.450291	133890.592622	-0.076000	0.770000	0.570000	192.000000	0.000000	0.000000	0.000000	0.000000	0.000000	0.000000	0.000000	0.000000	0.000000	1733433183.214971	0.000000
120.000000	88060.128756	18885.123001	187500.000000	187500.000000	86702.059114	102826.071122	112934.446387	133888.200985	-0.076000	0.770000	0.570000	192.000000	0.000000	0.000000	0.000000	0.000000	0.000000	0.000000	0.000000	0.000000	0.000000	1733433183.219200	0.000000
121.000000	88060.754604	18895.002472	187500.000000	187500.000000	86704.294289	102813.084759	112940.213137	133889.989125	-0.076000	0.770000	0.570000	192.000000	0.000000	0.000000	0.000000	0.000000	0.000000	0.000000	0.000000	0.000000	0.000000	1733433183.223037	0.000000
122.000000	88062.833317	18889.995681	187500.000000	187500.000000	86704.495454	102815.007009	112940.928393	133869.202002	-0.076000	0.770000	0.570000	192.000000	0.000000	0.000000	0.000000	0.000000	0.000000	0.000000	0.000000	0.000000	0.000000	1733433183.227125	0.000000
123.000000	88056.328959	18875.534102	187500.000000	187500.000000	86705.233062	102820.438483	112939.408474	133859.858973	-0.076000	0.770000	0.570000	192.000000	0.000000	0.000000	0.000000	0.000000	0.000000	0.000000	0.000000	0.000000	0.000000	1733433183.231244	0.000000
124.000000	88054.607875	18882.463143	187500.000000	187500.000000	86708.518768	102820.617297	112944.236451	133874.700531	-0.072000	0.778000	0.568000	192.000000	253.000000	192.000000	24.000000	80.000000	17.000000	192.000000	0.000000	0.000000	0.000000	1733433183.234192	0.000000
125.000000	88055.837221	18892.320262	187500.000000	187500.000000	86717.079486	102834.363620	112942.783587	133876.354560	-0.072000	0.778000	0.568000	192.000000	0.000000	0.000000	0.000000	0.000000	0.000000	0.000000	0.000000	0.000000	0.000000	1733433183.239208	0.000000
126.000000	88047.857648	18875.668213	187500.000000	187500.000000	86708.608175	102823.120692	112935.273401	133887.597488	-0.072000	0.778000	0.568000	192.000000	0.000000	0.000000	0.000000	0.000000	0.000000	0.000000	0.000000	0.000000	0.000000	1733433183.243025	0.000000
127.000000	88049.802250	18885.525332	187500.000000	187500.000000	86702.148521	102811.408378	112938.201480	133887.910412	-0.072000	0.778000	0.568000	192.000000	0.000000	0.000000	0.000000	0.000000	0.000000	0.000000	0.000000	0.000000	0.000000	1733433183.247026	0.000000
128.000000	88052.663273	18887.291120	187500.000000	187500.000000	86701.477969	102820.170262	112937.285058	133892.336058	-0.072000	0.778000	0.568000	192.000000	0.000000	0.000000	0.000000	0.000000	0.000000	0.000000	0.000000	0.000000	0.000000	1733433183.251000	0.000000
129.000000	88046.136564	18878.529236	187500.000000	187500.000000	86695.487701	102826.652268	112925.349227	133891.665505	-0.072000	0.778000	0.568000	192.000000	0.000000	0.000000	0.000000	0.000000	0.000000	0.000000	0.000000	0.000000	0.000000	1733433183.254043	0.000000
130.000000	88038.894598	18868.672117	187500.000000	187500.000000	86693.476044	102817.979791	112904.852677	133858.629627	-0.072000	0.778000	0.568000	192.000000	0.000000	0.000000	0.000000	0.000000	0.000000	0.000000	0.000000	0.000000	0.000000	1733433183.258046	0.000000
131.000000	88042.157953	18877.009318	187500.000000	187500.000000	86686.748169	102804.032302	112915.134479	133858.517868	-0.072000	0.778000	0.568000	192.000000	0.000000	0.000000	0.000000	0.000000	0.000000	0.000000	0.000000	0.000000	0.000000	1733433183.262154	0.000000
132.000000	88052.864439	18884.720669	187500.000000	187500.000000	86692.023181	102819.209137	112945.823425	133861.043615	-0.072000	0.778000	0.568000	192.000000	0.000000	0.000000	0.000000	0.000000	0.000000	0.000000	0.000000	0.000000	0.000000	1733433183.267172	0.000000
133.000000	88052.998549	18882.306681	187500.000000	187500.000000	86691.151463	102828.999201	112946.583384	133868.397339	-0.072000	0.778000	0.568000	192.000000	0.000000	0.000000	0.000000	0.000000	0.000000	0.000000	0.000000	0.000000	0.000000	1733433183.271271	0.000000
134.000000	88047.589427	18882.150219	187500.000000	187500.000000	86684.960030	102821.444311	112944.750541	133874.968752	-0.066000	0.772000	0.566000	192.000000	253.000000	240.000000	24.000000	32.000000	17.000000	176.000000	0.000000	0.000000	0.000000	1733433183.275296	0.000000
135.000000	88041.710918	18880.764411	187500.000000	187500.000000	86675.058207	102811.631895	112926.779738	133877.405092	-0.066000	0.772000	0.566000	192.000000	0.000000	0.000000	0.000000	0.000000	0.000000	0.000000	0.000000	0.000000	0.000000	1733433183.279074	0.000000
136.000000	88046.181267	18883.088992	187500.000000	187500.000000	86678.813300	102803.294695	112926.288000	133883.395360	-0.066000	0.772000	0.566000	192.000000	0.000000	0.000000	0.000000	0.000000	0.000000	0.000000	0.000000	0.000000	0.000000	1733433183.282059	0.000000
137.000000	88031.518523	18864.671155	187500.000000	187500.000000	86664.619942	102790.442442	112920.744767	133865.178688	-0.066000	0.772000	0.566000	192.000000	0.000000	0.000000	0.000000	0.000000	0.000000	0.000000	0.000000	0.000000	0.000000	1733433183.286294	0.000000
138.000000	88040.414517	18878.775105	187500.000000	187500.000000	86669.090291	102814.202346	112924.723378	133895.286488	-0.066000	0.772000	0.566000	192.000000	0.000000	0.000000	0.000000	0.000000	0.000000	0.000000	0.000000	0.000000	0.000000	1733433183.290117	0.000000
139.000000	88041.174476	18873.097762	187500.000000	187500.000000	86671.258410	102808.748520	112915.223886	133898.080456	-0.066000	0.772000	0.566000	192.000000	0.000000	0.000000	0.000000	0.000000	0.000000	0.000000	0.000000	0.000000	0.000000	1733433183.294108	0.000000
140.000000	88039.162819	18873.209521	187500.000000	187500.000000	86671.101948	102794.801032	112908.294846	133852.661711	-0.066000	0.772000	0.566000	192.000000	0.000000	0.000000	0.000000	0.000000	0.000000	0.000000	0.000000	0.000000	0.000000	1733433183.299218	0.000000
141.000000	88044.616645	18880.384431	187500.000000	187500.000000	86676.689884	102801.864183	112921.147099	133867.771491	-0.066000	0.772000	0.566000	192.000000	0.000000	0.000000	0.000000	0.000000	0.000000	0.000000	0.000000	0.000000	0.000000	1733433183.303364	0.000000
142.000000	88041.308587	18885.145353	187500.000000	187500.000000	86673.873564	102788.631950	112917.749634	133856.416804	-0.066000	0.772000	0.566000	192.000000	0.000000	0.000000	0.000000	0.000000	0.000000	0.000000	0.000000	0.000000	0.000000	1733433183.307464	0.000000
143.000000	88029.350403	18881.144390	187500.000000	187500.000000	86663.189431	102793.616389	112914.106299	133866.408034	-0.066000	0.772000	0.566000	192.000000	0.000000	0.000000	0.000000	0.000000	0.000000	0.000000	0.000000	0.000000	0.000000	1733433183.310338	0.000000
144.000000	88033.016090	18871.488437	187500.000000	187500.000000	86666.609248	102796.566820	112912.161697	133869.000836	-0.074000	0.776000	0.570000	192.000000	253.000000	176.000000	24.000000	64.000000	17.000000	208.000000	0.000000	0.000000	0.000000	1733433183.314093	0.000000
145.000000	88038.045232	18867.912158	187500.000000	187500.000000	86674.722931	102799.941933	112929.037264	133882.121310	-0.074000	0.776000	0.570000	192.000000	0.000000	0.000000	0.000000	0.000000	0.000000	0.000000	0.000000	0.000000	0.000000	1733433183.318141	0.000000
146.000000	88040.235703	18887.916969	187500.000000	187500.000000	86685.496472	102805.216945	112937.352113	133864.731653	-0.074000	0.776000	0.570000	192.000000	0.000000	0.000000	0.000000	0.000000	0.000000	0.000000	0.000000	0.000000	0.000000	1733433183.322098	0.000000
147.000000	88033.440773	18874.058887	187500.000000	187500.000000	86677.561602	102800.925410	112929.260782	133860.954208	-0.074000	0.776000	0.570000	192.000000	0.000000	0.000000	0.000000	0.000000	0.000000	0.000000	0.000000	0.000000	0.000000	1733433183.327106	0.000000
148.000000	88036.681776	18872.784838	187500.000000	187500.000000	86679.685018	102810.089625	112933.597020	133866.564496	-0.074000	0.776000	0.570000	192.000000	0.000000	0.000000	0.000000	0.000000	0.000000	0.000000	0.000000	0.000000	0.000000	1733433183.331128	0.000000
149.000000	88036.860590	18874.304756	187500.000000	187500.000000	86672.487756	102795.717453	112925.662151	133857.869668	-0.074000	0.776000	0.570000	192.000000	0.000000	0.000000	0.000000	0.000000	0.000000	0.000000	0.000000	0.000000	0.000000	1733433183.335122	0.000000
150.000000	88034.848933	18877.076373	187500.000000	187500.000000	86669.962009	102806.066311	112932.434730	133869.760796	-0.074000	0.776000	0.570000	192.000000	0.000000	0.000000	0.000000	0.000000	0.000000	0.000000	0.000000	0.000000	0.000000	1733433183.338299	0.000000
151.000000	88031.026784	18872.740134	187500.000000	187500.000000	86671.750149	102812.660076	112930.981866	133893.051314	-0.074000	0.776000	0.570000	192.000000	0.000000	0.000000	0.000000	0.000000	0.000000	0.000000	0.000000	0.000000	0.000000	1733433183.342420	0.000000
152.000000	88027.562264	18857.228024	187500.000000	187500.000000	86668.240925	102798.064387	112913.368692	133863.949342	-0.074000	0.776000	0.570000	192.000000	0.000000	0.000000	0.000000	0.000000	0.000000	0.000000	0.000000	0.000000	0.000000	1733433183.346295	0.000000
153.000000	88019.448581	18855.104608	187500.000000	187500.000000	86660.596628	102775.377366	112905.679692	133847.341996	-0.074000	0.776000	0.570000	192.000000	0.000000	0.000000	0.000000	0.000000	0.000000	0.000000	0.000000	0.000000	0.000000	1733433183.350360	0.000000
154.000000	88026.019994	18858.010335	187500.000000	187500.000000	86655.321617	102782.708738	112916.386177	133843.363386	-0.080000	0.778000	0.574000	192.000000	253.000000	128.000000	24.000000	80.000000	17.000000	240.000000	0.000000	0.000000	0.000000	1733433183.355172	0.000000
155.000000	88020.767334	18852.891785	187500.000000	187500.000000	86642.357605	102784.407471	112901.723433	133843.385737	-0.080000	0.778000	0.574000	192.000000	0.000000	0.000000	0.000000	0.000000	0.000000	0.000000	0.000000	0.000000	0.000000	1733433183.359206	0.000000
156.000000	88015.335860	18852.824730	187500.000000	187500.000000	86627.828971	102780.384157	112881.338642	133864.105804	-0.080000	0.778000	0.574000	192.000000	0.000000	0.000000	0.000000	0.000000	0.000000	0.000000	0.000000	0.000000	0.000000	1733433183.363156	0.000000
157.000000	88024.701241	18852.265936	187500.000000	187500.000000	86634.668605	102776.606712	112890.882837	133837.395470	-0.080000	0.778000	0.574000	192.000000	0.000000	0.000000	0.000000	0.000000	0.000000	0.000000	0.000000	0.000000	0.000000	1733433183.366147	0.000000
158.000000	88042.113250	18871.130809	187500.000000	187500.000000	86653.108794	102795.248067	112923.583439	133827.046612	-0.080000	0.778000	0.574000	192.000000	0.000000	0.000000	0.000000	0.000000	0.000000	0.000000	0.000000	0.000000	0.000000	1733433183.370159	0.000000
159.000000	88036.838238	18877.366945	187500.000000	187500.000000	86650.247771	102799.539602	112920.409491	133833.148638	-0.080000	0.778000	0.574000	192.000000	0.000000	0.000000	0.000000	0.000000	0.000000	0.000000	0.000000	0.000000	0.000000	1733433183.374204	0.000000
160.000000	88032.144372	18867.174550	187500.000000	187500.000000	86650.538343	102796.365654	112919.113090	133843.497496	-0.080000	0.778000	0.574000	192.000000	0.000000	0.000000	0.000000	0.000000	0.000000	0.000000	0.000000	0.000000	0.000000	1733433183.378198	0.000000
161.000000	88030.177418	18871.980175	187500.000000	187500.000000	86643.028157	102778.797183	112909.121860	133858.450813	-0.080000	0.778000	0.574000	192.000000	0.000000	0.000000	0.000000	0.000000	0.000000	0.000000	0.000000	0.000000	0.000000	1733433183.383463	0.000000
162.000000	88032.725517	18860.312564	187500.000000	187500.000000	86647.833782	102785.972093	112931.987695	133849.733633	-0.080000	0.778000	0.574000	192.000000	0.000000	0.000000	0.000000	0.000000	0.000000	0.000000	0.000000	0.000000	0.000000	1733433183.387491	0.000000
163.000000	88030.624453	18857.496245	187500.000000	187500.000000	86650.046605	102781.680558	112922.197631	133842.201095	-0.080000	0.778000	0.574000	192.000000	0.000000	0.000000	0.000000	0.000000	0.000000	0.000000	0.000000	0.000000	0.000000	1733433183.390309	0.000000
164.000000	88025.170627	18850.656611	187500.000000	187500.000000	86648.951369	102780.026529	112915.916790	133833.416859	-0.076000	0.776000	0.570000	192.000000	253.000000	160.000000	24.000000	64.000000	17.000000	208.000000	0.000000	0.000000	0.000000	1733433183.394449	0.000000
165.000000	88031.339709	18859.351439	187500.000000	187500.000000	86652.997035	102784.899209	112922.108224	133838.937740	-0.076000	0.776000	0.570000	192.000000	0.000000	0.000000	0.000000	0.000000	0.000000	0.000000	0.000000	0.000000	0.000000	1733433183.398232	0.000000
166.000000	88028.858665	18847.326201	187500.000000	187500.000000	86648.839611	102782.999311	112915.648570	133832.567493	-0.076000	0.776000	0.570000	192.000000	0.000000	0.000000	0.000000	0.000000	0.000000	0.000000	0.000000	0.000000	0.000000	1733433183.402476	0.000000
167.000000	88023.717764	18842.051189	187500.000000	187500.000000	86653.041739	102799.606657	112914.486279	133837.015490	-0.076000	0.776000	0.570000	192.000000	0.000000	0.000000	0.000000	0.000000	0.000000	0.000000	0.000000	0.000000	0.000000	1733433183.406266	0.000000
168.000000	88018.509807	18841.402989	187500.000000	187500.000000	86657.467384	102795.091605	112915.983846	133845.777374	-0.076000	0.776000	0.570000	192.000000	0.000000	0.000000	0.000000	0.000000	0.000000	0.000000	0.000000	0.000000	0.000000	1733433183.411238	0.000000
169.000000	88018.576863	18844.733399	187500.000000	187500.000000	86648.102003	102776.249084	112908.428956	133847.923141	-0.076000	0.776000	0.570000	192.000000	0.000000	0.000000	0.000000	0.000000	0.000000	0.000000	0.000000	0.000000	0.000000	1733433183.415287	0.000000
170.000000	88017.883959	18840.643029	187500.000000	187500.000000	86635.115640	102769.230636	112897.230732	133832.634548	-0.076000	0.776000	0.570000	192.000000	0.000000	0.000000	0.000000	0.000000	0.000000	0.000000	0.000000	0.000000	0.000000	1733433183.418303	0.000000
171.000000	88019.046249	18834.250430	187500.000000	187500.000000	86638.468401	102763.620348	112899.287093	133828.141848	-0.076000	0.776000	0.570000	192.000000	0.000000	0.000000	0.000000	0.000000	0.000000	0.000000	0.000000	0.000000	0.000000	1733433183.422296	0.000000
172.000000	88025.058869	18843.392294	187500.000000	187500.000000	86646.447974	102779.870067	112909.993578	133833.260397	-0.076000	0.776000	0.570000	192.000000	0.000000	0.000000	0.000000	0.000000	0.000000	0.000000	0.000000	0.000000	0.000000	1733433183.426337	0.000000
173.000000	88016.967537	18840.955954	187500.000000	187500.000000	86640.614169	102768.336566	112907.110203	133839.720051	-0.076000	0.776000	0.570000	192.000000	0.000000	0.000000	0.000000	0.000000	0.000000	0.000000	0.000000	0.000000	0.000000	1733433183.430375	0.000000
174.000000	88015.268804	18841.894727	187500.000000	187500.000000	86629.527703	102753.718526	112893.006252	133868.129118	-0.074000	0.776000	0.570000	192.000000	253.000000	176.000000	24.000000	64.000000	17.000000	208.000000	0.000000	0.000000	0.000000	1733433183.434497	0.000000
175.000000	88023.740116	18866.124018	187500.000000	187500.000000	86632.947520	102763.128610	112883.104430	133845.173877	-0.074000	0.776000	0.570000	192.000000	0.000000	0.000000	0.000000	0.000000	0.000000	0.000000	0.000000	0.000000	0.000000	1733433183.438524	0.000000
176.000000	88017.951014	18845.046323	187500.000000	187500.000000	86633.059279	102767.129572	112891.978072	133822.464505	-0.074000	0.776000	0.570000	192.000000	0.000000	0.000000	0.000000	0.000000	0.000000	0.000000	0.000000	0.000000	0.000000	1733433183.443371	0.000000
177.000000	88014.531197	18834.406893	187500.000000	187500.000000	86628.231302	102771.689328	112892.246293	133836.255531	-0.074000	0.776000	0.570000	192.000000	0.000000	0.000000	0.000000	0.000000	0.000000	0.000000	0.000000	0.000000	0.000000	1733433183.446351	0.000000
178.000000	88023.114267	18838.430207	187500.000000	187500.000000	86636.389689	102774.326834	112900.091755	133818.575301	-0.074000	0.776000	0.570000	192.000000	0.000000	0.000000	0.000000	0.000000	0.000000	0.000000	0.000000	0.000000	0.000000	1733433183.450322	0.000000
179.000000	88018.330993	18832.752863	187500.000000	187500.000000	86631.964044	102759.440572	112905.232657	133809.589900	-0.074000	0.776000	0.570000	192.000000	0.000000	0.000000	0.000000	0.000000	0.000000	0.000000	0.000000	0.000000	0.000000	1733433183.454327	0.000000
180.000000	88020.476761	18837.469082	187500.000000	187500.000000	86634.333329	102763.910921	112904.718567	133816.585996	-0.074000	0.776000	0.570000	192.000000	0.000000	0.000000	0.000000	0.000000	0.000000	0.000000	0.000000	0.000000	0.000000	1733433183.458372	0.000000
181.000000	88012.430133	18829.243640	187500.000000	187500.000000	86631.494657	102760.647566	112895.330834	133824.342051	-0.074000	0.776000	0.570000	192.000000	0.000000	0.000000	0.000000	0.000000	0.000000	0.000000	0.000000	0.000000	0.000000	1733433183.462318	0.000000
182.000000	88006.529272	18823.856869	187500.000000	187500.000000	86618.150666	102753.651470	112877.605900	133828.231255	-0.074000	0.776000	0.570000	192.000000	0.000000	0.000000	0.000000	0.000000	0.000000	0.000000	0.000000	0.000000	0.000000	1733433183.466452	0.000000
183.000000	87997.253298	18814.335026	187500.000000	187500.000000	86609.992279	102747.840017	112867.547615	133811.132170	-0.074000	0.776000	0.570000	192.000000	0.000000	0.000000	0.000000	0.000000	0.000000	0.000000	0.000000	0.000000	0.000000	1733433183.471638	0.000000
184.000000	88003.601194	18822.605172	187500.000000	187500.000000	86616.675450	102756.378383	112876.376555	133809.545196	-0.074000	0.776000	0.570000	192.000000	0.000000	0.000000	0.000000	0.000000	0.000000	0.000000	0.000000	0.000000	0.000000	1733433183.474355	0.000000
185.000000	88013.011278	18846.253317	187500.000000	187500.000000	86625.727907	102761.027546	112888.088869	133824.386755	-0.072000	0.778000	0.572000	192.000000	253.000000	192.000000	24.000000	80.000000	17.000000	224.000000	0.000000	0.000000	0.000000	1733433183.477639	0.000000
186.000000	88016.542854	18849.136692	187500.000000	187500.000000	86630.980567	102770.459982	112886.747764	133824.431458	-0.072000	0.778000	0.572000	192.000000	0.000000	0.000000	0.000000	0.000000	0.000000	0.000000	0.000000	0.000000	0.000000	1733433183.482412	0.000000
187.000000	88013.100685	18831.188241	187500.000000	187500.000000	86633.394555	102772.002253	112884.601996	133815.781333	-0.072000	0.778000	0.572000	192.000000	0.000000	0.000000	0.000000	0.000000	0.000000	0.000000	0.000000	0.000000	0.000000	1733433183.486417	0.000000
188.000000	88013.033630	18826.852003	187500.000000	187500.000000	86640.591817	102751.818627	112882.478581	133803.040839	-0.072000	0.778000	0.572000	192.000000	0.000000	0.000000	0.000000	0.000000	0.000000	0.000000	0.000000	0.000000	0.000000	1733433183.490433	0.000000
189.000000	88006.618679	18830.741206	187500.000000	187500.000000	86640.480058	102738.608746	112880.981014	133796.089446	-0.072000	0.778000	0.572000	192.000000	0.000000	0.000000	0.000000	0.000000	0.000000	0.000000	0.000000	0.000000	0.000000	1733433183.494420	0.000000
190.000000	87998.326182	18815.452613	187500.000000	187500.000000	86636.367337	102741.983860	112875.728354	133801.543272	-0.072000	0.778000	0.572000	192.000000	0.000000	0.000000	0.000000	0.000000	0.000000	0.000000	0.000000	0.000000	0.000000	1733433183.499449	0.000000
191.000000	87999.153197	18812.658645	187500.000000	187500.000000	86641.128259	102761.385174	112877.382383	133828.991214	-0.072000	0.778000	0.572000	192.000000	0.000000	0.000000	0.000000	0.000000	0.000000	0.000000	0.000000	0.000000	0.000000	1733433183.502461	0.000000
192.000000	88002.170682	18821.711102	187500.000000	187500.000000	86644.570427	102763.732107	112879.595206	133842.245798	-0.072000	0.778000	0.572000	192.000000	0.000000	0.000000	0.000000	0.000000	0.000000	0.000000	0.000000	0.000000	0.000000	1733433183.505621	0.000000
193.000000	87997.208595	18822.046378	187500.000000	187500.000000	86640.234189	102768.291863	112869.626328	133818.038859	-0.072000	0.778000	0.572000	192.000000	0.000000	0.000000	0.000000	0.000000	0.000000	0.000000	0.000000	0.000000	0.000000	1733433183.510654	0.000000
194.000000	87989.497243	18808.076538	187500.000000	187500.000000	86630.354718	102756.266624	112873.068496	133807.175911	-0.072000	0.778000	0.572000	192.000000	0.000000	0.000000	0.000000	0.000000	0.000000	0.000000	0.000000	0.000000	0.000000	1733433183.514673	0.000000
195.000000	87993.654668	18807.741261	187500.000000	187500.000000	86635.048584	102754.053802	112874.566063	133836.389641	-0.074000	0.774000	0.576000	192.000000	253.000000	176.000000	24.000000	48.000000	18.000000	0.000000	0.000000	0.000000	0.000000	1733433183.518461	0.000000
196.000000	88004.942299	18819.900610	187500.000000	187500.000000	86646.269160	102754.791409	112868.776961	133822.866836	-0.074000	0.774000	0.576000	192.000000	0.000000	0.000000	0.000000	0.000000	0.000000	0.000000	0.000000	0.000000	0.000000	1733433183.522415	0.000000
197.000000	87999.041438	18811.697520	187500.000000	187500.000000	86644.458669	102760.781677	112875.594243	133798.749304	-0.074000	0.774000	0.576000	192.000000	0.000000	0.000000	0.000000	0.000000	0.000000	0.000000	0.000000	0.000000	0.000000	1733433183.526406	0.000000
198.000000	87999.443769	18818.917134	187500.000000	187500.000000	86644.548076	102751.371592	112877.829418	133808.002926	-0.074000	0.774000	0.576000	192.000000	0.000000	0.000000	0.000000	0.000000	0.000000	0.000000	0.000000	0.000000	0.000000	1733433183.529410	0.000000
199.000000	88011.938395	18846.856814	187500.000000	187500.000000	86653.667587	102758.904130	112877.382383	133801.722086	-0.074000	0.774000	0.576000	192.000000	0.000000	0.000000	0.000000	0.000000	0.000000	0.000000	0.000000	0.000000	0.000000	1733433183.533410	0.000000
200.000000	88015.559377	18842.006486	187500.000000	187500.000000	86652.661759	102763.106258	112875.437781	133805.901862	-0.074000	0.774000	0.576000	192.000000	0.000000	0.000000	0.000000	0.000000	0.000000	0.000000	0.000000	0.000000	0.000000	1733433183.538532	0.000000
201.000000	88010.373772	18822.582820	187500.000000	187500.000000	86653.019387	102774.304482	112886.278377	133839.876513	-0.074000	0.774000	0.576000	192.000000	0.000000	0.000000	0.000000	0.000000	0.000000	0.000000	0.000000	0.000000	0.000000	1733433183.542571	0.000000
202.000000	88016.676964	18827.969590	187500.000000	187500.000000	86663.748224	102776.807878	112895.576703	133833.014528	-0.074000	0.774000	0.576000	192.000000	0.000000	0.000000	0.000000	0.000000	0.000000	0.000000	0.000000	0.000000	0.000000	1733433183.546690	0.000000
203.000000	88004.741133	18819.520631	187500.000000	187500.000000	86651.924151	102762.458058	112875.862464	133805.901862	-0.074000	0.774000	0.576000	192.000000	0.000000	0.000000	0.000000	0.000000	0.000000	0.000000	0.000000	0.000000	0.000000	1733433183.550644	0.000000
204.000000	88004.271746	18810.445823	187500.000000	187500.000000	86656.796832	102759.708793	112878.656432	133800.962126	-0.074000	0.774000	0.576000	192.000000	0.000000	0.000000	0.000000	0.000000	0.000000	0.000000	0.000000	0.000000	0.000000	1733433183.553495	0.000000
205.000000	88003.891767	18815.162041	187500.000000	187500.000000	86654.874582	102747.348278	112864.731296	133805.946565	-0.076000	0.778000	0.572000	192.000000	253.000000	160.000000	24.000000	80.000000	17.000000	224.000000	0.000000	0.000000	0.000000	1733433183.557473	0.000000
206.000000	87997.834444	18811.094023	187500.000000	187500.000000	86648.325521	102747.303575	112854.382438	133788.132225	-0.076000	0.778000	0.572000	192.000000	0.000000	0.000000	0.000000	0.000000	0.000000	0.000000	0.000000	0.000000	0.000000	1733433183.561458	0.000000
207.000000	87996.091008	18806.266046	187500.000000	187500.000000	86636.680262	102747.325927	112856.215281	133794.971859	-0.076000	0.778000	0.572000	192.000000	0.000000	0.000000	0.000000	0.000000	0.000000	0.000000	0.000000	0.000000	0.000000	1733433183.565524	0.000000
208.000000	87992.850005	18822.918096	187500.000000	187500.000000	86628.276006	102746.811837	112847.565156	133787.148748	-0.076000	0.778000	0.572000	192.000000	0.000000	0.000000	0.000000	0.000000	0.000000	0.000000	0.000000	0.000000	0.000000	1733433183.570530	0.000000
209.000000	87991.844176	18820.571163	187500.000000	187500.000000	86632.165209	102738.675802	112859.277470	133784.444187	-0.076000	0.778000	0.572000	192.000000	0.000000	0.000000	0.000000	0.000000	0.000000	0.000000	0.000000	0.000000	0.000000	1733433183.574499	0.000000
210.000000	87989.005505	18807.674206	187500.000000	187500.000000	86621.794000	102734.987764	112851.834339	133790.792083	-0.076000	0.778000	0.572000	192.000000	0.000000	0.000000	0.000000	0.000000	0.000000	0.000000	0.000000	0.000000	0.000000	1733433183.578681	0.000000
211.000000	87988.670229	18811.518706	187500.000000	187500.000000	86619.044735	102736.172406	112843.810063	133800.805664	-0.076000	0.778000	0.572000	192.000000	0.000000	0.000000	0.000000	0.000000	0.000000	0.000000	0.000000	0.000000	0.000000	1733433183.582677	0.000000
212.000000	87993.364095	18811.317541	187500.000000	187500.000000	86628.790096	102731.053857	112847.341638	133779.325638	-0.076000	0.778000	0.572000	192.000000	0.000000	0.000000	0.000000	0.000000	0.000000	0.000000	0.000000	0.000000	0.000000	1733433183.585770	0.000000
213.000000	87993.274688	18800.231075	187500.000000	187500.000000	86630.310015	102729.019848	112846.648734	133764.551135	-0.076000	0.778000	0.572000	192.000000	0.000000	0.000000	0.000000	0.000000	0.000000	0.000000	0.000000	0.000000	0.000000	1733433183.589568	0.000000
214.000000	87989.452540	18795.671319	187500.000000	187500.000000	86627.337233	102722.716656	112847.431045	133768.507393	-0.076000	0.778000	0.572000	192.000000	0.000000	0.000000	0.000000	0.000000	0.000000	0.000000	0.000000	0.000000	0.000000	1733433183.594553	0.000000
215.000000	87987.932621	18796.096003	187500.000000	187500.000000	86625.213817	102729.221014	112847.766322	133783.952449	-0.082000	0.776000	0.570000	192.000000	253.000000	112.000000	24.000000	64.000000	17.000000	208.000000	0.000000	0.000000	0.000000	1733433183.598569	0.000000
216.000000	87987.396179	18798.912322	187500.000000	187500.000000	86616.407229	102712.904240	112834.936420	133787.998115	-0.082000	0.776000	0.570000	192.000000	0.000000	0.000000	0.000000	0.000000	0.000000	0.000000	0.000000	0.000000	0.000000	1733433183.602685	0.000000
217.000000	87989.609002	18814.267971	187500.000000	187500.000000	86615.781381	102720.928516	112840.144377	133784.891222	-0.082000	0.776000	0.570000	192.000000	0.000000	0.000000	0.000000	0.000000	0.000000	0.000000	0.000000	0.000000	0.000000	1733433183.606570	0.000000
218.000000	87990.346609	18807.093061	187500.000000	187500.000000	86621.816352	102733.445493	112849.777979	133782.141958	-0.082000	0.776000	0.570000	192.000000	0.000000	0.000000	0.000000	0.000000	0.000000	0.000000	0.000000	0.000000	0.000000	1733433183.609575	0.000000
219.000000	87982.791720	18787.244712	187500.000000	187500.000000	86627.113715	102729.399828	112841.060798	133813.479103	-0.082000	0.776000	0.570000	192.000000	0.000000	0.000000	0.000000	0.000000	0.000000	0.000000	0.000000	0.000000	0.000000	1733433183.613883	0.000000
220.000000	87974.700388	18785.054241	187500.000000	187500.000000	86621.861055	102709.059740	112837.618630	133789.070998	-0.082000	0.776000	0.570000	192.000000	0.000000	0.000000	0.000000	0.000000	0.000000	0.000000	0.000000	0.000000	0.000000	1733433183.617803	0.000000
221.000000	87981.450615	18794.084346	187500.000000	187500.000000	86630.242959	102715.251173	112840.010266	133783.304248	-0.082000	0.776000	0.570000	192.000000	0.000000	0.000000	0.000000	0.000000	0.000000	0.000000	0.000000	0.000000	0.000000	1733433183.621845	0.000000
222.000000	87974.342760	18796.610093	187500.000000	187500.000000	86611.266328	102702.264810	112817.390301	133781.829033	-0.082000	0.776000	0.570000	192.000000	0.000000	0.000000	0.000000	0.000000	0.000000	0.000000	0.000000	0.000000	0.000000	1733433183.626726	0.000000
223.000000	87974.141595	18794.598436	187500.000000	187500.000000	86610.014631	102705.863441	112824.341693	133811.020411	-0.082000	0.776000	0.570000	192.000000	0.000000	0.000000	0.000000	0.000000	0.000000	0.000000	0.000000	0.000000	0.000000	1733433183.630600	0.000000
224.000000	87982.903478	18797.682976	187500.000000	187500.000000	86624.207988	102721.040275	112845.106464	133809.969879	-0.082000	0.776000	0.570000	192.000000	0.000000	0.000000	0.000000	0.000000	0.000000	0.000000	0.000000	0.000000	0.000000	1733433183.634953	0.000000
225.000000	87985.540984	18804.008520	187500.000000	187500.000000	86634.601549	102741.760342	112848.146301	133760.818393	-0.078000	0.776000	0.564000	192.000000	253.000000	144.000000	24.000000	64.000000	17.000000	160.000000	0.000000	0.000000	0.000000	1733433183.637581	0.000000
226.000000	87988.022028	18817.128994	187500.000000	187500.000000	86636.367337	102747.616499	112859.053953	133758.493812	-0.078000	0.776000	0.564000	192.000000	0.000000	0.000000	0.000000	0.000000	0.000000	0.000000	0.000000	0.000000	0.000000	1733433183.641617	0.000000
227.000000	87985.496281	18795.112526	187500.000000	187500.000000	86633.193390	102747.258871	112866.295918	133774.721178	-0.078000	0.776000	0.564000	192.000000	0.000000	0.000000	0.000000	0.000000	0.000000	0.000000	0.000000	0.000000	0.000000	1733433183.645633	0.000000
228.000000	87982.188223	18782.014404	187500.000000	187500.000000	86631.584064	102733.557252	112857.265813	133778.230402	-0.078000	0.776000	0.564000	192.000000	0.000000	0.000000	0.000000	0.000000	0.000000	0.000000	0.000000	0.000000	0.000000	1733433183.649711	0.000000
229.000000	87977.628467	18781.790886	187500.000000	187500.000000	86623.380974	102714.670028	112847.900432	133783.907745	-0.078000	0.776000	0.564000	192.000000	0.000000	0.000000	0.000000	0.000000	0.000000	0.000000	0.000000	0.000000	0.000000	1733433183.654865	0.000000
230.000000	87980.511842	18790.373956	187500.000000	187500.000000	86627.672509	102722.582546	112855.924708	133792.826091	-0.078000	0.776000	0.564000	192.000000	0.000000	0.000000	0.000000	0.000000	0.000000	0.000000	0.000000	0.000000	0.000000	1733433183.658973	0.000000
231.000000	87983.059941	18795.872485	187500.000000	187500.000000	86642.648177	102742.788523	112861.087961	133794.971859	-0.078000	0.776000	0.564000	192.000000	0.000000	0.000000	0.000000	0.000000	0.000000	0.000000	0.000000	0.000000	0.000000	1733433183.661903	0.000000
232.000000	87981.025932	18789.077555	187500.000000	187500.000000	86646.269160	102744.129627	112856.729371	133781.024370	-0.078000	0.776000	0.564000	192.000000	0.000000	0.000000	0.000000	0.000000	0.000000	0.000000	0.000000	0.000000	0.000000	1733433183.665645	0.000000
233.000000	87987.619697	18796.163058	187500.000000	187500.000000	86648.660797	102737.804084	112854.807121	133776.822242	-0.078000	0.776000	0.564000	192.000000	0.000000	0.000000	0.000000	0.000000	0.000000	0.000000	0.000000	0.000000	0.000000	1733433183.669609	0.000000
234.000000	87980.735359	18784.964834	187500.000000	187500.000000	86641.999977	102731.858520	112843.251269	133763.634713	-0.078000	0.776000	0.564000	192.000000	0.000000	0.000000	0.000000	0.000000	0.000000	0.000000	0.000000	0.000000	0.000000	1733433183.673628	0.000000
235.000000	87978.030798	18799.068785	187500.000000	187500.000000	86643.318730	102723.655429	112838.378589	133767.345103	-0.074000	0.776000	0.568000	192.000000	253.000000	176.000000	24.000000	64.000000	17.000000	192.000000	0.000000	0.000000	0.000000	1733433183.677632	0.000000
236.000000	87979.170737	18807.405985	187500.000000	187500.000000	86637.350814	102713.306572	112827.426234	133774.318847	-0.074000	0.776000	0.568000	192.000000	0.000000	0.000000	0.000000	0.000000	0.000000	0.000000	0.000000	0.000000	0.000000	1733433183.682748	0.000000
237.000000	87977.606115	18790.351604	187500.000000	187500.000000	86628.499523	102716.860499	112806.192077	133792.490815	-0.074000	0.776000	0.568000	192.000000	0.000000	0.000000	0.000000	0.000000	0.000000	0.000000	0.000000	0.000000	0.000000	1733433183.686958	0.000000
238.000000	87969.984170	18781.366203	187500.000000	187500.000000	86626.465514	102713.172461	112818.932571	133784.868870	-0.074000	0.776000	0.568000	192.000000	0.000000	0.000000	0.000000	0.000000	0.000000	0.000000	0.000000	0.000000	0.000000	1733433183.689934	0.000000
239.000000	87959.568257	18751.727790	187500.000000	187500.000000	86628.164247	102708.836223	112832.902412	133778.856251	-0.074000	0.776000	0.568000	192.000000	0.000000	0.000000	0.000000	0.000000	0.000000	0.000000	0.000000	0.000000	0.000000	1733433183.694068	0.000000
240.000000	87969.268914	18765.921148	187500.000000	187500.000000	86633.215741	102720.660296	112833.550612	133772.016617	-0.074000	0.776000	0.568000	192.000000	0.000000	0.000000	0.000000	0.000000	0.000000	0.000000	0.000000	0.000000	0.000000	1733433183.697700	0.000000
241.000000	87970.721778	18766.412886	187500.000000	187500.000000	86637.127297	102736.306517	112840.658467	133762.360664	-0.074000	0.776000	0.568000	192.000000	0.000000	0.000000	0.000000	0.000000	0.000000	0.000000	0.000000	0.000000	0.000000	1733433183.701960	0.000000
242.000000	87966.966685	18761.808427	187500.000000	187500.000000	86628.276006	102719.430950	112834.042351	133776.285800	-0.074000	0.776000	0.568000	192.000000	0.000000	0.000000	0.000000	0.000000	0.000000	0.000000	0.000000	0.000000	0.000000	1733433183.705732	0.000000
243.000000	87973.292228	18774.325403	187500.000000	187500.000000	86631.382898	102698.397958	112825.883964	133782.544289	-0.074000	0.776000	0.568000	192.000000	0.000000	0.000000	0.000000	0.000000	0.000000	0.000000	0.000000	0.000000	0.000000	1733433183.710725	0.000000
244.000000	87969.358321	18772.872540	187500.000000	187500.000000	86631.315843	102706.824566	112823.514679	133786.478196	-0.074000	0.776000	0.568000	192.000000	0.000000	0.000000	0.000000	0.000000	0.000000	0.000000	0.000000	0.000000	0.000000	1733433183.714846	0.000000
245.000000	87975.080368	18780.963872	187500.000000	187500.000000	86628.499523	102720.794406	112828.566173	133770.697864	-0.072000	0.772000	0.566000	192.000000	253.000000	192.000000	24.000000	32.000000	17.000000	176.000000	0.000000	0.000000	0.000000	1733433183.718323	0.000000
246.000000	87978.321371	18791.335081	187500.000000	187500.000000	86622.308090	102715.340580	112824.408749	133757.286818	-0.072000	0.772000	0.566000	192.000000	0.000000	0.000000	0.000000	0.000000	0.000000	0.000000	0.000000	0.000000	0.000000	1733433183.722003	0.000000
247.000000	87978.410778	18778.885159	187500.000000	187500.000000	86622.017517	102720.146205	112827.537993	133764.461728	-0.072000	0.772000	0.566000	192.000000	0.000000	0.000000	0.000000	0.000000	0.000000	0.000000	0.000000	0.000000	0.000000	1733433183.725961	0.000000
248.000000	87972.912249	18771.307918	187500.000000	187500.000000	86611.802770	102712.256040	112821.324208	133787.104045	-0.072000	0.772000	0.566000	192.000000	0.000000	0.000000	0.000000	0.000000	0.000000	0.000000	0.000000	0.000000	0.000000	1733433183.729917	0.000000
249.000000	87973.582801	18775.532398	187500.000000	187500.000000	86609.567596	102715.944077	112820.005455	133762.315960	-0.072000	0.772000	0.566000	192.000000	0.000000	0.000000	0.000000	0.000000	0.000000	0.000000	0.000000	0.000000	0.000000	1733433183.733721	0.000000
250.000000	87975.616810	18777.432296	187500.000000	187500.000000	86610.394610	102701.415444	112814.372815	133744.032233	-0.072000	0.772000	0.566000	192.000000	0.000000	0.000000	0.000000	0.000000	0.000000	0.000000	0.000000	0.000000	0.000000	1733433183.738727	0.000000
251.000000	87967.860754	18768.178674	187500.000000	187500.000000	86606.058372	102683.578752	112805.029786	133742.802887	-0.072000	0.772000	0.566000	192.000000	0.000000	0.000000	0.000000	0.000000	0.000000	0.000000	0.000000	0.000000	0.000000	1733433183.742728	0.000000
252.000000	87971.526441	18778.594587	187500.000000	187500.000000	86612.026288	102691.983007	112809.120155	133758.605571	-0.072000	0.772000	0.566000	192.000000	0.000000	0.000000	0.000000	0.000000	0.000000	0.000000	0.000000	0.000000	0.000000	1733433183.745779	0.000000
253.000000	87970.811185	18786.730622	187500.000000	187500.000000	86607.824160	102701.750720	112807.600237	133760.237248	-0.072000	0.772000	0.566000	192.000000	0.000000	0.000000	0.000000	0.000000	0.000000	0.000000	0.000000	0.000000	0.000000	1733433183.749741	0.000000
254.000000	87967.525478	18780.449781	187500.000000	187500.000000	86607.935918	102714.848842	112810.193039	133764.215858	-0.072000	0.772000	0.566000	192.000000	0.000000	0.000000	0.000000	0.000000	0.000000	0.000000	0.000000	0.000000	0.000000	1733433183.753758	0.000000
255.000000	87958.942408	18764.714153	187500.000000	187500.000000	86615.423753	102718.961563	112819.781938	133763.031216	-0.076000	0.772000	0.566000	192.000000	253.000000	160.000000	24.000000	32.000000	17.000000	176.000000	0.000000	0.000000	0.000000	1733433183.758050	0.000000
0.000000	87963.412757	18761.696668	187500.000000	187500.000000	86623.582139	102730.807988	112834.534089	133770.206126	-0.076000	0.772000	0.566000	192.000000	0.000000	0.000000	0.000000	0.000000	0.000000	0.000000	0.000000	0.000000	0.000000	1733433183.761986	0.000000
1.000000	87975.974438	18780.762706	187500.000000	187500.000000	86625.146762	102720.682647	112842.088979	133806.013621	-0.076000	0.772000	0.566000	192.000000	0.000000	0.000000	0.000000	0.000000	0.000000	0.000000	0.000000	0.000000	0.000000	1733433183.767044	0.000000
2.000000	87976.399121	18782.059107	187500.000000	187500.000000	86614.753200	102707.226897	112829.907278	133817.256548	-0.076000	0.772000	0.566000	192.000000	0.000000	0.000000	0.000000	0.000000	0.000000	0.000000	0.000000	0.000000	0.000000	1733433183.770156	0.000000
3.000000	87964.530345	18772.514912	187500.000000	187500.000000	86614.373221	102721.062627	112828.297952	133779.459748	-0.076000	0.772000	0.566000	192.000000	0.000000	0.000000	0.000000	0.000000	0.000000	0.000000	0.000000	0.000000	0.000000	1733433183.773145	0.000000
4.000000	87959.434147	18776.404116	187500.000000	187500.000000	86623.537436	102725.555328	112834.824662	133773.380074	-0.076000	0.772000	0.566000	192.000000	0.000000	0.000000	0.000000	0.000000	0.000000	0.000000	0.000000	0.000000	0.000000	1733433183.777800	0.000000
5.000000	87967.033740	18796.587741	187500.000000	187500.000000	86622.151628	102730.338601	112830.667237	133772.620114	-0.076000	0.772000	0.566000	192.000000	0.000000	0.000000	0.000000	0.000000	0.000000	0.000000	0.000000	0.000000	0.000000	1733433183.781813	0.000000
6.000000	87981.092987	18797.414756	187500.000000	187500.000000	86628.499523	102747.169464	112839.227955	133783.147786	-0.076000	0.772000	0.566000	192.000000	0.000000	0.000000	0.000000	0.000000	0.000000	0.000000	0.000000	0.000000	0.000000	1733433183.785916	0.000000
7.000000	87963.457461	18760.623784	187500.000000	187500.000000	86610.484017	102710.579659	112819.044330	133773.938867	-0.076000	0.772000	0.566000	192.000000	0.000000	0.000000	0.000000	0.000000	0.000000	0.000000	0.000000	0.000000	0.000000	1733433183.789849	0.000000
8.000000	87962.809260	18760.847302	187500.000000	187500.000000	86616.116657	102716.391112	112827.828566	133781.918440	-0.076000	0.772000	0.566000	192.000000	0.000000	0.000000	0.000000	0.000000	0.000000	0.000000	0.000000	0.000000	0.000000	1733433183.793857	0.000000
9.000000	87969.783004	18775.152418	187500.000000	187500.000000	86618.620052	102719.587412	112826.129833	133794.211900	-0.078000	0.774000	0.570000	192.000000	253.000000	144.000000	24.000000	48.000000	17.000000	208.000000	0.000000	0.000000	0.000000	1733433183.798940	0.000000
10.000000	87960.842307	18767.888101	187500.000000	187500.000000	86605.924261	102710.981990	112815.982141	133773.916516	-0.078000	0.774000	0.570000	192.000000	0.000000	0.000000	0.000000	0.000000	0.000000	0.000000	0.000000	0.000000	0.000000	1733433183.801982	0.000000
11.000000	87967.391368	18773.408982	187500.000000	187500.000000	86614.082648	102714.647676	112817.814984	133773.983571	-0.078000	0.774000	0.570000	192.000000	0.000000	0.000000	0.000000	0.000000	0.000000	0.000000	0.000000	0.000000	0.000000	1733433183.805856	0.000000
12.000000	87970.386502	18776.918206	187500.000000	187500.000000	86617.815389	102723.722485	112828.946153	133781.404350	-0.078000	0.774000	0.570000	192.000000	0.000000	0.000000	0.000000	0.000000	0.000000	0.000000	0.000000	0.000000	0.000000	1733433183.810009	0.000000
13.000000	87972.308752	18778.996918	187500.000000	187500.000000	86621.235206	102723.566022	112829.616705	133798.391676	-0.078000	0.774000	0.570000	192.000000	0.000000	0.000000	0.000000	0.000000	0.000000	0.000000	0.000000	0.000000	0.000000	1733433183.813846	0.000000
14.000000	87958.629484	18768.446895	187500.000000	187500.000000	86609.366430	102704.924667	112814.283408	133782.320771	-0.078000	0.774000	0.570000	192.000000	0.000000	0.000000	0.000000	0.000000	0.000000	0.000000	0.000000	0.000000	0.000000	1733433183.817881	0.000000
15.000000	87967.369016	18776.649985	187500.000000	187500.000000	86614.105000	102718.112197	112825.213411	133758.963199	-0.078000	0.774000	0.570000	192.000000	0.000000	0.000000	0.000000	0.000000	0.000000	0.000000	0.000000	0.000000	0.000000	1733433183.822855	0.000000
16.000000	87964.530345	18771.531435	187500.000000	187500.000000	86610.506369	102721.040275	112827.269772	133772.463652	-0.078000	0.774000	0.570000	192.000000	0.000000	0.000000	0.000000	0.000000	0.000000	0.000000	0.000000	0.000000	0.000000	1733433183.825858	0.000000
17.000000	87968.106624	18775.577101	187500.000000	187500.000000	86612.093343	102719.386246	112825.548688	133784.421835	-0.078000	0.774000	0.570000	192.000000	0.000000	0.000000	0.000000	0.000000	0.000000	0.000000	0.000000	0.000000	0.000000	1733433183.828866	0.000000
18.000000	87972.442862	18783.087287	187500.000000	187500.000000	86619.000032	102718.760397	112818.217315	133757.845611	-0.078000	0.774000	0.570000	192.000000	0.000000	0.000000	0.000000	0.000000	0.000000	0.000000	0.000000	0.000000	0.000000	1733433183.833983	0.000000
19.000000	87968.508955	18776.985261	187500.000000	187500.000000	86620.855227	102712.434854	112807.689644	133759.052606	-0.082000	0.776000	0.570000	192.000000	253.000000	112.000000	24.000000	64.000000	17.000000	208.000000	0.000000	0.000000	0.000000	1733433183.837973	0.000000
20.000000	87962.652798	18772.917244	187500.000000	187500.000000	86614.820256	102696.431005	112800.581789	133760.952504	-0.082000	0.776000	0.570000	192.000000	0.000000	0.000000	0.000000	0.000000	0.000000	0.000000	0.000000	0.000000	0.000000	1733433183.842077	0.000000
21.000000	87966.698464	18793.592607	187500.000000	187500.000000	86615.200235	102694.799327	112817.658522	133777.157519	-0.082000	0.776000	0.570000	192.000000	0.000000	0.000000	0.000000	0.000000	0.000000	0.000000	0.000000	0.000000	0.000000	1733433183.846129	0.000000
22.000000	87969.268914	18795.090174	187500.000000	187500.000000	86606.997145	102696.699226	112813.679911	133782.544289	-0.082000	0.776000	0.570000	192.000000	0.000000	0.000000	0.000000	0.000000	0.000000	0.000000	0.000000	0.000000	0.000000	1733433183.850917	0.000000
23.000000	87973.359284	18796.498334	187500.000000	187500.000000	86614.127352	102706.735159	112818.552592	133772.351893	-0.082000	0.776000	0.570000	192.000000	0.000000	0.000000	0.000000	0.000000	0.000000	0.000000	0.000000	0.000000	0.000000	1733433183.853930	0.000000
24.000000	87967.659589	18784.875427	187500.000000	187500.000000	86617.010727	102706.399883	112819.670179	133768.172117	-0.082000	0.776000	0.570000	192.000000	0.000000	0.000000	0.000000	0.000000	0.000000	0.000000	0.000000	0.000000	0.000000	1733433183.856966	0.000000
25.000000	87971.705255	18789.189314	187500.000000	187500.000000	86624.029174	102721.442607	112819.781938	133784.086559	-0.082000	0.776000	0.570000	192.000000	0.000000	0.000000	0.000000	0.000000	0.000000	0.000000	0.000000	0.000000	0.000000	1733433183.861904	0.000000
26.000000	87960.730548	18789.345776	187500.000000	187500.000000	86605.924261	102694.955789	112810.170687	133751.676530	-0.082000	0.776000	0.570000	192.000000	0.000000	0.000000	0.000000	0.000000	0.000000	0.000000	0.000000	0.000000	0.000000	1733433183.865930	0.000000
27.000000	87957.914228	18785.702441	187500.000000	187500.000000	86603.197348	102688.116156	112813.545801	133758.024425	-0.082000	0.776000	0.570000	192.000000	0.000000	0.000000	0.000000	0.000000	0.000000	0.000000	0.000000	0.000000	0.000000	1733433183.870167	0.000000
28.000000	87963.345702	18780.516837	187500.000000	187500.000000	86609.455837	102703.650618	112815.043368	133779.191527	-0.082000	0.776000	0.570000	192.000000	0.000000	0.000000	0.000000	0.000000	0.000000	0.000000	0.000000	0.000000	0.000000	1733433183.874062	0.000000
29.000000	87969.760653	18795.201933	187500.000000	187500.000000	86619.603529	102691.066586	112811.176516	133757.823260	-0.086000	0.774000	0.570000	192.000000	253.000000	80.000000	24.000000	48.000000	17.000000	208.000000	0.000000	0.000000	0.000000	1733433183.878184	0.000000
30.000000	87970.297095	18814.312674	187500.000000	187500.000000	86620.028212	102700.588429	112807.868458	133758.247943	-0.086000	0.774000	0.570000	192.000000	0.000000	0.000000	0.000000	0.000000	0.000000	0.000000	0.000000	0.000000	0.000000	1733433183.882160	0.000000
31.000000	87965.245600	18777.097020	187500.000000	187500.000000	86625.437334	102692.698263	112813.724615	133766.428681	-0.086000	0.774000	0.570000	192.000000	0.000000	0.000000	0.000000	0.000000	0.000000	0.000000	0.000000	0.000000	0.000000	1733433183.884993	0.000000
32.000000	87963.882144	18778.169904	187500.000000	187500.000000	86627.918378	102712.926592	112823.246458	133766.383978	-0.086000	0.774000	0.570000	192.000000	0.000000	0.000000	0.000000	0.000000	0.000000	0.000000	0.000000	0.000000	0.000000	1733433183.888971	0.000000
33.000000	87959.948237	18786.618863	187500.000000	187500.000000	86614.172055	102708.925630	112809.321321	133759.477289	-0.086000	0.774000	0.570000	192.000000	0.000000	0.000000	0.000000	0.000000	0.000000	0.000000	0.000000	0.000000	0.000000	1733433183.894008	0.000000
34.000000	87965.580877	18794.821953	187500.000000	187500.000000	86609.321726	102715.385284	112803.733385	133768.373283	-0.086000	0.774000	0.570000	192.000000	0.000000	0.000000	0.000000	0.000000	0.000000	0.000000	0.000000	0.000000	0.000000	1733433183.898025	0.000000
35.000000	87970.632371	18793.458497	187500.000000	187500.000000	86617.100134	102714.558269	112823.022941	133770.250829	-0.086000	0.774000	0.570000	192.000000	0.000000	0.000000	0.000000	0.000000	0.000000	0.000000	0.000000	0.000000	0.000000	1733433183.901974	0.000000
36.000000	87972.778138	18789.725755	187500.000000	187500.000000	86621.592834	102704.276467	112825.481632	133767.613324	-0.086000	0.774000	0.570000	192.000000	0.000000	0.000000	0.000000	0.000000	0.000000	0.000000	0.000000	0.000000	0.000000	1733433183.906125	0.000000
37.000000	87970.498260	18785.590683	187500.000000	187500.000000	86622.978642	102703.605915	112820.452490	133777.001056	-0.086000	0.774000	0.570000	192.000000	0.000000	0.000000	0.000000	0.000000	0.000000	0.000000	0.000000	0.000000	0.000000	1733433183.909186	0.000000
38.000000	87964.575048	18781.321500	187500.000000	187500.000000	86614.417924	102713.060702	112814.462222	133790.300344	-0.086000	0.774000	0.570000	192.000000	0.000000	0.000000	0.000000	0.000000	0.000000	0.000000	0.000000	0.000000	0.000000	1733433183.913204	0.000000
39.000000	87968.173679	18803.963817	187500.000000	187500.000000	86615.356697	102713.127758	112822.017112	133763.858231	-0.082000	0.776000	0.570000	192.000000	253.000000	112.000000	24.000000	64.000000	17.000000	208.000000	0.000000	0.000000	0.000000	1733433183.917650	0.000000
40.000000	87969.000693	18795.246636	187500.000000	187500.000000	86620.855227	102711.138452	112819.603124	133772.642466	-0.082000	0.776000	0.570000	192.000000	0.000000	0.000000	0.000000	0.000000	0.000000	0.000000	0.000000	0.000000	0.000000	1733433183.922008	0.000000
41.000000	87970.855888	18792.989110	187500.000000	187500.000000	86624.207988	102707.003380	112821.458318	133771.480175	-0.082000	0.776000	0.570000	192.000000	0.000000	0.000000	0.000000	0.000000	0.000000	0.000000	0.000000	0.000000	0.000000	1733433183.926039	0.000000
42.000000	87971.593496	18797.817087	187500.000000	187500.000000	86623.380974	102720.056798	112825.079301	133771.211954	-0.082000	0.776000	0.570000	192.000000	0.000000	0.000000	0.000000	0.000000	0.000000	0.000000	0.000000	0.000000	0.000000	1733433183.930047	0.000000
43.000000	87962.965722	18780.561540	187500.000000	187500.000000	86620.743468	102711.809005	112814.015188	133755.833954	-0.082000	0.776000	0.570000	192.000000	0.000000	0.000000	0.000000	0.000000	0.000000	0.000000	0.000000	0.000000	0.000000	1733433183.933055	0.000000
44.000000	87958.875353	18779.287491	187500.000000	187500.000000	86624.498561	102716.346409	112808.449603	133765.221687	-0.082000	0.776000	0.570000	192.000000	0.000000	0.000000	0.000000	0.000000	0.000000	0.000000	0.000000	0.000000	0.000000	1733433183.937027	0.000000
45.000000	87962.205763	18786.708270	187500.000000	187500.000000	86630.198256	102732.439665	112820.854821	133767.322751	-0.082000	0.776000	0.570000	192.000000	0.000000	0.000000	0.000000	0.000000	0.000000	0.000000	0.000000	0.000000	0.000000	1733433183.941053	0.000000
46.000000	87958.763594	18774.884197	187500.000000	187500.000000	86629.862980	102728.014019	112830.130795	133762.181850	-0.082000	0.776000	0.570000	192.000000	0.000000	0.000000	0.000000	0.000000	0.000000	0.000000	0.000000	0.000000	0.000000	1733433183.945305	0.000000
47.000000	87948.280626	18762.523682	187500.000000	187500.000000	86623.537436	102714.938249	112821.324208	133771.770748	-0.082000	0.776000	0.570000	192.000000	0.000000	0.000000	0.000000	0.000000	0.000000	0.000000	0.000000	0.000000	0.000000	1733433183.950173	0.000000
48.000000	87957.489545	18778.460476	187500.000000	187500.000000	86628.521875	102721.822586	112827.046255	133807.310022	-0.082000	0.776000	0.570000	192.000000	0.000000	0.000000	0.000000	0.000000	0.000000	0.000000	0.000000	0.000000	0.000000	1733433183.954267	0.000000
49.000000	87965.692635	18786.171828	187500.000000	187500.000000	86633.372204	102734.719543	112842.536013	133800.224519	-0.082000	0.776000	0.574000	192.000000	253.000000	112.000000	24.000000	64.000000	17.000000	240.000000	0.000000	0.000000	0.000000	1733433183.958534	0.000000
50.000000	87960.462327	18789.770459	187500.000000	187500.000000	86621.346965	102725.890604	112829.370836	133758.717329	-0.082000	0.776000	0.574000	192.000000	0.000000	0.000000	0.000000	0.000000	0.000000	0.000000	0.000000	0.000000	0.000000	1733433183.962795	0.000000
51.000000	87958.830650	18790.731584	187500.000000	187500.000000	86614.663793	102707.293952	112822.128871	133762.830050	-0.082000	0.776000	0.574000	192.000000	0.000000	0.000000	0.000000	0.000000	0.000000	0.000000	0.000000	0.000000	0.000000	1733433183.965072	0.000000
52.000000	87960.797603	18788.228189	187500.000000	187500.000000	86616.988375	102714.737083	112824.542859	133773.424777	-0.082000	0.776000	0.574000	192.000000	0.000000	0.000000	0.000000	0.000000	0.000000	0.000000	0.000000	0.000000	0.000000	1733433183.969257	0.000000
53.000000	87955.522592	18782.081459	187500.000000	187500.000000	86620.229378	102727.410522	112827.985028	133768.105062	-0.082000	0.776000	0.574000	192.000000	0.000000	0.000000	0.000000	0.000000	0.000000	0.000000	0.000000	0.000000	0.000000	1733433183.973060	0.000000
54.000000	87947.587722	18785.478924	187500.000000	187500.000000	86621.302262	102726.024714	112832.388321	133770.675513	-0.082000	0.776000	0.574000	192.000000	0.000000	0.000000	0.000000	0.000000	0.000000	0.000000	0.000000	0.000000	0.000000	1733433183.977112	0.000000
55.000000	87939.362280	18768.044563	187500.000000	187500.000000	86612.808599	102718.782749	112828.566173	133780.532632	-0.082000	0.776000	0.574000	192.000000	0.000000	0.000000	0.000000	0.000000	0.000000	0.000000	0.000000	0.000000	0.000000	1733433183.982127	0.000000
56.000000	87945.061975	18784.026061	187500.000000	187500.000000	86601.856244	102718.670990	112818.418481	133805.164254	-0.082000	0.776000	0.574000	192.000000	0.000000	0.000000	0.000000	0.000000	0.000000	0.000000	0.000000	0.000000	0.000000	1733433183.986414	0.000000
57.000000	87943.989091	18774.370107	187500.000000	187500.000000	86599.062276	102719.073322	112804.962731	133771.055492	-0.082000	0.776000	0.574000	192.000000	0.000000	0.000000	0.000000	0.000000	0.000000	0.000000	0.000000	0.000000	0.000000	1733433183.989239	0.000000
58.000000	87947.252446	18774.794790	187500.000000	187500.000000	86600.470436	102722.314325	112810.640074	133760.393710	-0.082000	0.776000	0.574000	192.000000	0.000000	0.000000	0.000000	0.000000	0.000000	0.000000	0.000000	0.000000	0.000000	1733433183.993211	0.000000
59.000000	87942.513876	18770.682069	187500.000000	187500.000000	86600.001049	102716.301705	112813.612856	133755.208105	-0.080000	0.772000	0.576000	192.000000	253.000000	128.000000	24.000000	32.000000	18.000000	0.000000	0.000000	0.000000	0.000000	1733433183.997286	0.000000
60.000000	87943.854981	18776.560578	187500.000000	187500.000000	86600.515139	102704.276467	112821.503022	133776.151690	-0.080000	0.772000	0.576000	192.000000	0.000000	0.000000	0.000000	0.000000	0.000000	0.000000	0.000000	0.000000	0.000000	1733433184.001172	0.000000
61.000000	87947.654777	18773.252520	187500.000000	187500.000000	86603.130293	102713.798310	112833.237688	133782.141958	-0.080000	0.772000	0.576000	192.000000	0.000000	0.000000	0.000000	0.000000	0.000000	0.000000	0.000000	0.000000	0.000000	1733433184.005151	0.000000
62.000000	87947.498315	18769.944462	187500.000000	187500.000000	86609.746410	102724.124816	112835.182290	133770.250829	-0.080000	0.772000	0.576000	192.000000	0.000000	0.000000	0.000000	0.000000	0.000000	0.000000	0.000000	0.000000	0.000000	1733433184.010140	0.000000
63.000000	87947.319501	18779.734526	187500.000000	187500.000000	86613.814427	102742.989688	112837.998609	133784.175966	-0.080000	0.772000	0.576000	192.000000	0.000000	0.000000	0.000000	0.000000	0.000000	0.000000	0.000000	0.000000	0.000000	1733433184.014172	0.000000
64.000000	87949.442917	18774.235997	187500.000000	187500.000000	86618.687107	102730.137435	112833.483557	133782.030199	-0.080000	0.772000	0.576000	192.000000	0.000000	0.000000	0.000000	0.000000	0.000000	0.000000	0.000000	0.000000	0.000000	1733433184.017193	0.000000
65.000000	87951.611036	18771.866712	187500.000000	187500.000000	86617.793038	102705.014074	112826.979199	133775.324675	-0.080000	0.772000	0.576000	192.000000	0.000000	0.000000	0.000000	0.000000	0.000000	0.000000	0.000000	0.000000	0.000000	1733433184.021155	0.000000
66.000000	87949.219400	18784.920130	187500.000000	187500.000000	86619.871750	102711.026694	112818.641999	133771.815452	-0.080000	0.772000	0.576000	192.000000	0.000000	0.000000	0.000000	0.000000	0.000000	0.000000	0.000000	0.000000	0.000000	1733433184.025240	0.000000
67.000000	87947.364205	18782.148514	187500.000000	187500.000000	86619.648232	102720.772054	112829.706112	133786.120568	-0.080000	0.772000	0.576000	192.000000	0.000000	0.000000	0.000000	0.000000	0.000000	0.000000	0.000000	0.000000	0.000000	1733433184.029486	0.000000
68.000000	87951.745147	18777.521703	187500.000000	187500.000000	86621.190503	102730.428008	112843.474787	133792.803740	-0.080000	0.772000	0.576000	192.000000	0.000000	0.000000	0.000000	0.000000	0.000000	0.000000	0.000000	0.000000	0.000000	1733433184.033473	0.000000
69.000000	87951.342815	18775.331232	187500.000000	187500.000000	86618.150666	102731.389133	112838.535051	133780.644391	-0.080000	0.770000	0.578000	192.000000	253.000000	128.000000	24.000000	16.000000	18.000000	16.000000	0.000000	0.000000	0.000000	1733433184.038406	0.000000
70.000000	87952.862734	18780.673299	187500.000000	187500.000000	86616.720154	102748.801142	112846.827548	133847.252589	-0.080000	0.770000	0.578000	192.000000	0.000000	0.000000	0.000000	0.000000	0.000000	0.000000	0.000000	0.000000	0.000000	1733433184.041167	0.000000
71.000000	87953.913266	18777.231130	187500.000000	187500.000000	86612.763895	102731.366781	112832.209507	133837.328415	-0.080000	0.770000	0.578000	192.000000	0.000000	0.000000	0.000000	0.000000	0.000000	0.000000	0.000000	0.000000	0.000000	1733433184.045204	0.000000
72.000000	87954.069728	18774.750087	187500.000000	187500.000000	86618.061259	102722.314325	112823.917010	133768.239172	-0.080000	0.770000	0.578000	192.000000	0.000000	0.000000	0.000000	0.000000	0.000000	0.000000	0.000000	0.000000	0.000000	1733433184.049218	0.000000
73.000000	87953.376824	18770.279738	187500.000000	187500.000000	86620.698764	102727.209357	112833.640019	133785.539423	-0.080000	0.770000	0.578000	192.000000	0.000000	0.000000	0.000000	0.000000	0.000000	0.000000	0.000000	0.000000	0.000000	1733433184.053221	0.000000
74.000000	87956.215496	18773.252520	187500.000000	187500.000000	86622.017517	102732.126740	112834.243516	133786.500548	-0.080000	0.770000	0.578000	192.000000	0.000000	0.000000	0.000000	0.000000	0.000000	0.000000	0.000000	0.000000	0.000000	1733433184.057202	0.000000
75.000000	87963.368054	18787.065898	187500.000000	187500.000000	86628.186599	102749.292880	112849.465054	133776.554021	-0.080000	0.770000	0.578000	192.000000	0.000000	0.000000	0.000000	0.000000	0.000000	0.000000	0.000000	0.000000	0.000000	1733433184.061399	0.000000
76.000000	87949.219400	18778.952215	187500.000000	187500.000000	86620.229378	102736.999421	112842.088979	133758.449108	-0.080000	0.770000	0.578000	192.000000	0.000000	0.000000	0.000000	0.000000	0.000000	0.000000	0.000000	0.000000	0.000000	1733433184.066451	0.000000
77.000000	87951.968664	18780.583892	187500.000000	187500.000000	86624.096230	102730.942098	112838.892679	133769.893202	-0.080000	0.770000	0.578000	192.000000	0.000000	0.000000	0.000000	0.000000	0.000000	0.000000	0.000000	0.000000	0.000000	1733433184.069460	0.000000
78.000000	87961.758728	18794.173753	187500.000000	187500.000000	86630.980567	102744.040220	112839.943211	133776.352856	-0.080000	0.770000	0.578000	192.000000	0.000000	0.000000	0.000000	0.000000	0.000000	0.000000	0.000000	0.000000	0.000000	1733433184.073564	0.000000
79.000000	87955.790812	18789.055203	187500.000000	187500.000000	86625.884369	102739.972203	112836.255173	133766.495736	-0.080000	0.774000	0.580000	192.000000	253.000000	128.000000	24.000000	48.000000	18.000000	32.000000	0.000000	0.000000	0.000000	1733433184.077407	0.000000
80.000000	87954.405004	18783.646081	187500.000000	187500.000000	86624.163285	102723.834243	112834.154109	133769.334408	-0.080000	0.774000	0.580000	192.000000	0.000000	0.000000	0.000000	0.000000	0.000000	0.000000	0.000000	0.000000	0.000000	1733433184.081236	0.000000
81.000000	87959.612961	18789.234017	187500.000000	187500.000000	86628.857151	102710.445548	112834.444682	133780.487928	-0.080000	0.774000	0.580000	192.000000	0.000000	0.000000	0.000000	0.000000	0.000000	0.000000	0.000000	0.000000	0.000000	1733433184.085509	0.000000
82.000000	87957.310731	18784.048412	187500.000000	187500.000000	86633.774535	102719.520357	112848.503929	133777.448091	-0.080000	0.774000	0.580000	192.000000	0.000000	0.000000	0.000000	0.000000	0.000000	0.000000	0.000000	0.000000	0.000000	1733433184.089274	0.000000
83.000000	87956.774289	18783.310805	187500.000000	187500.000000	86623.828009	102729.779807	112853.913051	133798.034048	-0.080000	0.774000	0.580000	192.000000	0.000000	0.000000	0.000000	0.000000	0.000000	0.000000	0.000000	0.000000	0.000000	1733433184.094252	0.000000
84.000000	87953.846211	18782.796715	187500.000000	187500.000000	86610.707535	102723.834243	112836.657505	133777.850423	-0.080000	0.774000	0.580000	192.000000	0.000000	0.000000	0.000000	0.000000	0.000000	0.000000	0.000000	0.000000	0.000000	1733433184.097236	0.000000
85.000000	87953.846211	18786.618863	187500.000000	187500.000000	86609.411133	102713.194813	112827.001551	133773.201260	-0.080000	0.774000	0.580000	192.000000	0.000000	0.000000	0.000000	0.000000	0.000000	0.000000	0.000000	0.000000	0.000000	1733433184.101397	0.000000
86.000000	87958.607132	18789.256369	187500.000000	187500.000000	86616.586043	102716.413464	112840.636115	133798.168158	-0.080000	0.774000	0.580000	192.000000	0.000000	0.000000	0.000000	0.000000	0.000000	0.000000	0.000000	0.000000	0.000000	1733433184.105549	0.000000
87.000000	87958.316560	18780.673299	187500.000000	187500.000000	86619.335308	102719.699171	112840.390246	133776.844594	-0.080000	0.774000	0.580000	192.000000	0.000000	0.000000	0.000000	0.000000	0.000000	0.000000	0.000000	0.000000	0.000000	1733433184.109436	0.000000
88.000000	87959.747071	18782.617901	187500.000000	187500.000000	86614.797904	102718.000438	112838.043313	133763.657065	-0.080000	0.774000	0.580000	192.000000	0.000000	0.000000	0.000000	0.000000	0.000000	0.000000	0.000000	0.000000	0.000000	1733433184.113539	0.000000
89.000000	87958.361263	18781.992052	187500.000000	187500.000000	86607.757104	102710.914935	112835.875194	133753.911704	-0.082000	0.772000	0.578000	192.000000	253.000000	112.000000	24.000000	32.000000	18.000000	16.000000	0.000000	0.000000	0.000000	1733433184.117397	0.000000
90.000000	87956.237847	18780.472133	187500.000000	187500.000000	86600.336325	102705.528165	112826.979199	133766.093405	-0.082000	0.772000	0.578000	192.000000	0.000000	0.000000	0.000000	0.000000	0.000000	0.000000	0.000000	0.000000	0.000000	1733433184.122306	0.000000
91.000000	87960.685845	18793.860828	187500.000000	187500.000000	86610.573424	102711.697246	112829.214374	133762.137146	-0.082000	0.772000	0.578000	192.000000	0.000000	0.000000	0.000000	0.000000	0.000000	0.000000	0.000000	0.000000	0.000000	1733433184.125426	0.000000
92.000000	87960.439975	18809.529401	187500.000000	187500.000000	86609.455837	102722.873118	112832.813005	133776.285800	-0.082000	0.772000	0.578000	192.000000	0.000000	0.000000	0.000000	0.000000	0.000000	0.000000	0.000000	0.000000	0.000000	1733433184.128336	0.000000
93.000000	87966.430243	18803.561485	187500.000000	187500.000000	86607.220663	102718.000438	112827.158013	133805.499530	-0.082000	0.772000	0.578000	192.000000	0.000000	0.000000	0.000000	0.000000	0.000000	0.000000	0.000000	0.000000	0.000000	1733433184.133271	0.000000
94.000000	87973.292228	18795.872485	187500.000000	187500.000000	86616.563692	102710.199679	112826.152185	133775.414082	-0.082000	0.772000	0.578000	192.000000	0.000000	0.000000	0.000000	0.000000	0.000000	0.000000	0.000000	0.000000	0.000000	1733433184.137330	0.000000
95.000000	87975.192127	18797.615921	187500.000000	187500.000000	86623.380974	102731.389133	112856.997592	133759.030254	-0.082000	0.772000	0.578000	192.000000	0.000000	0.000000	0.000000	0.000000	0.000000	0.000000	0.000000	0.000000	0.000000	1733433184.141329	0.000000
96.000000	87966.944333	18786.261235	187500.000000	187500.000000	86613.523854	102733.177272	112852.706057	133755.208105	-0.082000	0.772000	0.578000	192.000000	0.000000	0.000000	0.000000	0.000000	0.000000	0.000000	0.000000	0.000000	0.000000	1733433184.145686	0.000000
97.000000	87965.200897	18781.679127	187500.000000	187500.000000	86605.767799	102745.135456	112842.960697	133752.414137	-0.082000	0.772000	0.578000	192.000000	0.000000	0.000000	0.000000	0.000000	0.000000	0.000000	0.000000	0.000000	0.000000	1733433184.149522	0.000000
98.000000	87967.860754	18791.357433	187500.000000	187500.000000	86601.029229	102729.153958	112834.645848	133758.270294	-0.082000	0.772000	0.578000	192.000000	0.000000	0.000000	0.000000	0.000000	0.000000	0.000000	0.000000	0.000000	0.000000	1733433184.153639	0.000000
99.000000	87956.640179	18790.128087	187500.000000	187500.000000	86587.975811	102710.914935	112825.369874	133753.308207	-0.072000	0.768000	0.580000	192.000000	253.000000	192.000000	24.000000	0.000000	18.000000	32.000000	0.000000	0.000000	0.000000	1733433184.158151	0.000000
100.000000	87955.321426	18798.532343	187500.000000	187500.000000	86587.707590	102697.481537	112823.179403	133751.073033	-0.072000	0.768000	0.580000	192.000000	0.000000	0.000000	0.000000	0.000000	0.000000	0.000000	0.000000	0.000000	0.000000	1733433184.161634	0.000000
101.000000	87950.605208	18785.948311	187500.000000	187500.000000	86587.506424	102702.667141	112815.646865	133749.463707	-0.072000	0.768000	0.580000	192.000000	0.000000	0.000000	0.000000	0.000000	0.000000	0.000000	0.000000	0.000000	0.000000	1733433184.165458	0.000000
102.000000	87949.398214	18774.794790	187500.000000	187500.000000	86582.924316	102698.397958	112807.957865	133755.386919	-0.072000	0.768000	0.580000	192.000000	0.000000	0.000000	0.000000	0.000000	0.000000	0.000000	0.000000	0.000000	0.000000	1733433184.169522	0.000000
103.000000	87956.796641	18784.651909	187500.000000	187500.000000	86587.506424	102699.046159	112814.015188	133776.375207	-0.072000	0.768000	0.580000	192.000000	0.000000	0.000000	0.000000	0.000000	0.000000	0.000000	0.000000	0.000000	0.000000	1733433184.173440	0.000000
104.000000	87945.106679	18773.207816	187500.000000	187500.000000	86578.632781	102694.553458	112815.244533	133791.686152	-0.072000	0.768000	0.580000	192.000000	0.000000	0.000000	0.000000	0.000000	0.000000	0.000000	0.000000	0.000000	0.000000	1733433184.176442	0.000000
105.000000	87945.129030	18780.650947	187500.000000	187500.000000	86569.602677	102681.544743	112807.041443	133754.805774	-0.072000	0.768000	0.580000	192.000000	0.000000	0.000000	0.000000	0.000000	0.000000	0.000000	0.000000	0.000000	0.000000	1733433184.180422	0.000000
106.000000	87946.470135	18781.522665	187500.000000	187500.000000	86562.628932	102680.829487	112801.833487	133732.789306	-0.072000	0.768000	0.580000	192.000000	0.000000	0.000000	0.000000	0.000000	0.000000	0.000000	0.000000	0.000000	0.000000	1733433184.184577	0.000000
107.000000	87947.095984	18774.861845	187500.000000	187500.000000	86566.741653	102696.743929	112806.035615	133729.905931	-0.072000	0.768000	0.580000	192.000000	0.000000	0.000000	0.000000	0.000000	0.000000	0.000000	0.000000	0.000000	0.000000	1733433184.189598	0.000000
108.000000	87950.605208	18780.986223	187500.000000	187500.000000	86568.954476	102711.026694	112807.041443	133725.368527	-0.072000	0.768000	0.580000	192.000000	0.000000	0.000000	0.000000	0.000000	0.000000	0.000000	0.000000	0.000000	0.000000	1733433184.193647	0.000000
109.000000	87956.751937	18786.037718	187500.000000	187500.000000	86569.781491	102712.703075	112817.680874	133736.209123	-0.074000	0.768000	0.576000	192.000000	253.000000	176.000000	24.000000	0.000000	18.000000	0.000000	0.000000	0.000000	0.000000	1733433184.197708	0.000000
110.000000	87958.383615	18786.887084	187500.000000	187500.000000	86567.054578	102718.179252	112814.037539	133729.972986	-0.074000	0.768000	0.576000	192.000000	0.000000	0.000000	0.000000	0.000000	0.000000	0.000000	0.000000	0.000000	0.000000	1733433184.201599	0.000000
111.000000	87960.887010	18789.412831	187500.000000	187500.000000	86571.882555	102727.499929	112822.374740	133746.781498	-0.074000	0.768000	0.576000	192.000000	0.000000	0.000000	0.000000	0.000000	0.000000	0.000000	0.000000	0.000000	0.000000	1733433184.205603	0.000000
112.000000	87958.428318	18789.837514	187500.000000	187500.000000	86574.073025	102717.016961	112821.525374	133752.347082	-0.074000	0.768000	0.576000	192.000000	0.000000	0.000000	0.000000	0.000000	0.000000	0.000000	0.000000	0.000000	0.000000	1733433184.208458	0.000000
113.000000	87947.766536	18770.793828	187500.000000	187500.000000	86567.367502	102702.354217	112815.132775	133761.801870	-0.074000	0.768000	0.576000	192.000000	0.000000	0.000000	0.000000	0.000000	0.000000	0.000000	0.000000	0.000000	0.000000	1733433184.212401	0.000000
114.000000	87941.955083	18760.690839	187500.000000	187500.000000	86556.593961	102705.394054	112818.105557	133755.208105	-0.074000	0.768000	0.576000	192.000000	0.000000	0.000000	0.000000	0.000000	0.000000	0.000000	0.000000	0.000000	0.000000	1733433184.217782	0.000000
115.000000	87945.553714	18774.817142	187500.000000	187500.000000	86554.157621	102720.280316	112818.619647	133749.553114	-0.074000	0.768000	0.576000	192.000000	0.000000	0.000000	0.000000	0.000000	0.000000	0.000000	0.000000	0.000000	0.000000	1733433184.221445	0.000000
116.000000	87945.039623	18775.688860	187500.000000	187500.000000	86552.570647	102719.565060	112812.025882	133787.729894	-0.074000	0.768000	0.576000	192.000000	0.000000	0.000000	0.000000	0.000000	0.000000	0.000000	0.000000	0.000000	0.000000	1733433184.225447	0.000000
117.000000	87952.236885	18769.899758	187500.000000	187500.000000	86561.511345	102702.711845	112820.921877	133761.801870	-0.074000	0.768000	0.576000	192.000000	0.000000	0.000000	0.000000	0.000000	0.000000	0.000000	0.000000	0.000000	0.000000	1733433184.229668	0.000000
118.000000	87955.522592	18770.547959	187500.000000	187500.000000	86564.864107	102699.604952	112823.268810	133740.165381	-0.074000	0.768000	0.576000	192.000000	0.000000	0.000000	0.000000	0.000000	0.000000	0.000000	0.000000	0.000000	0.000000	1733433184.232641	0.000000
119.000000	87952.639216	18775.264177	187500.000000	187500.000000	86562.785395	102694.844031	112812.763490	133758.717329	-0.074000	0.770000	0.578000	192.000000	253.000000	176.000000	24.000000	16.000000	18.000000	16.000000	0.000000	0.000000	0.000000	1733433184.236589	0.000000
120.000000	87954.047376	18777.365241	187500.000000	187500.000000	86569.088586	102700.364912	112820.541897	133758.627922	-0.074000	0.770000	0.578000	192.000000	0.000000	0.000000	0.000000	0.000000	0.000000	0.000000	0.000000	0.000000	0.000000	1733433184.240693	0.000000
121.000000	87961.624618	18786.998843	187500.000000	187500.000000	86575.771758	102706.779862	112834.601144	133767.590972	-0.074000	0.770000	0.578000	192.000000	0.000000	0.000000	0.000000	0.000000	0.000000	0.000000	0.000000	0.000000	0.000000	1733433184.245537	0.000000
122.000000	87964.642103	18787.267064	187500.000000	187500.000000	86573.760101	102712.703075	112833.148281	133762.897106	-0.074000	0.770000	0.578000	192.000000	0.000000	0.000000	0.000000	0.000000	0.000000	0.000000	0.000000	0.000000	0.000000	1733433184.249448	0.000000
123.000000	87958.651836	18781.388555	187500.000000	187500.000000	86571.077892	102704.857612	112834.310571	133768.328579	-0.074000	0.770000	0.578000	192.000000	0.000000	0.000000	0.000000	0.000000	0.000000	0.000000	0.000000	0.000000	0.000000	1733433184.253453	0.000000
124.000000	87952.706272	18777.387592	187500.000000	187500.000000	86565.422900	102704.567040	112828.901449	133773.290667	-0.074000	0.770000	0.578000	192.000000	0.000000	0.000000	0.000000	0.000000	0.000000	0.000000	0.000000	0.000000	0.000000	1733433184.257506	0.000000
125.000000	87945.598417	18777.164075	187500.000000	187500.000000	86559.499688	102696.498060	112815.602161	133748.212009	-0.074000	0.770000	0.578000	192.000000	0.000000	0.000000	0.000000	0.000000	0.000000	0.000000	0.000000	0.000000	0.000000	1733433184.260479	0.000000
126.000000	87952.661568	18780.315671	187500.000000	187500.000000	86564.931162	102699.582601	112824.364045	133752.861172	-0.074000	0.770000	0.578000	192.000000	0.000000	0.000000	0.000000	0.000000	0.000000	0.000000	0.000000	0.000000	0.000000	1733433184.264502	0.000000
127.000000	87962.518688	18780.695651	187500.000000	187500.000000	86574.453005	102717.151072	112840.613763	133754.582257	-0.074000	0.770000	0.578000	192.000000	0.000000	0.000000	0.000000	0.000000	0.000000	0.000000	0.000000	0.000000	0.000000	1733433184.268706	0.000000
128.000000	87952.125126	18768.536302	187500.000000	187500.000000	86569.379159	102704.052949	112829.594353	133751.676530	-0.074000	0.770000	0.578000	192.000000	0.000000	0.000000	0.000000	0.000000	0.000000	0.000000	0.000000	0.000000	0.000000	1733433184.272693	0.000000
129.000000	87950.515801	18765.585871	187500.000000	187500.000000	86566.965171	102706.444586	112834.958772	133776.889298	-0.078000	0.770000	0.580000	192.000000	253.000000	144.000000	24.000000	16.000000	18.000000	32.000000	0.000000	0.000000	0.000000	1733433184.277749	0.000000
130.000000	87945.531362	18764.311822	187500.000000	187500.000000	86555.141098	102688.853763	112829.236725	133754.738719	-0.078000	0.770000	0.580000	192.000000	0.000000	0.000000	0.000000	0.000000	0.000000	0.000000	0.000000	0.000000	0.000000	1733433184.281686	0.000000
131.000000	87943.586760	18761.406095	187500.000000	187500.000000	86553.531772	102696.408653	112819.066682	133738.556056	-0.078000	0.770000	0.580000	192.000000	0.000000	0.000000	0.000000	0.000000	0.000000	0.000000	0.000000	0.000000	0.000000	1733433184.284499	0.000000
132.000000	87941.262179	18761.786075	187500.000000	187500.000000	86551.229543	102686.059795	112812.450565	133750.022501	-0.078000	0.770000	0.580000	192.000000	0.000000	0.000000	0.000000	0.000000	0.000000	0.000000	0.000000	0.000000	0.000000	1733433184.288522	0.000000
133.000000	87942.491525	18757.092209	187500.000000	187500.000000	86543.406432	102688.049100	112821.145394	133765.132280	-0.078000	0.770000	0.580000	192.000000	0.000000	0.000000	0.000000	0.000000	0.000000	0.000000	0.000000	0.000000	0.000000	1733433184.292493	0.000000
134.000000	87934.444897	18747.436255	187500.000000	187500.000000	86529.257778	102679.980121	112808.047272	133746.781498	-0.078000	0.770000	0.580000	192.000000	0.000000	0.000000	0.000000	0.000000	0.000000	0.000000	0.000000	0.000000	0.000000	1733433184.296507	0.000000
135.000000	87941.776269	18761.562557	187500.000000	187500.000000	86538.131420	102696.051025	112809.097804	133741.059451	-0.078000	0.770000	0.580000	192.000000	0.000000	0.000000	0.000000	0.000000	0.000000	0.000000	0.000000	0.000000	0.000000	1733433184.300516	0.000000
136.000000	87944.234961	18770.145627	187500.000000	187500.000000	86536.924426	102690.351330	112809.388376	133750.201315	-0.078000	0.770000	0.580000	192.000000	0.000000	0.000000	0.000000	0.000000	0.000000	0.000000	0.000000	0.000000	0.000000	1733433184.305619	0.000000
137.000000	87945.441955	18771.933767	187500.000000	187500.000000	86538.042013	102694.128775	112815.155126	133755.185754	-0.078000	0.770000	0.580000	192.000000	0.000000	0.000000	0.000000	0.000000	0.000000	0.000000	0.000000	0.000000	0.000000	1733433184.309776	0.000000
138.000000	87944.346719	18760.221453	187500.000000	187500.000000	86539.159601	102694.821679	112820.921877	133751.497716	-0.078000	0.770000	0.580000	192.000000	0.000000	0.000000	0.000000	0.000000	0.000000	0.000000	0.000000	0.000000	0.000000	1733433184.312838	0.000000
139.000000	87936.501257	18754.253537	187500.000000	187500.000000	86532.454077	102675.956807	112817.233839	133749.843687	-0.080000	0.770000	0.574000	192.000000	253.000000	128.000000	24.000000	16.000000	17.000000	240.000000	0.000000	0.000000	0.000000	1733433184.316558	0.000000
140.000000	87938.401155	18754.812331	187500.000000	187500.000000	86537.997310	102680.315397	112813.545801	133764.618190	-0.080000	0.770000	0.574000	192.000000	0.000000	0.000000	0.000000	0.000000	0.000000	0.000000	0.000000	0.000000	0.000000	1733433184.320647	0.000000
141.000000	87949.599379	18763.283642	187500.000000	187500.000000	86545.239275	102691.223048	112817.345597	133744.278102	-0.080000	0.770000	0.574000	192.000000	0.000000	0.000000	0.000000	0.000000	0.000000	0.000000	0.000000	0.000000	0.000000	1733433184.324555	0.000000
142.000000	87939.138763	18749.514967	187500.000000	187500.000000	86535.963301	102693.055891	112813.076414	133742.847591	-0.080000	0.770000	0.574000	192.000000	0.000000	0.000000	0.000000	0.000000	0.000000	0.000000	0.000000	0.000000	0.000000	1733433184.328538	0.000000
143.000000	87939.786963	18749.626726	187500.000000	187500.000000	86523.558083	102672.268769	112815.445699	133752.347082	-0.080000	0.770000	0.574000	192.000000	0.000000	0.000000	0.000000	0.000000	0.000000	0.000000	0.000000	0.000000	0.000000	1733433184.333644	0.000000
144.000000	87950.716966	18770.927938	187500.000000	187500.000000	86524.094525	102685.322188	112820.340731	133746.781498	-0.080000	0.770000	0.574000	192.000000	0.000000	0.000000	0.000000	0.000000	0.000000	0.000000	0.000000	0.000000	0.000000	1733433184.337719	0.000000
145.000000	87941.955083	18765.585871	187500.000000	187500.000000	86516.427877	102684.673987	112808.963693	133727.804867	-0.080000	0.770000	0.574000	192.000000	0.000000	0.000000	0.000000	0.000000	0.000000	0.000000	0.000000	0.000000	0.000000	1733433184.340759	0.000000
146.000000	87938.535266	18754.633517	187500.000000	187500.000000	86506.973089	102691.491269	112809.433080	133730.129448	-0.080000	0.770000	0.574000	192.000000	0.000000	0.000000	0.000000	0.000000	0.000000	0.000000	0.000000	0.000000	0.000000	1733433184.344787	0.000000
147.000000	87936.255388	18760.221453	187500.000000	187500.000000	86506.526054	102703.896487	112810.729481	133738.332538	-0.080000	0.770000	0.574000	192.000000	0.000000	0.000000	0.000000	0.000000	0.000000	0.000000	0.000000	0.000000	0.000000	1733433184.348778	0.000000
148.000000	87940.993958	18776.649985	187500.000000	187500.000000	86503.106237	102690.373682	112815.870382	133745.641559	-0.080000	0.770000	0.574000	192.000000	0.000000	0.000000	0.000000	0.000000	0.000000	0.000000	0.000000	0.000000	0.000000	1733433184.352611	0.000000
149.000000	87937.417679	18764.758857	187500.000000	187500.000000	86498.881757	102677.163801	112820.273676	133742.109983	-0.080000	0.770000	0.574000	192.000000	0.000000	0.000000	0.000000	0.000000	0.000000	0.000000	0.000000	0.000000	0.000000	1733433184.356588	0.000000
150.000000	87939.384632	18762.233110	187500.000000	187500.000000	86500.446379	102681.768260	112827.090958	133748.547286	-0.074000	0.772000	0.572000	192.000000	253.000000	176.000000	24.000000	32.000000	17.000000	224.000000	0.000000	0.000000	0.000000	1733433184.360616	0.000000
151.000000	87933.930806	18753.158301	187500.000000	187500.000000	86493.517338	102681.432984	112822.531202	133759.678454	-0.074000	0.772000	0.572000	192.000000	0.000000	0.000000	0.000000	0.000000	0.000000	0.000000	0.000000	0.000000	0.000000	1733433184.365633	0.000000
152.000000	87934.422545	18747.100979	187500.000000	187500.000000	86481.603859	102682.416461	112818.507888	133765.489908	-0.074000	0.772000	0.572000	192.000000	0.000000	0.000000	0.000000	0.000000	0.000000	0.000000	0.000000	0.000000	0.000000	1733433184.368845	0.000000
153.000000	87936.814181	18750.230223	187500.000000	187500.000000	86478.809891	102690.865420	112832.030694	133747.720271	-0.074000	0.772000	0.572000	192.000000	0.000000	0.000000	0.000000	0.000000	0.000000	0.000000	0.000000	0.000000	0.000000	1733433184.372776	0.000000
154.000000	87932.500295	18750.632554	187500.000000	187500.000000	86476.150033	102675.018033	112823.961714	133737.863152	-0.074000	0.772000	0.572000	192.000000	0.000000	0.000000	0.000000	0.000000	0.000000	0.000000	0.000000	0.000000	0.000000	1733433184.376803	0.000000
155.000000	87927.873484	18753.627688	187500.000000	187500.000000	86467.522260	102660.109420	112809.321321	133734.488038	-0.074000	0.772000	0.572000	192.000000	0.000000	0.000000	0.000000	0.000000	0.000000	0.000000	0.000000	0.000000	0.000000	1733433184.380922	0.000000
156.000000	87934.266083	18764.937671	187500.000000	187500.000000	86467.075225	102664.244493	112813.523449	133743.406384	-0.074000	0.772000	0.572000	192.000000	0.000000	0.000000	0.000000	0.000000	0.000000	0.000000	0.000000	0.000000	0.000000	1733433184.384881	0.000000
157.000000	87932.276777	18751.236051	187500.000000	187500.000000	86462.582524	102674.839219	112822.575906	133768.976780	-0.074000	0.772000	0.572000	192.000000	0.000000	0.000000	0.000000	0.000000	0.000000	0.000000	0.000000	0.000000	0.000000	1733433184.389668	0.000000
158.000000	87928.365222	18733.175842	187500.000000	187500.000000	86459.296818	102687.333845	112822.978237	133757.443280	-0.074000	0.772000	0.572000	192.000000	0.000000	0.000000	0.000000	0.000000	0.000000	0.000000	0.000000	0.000000	0.000000	1733433184.393667	0.000000
159.000000	87932.656757	18746.095150	187500.000000	187500.000000	86464.147146	102702.890659	112822.799423	133742.177038	-0.074000	0.772000	0.572000	192.000000	0.000000	0.000000	0.000000	0.000000	0.000000	0.000000	0.000000	0.000000	0.000000	1733433184.396669	0.000000
160.000000	87923.827818	18737.735598	187500.000000	187500.000000	86456.726367	102685.813926	112810.416557	133719.847646	-0.076000	0.774000	0.572000	192.000000	253.000000	160.000000	24.000000	48.000000	17.000000	224.000000	0.000000	0.000000	0.000000	1733433184.400709	0.000000
161.000000	87924.386612	18742.317705	187500.000000	187500.000000	86458.670969	102684.338711	112814.462222	133723.826256	-0.076000	0.774000	0.572000	192.000000	0.000000	0.000000	0.000000	0.000000	0.000000	0.000000	0.000000	0.000000	0.000000	1733433184.404887	0.000000
162.000000	87932.500295	18749.291450	187500.000000	187500.000000	86465.130623	102693.614685	112824.207583	133737.214951	-0.076000	0.774000	0.572000	192.000000	0.000000	0.000000	0.000000	0.000000	0.000000	0.000000	0.000000	0.000000	0.000000	1733433184.408884	0.000000
163.000000	87927.269987	18741.289525	187500.000000	187500.000000	86457.240457	102694.553458	112817.569115	133733.482210	-0.076000	0.774000	0.572000	192.000000	0.000000	0.000000	0.000000	0.000000	0.000000	0.000000	0.000000	0.000000	0.000000	1733433184.412832	0.000000
164.000000	87923.090210	18739.993124	187500.000000	187500.000000	86454.513544	102703.158880	112809.298969	133723.513332	-0.076000	0.774000	0.572000	192.000000	0.000000	0.000000	0.000000	0.000000	0.000000	0.000000	0.000000	0.000000	0.000000	1733433184.417987	0.000000
165.000000	87921.838513	18748.039752	187500.000000	187500.000000	86451.138431	102712.054874	112803.196943	133725.837913	-0.076000	0.774000	0.572000	192.000000	0.000000	0.000000	0.000000	0.000000	0.000000	0.000000	0.000000	0.000000	0.000000	1733433184.420859	0.000000
166.000000	87924.408963	18750.587851	187500.000000	187500.000000	86449.417347	102700.364912	112812.629379	133753.799946	-0.076000	0.774000	0.572000	192.000000	0.000000	0.000000	0.000000	0.000000	0.000000	0.000000	0.000000	0.000000	0.000000	1733433184.423714	0.000000
167.000000	87922.352603	18722.961095	187500.000000	187500.000000	86443.516486	102684.383414	112813.612856	133761.935981	-0.076000	0.774000	0.572000	192.000000	0.000000	0.000000	0.000000	0.000000	0.000000	0.000000	0.000000	0.000000	0.000000	1733433184.428693	0.000000
168.000000	87933.975510	18727.274981	187500.000000	187500.000000	86457.240457	102684.696339	112823.313513	133751.073033	-0.076000	0.774000	0.572000	192.000000	0.000000	0.000000	0.000000	0.000000	0.000000	0.000000	0.000000	0.000000	0.000000	1733433184.432735	0.000000
169.000000	87932.053260	18735.902755	187500.000000	187500.000000	86454.714710	102685.121022	112819.714882	133754.694015	-0.076000	0.774000	0.572000	192.000000	0.000000	0.000000	0.000000	0.000000	0.000000	0.000000	0.000000	0.000000	0.000000	1733433184.436748	0.000000
170.000000	87937.752955	18735.522775	187500.000000	187500.000000	86451.272541	102688.540839	112817.435004	133760.170193	-0.082000	0.766000	0.568000	192.000000	253.000000	112.000000	23.000000	240.000000	17.000000	192.000000	0.000000	0.000000	0.000000	1733433184.440813	0.000000
171.000000	87940.457516	18730.225412	187500.000000	187500.000000	86459.140355	102696.431005	112813.970484	133731.805829	-0.082000	0.766000	0.568000	192.000000	0.000000	0.000000	0.000000	0.000000	0.000000	0.000000	0.000000	0.000000	0.000000	1733433184.445870	0.000000
172.000000	87927.985242	18718.781319	187500.000000	187500.000000	86458.827431	102703.762377	112805.052138	133714.930262	-0.082000	0.766000	0.568000	192.000000	0.000000	0.000000	0.000000	0.000000	0.000000	0.000000	0.000000	0.000000	0.000000	1733433184.448925	0.000000
173.000000	87928.700498	18721.619990	187500.000000	187500.000000	86460.615571	102700.208449	112805.767394	133723.111000	-0.082000	0.766000	0.568000	192.000000	0.000000	0.000000	0.000000	0.000000	0.000000	0.000000	0.000000	0.000000	0.000000	1733433184.451924	0.000000
174.000000	87924.297205	18730.136005	187500.000000	187500.000000	86456.681664	102684.048138	112803.442812	133718.797114	-0.082000	0.766000	0.568000	192.000000	0.000000	0.000000	0.000000	0.000000	0.000000	0.000000	0.000000	0.000000	0.000000	1733433184.456764	0.000000
175.000000	87915.870597	18724.458662	187500.000000	187500.000000	86443.002396	102672.425231	112792.333995	133720.585253	-0.082000	0.766000	0.568000	192.000000	0.000000	0.000000	0.000000	0.000000	0.000000	0.000000	0.000000	0.000000	0.000000	1733433184.460770	0.000000
176.000000	87912.271966	18707.314874	187500.000000	187500.000000	86435.961596	102666.479667	112783.460353	133719.646480	-0.082000	0.766000	0.568000	192.000000	0.000000	0.000000	0.000000	0.000000	0.000000	0.000000	0.000000	0.000000	0.000000	1733433184.464782	0.000000
177.000000	87908.829797	18693.434440	187500.000000	187500.000000	86436.341576	102668.223103	112782.588635	133711.666907	-0.082000	0.766000	0.568000	192.000000	0.000000	0.000000	0.000000	0.000000	0.000000	0.000000	0.000000	0.000000	0.000000	1733433184.468975	0.000000
178.000000	87897.497463	18686.058365	187500.000000	187500.000000	86433.905236	102670.927664	112780.934606	133715.198483	-0.082000	0.766000	0.568000	192.000000	0.000000	0.000000	0.000000	0.000000	0.000000	0.000000	0.000000	0.000000	0.000000	1733433184.472830	0.000000
179.000000	87902.548957	18701.034033	187500.000000	187500.000000	86432.318262	102672.425231	112781.001661	133742.512315	-0.082000	0.766000	0.568000	192.000000	0.000000	0.000000	0.000000	0.000000	0.000000	0.000000	0.000000	0.000000	0.000000	1733433184.477058	0.000000
180.000000	87904.247690	18691.154562	187500.000000	187500.000000	86436.274521	102659.774144	112774.139675	133739.561884	-0.074000	0.772000	0.572000	192.000000	253.000000	176.000000	24.000000	32.000000	17.000000	224.000000	0.000000	0.000000	0.000000	1733433184.480124	0.000000
181.000000	87899.553823	18687.734745	187500.000000	187500.000000	86444.321149	102683.377586	112791.261112	133724.496809	-0.074000	0.772000	0.572000	192.000000	0.000000	0.000000	0.000000	0.000000	0.000000	0.000000	0.000000	0.000000	0.000000	1733433184.483952	0.000000
182.000000	87905.074704	18686.684213	187500.000000	187500.000000	86452.010149	102692.988836	112797.921931	133715.064372	-0.074000	0.772000	0.572000	192.000000	0.000000	0.000000	0.000000	0.000000	0.000000	0.000000	0.000000	0.000000	0.000000	1733433184.488840	0.000000
183.000000	87888.243841	18671.663841	187500.000000	187500.000000	86425.098649	102651.861626	112765.109571	133687.638782	-0.074000	0.772000	0.572000	192.000000	0.000000	0.000000	0.000000	0.000000	0.000000	0.000000	0.000000	0.000000	0.000000	1733433184.492808	0.000000
184.000000	87887.819158	18677.251777	187500.000000	187500.000000	86428.563169	102659.081240	112764.014335	133709.856416	-0.074000	0.772000	0.572000	192.000000	0.000000	0.000000	0.000000	0.000000	0.000000	0.000000	0.000000	0.000000	0.000000	1733433184.496769	0.000000
185.000000	87904.560614	18686.684213	187500.000000	187500.000000	86437.414460	102665.205618	112783.192132	133732.364623	-0.074000	0.772000	0.572000	192.000000	0.000000	0.000000	0.000000	0.000000	0.000000	0.000000	0.000000	0.000000	0.000000	1733433184.500879	0.000000
186.000000	87899.777341	18677.184722	187500.000000	187500.000000	86455.631132	102675.152144	112793.250417	133724.541512	-0.074000	0.772000	0.572000	192.000000	0.000000	0.000000	0.000000	0.000000	0.000000	0.000000	0.000000	0.000000	0.000000	1733433184.504791	0.000000
187.000000	87890.300201	18676.469466	187500.000000	187500.000000	86441.437774	102657.695431	112773.357364	133725.994375	-0.074000	0.772000	0.572000	192.000000	0.000000	0.000000	0.000000	0.000000	0.000000	0.000000	0.000000	0.000000	0.000000	1733433184.507962	0.000000
188.000000	87895.061123	18694.932007	187500.000000	187500.000000	86464.460071	102687.244438	112801.766432	133755.521030	-0.074000	0.772000	0.572000	192.000000	0.000000	0.000000	0.000000	0.000000	0.000000	0.000000	0.000000	0.000000	0.000000	1733433184.511891	0.000000
189.000000	87910.863806	18698.441231	187500.000000	187500.000000	86480.419216	102706.802214	112820.988932	133754.895181	-0.074000	0.772000	0.572000	192.000000	0.000000	0.000000	0.000000	0.000000	0.000000	0.000000	0.000000	0.000000	0.000000	1733433184.517173	0.000000
190.000000	87901.744294	18684.784315	187500.000000	187500.000000	86462.783690	102695.603990	112812.852897	133751.475364	-0.074000	0.766000	0.564000	192.000000	253.000000	176.000000	23.000000	240.000000	17.000000	160.000000	0.000000	0.000000	0.000000	1733433184.520854	0.000000
191.000000	87897.519815	18678.324661	187500.000000	187500.000000	86470.673856	102705.103481	112818.194964	133754.649312	-0.074000	0.766000	0.564000	192.000000	0.000000	0.000000	0.000000	0.000000	0.000000	0.000000	0.000000	0.000000	0.000000	1733433184.524847	0.000000
192.000000	87885.963963	18661.382039	187500.000000	187500.000000	86463.990684	102705.125833	112817.882039	133749.150783	-0.074000	0.766000	0.564000	192.000000	0.000000	0.000000	0.000000	0.000000	0.000000	0.000000	0.000000	0.000000	0.000000	1733433184.528866	0.000000
193.000000	87896.871614	18676.402411	187500.000000	187500.000000	86475.792405	102713.038351	112832.589487	133741.305320	-0.074000	0.766000	0.564000	192.000000	0.000000	0.000000	0.000000	0.000000	0.000000	0.000000	0.000000	0.000000	0.000000	1733433184.531848	0.000000
194.000000	87901.565480	18684.136115	187500.000000	187500.000000	86483.861385	102705.326999	112834.355275	133742.691129	-0.074000	0.766000	0.564000	192.000000	0.000000	0.000000	0.000000	0.000000	0.000000	0.000000	0.000000	0.000000	0.000000	1733433184.535868	0.000000
195.000000	87912.182559	18693.479144	187500.000000	187500.000000	86487.325905	102721.308496	112839.831452	133755.588085	-0.074000	0.766000	0.564000	192.000000	0.000000	0.000000	0.000000	0.000000	0.000000	0.000000	0.000000	0.000000	0.000000	1733433184.540882	0.000000
196.000000	87908.405114	18688.740574	187500.000000	187500.000000	86479.033408	102727.343467	112835.562269	133767.345103	-0.074000	0.766000	0.564000	192.000000	0.000000	0.000000	0.000000	0.000000	0.000000	0.000000	0.000000	0.000000	0.000000	1733433184.543871	0.000000
197.000000	87899.844396	18683.398507	187500.000000	187500.000000	86459.028597	102687.467955	112816.876211	133746.200352	-0.074000	0.766000	0.564000	192.000000	0.000000	0.000000	0.000000	0.000000	0.000000	0.000000	0.000000	0.000000	0.000000	1733433184.547970	0.000000
198.000000	87903.554786	18690.729879	187500.000000	187500.000000	86465.488251	102699.426138	112818.485536	133767.747434	-0.074000	0.766000	0.564000	192.000000	0.000000	0.000000	0.000000	0.000000	0.000000	0.000000	0.000000	0.000000	0.000000	1733433184.552082	0.000000
199.000000	87895.083475	18686.639510	187500.000000	187500.000000	86475.390074	102720.481482	112835.942249	133807.645298	-0.074000	0.766000	0.564000	192.000000	0.000000	0.000000	0.000000	0.000000	0.000000	0.000000	0.000000	0.000000	0.000000	1733433184.557096	0.000000
200.000000	87891.976582	18689.589940	187500.000000	187500.000000	86482.721446	102711.987819	112837.037484	133790.412103	-0.076000	0.772000	0.574000	192.000000	253.000000	160.000000	24.000000	32.000000	17.000000	240.000000	0.000000	0.000000	0.000000	1733433184.561173	0.000000
201.000000	87894.412922	18701.101089	187500.000000	187500.000000	86478.653428	102705.595220	112829.817871	133808.695830	-0.076000	0.772000	0.574000	192.000000	0.000000	0.000000	0.000000	0.000000	0.000000	0.000000	0.000000	0.000000	0.000000	1733433184.564887	0.000000
202.000000	87897.586870	18697.770679	187500.000000	187500.000000	86482.676742	102708.255077	112807.644940	133736.834972	-0.076000	0.772000	0.574000	192.000000	0.000000	0.000000	0.000000	0.000000	0.000000	0.000000	0.000000	0.000000	0.000000	1733433184.569201	0.000000
203.000000	87892.602431	18688.673519	187500.000000	187500.000000	86499.641716	102722.113159	112817.569115	133728.654233	-0.076000	0.772000	0.574000	192.000000	0.000000	0.000000	0.000000	0.000000	0.000000	0.000000	0.000000	0.000000	0.000000	1733433184.571936	0.000000
204.000000	87900.246727	18709.505345	187500.000000	187500.000000	86519.333603	102742.386191	112847.766322	133749.150783	-0.076000	0.772000	0.574000	192.000000	0.000000	0.000000	0.000000	0.000000	0.000000	0.000000	0.000000	0.000000	0.000000	1733433184.575889	0.000000
205.000000	87899.732637	18705.303217	187500.000000	187500.000000	86518.953624	102741.983860	112853.421313	133758.136184	-0.076000	0.772000	0.574000	192.000000	0.000000	0.000000	0.000000	0.000000	0.000000	0.000000	0.000000	0.000000	0.000000	1733433184.579976	0.000000
206.000000	87898.637402	18703.157449	187500.000000	187500.000000	86506.950737	102721.889642	112836.657505	133763.522954	-0.076000	0.772000	0.574000	192.000000	0.000000	0.000000	0.000000	0.000000	0.000000	0.000000	0.000000	0.000000	0.000000	1733433184.583998	0.000000
207.000000	87893.183576	18689.858161	187500.000000	187500.000000	86502.569795	102712.546612	112835.562269	133753.419966	-0.076000	0.772000	0.574000	192.000000	0.000000	0.000000	0.000000	0.000000	0.000000	0.000000	0.000000	0.000000	0.000000	1733433184.588915	0.000000
208.000000	87894.681143	18685.432516	187500.000000	187500.000000	86505.363763	102735.926537	112837.618630	133742.802887	-0.076000	0.772000	0.574000	192.000000	0.000000	0.000000	0.000000	0.000000	0.000000	0.000000	0.000000	0.000000	0.000000	1733433184.593320	0.000000
209.000000	87894.636440	18687.935911	187500.000000	187500.000000	86508.761228	102734.898357	112842.759531	133738.421945	-0.076000	0.772000	0.574000	192.000000	0.000000	0.000000	0.000000	0.000000	0.000000	0.000000	0.000000	0.000000	0.000000	1733433184.597152	0.000000
210.000000	87901.699591	18704.386795	187500.000000	187500.000000	86504.000307	102721.040275	112841.597240	133751.296550	-0.080000	0.774000	0.568000	192.000000	253.000000	128.000000	24.000000	48.000000	17.000000	192.000000	0.000000	0.000000	0.000000	1733433184.600000	0.000000
211.000000	87900.984335	18713.171031	187500.000000	187500.000000	86507.822455	102722.135511	112842.334848	133766.473385	-0.080000	0.774000	0.568000	192.000000	0.000000	0.000000	0.000000	0.000000	0.000000	0.000000	0.000000	0.000000	0.000000	1733433184.604100	0.000000
212.000000	87898.033905	18712.411071	187500.000000	187500.000000	86502.569795	102729.422179	112838.937383	133766.853364	-0.080000	0.774000	0.568000	192.000000	0.000000	0.000000	0.000000	0.000000	0.000000	0.000000	0.000000	0.000000	0.000000	1733433184.608020	0.000000
213.000000	87903.063047	18735.075740	187500.000000	187500.000000	86518.260720	102737.625270	112840.837281	133774.542364	-0.080000	0.774000	0.568000	192.000000	0.000000	0.000000	0.000000	0.000000	0.000000	0.000000	0.000000	0.000000	0.000000	1733433184.611980	0.000000
214.000000	87900.023210	18702.777469	187500.000000	187500.000000	86523.714545	102737.535863	112845.955830	133771.167251	-0.080000	0.774000	0.568000	192.000000	0.000000	0.000000	0.000000	0.000000	0.000000	0.000000	0.000000	0.000000	0.000000	1733433184.616973	0.000000
215.000000	87911.512007	18723.363426	187500.000000	187500.000000	86529.615406	102727.052894	112852.191967	133760.393710	-0.080000	0.774000	0.568000	192.000000	0.000000	0.000000	0.000000	0.000000	0.000000	0.000000	0.000000	0.000000	0.000000	1733433184.620985	0.000000
216.000000	87921.324423	18725.956228	187500.000000	187500.000000	86538.265531	102732.618479	112855.052990	133769.893202	-0.080000	0.774000	0.568000	192.000000	0.000000	0.000000	0.000000	0.000000	0.000000	0.000000	0.000000	0.000000	0.000000	1733433184.624003	0.000000
217.000000	87920.676222	18716.479089	187500.000000	187500.000000	86545.865124	102751.840979	112863.926633	133773.491832	-0.080000	0.774000	0.568000	192.000000	0.000000	0.000000	0.000000	0.000000	0.000000	0.000000	0.000000	0.000000	0.000000	1733433184.629220	0.000000
218.000000	87910.997917	18706.152583	187500.000000	187500.000000	86513.186874	102715.161766	112826.174536	133769.468518	-0.080000	0.774000	0.568000	192.000000	0.000000	0.000000	0.000000	0.000000	0.000000	0.000000	0.000000	0.000000	0.000000	1733433184.632301	0.000000
219.000000	87916.965832	18719.161298	187500.000000	187500.000000	86533.415202	102739.324002	112865.848883	133775.369379	-0.080000	0.774000	0.568000	192.000000	0.000000	0.000000	0.000000	0.000000	0.000000	0.000000	0.000000	0.000000	0.000000	1733433184.636291	0.000000
220.000000	87926.644138	18733.175842	187500.000000	187500.000000	86555.655188	102769.320043	112891.039299	133776.062283	-0.074000	0.776000	0.574000	192.000000	253.000000	176.000000	24.000000	64.000000	17.000000	240.000000	0.000000	0.000000	0.000000	1733433184.640375	0.000000
221.000000	87926.934710	18728.034941	187500.000000	187500.000000	86558.203287	102789.615427	112892.268645	133795.776522	-0.074000	0.776000	0.574000	192.000000	0.000000	0.000000	0.000000	0.000000	0.000000	0.000000	0.000000	0.000000	0.000000	1733433184.645053	0.000000
222.000000	87928.700498	18731.633572	187500.000000	187500.000000	86547.966188	102777.031395	112881.584511	133800.693905	-0.074000	0.776000	0.574000	192.000000	0.000000	0.000000	0.000000	0.000000	0.000000	0.000000	0.000000	0.000000	0.000000	1733433184.649021	0.000000
223.000000	87929.080478	18730.493633	187500.000000	187500.000000	86541.685348	102763.173314	112877.091810	133795.575356	-0.074000	0.776000	0.574000	192.000000	0.000000	0.000000	0.000000	0.000000	0.000000	0.000000	0.000000	0.000000	0.000000	1733433184.652314	0.000000
224.000000	87928.454629	18739.210813	187500.000000	187500.000000	86540.277188	102768.336566	112894.034433	133806.550062	-0.074000	0.776000	0.574000	192.000000	0.000000	0.000000	0.000000	0.000000	0.000000	0.000000	0.000000	0.000000	0.000000	1733433184.656018	0.000000
225.000000	87921.771457	18747.838586	187500.000000	187500.000000	86543.875819	102783.535753	112895.621407	133804.516054	-0.074000	0.776000	0.574000	192.000000	0.000000	0.000000	0.000000	0.000000	0.000000	0.000000	0.000000	0.000000	0.000000	1733433184.660046	0.000000
226.000000	87922.777286	18735.768644	187500.000000	187500.000000	86536.477391	102773.902151	112884.043203	133793.697809	-0.074000	0.776000	0.574000	192.000000	0.000000	0.000000	0.000000	0.000000	0.000000	0.000000	0.000000	0.000000	0.000000	1733433184.664055	0.000000
227.000000	87925.951234	18724.704531	187500.000000	187500.000000	86536.812667	102756.914825	112878.701136	133793.630754	-0.074000	0.776000	0.574000	192.000000	0.000000	0.000000	0.000000	0.000000	0.000000	0.000000	0.000000	0.000000	0.000000	1733433184.668058	0.000000
228.000000	87924.028984	18723.251667	187500.000000	187500.000000	86540.366595	102757.630081	112877.851770	133783.952449	-0.074000	0.776000	0.574000	192.000000	0.000000	0.000000	0.000000	0.000000	0.000000	0.000000	0.000000	0.000000	0.000000	1733433184.672063	0.000000
229.000000	87912.763704	18719.831851	187500.000000	187500.000000	86542.847638	102762.391002	112879.081116	133794.077789	-0.074000	0.776000	0.574000	192.000000	0.000000	0.000000	0.000000	0.000000	0.000000	0.000000	0.000000	0.000000	0.000000	1733433184.677083	0.000000
230.000000	87908.092190	18724.302199	187500.000000	187500.000000	86530.353013	102757.227749	112876.555368	133789.585088	-0.080000	0.778000	0.570000	192.000000	253.000000	128.000000	24.000000	80.000000	17.000000	208.000000	0.000000	0.000000	0.000000	1733433184.680084	0.000000
231.000000	87916.429390	18724.548069	187500.000000	187500.000000	86530.621234	102752.779752	112872.152075	133791.149711	-0.080000	0.778000	0.570000	192.000000	0.000000	0.000000	0.000000	0.000000	0.000000	0.000000	0.000000	0.000000	0.000000	1733433184.684089	0.000000
232.000000	87922.330251	18728.213755	187500.000000	187500.000000	86524.787429	102750.432819	112858.763380	133783.572469	-0.080000	0.778000	0.570000	192.000000	0.000000	0.000000	0.000000	0.000000	0.000000	0.000000	0.000000	0.000000	0.000000	1733433184.688177	0.000000
233.000000	87938.445859	18744.128197	187500.000000	187500.000000	86549.843734	102783.558104	112879.684613	133789.115702	-0.080000	0.778000	0.570000	192.000000	0.000000	0.000000	0.000000	0.000000	0.000000	0.000000	0.000000	0.000000	0.000000	1733433184.692202	0.000000
234.000000	87932.813219	18746.989220	187500.000000	187500.000000	86554.582304	102782.842849	112898.594189	133808.137036	-0.080000	0.778000	0.570000	192.000000	0.000000	0.000000	0.000000	0.000000	0.000000	0.000000	0.000000	0.000000	0.000000	1733433184.696329	0.000000
235.000000	87926.308862	18730.091301	187500.000000	187500.000000	86532.007042	102765.900226	112873.269662	133796.983516	-0.080000	0.778000	0.570000	192.000000	0.000000	0.000000	0.000000	0.000000	0.000000	0.000000	0.000000	0.000000	0.000000	1733433184.700297	0.000000
236.000000	87926.375917	18728.884307	187500.000000	187500.000000	86534.421031	102754.322023	112874.767229	133784.891222	-0.080000	0.778000	0.570000	192.000000	0.000000	0.000000	0.000000	0.000000	0.000000	0.000000	0.000000	0.000000	0.000000	1733433184.705151	0.000000
237.000000	87924.408963	18726.246801	187500.000000	187500.000000	86534.957473	102759.060593	112882.880912	133780.107949	-0.080000	0.778000	0.570000	192.000000	0.000000	0.000000	0.000000	0.000000	0.000000	0.000000	0.000000	0.000000	0.000000	1733433184.708154	0.000000
238.000000	87928.789905	18732.907621	187500.000000	187500.000000	86537.885551	102768.023642	112888.938235	133787.931059	-0.080000	0.778000	0.570000	192.000000	0.000000	0.000000	0.000000	0.000000	0.000000	0.000000	0.000000	0.000000	0.000000	1733433184.712140	0.000000
239.000000	87932.768516	18739.635496	187500.000000	187500.000000	86514.505627	102745.694249	112869.313403	133778.677437	-0.080000	0.778000	0.570000	192.000000	0.000000	0.000000	0.000000	0.000000	0.000000	0.000000	0.000000	0.000000	0.000000	1733433184.716166	0.000000
240.000000	87942.335062	18752.957136	187500.000000	187500.000000	86517.925443	102754.992575	112872.219130	133773.022446	-0.074000	0.770000	0.566000	192.000000	253.000000	176.000000	24.000000	16.000000	17.000000	176.000000	0.000000	0.000000	0.000000	1733433184.720137	0.000000
241.000000	87946.604245	18756.935746	187500.000000	187500.000000	86542.467659	102780.808840	112896.828401	133782.074902	-0.074000	0.770000	0.566000	192.000000	0.000000	0.000000	0.000000	0.000000	0.000000	0.000000	0.000000	0.000000	0.000000	1733433184.724210	0.000000
242.000000	87944.570237	18756.444008	187500.000000	187500.000000	86551.944798	102798.980808	112912.921657	133790.725027	-0.074000	0.770000	0.566000	192.000000	0.000000	0.000000	0.000000	0.000000	0.000000	0.000000	0.000000	0.000000	0.000000	1733433184.728151	0.000000
243.000000	87937.305920	18757.405133	187500.000000	187500.000000	86526.240292	102776.740822	112896.448421	133783.930097	-0.074000	0.770000	0.566000	192.000000	0.000000	0.000000	0.000000	0.000000	0.000000	0.000000	0.000000	0.000000	0.000000	1733433184.733390	0.000000
244.000000	87930.041603	18749.850243	187500.000000	187500.000000	86512.337507	102764.290901	112887.217151	133782.678399	-0.074000	0.770000	0.566000	192.000000	0.000000	0.000000	0.000000	0.000000	0.000000	0.000000	0.000000	0.000000	0.000000	1733433184.736502	0.000000
245.000000	87943.743222	18753.068895	187500.000000	187500.000000	86541.595941	102797.840869	112913.905133	133808.964051	-0.074000	0.770000	0.566000	192.000000	0.000000	0.000000	0.000000	0.000000	0.000000	0.000000	0.000000	0.000000	0.000000	1733433184.740607	0.000000
246.000000	87921.458533	18728.973714	187500.000000	187500.000000	86529.548351	102775.332663	112893.587398	133785.606478	-0.074000	0.770000	0.566000	192.000000	0.000000	0.000000	0.000000	0.000000	0.000000	0.000000	0.000000	0.000000	0.000000	1733433184.744434	0.000000
247.000000	87923.179617	18729.599563	187500.000000	187500.000000	86522.105220	102755.506665	112879.572854	133769.334408	-0.074000	0.770000	0.566000	192.000000	0.000000	0.000000	0.000000	0.000000	0.000000	0.000000	0.000000	0.000000	0.000000	1733433184.748185	0.000000
248.000000	87925.280681	18739.277868	187500.000000	187500.000000	86517.612519	102754.746706	112886.390136	133767.613324	-0.074000	0.770000	0.566000	192.000000	0.000000	0.000000	0.000000	0.000000	0.000000	0.000000	0.000000	0.000000	0.000000	1733433184.752338	0.000000
249.000000	87926.532379	18748.620897	187500.000000	187500.000000	86531.470601	102773.745689	112900.471735	133794.591879	-0.074000	0.770000	0.566000	192.000000	0.000000	0.000000	0.000000	0.000000	0.000000	0.000000	0.000000	0.000000	0.000000	1733433184.756193	0.000000
250.000000	87928.476981	18750.207871	187500.000000	187500.000000	86542.177086	102783.334587	112900.874066	133817.144789	-0.072000	0.770000	0.574000	192.000000	253.000000	192.000000	24.000000	16.000000	17.000000	240.000000	0.000000	0.000000	0.000000	1733433184.761200	0.000000
251.000000	87933.729641	18754.611165	187500.000000	187500.000000	86531.403545	102772.069308	112887.306558	133796.491777	-0.072000	0.770000	0.574000	192.000000	0.000000	0.000000	0.000000	0.000000	0.000000	0.000000	0.000000	0.000000	0.000000	1733433184.764199	0.000000
252.000000	87930.510989	18747.458607	187500.000000	187500.000000	86508.649469	102755.841941	112867.167636	133795.597708	-0.072000	0.770000	0.574000	192.000000	0.000000	0.000000	0.000000	0.000000	0.000000	0.000000	0.000000	0.000000	0.000000	1733433184.768219	0.000000
253.000000	87940.457516	18759.550900	187500.000000	187500.000000	86537.147944	102762.703927	112900.538790	133823.380926	-0.072000	0.770000	0.574000	192.000000	0.000000	0.000000	0.000000	0.000000	0.000000	0.000000	0.000000	0.000000	0.000000	1733433184.772220	0.000000
254.000000	87942.469173	18766.837569	187500.000000	187500.000000	86547.765022	102770.415279	112915.045072	133798.794007	-0.072000	0.770000	0.574000	192.000000	0.000000	0.000000	0.000000	0.000000	0.000000	0.000000	0.000000	0.000000	0.000000	1733433184.776223	0.000000
255.000000	87938.378804	18764.825912	187500.000000	187500.000000	86547.407394	102772.114011	112900.896418	133790.903841	-0.072000	0.770000	0.574000	192.000000	0.000000	0.000000	0.000000	0.000000	0.000000	0.000000	0.000000	0.000000	0.000000	1733433184.780318	0.000000
0.000000	87934.199027	18756.645174	187500.000000	187500.000000	86534.242217	102765.654357	112876.734182	133794.100141	-0.072000	0.770000	0.574000	192.000000	0.000000	0.000000	0.000000	0.000000	0.000000	0.000000	0.000000	0.000000	0.000000	1733433184.784326	0.000000
1.000000	87919.335117	18740.574269	187500.000000	187500.000000	86532.118801	102770.616444	112890.748726	133778.945658	-0.072000	0.770000	0.574000	192.000000	0.000000	0.000000	0.000000	0.000000	0.000000	0.000000	0.000000	0.000000	0.000000	1733433184.788573	0.000000
2.000000	87959.545906	18787.378822	187500.000000	187500.000000	86571.301409	102833.022515	112935.161642	133813.099124	-0.072000	0.770000	0.574000	192.000000	0.000000	0.000000	0.000000	0.000000	0.000000	0.000000	0.000000	0.000000	0.000000	1733433184.791406	0.000000
3.000000	87946.425432	18763.082476	187500.000000	187500.000000	86548.368519	102803.786433	112919.314256	133811.422743	-0.072000	0.770000	0.574000	192.000000	0.000000	0.000000	0.000000	0.000000	0.000000	0.000000	0.000000	0.000000	0.000000	1733433184.795449	0.000000
4.000000	87928.722850	18741.110711	187500.000000	187500.000000	86528.363708	102771.845790	112900.047052	133782.365475	-0.074000	0.764000	0.570000	192.000000	253.000000	176.000000	23.000000	224.000000	17.000000	208.000000	0.000000	0.000000	0.000000	1733433184.800243	0.000000
5.000000	87940.859847	18752.375990	187500.000000	187500.000000	86555.319912	102799.651360	112917.056729	133811.601557	-0.074000	0.764000	0.570000	192.000000	0.000000	0.000000	0.000000	0.000000	0.000000	0.000000	0.000000	0.000000	0.000000	1733433184.804267	0.000000
6.000000	87946.134859	18754.924089	187500.000000	187500.000000	86565.132328	102804.278172	112923.829308	133845.084470	-0.074000	0.764000	0.570000	192.000000	0.000000	0.000000	0.000000	0.000000	0.000000	0.000000	0.000000	0.000000	0.000000	1733433184.808269	0.000000
7.000000	87941.686862	18755.862863	187500.000000	187500.000000	86554.649360	102793.795203	112911.491145	133802.638507	-0.074000	0.764000	0.570000	192.000000	0.000000	0.000000	0.000000	0.000000	0.000000	0.000000	0.000000	0.000000	0.000000	1733433184.812310	0.000000
8.000000	87933.528475	18751.839549	187500.000000	187500.000000	86533.594016	102783.692215	112904.293883	133781.404350	-0.074000	0.764000	0.570000	192.000000	0.000000	0.000000	0.000000	0.000000	0.000000	0.000000	0.000000	0.000000	0.000000	1733433184.816326	0.000000
9.000000	87941.418641	18758.366258	187500.000000	187500.000000	86550.424880	102810.044922	112924.499860	133805.276013	-0.074000	0.764000	0.570000	192.000000	0.000000	0.000000	0.000000	0.000000	0.000000	0.000000	0.000000	0.000000	0.000000	1733433184.819300	0.000000
10.000000	87949.152344	18774.548921	187500.000000	187500.000000	86555.208153	102810.916640	112928.523174	133817.949452	-0.074000	0.764000	0.570000	192.000000	0.000000	0.000000	0.000000	0.000000	0.000000	0.000000	0.000000	0.000000	0.000000	1733433184.823532	0.000000
11.000000	87944.212609	18769.273909	187500.000000	187500.000000	86538.220827	102801.461852	112912.429918	133798.503434	-0.074000	0.764000	0.570000	192.000000	0.000000	0.000000	0.000000	0.000000	0.000000	0.000000	0.000000	0.000000	0.000000	1733433184.828413	0.000000
12.000000	87941.373937	18761.584909	187500.000000	187500.000000	86550.179011	102809.843756	112920.610657	133809.567548	-0.074000	0.764000	0.570000	192.000000	0.000000	0.000000	0.000000	0.000000	0.000000	0.000000	0.000000	0.000000	0.000000	1733433184.832552	0.000000
13.000000	87955.656702	18772.224340	187500.000000	187500.000000	86562.628932	102826.920489	112935.832195	133819.178798	-0.074000	0.764000	0.570000	192.000000	0.000000	0.000000	0.000000	0.000000	0.000000	0.000000	0.000000	0.000000	0.000000	1733433184.836584	0.000000
14.000000	87942.066841	18764.535339	187500.000000	187500.000000	86553.308255	102818.113901	112929.864279	133800.649202	-0.078000	0.768000	0.572000	192.000000	253.000000	144.000000	24.000000	0.000000	17.000000	224.000000	0.000000	0.000000	0.000000	1733433184.840326	0.000000
15.000000	87940.949254	18759.215624	187500.000000	187500.000000	86553.799993	102821.511367	112936.972134	133809.075810	-0.078000	0.768000	0.572000	192.000000	0.000000	0.000000	0.000000	0.000000	0.000000	0.000000	0.000000	0.000000	0.000000	1733433184.843372	0.000000
16.000000	87941.351586	18754.722924	187500.000000	187500.000000	86553.978807	102827.233413	112933.909945	133798.346972	-0.078000	0.768000	0.572000	192.000000	0.000000	0.000000	0.000000	0.000000	0.000000	0.000000	0.000000	0.000000	0.000000	1733433184.847345	0.000000
17.000000	87929.594568	18740.954249	187500.000000	187500.000000	86540.344243	102823.344210	112919.291904	133812.160350	-0.078000	0.768000	0.572000	192.000000	0.000000	0.000000	0.000000	0.000000	0.000000	0.000000	0.000000	0.000000	0.000000	1733433184.851605	0.000000
18.000000	87931.628577	18745.648115	187500.000000	187500.000000	86540.210133	102813.330628	112910.865296	133820.698717	-0.078000	0.768000	0.572000	192.000000	0.000000	0.000000	0.000000	0.000000	0.000000	0.000000	0.000000	0.000000	0.000000	1733433184.855425	0.000000
19.000000	87936.210684	18761.830778	187500.000000	187500.000000	86560.214944	102810.290791	112929.193727	133803.376115	-0.078000	0.768000	0.572000	192.000000	0.000000	0.000000	0.000000	0.000000	0.000000	0.000000	0.000000	0.000000	0.000000	1733433184.860424	0.000000
20.000000	87941.955083	18763.574214	187500.000000	187500.000000	86563.791223	102806.736863	112923.046997	133782.968972	-0.078000	0.768000	0.572000	192.000000	0.000000	0.000000	0.000000	0.000000	0.000000	0.000000	0.000000	0.000000	0.000000	1733433184.864445	0.000000
21.000000	87951.722795	18772.090229	187500.000000	187500.000000	86566.674598	102805.172241	112923.896363	133792.759036	-0.078000	0.768000	0.572000	192.000000	0.000000	0.000000	0.000000	0.000000	0.000000	0.000000	0.000000	0.000000	0.000000	1733433184.867482	0.000000
22.000000	87951.789850	18771.285566	187500.000000	187500.000000	86572.575459	102809.664942	112928.858451	133806.907690	-0.078000	0.768000	0.572000	192.000000	0.000000	0.000000	0.000000	0.000000	0.000000	0.000000	0.000000	0.000000	0.000000	1733433184.871675	0.000000
23.000000	87952.840382	18775.442991	187500.000000	187500.000000	86576.241145	102826.719323	112946.851605	133825.079659	-0.078000	0.768000	0.572000	192.000000	0.000000	0.000000	0.000000	0.000000	0.000000	0.000000	0.000000	0.000000	0.000000	1733433184.875508	0.000000
24.000000	87936.098926	18757.695706	187500.000000	187500.000000	86560.840793	102805.708683	112939.140253	133828.097144	-0.078000	0.774000	0.568000	192.000000	253.000000	144.000000	24.000000	48.000000	17.000000	192.000000	0.000000	0.000000	0.000000	1733433184.879673	0.000000
25.000000	87940.681033	18761.763723	187500.000000	187500.000000	86557.644493	102802.735901	112932.747654	133806.840635	-0.078000	0.774000	0.568000	192.000000	0.000000	0.000000	0.000000	0.000000	0.000000	0.000000	0.000000	0.000000	0.000000	1733433184.883430	0.000000
26.000000	87944.033795	18760.087342	187500.000000	187500.000000	86554.515249	102809.106148	112928.344360	133812.495627	-0.078000	0.774000	0.568000	192.000000	0.000000	0.000000	0.000000	0.000000	0.000000	0.000000	0.000000	0.000000	0.000000	1733433184.888429	0.000000
27.000000	87944.480830	18757.226319	187500.000000	187500.000000	86558.717377	102803.339398	112925.863317	133822.330394	-0.078000	0.774000	0.568000	192.000000	0.000000	0.000000	0.000000	0.000000	0.000000	0.000000	0.000000	0.000000	0.000000	1733433184.892462	0.000000
28.000000	87940.658681	18754.745275	187500.000000	187500.000000	86560.058482	102805.641628	112921.482375	133793.139016	-0.078000	0.774000	0.568000	192.000000	0.000000	0.000000	0.000000	0.000000	0.000000	0.000000	0.000000	0.000000	0.000000	1733433184.895423	0.000000
29.000000	87944.324368	18770.503255	187500.000000	187500.000000	86573.514232	102822.181919	112941.710704	133805.387772	-0.078000	0.774000	0.568000	192.000000	0.000000	0.000000	0.000000	0.000000	0.000000	0.000000	0.000000	0.000000	0.000000	1733433184.899409	0.000000
30.000000	87938.222341	18757.941575	187500.000000	187500.000000	86574.229488	102824.260631	112942.090683	133815.982499	-0.078000	0.774000	0.568000	192.000000	0.000000	0.000000	0.000000	0.000000	0.000000	0.000000	0.000000	0.000000	0.000000	1733433184.903411	0.000000
31.000000	87938.647024	18750.051409	187500.000000	187500.000000	86574.162432	102814.403512	112938.000314	133816.675403	-0.078000	0.774000	0.568000	192.000000	0.000000	0.000000	0.000000	0.000000	0.000000	0.000000	0.000000	0.000000	0.000000	1733433184.907432	0.000000
32.000000	87936.367147	18744.977563	187500.000000	187500.000000	86570.072063	102804.635799	112929.461948	133801.029182	-0.078000	0.774000	0.568000	192.000000	0.000000	0.000000	0.000000	0.000000	0.000000	0.000000	0.000000	0.000000	0.000000	1733433184.911420	0.000000
33.000000	87938.848190	18753.270060	187500.000000	187500.000000	86563.210078	102804.926372	112932.434730	133801.900900	-0.078000	0.774000	0.568000	192.000000	0.000000	0.000000	0.000000	0.000000	0.000000	0.000000	0.000000	0.000000	0.000000	1733433184.916697	0.000000
34.000000	87949.532324	18772.961947	187500.000000	187500.000000	86572.664866	102818.672695	112936.167471	133810.729839	-0.076000	0.770000	0.570000	192.000000	253.000000	160.000000	24.000000	16.000000	17.000000	208.000000	0.000000	0.000000	0.000000	1733433184.920751	0.000000
35.000000	87959.925885	18783.444915	187500.000000	187500.000000	86572.217831	102816.996314	112943.320029	133815.937795	-0.076000	0.770000	0.570000	192.000000	0.000000	0.000000	0.000000	0.000000	0.000000	0.000000	0.000000	0.000000	0.000000	1733433184.923510	0.000000
36.000000	87940.524571	18765.809389	187500.000000	187500.000000	86562.494822	102807.496823	112938.961439	133810.416914	-0.076000	0.770000	0.570000	192.000000	0.000000	0.000000	0.000000	0.000000	0.000000	0.000000	0.000000	0.000000	0.000000	1733433184.927602	0.000000
37.000000	87950.292283	18769.318613	187500.000000	187500.000000	86568.909773	102830.832044	112946.471625	133819.983461	-0.076000	0.770000	0.570000	192.000000	0.000000	0.000000	0.000000	0.000000	0.000000	0.000000	0.000000	0.000000	0.000000	1733433184.931709	0.000000
38.000000	87949.621731	18766.569348	187500.000000	187500.000000	86554.157621	102800.388968	112934.736959	133798.123455	-0.076000	0.770000	0.570000	192.000000	0.000000	0.000000	0.000000	0.000000	0.000000	0.000000	0.000000	0.000000	0.000000	1733433184.935476	0.000000
39.000000	87949.554676	18767.485770	187500.000000	187500.000000	86558.650322	102796.253895	112938.290887	133815.736629	-0.076000	0.770000	0.570000	192.000000	0.000000	0.000000	0.000000	0.000000	0.000000	0.000000	0.000000	0.000000	0.000000	1733433184.939475	0.000000
40.000000	87939.563446	18769.475075	187500.000000	187500.000000	86563.791223	102809.016741	112941.151910	133815.334298	-0.076000	0.770000	0.570000	192.000000	0.000000	0.000000	0.000000	0.000000	0.000000	0.000000	0.000000	0.000000	0.000000	1733433184.944451	0.000000
41.000000	87931.606225	18759.059162	187500.000000	187500.000000	86550.961322	102801.618314	112920.297732	133814.216711	-0.076000	0.770000	0.570000	192.000000	0.000000	0.000000	0.000000	0.000000	0.000000	0.000000	0.000000	0.000000	0.000000	1733433184.948528	0.000000
42.000000	87933.193199	18759.550900	187500.000000	187500.000000	86547.720319	102790.084814	112906.238485	133821.033993	-0.076000	0.770000	0.570000	192.000000	0.000000	0.000000	0.000000	0.000000	0.000000	0.000000	0.000000	0.000000	0.000000	1733433184.951732	0.000000
43.000000	87937.976472	18759.617956	187500.000000	187500.000000	86556.415147	102798.310256	112921.705892	133827.806571	-0.076000	0.770000	0.570000	192.000000	0.000000	0.000000	0.000000	0.000000	0.000000	0.000000	0.000000	0.000000	0.000000	1733433184.955484	0.000000
44.000000	87941.150420	18768.066915	187500.000000	187500.000000	86561.891325	102794.532811	112934.915773	133795.485949	-0.078000	0.778000	0.572000	192.000000	253.000000	144.000000	24.000000	80.000000	17.000000	224.000000	0.000000	0.000000	0.000000	1733433184.959500	0.000000
45.000000	87945.151382	18771.531435	187500.000000	187500.000000	86558.203287	102790.174221	112932.144157	133785.874699	-0.078000	0.778000	0.572000	192.000000	0.000000	0.000000	0.000000	0.000000	0.000000	0.000000	0.000000	0.000000	0.000000	1733433184.963584	0.000000
46.000000	87945.956045	18755.259365	187500.000000	187500.000000	86552.615351	102792.856430	112936.502747	133801.923251	-0.078000	0.778000	0.572000	192.000000	0.000000	0.000000	0.000000	0.000000	0.000000	0.000000	0.000000	0.000000	0.000000	1733433184.967874	0.000000
47.000000	87942.312711	18750.118464	187500.000000	187500.000000	86560.952551	102791.425919	112927.182070	133804.381943	-0.078000	0.778000	0.572000	192.000000	0.000000	0.000000	0.000000	0.000000	0.000000	0.000000	0.000000	0.000000	0.000000	1733433184.972262	0.000000
48.000000	87951.454574	18763.842435	187500.000000	187500.000000	86572.843680	102809.352018	112936.435692	133821.905711	-0.078000	0.778000	0.572000	192.000000	0.000000	0.000000	0.000000	0.000000	0.000000	0.000000	0.000000	0.000000	0.000000	1733433184.976597	0.000000
49.000000	87955.142612	18771.889063	187500.000000	187500.000000	86578.901002	102826.451102	112963.995393	133822.397449	-0.078000	0.778000	0.572000	192.000000	0.000000	0.000000	0.000000	0.000000	0.000000	0.000000	0.000000	0.000000	0.000000	1733433184.979547	0.000000
50.000000	87960.149403	18781.120334	187500.000000	187500.000000	86590.501558	102832.910756	112972.891387	133831.204037	-0.078000	0.778000	0.572000	192.000000	0.000000	0.000000	0.000000	0.000000	0.000000	0.000000	0.000000	0.000000	0.000000	1733433184.983516	0.000000
51.000000	87960.998769	18780.159209	187500.000000	187500.000000	86599.889290	102849.987489	112974.143085	133831.136981	-0.078000	0.778000	0.572000	192.000000	0.000000	0.000000	0.000000	0.000000	0.000000	0.000000	0.000000	0.000000	0.000000	1733433184.987542	0.000000
52.000000	87963.770385	18786.238883	187500.000000	187500.000000	86608.651174	102850.188655	112978.792248	133837.529580	-0.078000	0.778000	0.572000	192.000000	0.000000	0.000000	0.000000	0.000000	0.000000	0.000000	0.000000	0.000000	0.000000	1733433184.991538	0.000000
53.000000	87959.925885	18803.606189	187500.000000	187500.000000	86589.585136	102826.965192	112958.921547	133832.209865	-0.078000	0.778000	0.572000	192.000000	0.000000	0.000000	0.000000	0.000000	0.000000	0.000000	0.000000	0.000000	0.000000	1733433184.995543	0.000000
54.000000	87959.165926	18799.068785	187500.000000	187500.000000	86579.526851	102806.267477	112953.601832	133819.245853	-0.078000	0.778000	0.568000	192.000000	253.000000	144.000000	24.000000	80.000000	17.000000	192.000000	0.000000	0.000000	0.000000	1733433185.000552	0.000000
55.000000	87949.509972	18766.859921	187500.000000	187500.000000	86576.598773	102801.663017	112950.494939	133815.110781	-0.078000	0.778000	0.568000	192.000000	0.000000	0.000000	0.000000	0.000000	0.000000	0.000000	0.000000	0.000000	0.000000	1733433185.003954	0.000000
56.000000	87955.142612	18767.172845	187500.000000	187500.000000	86588.892232	102803.920544	112949.310297	133836.657862	-0.078000	0.778000	0.568000	192.000000	0.000000	0.000000	0.000000	0.000000	0.000000	0.000000	0.000000	0.000000	0.000000	1733433185.006749	0.000000
57.000000	87949.532324	18762.590738	187500.000000	187500.000000	86595.038962	102811.609544	112963.682468	133862.675293	-0.078000	0.778000	0.568000	192.000000	0.000000	0.000000	0.000000	0.000000	0.000000	0.000000	0.000000	0.000000	0.000000	1733433185.011748	0.000000
58.000000	87933.841399	18749.112636	187500.000000	187500.000000	86582.901965	102804.121709	112960.217948	133824.811438	-0.078000	0.778000	0.568000	192.000000	0.000000	0.000000	0.000000	0.000000	0.000000	0.000000	0.000000	0.000000	0.000000	1733433185.015787	0.000000
59.000000	87934.914283	18750.073761	187500.000000	187500.000000	86581.940840	102806.043959	112955.904061	133830.645243	-0.078000	0.778000	0.568000	192.000000	0.000000	0.000000	0.000000	0.000000	0.000000	0.000000	0.000000	0.000000	0.000000	1733433185.019598	0.000000
60.000000	87938.624673	18763.998898	187500.000000	187500.000000	86581.650267	102808.860279	112947.365695	133828.700641	-0.078000	0.778000	0.568000	192.000000	0.000000	0.000000	0.000000	0.000000	0.000000	0.000000	0.000000	0.000000	0.000000	1733433185.023641	0.000000
61.000000	87940.658681	18766.926976	187500.000000	187500.000000	86581.225584	102829.334477	112960.441465	133818.217673	-0.078000	0.778000	0.568000	192.000000	0.000000	0.000000	0.000000	0.000000	0.000000	0.000000	0.000000	0.000000	0.000000	1733433185.028604	0.000000
62.000000	87945.598417	18771.129104	187500.000000	187500.000000	86571.457871	102819.007971	112965.649422	133804.627812	-0.078000	0.778000	0.568000	192.000000	0.000000	0.000000	0.000000	0.000000	0.000000	0.000000	0.000000	0.000000	0.000000	1733433185.031593	0.000000
63.000000	87940.681033	18763.753028	187500.000000	187500.000000	86557.689197	102813.956477	112955.077047	133790.926193	-0.078000	0.778000	0.568000	192.000000	0.000000	0.000000	0.000000	0.000000	0.000000	0.000000	0.000000	0.000000	0.000000	1733433185.034811	0.000000
64.000000	87954.181487	18779.846284	187500.000000	187500.000000	86562.114842	102830.764989	112959.413285	133814.283766	-0.076000	0.762000	0.570000	192.000000	253.000000	160.000000	23.000000	208.000000	17.000000	208.000000	0.000000	0.000000	0.000000	1733433185.039613	0.000000
65.000000	87960.730548	18784.942482	187500.000000	187500.000000	86566.696950	102820.460835	112953.400666	133818.329432	-0.076000	0.762000	0.570000	192.000000	0.000000	0.000000	0.000000	0.000000	0.000000	0.000000	0.000000	0.000000	0.000000	1733433185.043620	0.000000
66.000000	87958.897705	18779.578063	187500.000000	187500.000000	86571.748444	102808.323837	112966.699954	133821.592787	-0.076000	0.762000	0.570000	192.000000	0.000000	0.000000	0.000000	0.000000	0.000000	0.000000	0.000000	0.000000	0.000000	1733433185.047919	0.000000
67.000000	87945.978397	18759.394438	187500.000000	187500.000000	86554.492897	102801.618314	112937.083892	133827.560702	-0.076000	0.762000	0.570000	192.000000	0.000000	0.000000	0.000000	0.000000	0.000000	0.000000	0.000000	0.000000	0.000000	1733433185.051934	0.000000
68.000000	87950.828725	18775.107715	187500.000000	187500.000000	86558.091528	102808.904983	112946.404570	133833.170990	-0.076000	0.762000	0.570000	192.000000	0.000000	0.000000	0.000000	0.000000	0.000000	0.000000	0.000000	0.000000	0.000000	1733433185.055960	0.000000
69.000000	87953.890914	18774.012479	187500.000000	187500.000000	86574.475357	102820.304372	112969.404515	133833.841542	-0.076000	0.762000	0.570000	192.000000	0.000000	0.000000	0.000000	0.000000	0.000000	0.000000	0.000000	0.000000	0.000000	1733433185.059968	0.000000
70.000000	87957.131917	18764.468284	187500.000000	187500.000000	86585.539470	102828.485111	112969.493922	133813.881435	-0.076000	0.762000	0.570000	192.000000	0.000000	0.000000	0.000000	0.000000	0.000000	0.000000	0.000000	0.000000	0.000000	1733433185.062871	0.000000
71.000000	87973.538098	18795.000767	187500.000000	187500.000000	86595.530700	102838.342230	112979.999242	133823.626795	-0.076000	0.762000	0.570000	192.000000	0.000000	0.000000	0.000000	0.000000	0.000000	0.000000	0.000000	0.000000	0.000000	1733433185.067948	0.000000
72.000000	87962.049301	18789.278721	187500.000000	187500.000000	86583.393703	102822.137215	112966.387029	133808.941699	-0.076000	0.762000	0.570000	192.000000	0.000000	0.000000	0.000000	0.000000	0.000000	0.000000	0.000000	0.000000	0.000000	1733433185.071688	0.000000
73.000000	87952.393347	18776.940558	187500.000000	187500.000000	86579.616258	102821.466663	112955.837006	133809.947528	-0.076000	0.762000	0.570000	192.000000	0.000000	0.000000	0.000000	0.000000	0.000000	0.000000	0.000000	0.000000	0.000000	1733433185.075676	0.000000
74.000000	87948.280626	18769.855055	187500.000000	187500.000000	86572.709569	102808.837927	112938.335590	133813.948490	-0.072000	0.768000	0.570000	192.000000	253.000000	192.000000	24.000000	0.000000	17.000000	208.000000	0.000000	0.000000	0.000000	1733433185.079668	0.000000
75.000000	87944.614940	18759.662659	187500.000000	187500.000000	86568.596848	102803.875840	112949.869090	133833.886246	-0.072000	0.768000	0.570000	192.000000	0.000000	0.000000	0.000000	0.000000	0.000000	0.000000	0.000000	0.000000	0.000000	1733433185.083672	0.000000
76.000000	87944.011443	18752.018363	187500.000000	187500.000000	86568.395682	102807.541526	112962.654288	133811.355688	-0.072000	0.768000	0.570000	192.000000	0.000000	0.000000	0.000000	0.000000	0.000000	0.000000	0.000000	0.000000	0.000000	1733433185.087726	0.000000
77.000000	87937.328272	18754.924089	187500.000000	187500.000000	86560.147889	102787.067328	112941.218965	133785.181795	-0.072000	0.768000	0.570000	192.000000	0.000000	0.000000	0.000000	0.000000	0.000000	0.000000	0.000000	0.000000	0.000000	1733433185.090685	0.000000
78.000000	87955.455536	18771.889063	187500.000000	187500.000000	86568.887421	102806.826270	112934.804015	133805.410124	-0.072000	0.768000	0.570000	192.000000	0.000000	0.000000	0.000000	0.000000	0.000000	0.000000	0.000000	0.000000	0.000000	1733433185.095706	0.000000
79.000000	87950.068766	18757.494540	187500.000000	187500.000000	86575.548241	102805.127538	112932.837061	133818.731763	-0.072000	0.768000	0.570000	192.000000	0.000000	0.000000	0.000000	0.000000	0.000000	0.000000	0.000000	0.000000	0.000000	1733433185.100067	0.000000
80.000000	87956.707234	18754.298240	187500.000000	187500.000000	86580.130348	102795.203363	112939.341419	133800.939775	-0.072000	0.768000	0.570000	192.000000	0.000000	0.000000	0.000000	0.000000	0.000000	0.000000	0.000000	0.000000	0.000000	1733433185.103936	0.000000
81.000000	87962.295170	18769.028040	187500.000000	187500.000000	86578.051636	102791.649436	112958.049829	133809.142865	-0.072000	0.768000	0.570000	192.000000	0.000000	0.000000	0.000000	0.000000	0.000000	0.000000	0.000000	0.000000	0.000000	1733433185.107984	0.000000
82.000000	87941.776269	18754.253537	187500.000000	187500.000000	86569.177993	102777.321968	112955.658192	133797.698772	-0.072000	0.768000	0.570000	192.000000	0.000000	0.000000	0.000000	0.000000	0.000000	0.000000	0.000000	0.000000	0.000000	1733433185.111966	0.000000
83.000000	87939.295225	18755.594642	187500.000000	187500.000000	86561.109014	102779.601846	112953.847701	133785.539423	-0.072000	0.768000	0.570000	192.000000	0.000000	0.000000	0.000000	0.000000	0.000000	0.000000	0.000000	0.000000	0.000000	1733433185.115772	0.000000
84.000000	87949.465269	18767.038735	187500.000000	187500.000000	86573.938915	102784.161602	112963.682468	133793.966030	-0.076000	0.770000	0.576000	192.000000	253.000000	160.000000	24.000000	16.000000	18.000000	0.000000	0.000000	0.000000	0.000000	1733433185.119926	0.000000
85.000000	87950.515801	18767.798694	187500.000000	187500.000000	86585.315953	102792.610561	112970.343288	133806.795932	-0.076000	0.770000	0.576000	192.000000	0.000000	0.000000	0.000000	0.000000	0.000000	0.000000	0.000000	0.000000	0.000000	1733433185.122757	0.000000
86.000000	87955.813164	18767.150494	187500.000000	187500.000000	86591.686200	102803.339398	112976.154742	133806.483007	-0.076000	0.770000	0.576000	192.000000	0.000000	0.000000	0.000000	0.000000	0.000000	0.000000	0.000000	0.000000	0.000000	1733433185.127730	0.000000
87.000000	87948.973530	18757.740409	187500.000000	187500.000000	86584.421883	102793.705796	112966.744657	133796.044743	-0.076000	0.770000	0.576000	192.000000	0.000000	0.000000	0.000000	0.000000	0.000000	0.000000	0.000000	0.000000	0.000000	1733433185.131777	0.000000
88.000000	87952.125126	18763.685973	187500.000000	187500.000000	86571.279057	102787.648474	112958.787436	133797.050571	-0.076000	0.770000	0.576000	192.000000	0.000000	0.000000	0.000000	0.000000	0.000000	0.000000	0.000000	0.000000	0.000000	1733433185.135750	0.000000
89.000000	87959.009464	18771.062049	187500.000000	187500.000000	86584.041904	102811.229564	112970.924434	133827.538351	-0.076000	0.770000	0.576000	192.000000	0.000000	0.000000	0.000000	0.000000	0.000000	0.000000	0.000000	0.000000	0.000000	1733433185.138755	0.000000
90.000000	87952.639216	18763.574214	187500.000000	187500.000000	86588.221680	102814.694084	112969.471570	133826.130191	-0.076000	0.770000	0.576000	192.000000	0.000000	0.000000	0.000000	0.000000	0.000000	0.000000	0.000000	0.000000	0.000000	1733433185.142810	0.000000
91.000000	87952.907437	18767.172845	187500.000000	187500.000000	86581.717322	102790.420090	112962.274308	133816.496589	-0.076000	0.770000	0.576000	192.000000	0.000000	0.000000	0.000000	0.000000	0.000000	0.000000	0.000000	0.000000	0.000000	1733433185.146833	0.000000
92.000000	87951.745147	18768.826874	187500.000000	187500.000000	86581.583212	102793.839907	112965.783532	133802.571452	-0.076000	0.770000	0.576000	192.000000	0.000000	0.000000	0.000000	0.000000	0.000000	0.000000	0.000000	0.000000	0.000000	1733433185.150988	0.000000
93.000000	87956.975455	18771.196159	187500.000000	187500.000000	86598.592889	102808.189727	112977.764067	133806.304193	-0.076000	0.770000	0.576000	192.000000	0.000000	0.000000	0.000000	0.000000	0.000000	0.000000	0.000000	0.000000	0.000000	1733433185.155900	0.000000
94.000000	87957.444842	18773.520741	187500.000000	187500.000000	86599.688125	102792.744671	112965.738829	133801.878548	-0.076000	0.776000	0.574000	192.000000	253.000000	160.000000	24.000000	64.000000	17.000000	240.000000	0.000000	0.000000	0.000000	1733433185.159970	0.000000
95.000000	87955.366129	18776.225302	187500.000000	187500.000000	86599.777532	102793.795203	112963.794227	133804.560757	-0.076000	0.776000	0.574000	192.000000	0.000000	0.000000	0.000000	0.000000	0.000000	0.000000	0.000000	0.000000	0.000000	1733433185.164054	0.000000
96.000000	87955.634350	18768.290432	187500.000000	187500.000000	86599.486959	102813.017704	112968.644556	133819.469371	-0.076000	0.776000	0.574000	192.000000	0.000000	0.000000	0.000000	0.000000	0.000000	0.000000	0.000000	0.000000	0.000000	1733433185.166819	0.000000
97.000000	87947.677129	18754.298240	187500.000000	187500.000000	86585.047732	102802.534736	112971.304413	133810.394563	-0.076000	0.776000	0.574000	192.000000	0.000000	0.000000	0.000000	0.000000	0.000000	0.000000	0.000000	0.000000	0.000000	1733433185.170834	0.000000
98.000000	87948.884123	18757.673354	187500.000000	187500.000000	86581.002066	102781.121764	112972.936091	133808.852292	-0.076000	0.776000	0.574000	192.000000	0.000000	0.000000	0.000000	0.000000	0.000000	0.000000	0.000000	0.000000	0.000000	1733433185.174788	0.000000
99.000000	87953.019196	18765.205892	187500.000000	187500.000000	86584.153662	102777.210209	112963.973041	133804.560757	-0.076000	0.776000	0.574000	192.000000	0.000000	0.000000	0.000000	0.000000	0.000000	0.000000	0.000000	0.000000	0.000000	1733433185.178794	0.000000
100.000000	87945.240789	18768.066915	187500.000000	187500.000000	86573.178956	102759.082944	112954.942936	133772.441300	-0.076000	0.776000	0.574000	192.000000	0.000000	0.000000	0.000000	0.000000	0.000000	0.000000	0.000000	0.000000	0.000000	1733433185.184088	0.000000
101.000000	87936.992995	18763.261290	187500.000000	187500.000000	86572.128424	102758.032412	112957.111056	133772.374245	-0.076000	0.776000	0.574000	192.000000	0.000000	0.000000	0.000000	0.000000	0.000000	0.000000	0.000000	0.000000	0.000000	1733433185.187833	0.000000
102.000000	87935.964815	18743.390589	187500.000000	187500.000000	86580.912659	102770.772907	112961.044963	133796.491777	-0.076000	0.776000	0.574000	192.000000	0.000000	0.000000	0.000000	0.000000	0.000000	0.000000	0.000000	0.000000	0.000000	1733433185.191837	0.000000
103.000000	87945.978397	18748.263269	187500.000000	187500.000000	86596.760046	102779.892418	112971.751448	133800.090408	-0.076000	0.776000	0.574000	192.000000	0.000000	0.000000	0.000000	0.000000	0.000000	0.000000	0.000000	0.000000	0.000000	1733433185.194969	0.000000
104.000000	87937.484734	18738.696723	187500.000000	187500.000000	86585.338305	102767.353090	112959.212119	133786.321734	-0.082000	0.776000	0.578000	192.000000	253.000000	112.000000	24.000000	64.000000	18.000000	16.000000	0.000000	0.000000	0.000000	1733433185.199061	0.000000
105.000000	87943.698519	18752.398342	187500.000000	187500.000000	86593.183767	102765.430840	112968.644556	133786.791120	-0.082000	0.776000	0.578000	192.000000	0.000000	0.000000	0.000000	0.000000	0.000000	0.000000	0.000000	0.000000	0.000000	1733433185.203119	0.000000
106.000000	87950.716966	18759.685011	187500.000000	187500.000000	86602.593851	102786.262666	112979.038117	133788.601612	-0.082000	0.776000	0.578000	192.000000	0.000000	0.000000	0.000000	0.000000	0.000000	0.000000	0.000000	0.000000	0.000000	1733433185.208393	0.000000
107.000000	87937.082402	18746.206909	187500.000000	187500.000000	86593.317877	102783.267532	112976.288852	133787.573431	-0.082000	0.776000	0.578000	192.000000	0.000000	0.000000	0.000000	0.000000	0.000000	0.000000	0.000000	0.000000	0.000000	1733433185.212052	0.000000
108.000000	87944.637292	18758.902700	187500.000000	187500.000000	86601.453912	102782.574628	112986.637710	133823.112705	-0.082000	0.776000	0.578000	192.000000	0.000000	0.000000	0.000000	0.000000	0.000000	0.000000	0.000000	0.000000	0.000000	1733433185.215944	0.000000
109.000000	87933.729641	18757.338078	187500.000000	187500.000000	86588.534604	102765.006157	112966.677602	133797.564661	-0.082000	0.776000	0.578000	192.000000	0.000000	0.000000	0.000000	0.000000	0.000000	0.000000	0.000000	0.000000	0.000000	1733433185.219995	0.000000
110.000000	87929.795734	18761.003764	187500.000000	187500.000000	86589.831005	102767.978939	112956.261689	133783.997152	-0.082000	0.776000	0.578000	192.000000	0.000000	0.000000	0.000000	0.000000	0.000000	0.000000	0.000000	0.000000	0.000000	1733433185.222869	0.000000
111.000000	87925.347737	18763.909491	187500.000000	187500.000000	86590.278040	102771.286997	112955.121750	133800.425685	-0.082000	0.776000	0.578000	192.000000	0.000000	0.000000	0.000000	0.000000	0.000000	0.000000	0.000000	0.000000	0.000000	1733433185.226920	0.000000
112.000000	87923.470190	18755.326421	187500.000000	187500.000000	86584.824215	102777.366671	112957.200462	133770.139071	-0.082000	0.776000	0.578000	192.000000	0.000000	0.000000	0.000000	0.000000	0.000000	0.000000	0.000000	0.000000	0.000000	1733433185.230952	0.000000
113.000000	87927.694670	18742.116540	187500.000000	187500.000000	86581.694970	102779.646549	112962.743695	133766.093405	-0.082000	0.776000	0.578000	192.000000	0.000000	0.000000	0.000000	0.000000	0.000000	0.000000	0.000000	0.000000	0.000000	1733433185.234904	0.000000
114.000000	87932.992033	18742.630630	187500.000000	187500.000000	86578.118691	102752.042145	112954.250032	133788.333391	-0.082000	0.776000	0.578000	192.000000	0.000000	0.000000	0.000000	0.000000	0.000000	0.000000	0.000000	0.000000	0.000000	1733433185.239900	0.000000
115.000000	87929.773382	18740.618973	187500.000000	187500.000000	86579.593906	102746.387153	112947.343343	133796.849405	-0.074000	0.772000	0.584000	192.000000	253.000000	176.000000	24.000000	32.000000	18.000000	64.000000	0.000000	0.000000	0.000000	1733433185.243928	0.000000
116.000000	87927.873484	18740.082531	187500.000000	187500.000000	86579.437444	102752.600938	112947.790378	133782.365475	-0.074000	0.772000	0.584000	192.000000	0.000000	0.000000	0.000000	0.000000	0.000000	0.000000	0.000000	0.000000	0.000000	1733433185.247947	0.000000
117.000000	87928.544036	18745.379894	187500.000000	187500.000000	86584.980677	102768.805953	112959.525044	133775.302324	-0.074000	0.772000	0.584000	192.000000	0.000000	0.000000	0.000000	0.000000	0.000000	0.000000	0.000000	0.000000	0.000000	1733433185.250933	0.000000
118.000000	87925.951234	18751.481921	187500.000000	187500.000000	86584.980677	102761.005194	112970.589157	133776.777539	-0.074000	0.772000	0.584000	192.000000	0.000000	0.000000	0.000000	0.000000	0.000000	0.000000	0.000000	0.000000	0.000000	1733433185.254921	0.000000
119.000000	87924.341908	18739.546089	187500.000000	187500.000000	86585.360656	102759.775848	112967.817541	133777.470443	-0.074000	0.772000	0.584000	192.000000	0.000000	0.000000	0.000000	0.000000	0.000000	0.000000	0.000000	0.000000	0.000000	1733433185.258956	0.000000
120.000000	87927.001766	18743.636458	187500.000000	187500.000000	86588.445197	102761.988671	112976.311204	133796.938812	-0.074000	0.772000	0.584000	192.000000	0.000000	0.000000	0.000000	0.000000	0.000000	0.000000	0.000000	0.000000	0.000000	1733433185.263140	0.000000
121.000000	87931.092135	18763.574214	187500.000000	187500.000000	86590.143930	102756.803066	112984.849570	133807.354725	-0.074000	0.772000	0.584000	192.000000	0.000000	0.000000	0.000000	0.000000	0.000000	0.000000	0.000000	0.000000	0.000000	1733433185.267060	0.000000
122.000000	87935.584835	18773.945424	187500.000000	187500.000000	86600.783360	102761.899264	112999.445260	133822.956243	-0.074000	0.772000	0.584000	192.000000	0.000000	0.000000	0.000000	0.000000	0.000000	0.000000	0.000000	0.000000	0.000000	1733433185.272305	0.000000
123.000000	87933.126144	18761.227281	187500.000000	187500.000000	86605.790151	102766.839000	113003.356815	133820.743420	-0.074000	0.772000	0.584000	192.000000	0.000000	0.000000	0.000000	0.000000	0.000000	0.000000	0.000000	0.000000	0.000000	1733433185.275249	0.000000
124.000000	87922.196141	18738.428502	187500.000000	187500.000000	86587.796997	102753.450305	112980.401573	133780.554984	-0.074000	0.772000	0.584000	192.000000	0.000000	0.000000	0.000000	0.000000	0.000000	0.000000	0.000000	0.000000	0.000000	1733433185.279143	0.000000
125.000000	87918.262234	18739.859014	187500.000000	187500.000000	86573.134252	102745.917767	112973.360774	133774.922344	-0.078000	0.772000	0.576000	192.000000	253.000000	144.000000	24.000000	32.000000	18.000000	0.000000	0.000000	0.000000	0.000000	1733433185.282976	0.000000
126.000000	87917.658736	18734.181670	187500.000000	187500.000000	86573.424825	102748.756438	112971.103248	133795.888280	-0.078000	0.772000	0.576000	192.000000	0.000000	0.000000	0.000000	0.000000	0.000000	0.000000	0.000000	0.000000	0.000000	1733433185.286976	0.000000
127.000000	87919.513931	18736.260383	187500.000000	187500.000000	86580.577383	102757.294805	112966.185864	133798.570490	-0.078000	0.772000	0.576000	192.000000	0.000000	0.000000	0.000000	0.000000	0.000000	0.000000	0.000000	0.000000	0.000000	1733433185.291022	0.000000
128.000000	87928.387574	18752.130121	187500.000000	187500.000000	86590.345095	102757.875950	112961.670811	133806.281842	-0.078000	0.772000	0.576000	192.000000	0.000000	0.000000	0.000000	0.000000	0.000000	0.000000	0.000000	0.000000	0.000000	1733433185.295003	0.000000
129.000000	87926.711193	18756.108732	187500.000000	187500.000000	86583.907793	102741.536825	112958.474512	133822.486856	-0.078000	0.772000	0.576000	192.000000	0.000000	0.000000	0.000000	0.000000	0.000000	0.000000	0.000000	0.000000	0.000000	1733433185.300004	0.000000
130.000000	87915.311803	18738.696723	187500.000000	187500.000000	86571.793148	102713.038351	112943.521195	133770.474347	-0.078000	0.772000	0.576000	192.000000	0.000000	0.000000	0.000000	0.000000	0.000000	0.000000	0.000000	0.000000	0.000000	1733433185.302993	0.000000
131.000000	87917.032888	18731.655923	187500.000000	187500.000000	86577.939877	102726.739970	112953.199500	133754.202277	-0.078000	0.772000	0.576000	192.000000	0.000000	0.000000	0.000000	0.000000	0.000000	0.000000	0.000000	0.000000	0.000000	1733433185.307036	0.000000
132.000000	87908.047486	18721.418824	187500.000000	187500.000000	86572.150775	102717.531051	112949.355000	133756.593914	-0.078000	0.772000	0.576000	192.000000	0.000000	0.000000	0.000000	0.000000	0.000000	0.000000	0.000000	0.000000	0.000000	1733433185.311022	0.000000
133.000000	87910.819103	18729.666618	187500.000000	187500.000000	86574.251839	102722.046104	112951.880747	133771.368417	-0.078000	0.772000	0.576000	192.000000	0.000000	0.000000	0.000000	0.000000	0.000000	0.000000	0.000000	0.000000	0.000000	1733433185.315060	0.000000
134.000000	87924.699536	18741.133063	187500.000000	187500.000000	86582.209060	102731.165615	112961.201425	133770.004960	-0.078000	0.772000	0.576000	192.000000	0.000000	0.000000	0.000000	0.000000	0.000000	0.000000	0.000000	0.000000	0.000000	1733433185.319048	0.000000
135.000000	87928.097001	18753.158301	187500.000000	187500.000000	86585.003029	102732.193796	112965.157684	133792.535519	-0.080000	0.774000	0.576000	192.000000	253.000000	128.000000	24.000000	48.000000	18.000000	0.000000	0.000000	0.000000	0.000000	1733433185.323080	0.000000
136.000000	87924.073687	18759.729714	187500.000000	187500.000000	86578.163395	102738.876967	112963.190730	133791.864966	-0.080000	0.774000	0.576000	192.000000	0.000000	0.000000	0.000000	0.000000	0.000000	0.000000	0.000000	0.000000	0.000000	1733433185.327133	0.000000
137.000000	87927.269987	18757.114560	187500.000000	187500.000000	86579.169223	102741.559177	112952.148968	133789.138054	-0.080000	0.774000	0.576000	192.000000	0.000000	0.000000	0.000000	0.000000	0.000000	0.000000	0.000000	0.000000	0.000000	1733433185.331147	0.000000
138.000000	87926.778248	18747.257441	187500.000000	187500.000000	86578.610430	102736.999421	112944.951707	133785.986458	-0.080000	0.774000	0.576000	192.000000	0.000000	0.000000	0.000000	0.000000	0.000000	0.000000	0.000000	0.000000	0.000000	1733433185.334340	0.000000
139.000000	87931.717984	18746.273964	187500.000000	187500.000000	86590.054523	102746.811837	112958.988602	133790.032123	-0.080000	0.774000	0.576000	192.000000	0.000000	0.000000	0.000000	0.000000	0.000000	0.000000	0.000000	0.000000	0.000000	1733433185.339250	0.000000
140.000000	87930.890969	18743.010610	187500.000000	187500.000000	86599.598718	102751.773924	112965.604718	133776.598725	-0.080000	0.774000	0.576000	192.000000	0.000000	0.000000	0.000000	0.000000	0.000000	0.000000	0.000000	0.000000	0.000000	1733433185.343063	0.000000
141.000000	87926.912359	18741.557746	187500.000000	187500.000000	86596.044790	102748.979956	112956.731076	133780.644391	-0.080000	0.774000	0.576000	192.000000	0.000000	0.000000	0.000000	0.000000	0.000000	0.000000	0.000000	0.000000	0.000000	1733433185.347067	0.000000
142.000000	87919.424524	18734.204022	187500.000000	187500.000000	86576.978752	102730.204490	112955.725247	133787.953411	-0.080000	0.774000	0.576000	192.000000	0.000000	0.000000	0.000000	0.000000	0.000000	0.000000	0.000000	0.000000	0.000000	1733433185.351309	0.000000
143.000000	87911.489655	18719.921257	187500.000000	187500.000000	86572.955438	102728.259889	112953.154797	133782.097254	-0.080000	0.774000	0.576000	192.000000	0.000000	0.000000	0.000000	0.000000	0.000000	0.000000	0.000000	0.000000	0.000000	1733433185.356081	0.000000
144.000000	87906.706382	18714.869763	187500.000000	187500.000000	86567.881592	102725.577679	112943.677657	133785.606478	-0.080000	0.774000	0.576000	192.000000	0.000000	0.000000	0.000000	0.000000	0.000000	0.000000	0.000000	0.000000	0.000000	1733433185.359099	0.000000
145.000000	87910.953213	18731.074778	187500.000000	187500.000000	86561.533697	102718.715694	112927.539698	133782.231365	-0.072000	0.770000	0.576000	192.000000	253.000000	192.000000	24.000000	16.000000	18.000000	0.000000	0.000000	0.000000	0.000000	1733433185.362104	0.000000
146.000000	87910.170902	18748.822063	187500.000000	187500.000000	86565.199383	102726.181176	112934.401683	133769.446167	-0.072000	0.770000	0.576000	192.000000	0.000000	0.000000	0.000000	0.000000	0.000000	0.000000	0.000000	0.000000	0.000000	1733433185.367105	0.000000
147.000000	87909.902681	18730.292467	187500.000000	187500.000000	86575.436482	102729.913918	112948.975021	133768.440338	-0.072000	0.770000	0.576000	192.000000	0.000000	0.000000	0.000000	0.000000	0.000000	0.000000	0.000000	0.000000	0.000000	1733433185.371274	0.000000
148.000000	87905.566443	18714.176859	187500.000000	187500.000000	86580.040941	102735.457150	112954.406494	133757.242114	-0.072000	0.770000	0.576000	192.000000	0.000000	0.000000	0.000000	0.000000	0.000000	0.000000	0.000000	0.000000	0.000000	1733433185.375251	0.000000
149.000000	87913.680126	18722.737577	187500.000000	187500.000000	86584.198366	102720.414426	112957.312221	133767.255696	-0.072000	0.770000	0.576000	192.000000	0.000000	0.000000	0.000000	0.000000	0.000000	0.000000	0.000000	0.000000	0.000000	1733433185.379443	0.000000
150.000000	87913.411905	18728.839604	187500.000000	187500.000000	86582.566688	102719.229784	112960.709686	133778.118644	-0.072000	0.770000	0.576000	192.000000	0.000000	0.000000	0.000000	0.000000	0.000000	0.000000	0.000000	0.000000	0.000000	1733433185.382375	0.000000
151.000000	87903.018344	18719.094243	187500.000000	187500.000000	86572.843680	102712.256040	112954.384143	133779.750321	-0.072000	0.770000	0.576000	192.000000	0.000000	0.000000	0.000000	0.000000	0.000000	0.000000	0.000000	0.000000	0.000000	1733433185.386156	0.000000
152.000000	87907.600451	18735.768644	187500.000000	187500.000000	86578.230450	102727.321115	112951.657230	133781.627867	-0.072000	0.770000	0.576000	192.000000	0.000000	0.000000	0.000000	0.000000	0.000000	0.000000	0.000000	0.000000	0.000000	1733433185.390120	0.000000
153.000000	87916.876425	18742.854147	187500.000000	187500.000000	86590.322744	102732.149092	112958.563919	133770.988437	-0.072000	0.770000	0.576000	192.000000	0.000000	0.000000	0.000000	0.000000	0.000000	0.000000	0.000000	0.000000	0.000000	1733433185.395149	0.000000
154.000000	87921.950271	18747.771531	187500.000000	187500.000000	86597.765875	102724.482444	112969.426867	133759.566696	-0.072000	0.770000	0.576000	192.000000	0.000000	0.000000	0.000000	0.000000	0.000000	0.000000	0.000000	0.000000	0.000000	1733433185.399160	0.000000
155.000000	87919.536283	18737.802653	187500.000000	187500.000000	86598.369372	102730.450360	112969.158646	133763.724120	-0.076000	0.772000	0.576000	192.000000	253.000000	160.000000	24.000000	32.000000	18.000000	0.000000	0.000000	0.000000	0.000000	1733433185.403155	0.000000
156.000000	87917.658736	18738.584964	187500.000000	187500.000000	86598.615241	102730.718581	112969.404515	133785.114740	-0.076000	0.772000	0.576000	192.000000	0.000000	0.000000	0.000000	0.000000	0.000000	0.000000	0.000000	0.000000	0.000000	1733433185.407165	0.000000
157.000000	87906.326402	18730.694798	187500.000000	187500.000000	86587.729941	102715.608801	112952.238375	133787.238155	-0.076000	0.772000	0.576000	192.000000	0.000000	0.000000	0.000000	0.000000	0.000000	0.000000	0.000000	0.000000	0.000000	1733433185.410185	0.000000
158.000000	87909.813274	18748.173862	187500.000000	187500.000000	86587.551127	102724.661258	112955.457026	133776.621077	-0.076000	0.772000	0.576000	192.000000	0.000000	0.000000	0.000000	0.000000	0.000000	0.000000	0.000000	0.000000	0.000000	1733433185.414222	0.000000
159.000000	87908.852149	18746.922165	187500.000000	187500.000000	86591.507386	102733.803121	112960.597928	133759.119661	-0.076000	0.772000	0.576000	192.000000	0.000000	0.000000	0.000000	0.000000	0.000000	0.000000	0.000000	0.000000	0.000000	1733433185.418335	0.000000
160.000000	87905.007649	18730.314819	187500.000000	187500.000000	86590.993296	102734.898357	112952.819521	133784.175966	-0.076000	0.772000	0.576000	192.000000	0.000000	0.000000	0.000000	0.000000	0.000000	0.000000	0.000000	0.000000	0.000000	1733433185.422204	0.000000
161.000000	87897.519815	18721.128252	187500.000000	187500.000000	86579.616258	102734.741895	112937.061541	133791.641449	-0.076000	0.772000	0.576000	192.000000	0.000000	0.000000	0.000000	0.000000	0.000000	0.000000	0.000000	0.000000	0.000000	1733433185.427380	0.000000
162.000000	87892.200099	18723.922220	187500.000000	187500.000000	86581.851433	102727.812854	112942.448311	133782.298420	-0.076000	0.772000	0.576000	192.000000	0.000000	0.000000	0.000000	0.000000	0.000000	0.000000	0.000000	0.000000	0.000000	1733433185.431328	0.000000
163.000000	87904.113579	18744.374066	187500.000000	187500.000000	86598.995221	102764.223846	112985.184847	133774.497661	-0.076000	0.772000	0.576000	192.000000	0.000000	0.000000	0.000000	0.000000	0.000000	0.000000	0.000000	0.000000	0.000000	1733433185.435298	0.000000
164.000000	87902.660716	18753.650040	187500.000000	187500.000000	86601.476264	102754.344374	112979.842780	133761.645408	-0.076000	0.772000	0.576000	192.000000	0.000000	0.000000	0.000000	0.000000	0.000000	0.000000	0.000000	0.000000	0.000000	1733433185.438595	0.000000
165.000000	87891.931879	18730.605391	187500.000000	187500.000000	86588.936936	102746.096581	112968.353983	133774.408254	-0.078000	0.770000	0.576000	192.000000	253.000000	144.000000	24.000000	16.000000	18.000000	0.000000	0.000000	0.000000	0.000000	1733433185.442582	0.000000
166.000000	87896.961021	18733.287601	187500.000000	187500.000000	86594.971907	102759.977014	112969.248053	133802.683211	-0.078000	0.770000	0.576000	192.000000	0.000000	0.000000	0.000000	0.000000	0.000000	0.000000	0.000000	0.000000	0.000000	1733433185.446230	0.000000
167.000000	87899.665582	18740.976601	187500.000000	187500.000000	86590.903889	102743.727296	112973.561939	133792.826091	-0.078000	0.770000	0.576000	192.000000	0.000000	0.000000	0.000000	0.000000	0.000000	0.000000	0.000000	0.000000	0.000000	1733433185.450230	0.000000
168.000000	87903.465379	18745.268136	187500.000000	187500.000000	86594.837796	102751.081020	112974.277195	133781.180833	-0.078000	0.770000	0.576000	192.000000	0.000000	0.000000	0.000000	0.000000	0.000000	0.000000	0.000000	0.000000	0.000000	1733433185.455221	0.000000
169.000000	87897.184539	18735.031037	187500.000000	187500.000000	86596.223604	102755.126686	112956.775779	133759.387882	-0.078000	0.770000	0.576000	192.000000	0.000000	0.000000	0.000000	0.000000	0.000000	0.000000	0.000000	0.000000	0.000000	1733433185.459282	0.000000
170.000000	87901.610184	18740.663676	187500.000000	187500.000000	86594.927203	102754.411430	112962.117846	133765.445204	-0.078000	0.770000	0.576000	192.000000	0.000000	0.000000	0.000000	0.000000	0.000000	0.000000	0.000000	0.000000	0.000000	1733433185.463265	0.000000
171.000000	87904.784132	18751.504272	187500.000000	187500.000000	86586.098264	102747.929424	112963.950689	133783.840690	-0.078000	0.770000	0.576000	192.000000	0.000000	0.000000	0.000000	0.000000	0.000000	0.000000	0.000000	0.000000	0.000000	1733433185.466246	0.000000
172.000000	87902.683068	18744.910508	187500.000000	187500.000000	86584.220717	102754.210264	112961.067314	133777.179870	-0.078000	0.770000	0.576000	192.000000	0.000000	0.000000	0.000000	0.000000	0.000000	0.000000	0.000000	0.000000	0.000000	1733433185.470252	0.000000
173.000000	87900.760818	18753.515929	187500.000000	187500.000000	86590.836834	102769.878837	112969.069239	133800.872719	-0.078000	0.770000	0.576000	192.000000	0.000000	0.000000	0.000000	0.000000	0.000000	0.000000	0.000000	0.000000	0.000000	1733433185.474307	0.000000
174.000000	87899.039733	18750.163168	187500.000000	187500.000000	86591.954421	102751.952738	112961.894329	133793.653106	-0.078000	0.770000	0.576000	192.000000	0.000000	0.000000	0.000000	0.000000	0.000000	0.000000	0.000000	0.000000	0.000000	1733433185.478295	0.000000
175.000000	87899.665582	18732.460586	187500.000000	187500.000000	86596.536529	102738.742857	112955.479378	133782.633696	-0.080000	0.774000	0.574000	192.000000	253.000000	128.000000	24.000000	48.000000	17.000000	240.000000	0.000000	0.000000	0.000000	1733433185.483384	0.000000
176.000000	87899.933803	18732.840566	187500.000000	187500.000000	86594.748389	102743.257909	112943.118863	133783.147786	-0.080000	0.774000	0.574000	192.000000	0.000000	0.000000	0.000000	0.000000	0.000000	0.000000	0.000000	0.000000	0.000000	1733433185.487431	0.000000
177.000000	87898.771512	18739.434330	187500.000000	187500.000000	86599.688125	102760.088773	112962.229605	133792.312001	-0.080000	0.774000	0.574000	192.000000	0.000000	0.000000	0.000000	0.000000	0.000000	0.000000	0.000000	0.000000	0.000000	1733433185.491484	0.000000
178.000000	87889.227317	18722.581115	187500.000000	187500.000000	86591.753255	102764.447363	112968.532797	133775.056455	-0.080000	0.774000	0.574000	192.000000	0.000000	0.000000	0.000000	0.000000	0.000000	0.000000	0.000000	0.000000	0.000000	1733433185.494487	0.000000
179.000000	87887.796806	18728.549031	187500.000000	187500.000000	86577.425787	102755.618424	112952.931279	133772.709521	-0.080000	0.774000	0.574000	192.000000	0.000000	0.000000	0.000000	0.000000	0.000000	0.000000	0.000000	0.000000	0.000000	1733433185.498532	0.000000
180.000000	87892.982411	18742.004781	187500.000000	187500.000000	86581.404398	102759.462924	112946.449273	133767.054530	-0.080000	0.774000	0.574000	192.000000	0.000000	0.000000	0.000000	0.000000	0.000000	0.000000	0.000000	0.000000	0.000000	1733433185.502410	0.000000
181.000000	87893.272983	18740.216641	187500.000000	187500.000000	86582.924316	102772.114011	112955.009992	133766.383978	-0.080000	0.774000	0.574000	192.000000	0.000000	0.000000	0.000000	0.000000	0.000000	0.000000	0.000000	0.000000	0.000000	1733433185.506327	0.000000
182.000000	87887.394474	18731.991199	187500.000000	187500.000000	86576.688180	102753.919691	112961.804922	133770.519050	-0.080000	0.774000	0.574000	192.000000	0.000000	0.000000	0.000000	0.000000	0.000000	0.000000	0.000000	0.000000	0.000000	1733433185.511332	0.000000
183.000000	87881.583021	18706.241990	187500.000000	187500.000000	86570.273229	102752.288014	112954.004163	133790.680324	-0.080000	0.774000	0.574000	192.000000	0.000000	0.000000	0.000000	0.000000	0.000000	0.000000	0.000000	0.000000	0.000000	1733433185.515350	0.000000
184.000000	87879.303143	18712.723996	187500.000000	187500.000000	86570.228525	102769.834133	112944.325858	133772.016617	-0.080000	0.774000	0.574000	192.000000	0.000000	0.000000	0.000000	0.000000	0.000000	0.000000	0.000000	0.000000	0.000000	1733433185.518348	0.000000
185.000000	87875.659809	18715.249743	187500.000000	187500.000000	86570.943781	102757.428915	112927.115014	133742.087631	-0.076000	0.770000	0.574000	192.000000	253.000000	160.000000	24.000000	16.000000	17.000000	240.000000	0.000000	0.000000	0.000000	1733433185.522433	0.000000
186.000000	87879.012570	18715.629723	187500.000000	187500.000000	86578.811595	102738.005249	112946.225756	133748.100251	-0.076000	0.770000	0.574000	192.000000	0.000000	0.000000	0.000000	0.000000	0.000000	0.000000	0.000000	0.000000	0.000000	1733433185.526420	0.000000
187.000000	87886.232184	18723.966923	187500.000000	187500.000000	86587.193499	102755.417258	112960.083838	133762.204201	-0.076000	0.770000	0.574000	192.000000	0.000000	0.000000	0.000000	0.000000	0.000000	0.000000	0.000000	0.000000	0.000000	1733433185.530424	0.000000
188.000000	87883.773492	18727.140871	187500.000000	187500.000000	86572.553107	102747.705906	112947.276288	133778.833899	-0.076000	0.770000	0.574000	192.000000	0.000000	0.000000	0.000000	0.000000	0.000000	0.000000	0.000000	0.000000	0.000000	1733433185.534643	0.000000
189.000000	87882.007704	18730.828909	187500.000000	187500.000000	86574.542412	102745.515435	112947.589212	133772.396597	-0.076000	0.770000	0.574000	192.000000	0.000000	0.000000	0.000000	0.000000	0.000000	0.000000	0.000000	0.000000	0.000000	1733433185.539675	0.000000
190.000000	87879.683123	18723.296371	187500.000000	187500.000000	86581.359694	102756.110162	112948.326820	133770.586106	-0.076000	0.770000	0.574000	192.000000	0.000000	0.000000	0.000000	0.000000	0.000000	0.000000	0.000000	0.000000	0.000000	1733433185.543637	0.000000
191.000000	87874.877498	18719.340112	187500.000000	187500.000000	86573.581287	102742.341488	112944.594079	133784.421835	-0.076000	0.770000	0.574000	192.000000	0.000000	0.000000	0.000000	0.000000	0.000000	0.000000	0.000000	0.000000	0.000000	1733433185.546643	0.000000
192.000000	87879.817233	18727.051464	187500.000000	187500.000000	86581.583212	102752.109200	112967.303451	133767.054530	-0.076000	0.770000	0.574000	192.000000	0.000000	0.000000	0.000000	0.000000	0.000000	0.000000	0.000000	0.000000	0.000000	1733433185.550454	0.000000
193.000000	87886.410998	18731.745330	187500.000000	187500.000000	86583.483110	102758.971186	112972.198483	133789.473330	-0.076000	0.770000	0.574000	192.000000	0.000000	0.000000	0.000000	0.000000	0.000000	0.000000	0.000000	0.000000	0.000000	1733433185.554415	0.000000
194.000000	87876.620934	18722.424653	187500.000000	187500.000000	86574.922392	102762.234540	112963.570710	133774.072978	-0.076000	0.770000	0.574000	192.000000	0.000000	0.000000	0.000000	0.000000	0.000000	0.000000	0.000000	0.000000	0.000000	1733433185.558463	0.000000
195.000000	87876.017437	18728.258458	187500.000000	187500.000000	86580.152700	102754.836113	112953.378314	133752.414137	-0.078000	0.774000	0.576000	192.000000	253.000000	144.000000	24.000000	48.000000	18.000000	0.000000	0.000000	0.000000	0.000000	1733433185.562421	0.000000
196.000000	87871.703550	18724.078682	187500.000000	187500.000000	86572.776624	102741.112142	112946.113997	133749.910742	-0.078000	0.774000	0.576000	192.000000	0.000000	0.000000	0.000000	0.000000	0.000000	0.000000	0.000000	0.000000	0.000000	1733433185.567427	0.000000
197.000000	87868.998989	18710.108842	187500.000000	187500.000000	86569.647380	102742.676764	112947.008067	133749.955446	-0.078000	0.774000	0.576000	192.000000	0.000000	0.000000	0.000000	0.000000	0.000000	0.000000	0.000000	0.000000	0.000000	1733433185.571427	0.000000
198.000000	87872.485861	18711.673464	187500.000000	187500.000000	86569.177993	102745.806008	112957.848663	133753.576428	-0.078000	0.774000	0.576000	192.000000	0.000000	0.000000	0.000000	0.000000	0.000000	0.000000	0.000000	0.000000	0.000000	1733433185.574421	0.000000
199.000000	87879.906640	18719.138946	187500.000000	187500.000000	86576.710531	102725.018886	112959.905024	133759.723158	-0.078000	0.774000	0.576000	192.000000	0.000000	0.000000	0.000000	0.000000	0.000000	0.000000	0.000000	0.000000	0.000000	1733433185.578447	0.000000
200.000000	87873.849317	18711.896981	187500.000000	187500.000000	86570.273229	102717.933383	112946.918660	133754.023463	-0.078000	0.774000	0.576000	192.000000	0.000000	0.000000	0.000000	0.000000	0.000000	0.000000	0.000000	0.000000	0.000000	1733433185.582549	0.000000
201.000000	87859.208925	18703.358615	187500.000000	187500.000000	86558.426804	102706.735159	112937.195651	133752.145916	-0.078000	0.774000	0.576000	192.000000	0.000000	0.000000	0.000000	0.000000	0.000000	0.000000	0.000000	0.000000	0.000000	1733433185.586629	0.000000
202.000000	87862.807556	18713.126327	187500.000000	187500.000000	86562.494822	102706.913973	112931.384198	133738.444297	-0.078000	0.774000	0.576000	192.000000	0.000000	0.000000	0.000000	0.000000	0.000000	0.000000	0.000000	0.000000	0.000000	1733433185.590634	0.000000
203.000000	87873.916373	18737.892060	187500.000000	187500.000000	86574.587116	102718.156900	112941.934221	133746.490925	-0.078000	0.774000	0.576000	192.000000	0.000000	0.000000	0.000000	0.000000	0.000000	0.000000	0.000000	0.000000	0.000000	1733433185.594553	0.000000
204.000000	87868.306085	18720.368292	187500.000000	187500.000000	86566.786357	102722.135511	112927.472642	133755.632789	-0.078000	0.774000	0.576000	192.000000	0.000000	0.000000	0.000000	0.000000	0.000000	0.000000	0.000000	0.000000	0.000000	1733433185.599505	0.000000
205.000000	87864.618047	18720.792976	187500.000000	187500.000000	86560.281999	102724.415389	112918.464889	133764.528783	-0.072000	0.774000	0.578000	192.000000	253.000000	192.000000	24.000000	48.000000	18.000000	16.000000	0.000000	0.000000	0.000000	1733433185.602785	0.000000
206.000000	87864.886268	18701.101089	187500.000000	187500.000000	86563.590057	102715.742912	112938.268535	133766.719254	-0.072000	0.774000	0.578000	192.000000	0.000000	0.000000	0.000000	0.000000	0.000000	0.000000	0.000000	0.000000	0.000000	1733433185.606471	0.000000
207.000000	87865.065082	18695.088469	187500.000000	187500.000000	86558.359749	102721.420255	112941.263669	133739.494829	-0.072000	0.774000	0.578000	192.000000	0.000000	0.000000	0.000000	0.000000	0.000000	0.000000	0.000000	0.000000	0.000000	1733433185.610467	0.000000
208.000000	87865.869745	18699.156487	187500.000000	187500.000000	86559.075005	102731.746761	112942.895346	133729.660062	-0.072000	0.774000	0.578000	192.000000	0.000000	0.000000	0.000000	0.000000	0.000000	0.000000	0.000000	0.000000	0.000000	1733433185.614468	0.000000
209.000000	87872.597620	18710.064138	187500.000000	187500.000000	86565.422900	102713.038351	112945.421093	133746.669739	-0.072000	0.774000	0.578000	192.000000	0.000000	0.000000	0.000000	0.000000	0.000000	0.000000	0.000000	0.000000	0.000000	1733433185.618504	0.000000
210.000000	87863.567515	18707.113708	187500.000000	187500.000000	86558.560915	102710.602011	112943.007105	133755.588085	-0.072000	0.774000	0.578000	192.000000	0.000000	0.000000	0.000000	0.000000	0.000000	0.000000	0.000000	0.000000	0.000000	1733433185.622502	0.000000
211.000000	87857.174916	18708.432461	187500.000000	187500.000000	86557.040996	102711.116101	112939.833157	133743.540495	-0.072000	0.774000	0.578000	192.000000	0.000000	0.000000	0.000000	0.000000	0.000000	0.000000	0.000000	0.000000	0.000000	1733433185.626512	0.000000
212.000000	87863.433404	18723.832813	187500.000000	187500.000000	86570.764967	102726.069418	112950.383180	133742.355852	-0.072000	0.774000	0.578000	192.000000	0.000000	0.000000	0.000000	0.000000	0.000000	0.000000	0.000000	0.000000	0.000000	1733433185.629697	0.000000
213.000000	87863.075776	18713.416900	187500.000000	187500.000000	86571.860203	102738.161711	112951.880747	133742.534666	-0.072000	0.774000	0.578000	192.000000	0.000000	0.000000	0.000000	0.000000	0.000000	0.000000	0.000000	0.000000	0.000000	1733433185.634605	0.000000
214.000000	87851.855201	18688.271187	187500.000000	187500.000000	86560.125537	102714.379455	112936.055712	133739.584236	-0.072000	0.774000	0.578000	192.000000	0.000000	0.000000	0.000000	0.000000	0.000000	0.000000	0.000000	0.000000	0.000000	1733433185.638772	0.000000
215.000000	87835.404317	18673.183760	187500.000000	187500.000000	86542.020624	102705.729330	112919.515421	133752.816469	-0.074000	0.776000	0.582000	192.000000	253.000000	176.000000	24.000000	64.000000	18.000000	48.000000	0.000000	0.000000	0.000000	1733433185.642711	0.000000
216.000000	87850.558800	18701.548124	187500.000000	187500.000000	86551.967150	102712.524261	112918.308427	133765.869888	-0.074000	0.776000	0.582000	192.000000	0.000000	0.000000	0.000000	0.000000	0.000000	0.000000	0.000000	0.000000	0.000000	1733433185.646638	0.000000
217.000000	87864.886268	18709.371234	187500.000000	187500.000000	86571.569630	102724.951831	112923.225811	133751.832992	-0.074000	0.776000	0.582000	192.000000	0.000000	0.000000	0.000000	0.000000	0.000000	0.000000	0.000000	0.000000	0.000000	1733433185.650582	0.000000
218.000000	87860.617085	18698.508286	187500.000000	187500.000000	86578.051636	102729.712752	112934.178166	133743.920475	-0.074000	0.776000	0.582000	192.000000	0.000000	0.000000	0.000000	0.000000	0.000000	0.000000	0.000000	0.000000	0.000000	1733433185.654537	0.000000
219.000000	87865.132137	18707.605446	187500.000000	187500.000000	86584.354828	102746.856540	112947.119826	133760.617228	-0.074000	0.776000	0.582000	192.000000	0.000000	0.000000	0.000000	0.000000	0.000000	0.000000	0.000000	0.000000	0.000000	1733433185.657583	0.000000
220.000000	87869.937762	18713.036920	187500.000000	187500.000000	86582.521985	102757.540674	112957.133407	133775.302324	-0.074000	0.776000	0.582000	192.000000	0.000000	0.000000	0.000000	0.000000	0.000000	0.000000	0.000000	0.000000	0.000000	1733433185.662544	0.000000
221.000000	87855.610294	18714.355673	187500.000000	187500.000000	86567.658075	102744.643717	112950.293773	133751.989454	-0.074000	0.776000	0.582000	192.000000	0.000000	0.000000	0.000000	0.000000	0.000000	0.000000	0.000000	0.000000	0.000000	1733433185.666588	0.000000
222.000000	87860.706492	18716.479089	187500.000000	187500.000000	86571.502575	102761.072250	112956.574614	133747.273236	-0.074000	0.776000	0.582000	192.000000	0.000000	0.000000	0.000000	0.000000	0.000000	0.000000	0.000000	0.000000	0.000000	1733433185.670578	0.000000
223.000000	87855.275018	18699.380004	187500.000000	187500.000000	86559.678502	102745.515435	112942.448311	133744.479268	-0.074000	0.776000	0.582000	192.000000	0.000000	0.000000	0.000000	0.000000	0.000000	0.000000	0.000000	0.000000	0.000000	1733433185.674778	0.000000
224.000000	87857.532544	18695.647263	187500.000000	187500.000000	86563.254781	102738.072304	112952.104265	133751.385957	-0.074000	0.776000	0.582000	192.000000	0.000000	0.000000	0.000000	0.000000	0.000000	0.000000	0.000000	0.000000	0.000000	1733433185.678800	0.000000
225.000000	87856.951398	18706.890190	187500.000000	187500.000000	86560.170240	102722.157862	112945.331686	133753.487021	-0.074000	0.774000	0.578000	192.000000	253.000000	176.000000	24.000000	48.000000	18.000000	16.000000	0.000000	0.000000	0.000000	1733433185.681837	0.000000
226.000000	87854.716224	18699.536467	187500.000000	187500.000000	86558.829136	102722.135511	112929.908983	133755.252809	-0.074000	0.774000	0.578000	192.000000	0.000000	0.000000	0.000000	0.000000	0.000000	0.000000	0.000000	0.000000	0.000000	1733433185.685956	0.000000
227.000000	87846.826058	18688.539408	187500.000000	187500.000000	86554.895229	102726.359990	112933.373503	133755.722196	-0.074000	0.774000	0.578000	192.000000	0.000000	0.000000	0.000000	0.000000	0.000000	0.000000	0.000000	0.000000	0.000000	1733433185.689767	0.000000
228.000000	87851.296407	18693.322682	187500.000000	187500.000000	86565.020569	102732.283203	112944.772893	133751.564771	-0.074000	0.774000	0.578000	192.000000	0.000000	0.000000	0.000000	0.000000	0.000000	0.000000	0.000000	0.000000	0.000000	1733433185.694580	0.000000
229.000000	87853.062195	18699.737632	187500.000000	187500.000000	86566.048749	102733.512549	112941.554241	133749.508411	-0.074000	0.774000	0.578000	192.000000	0.000000	0.000000	0.000000	0.000000	0.000000	0.000000	0.000000	0.000000	0.000000	1733433185.698618	0.000000
230.000000	87855.498535	18701.548124	187500.000000	187500.000000	86565.758177	102740.441589	112935.005180	133757.957370	-0.074000	0.774000	0.578000	192.000000	0.000000	0.000000	0.000000	0.000000	0.000000	0.000000	0.000000	0.000000	0.000000	1733433185.702640	0.000000
231.000000	87853.397471	18696.340167	187500.000000	187500.000000	86568.395682	102756.624252	112936.927430	133779.057417	-0.074000	0.774000	0.578000	192.000000	0.000000	0.000000	0.000000	0.000000	0.000000	0.000000	0.000000	0.000000	0.000000	1733433185.706627	0.000000
232.000000	87855.967922	18710.824097	187500.000000	187500.000000	86572.843680	102751.237482	112941.598945	133770.027312	-0.074000	0.774000	0.578000	192.000000	0.000000	0.000000	0.000000	0.000000	0.000000	0.000000	0.000000	0.000000	0.000000	1733433185.709652	0.000000
233.000000	87861.824079	18745.335191	187500.000000	187500.000000	86575.749406	102724.907127	112933.775834	133732.364623	-0.074000	0.774000	0.578000	192.000000	0.000000	0.000000	0.000000	0.000000	0.000000	0.000000	0.000000	0.000000	0.000000	1733433185.713642	0.000000
234.000000	87870.563611	18720.904734	187500.000000	187500.000000	86584.466587	102726.315287	112941.151910	133743.987530	-0.074000	0.774000	0.578000	192.000000	0.000000	0.000000	0.000000	0.000000	0.000000	0.000000	0.000000	0.000000	0.000000	1733433185.717880	0.000000
235.000000	87863.723977	18702.688063	187500.000000	187500.000000	86580.644438	102714.178290	112938.782625	133746.312111	-0.072000	0.768000	0.572000	192.000000	253.000000	192.000000	24.000000	0.000000	17.000000	224.000000	0.000000	0.000000	0.000000	1733433185.722727	0.000000
236.000000	87861.175878	18696.988368	187500.000000	187500.000000	86577.336380	102722.850767	112935.608677	133747.675568	-0.072000	0.768000	0.572000	192.000000	0.000000	0.000000	0.000000	0.000000	0.000000	0.000000	0.000000	0.000000	0.000000	1733433185.726901	0.000000
237.000000	87857.085509	18696.898961	187500.000000	187500.000000	86578.565726	102739.011078	112946.404570	133744.836896	-0.072000	0.768000	0.572000	192.000000	0.000000	0.000000	0.000000	0.000000	0.000000	0.000000	0.000000	0.000000	0.000000	1733433185.730975	0.000000
238.000000	87857.778413	18713.416900	187500.000000	187500.000000	86572.687217	102719.632115	112941.978925	133755.655140	-0.072000	0.768000	0.572000	192.000000	0.000000	0.000000	0.000000	0.000000	0.000000	0.000000	0.000000	0.000000	0.000000	1733433185.734872	0.000000
239.000000	87854.448003	18705.616141	187500.000000	187500.000000	86568.149813	102712.144281	112931.920640	133765.959295	-0.072000	0.768000	0.572000	192.000000	0.000000	0.000000	0.000000	0.000000	0.000000	0.000000	0.000000	0.000000	0.000000	1733433185.737964	0.000000
240.000000	87858.426614	18696.966016	187500.000000	187500.000000	86574.765930	102723.186043	112940.928393	133770.116719	-0.072000	0.768000	0.572000	192.000000	0.000000	0.000000	0.000000	0.000000	0.000000	0.000000	0.000000	0.000000	0.000000	1733433185.741741	0.000000
241.000000	87861.846431	18703.470374	187500.000000	187500.000000	86582.410226	102742.676764	112944.772893	133768.283876	-0.072000	0.768000	0.572000	192.000000	0.000000	0.000000	0.000000	0.000000	0.000000	0.000000	0.000000	0.000000	0.000000	1733433185.745691	0.000000
242.000000	87861.488803	18704.587961	187500.000000	187500.000000	86580.107996	102742.520302	112949.802035	133773.871812	-0.072000	0.768000	0.572000	192.000000	0.000000	0.000000	0.000000	0.000000	0.000000	0.000000	0.000000	0.000000	0.000000	1733433185.750966	0.000000
243.000000	87863.589867	18702.777469	187500.000000	187500.000000	86580.733845	102736.306517	112948.215061	133758.270294	-0.072000	0.768000	0.572000	192.000000	0.000000	0.000000	0.000000	0.000000	0.000000	0.000000	0.000000	0.000000	0.000000	1733433185.754695	0.000000
244.000000	87850.871724	18702.218676	187500.000000	187500.000000	86577.269325	102732.327906	112938.022666	133756.929190	-0.072000	0.768000	0.572000	192.000000	0.000000	0.000000	0.000000	0.000000	0.000000	0.000000	0.000000	0.000000	0.000000	1733433185.758730	0.000000
245.000000	87855.006797	18705.750252	187500.000000	187500.000000	86586.433540	102743.481427	112936.390988	133734.845666	-0.076000	0.766000	0.572000	192.000000	253.000000	160.000000	23.000000	240.000000	17.000000	224.000000	0.000000	0.000000	0.000000	1733433185.762727	0.000000
246.000000	87861.332340	18713.238086	187500.000000	187500.000000	86586.612354	102740.083961	112944.705837	133736.879675	-0.076000	0.766000	0.572000	192.000000	0.000000	0.000000	0.000000	0.000000	0.000000	0.000000	0.000000	0.000000	0.000000	1733433185.766038	0.000000
247.000000	87855.163259	18702.553952	187500.000000	187500.000000	86581.650267	102725.130644	112933.932297	133736.902027	-0.076000	0.766000	0.572000	192.000000	0.000000	0.000000	0.000000	0.000000	0.000000	0.000000	0.000000	0.000000	0.000000	1733433185.769901	0.000000
248.000000	87853.151602	18682.638548	187500.000000	187500.000000	86585.003029	102725.465921	112928.880802	133739.181905	-0.076000	0.766000	0.572000	192.000000	0.000000	0.000000	0.000000	0.000000	0.000000	0.000000	0.000000	0.000000	0.000000	1733433185.773813	0.000000
249.000000	87862.248762	18700.296426	187500.000000	187500.000000	86591.261517	102736.530034	112937.463872	133770.004960	-0.076000	0.766000	0.572000	192.000000	0.000000	0.000000	0.000000	0.000000	0.000000	0.000000	0.000000	0.000000	0.000000	1733433185.778252	0.000000
250.000000	87864.796861	18699.111783	187500.000000	187500.000000	86586.813520	102747.370630	112940.257840	133775.503489	-0.076000	0.766000	0.572000	192.000000	0.000000	0.000000	0.000000	0.000000	0.000000	0.000000	0.000000	0.000000	0.000000	1733433185.782773	0.000000
251.000000	87861.309989	18694.529676	187500.000000	187500.000000	86582.544337	102743.034392	112932.546488	133749.217838	-0.076000	0.766000	0.572000	192.000000	0.000000	0.000000	0.000000	0.000000	0.000000	0.000000	0.000000	0.000000	0.000000	1733433185.786796	0.000000
252.000000	87862.740500	18700.542295	187500.000000	187500.000000	86583.214889	102750.164598	112924.902192	133740.344195	-0.076000	0.766000	0.572000	192.000000	0.000000	0.000000	0.000000	0.000000	0.000000	0.000000	0.000000	0.000000	0.000000	1733433185.789764	0.000000
253.000000	87859.454794	18701.056385	187500.000000	187500.000000	86582.410226	102740.285127	112935.094587	133748.726100	-0.076000	0.766000	0.572000	192.000000	0.000000	0.000000	0.000000	0.000000	0.000000	0.000000	0.000000	0.000000	0.000000	1733433185.793768	0.000000
254.000000	87858.001930	18707.359577	187500.000000	187500.000000	86580.867956	102739.055781	112929.216078	133748.547286	-0.076000	0.766000	0.572000	192.000000	0.000000	0.000000	0.000000	0.000000	0.000000	0.000000	0.000000	0.000000	0.000000	1733433185.797769	0.000000
255.000000	87863.768681	18709.930028	187500.000000	187500.000000	86586.880575	102750.566930	112932.591192	133752.972931	-0.074000	0.768000	0.566000	192.000000	253.000000	176.000000	24.000000	0.000000	17.000000	176.000000	0.000000	0.000000	0.000000	1733433185.801804	0.000000
0.000000	87862.829907	18699.067080	187500.000000	187500.000000	86593.586098	102754.076154	112945.242279	133738.936036	-0.074000	0.768000	0.566000	192.000000	0.000000	0.000000	0.000000	0.000000	0.000000	0.000000	0.000000	0.000000	0.000000	1733433185.805802	0.000000
1.000000	87859.141869	18698.016548	187500.000000	187500.000000	86595.374238	102756.758363	112943.454140	133736.812620	-0.074000	0.768000	0.566000	192.000000	0.000000	0.000000	0.000000	0.000000	0.000000	0.000000	0.000000	0.000000	0.000000	1733433185.810834	0.000000
2.000000	87863.187535	18704.051519	187500.000000	187500.000000	86595.396590	102746.700078	112936.972134	133748.636693	-0.074000	0.768000	0.566000	192.000000	0.000000	0.000000	0.000000	0.000000	0.000000	0.000000	0.000000	0.000000	0.000000	1733433185.815161	0.000000
3.000000	87862.472279	18709.997083	187500.000000	187500.000000	86591.865014	102751.952738	112932.434730	133761.332483	-0.074000	0.768000	0.566000	192.000000	0.000000	0.000000	0.000000	0.000000	0.000000	0.000000	0.000000	0.000000	0.000000	1733433185.818081	0.000000
4.000000	87866.249724	18703.805650	187500.000000	187500.000000	86585.494767	102766.257854	112933.977000	133793.854272	-0.074000	0.768000	0.566000	192.000000	0.000000	0.000000	0.000000	0.000000	0.000000	0.000000	0.000000	0.000000	0.000000	1733433185.821929	0.000000
5.000000	87869.490727	18715.003874	187500.000000	187500.000000	86586.053561	102767.710718	112938.246183	133787.931059	-0.074000	0.768000	0.566000	192.000000	0.000000	0.000000	0.000000	0.000000	0.000000	0.000000	0.000000	0.000000	0.000000	1733433185.826017	0.000000
6.000000	87860.930009	18702.062214	187500.000000	187500.000000	86583.840738	102736.887662	112931.317142	133756.616265	-0.074000	0.768000	0.566000	192.000000	0.000000	0.000000	0.000000	0.000000	0.000000	0.000000	0.000000	0.000000	0.000000	1733433185.830064	0.000000
7.000000	87871.971771	18714.981522	187500.000000	187500.000000	86593.586098	102752.399773	112942.917698	133743.585198	-0.074000	0.768000	0.566000	192.000000	0.000000	0.000000	0.000000	0.000000	0.000000	0.000000	0.000000	0.000000	0.000000	1733433185.833911	0.000000
8.000000	87875.458643	18720.412996	187500.000000	187500.000000	86600.135160	102772.069308	112958.630974	133744.971007	-0.074000	0.768000	0.566000	192.000000	0.000000	0.000000	0.000000	0.000000	0.000000	0.000000	0.000000	0.000000	0.000000	1733433185.840538	0.000000
9.000000	87870.876535	18707.001949	187500.000000	187500.000000	86592.177938	102761.988671	112956.060524	133757.443280	-0.080000	0.770000	0.578000	192.000000	253.000000	128.000000	24.000000	16.000000	18.000000	16.000000	0.000000	0.000000	0.000000	1733433185.842853	0.000000
10.000000	87866.048558	18698.798859	187500.000000	187500.000000	86593.429636	102767.151924	112950.718457	133774.140033	-0.080000	0.770000	0.578000	192.000000	0.000000	0.000000	0.000000	0.000000	0.000000	0.000000	0.000000	0.000000	0.000000	1733433185.845843	0.000000
11.000000	87858.471317	18693.434440	187500.000000	187500.000000	86585.919450	102760.044069	112928.322009	133758.046777	-0.080000	0.770000	0.578000	192.000000	0.000000	0.000000	0.000000	0.000000	0.000000	0.000000	0.000000	0.000000	0.000000	1733433185.849865	0.000000
12.000000	87855.409128	18701.123440	187500.000000	187500.000000	86582.745502	102746.364802	112924.790433	133744.143992	-0.080000	0.770000	0.578000	192.000000	0.000000	0.000000	0.000000	0.000000	0.000000	0.000000	0.000000	0.000000	0.000000	1733433185.853862	0.000000
13.000000	87858.739538	18703.448022	187500.000000	187500.000000	86594.010782	102759.887607	112953.065390	133773.156556	-0.080000	0.770000	0.578000	192.000000	0.000000	0.000000	0.000000	0.000000	0.000000	0.000000	0.000000	0.000000	0.000000	1733433185.857917	0.000000
14.000000	87865.735634	18710.287656	187500.000000	187500.000000	86597.005915	102762.659223	112959.770913	133769.736739	-0.080000	0.770000	0.578000	192.000000	0.000000	0.000000	0.000000	0.000000	0.000000	0.000000	0.000000	0.000000	0.000000	1733433185.861884	0.000000
15.000000	87870.027169	18720.457699	187500.000000	187500.000000	86601.990354	102771.868142	112953.221852	133751.028329	-0.080000	0.770000	0.578000	192.000000	0.000000	0.000000	0.000000	0.000000	0.000000	0.000000	0.000000	0.000000	0.000000	1733433185.867240	0.000000
16.000000	87865.176840	18717.127289	187500.000000	187500.000000	86598.391723	102762.994500	112948.036247	133750.156611	-0.080000	0.770000	0.578000	192.000000	0.000000	0.000000	0.000000	0.000000	0.000000	0.000000	0.000000	0.000000	0.000000	1733433185.871101	0.000000
17.000000	87859.432442	18711.248781	187500.000000	187500.000000	86595.642459	102752.086848	112955.233509	133746.937960	-0.080000	0.770000	0.578000	192.000000	0.000000	0.000000	0.000000	0.000000	0.000000	0.000000	0.000000	0.000000	0.000000	1733433185.874125	0.000000
18.000000	87856.861992	18687.041841	187500.000000	187500.000000	86588.467549	102737.044124	112943.498843	133762.383015	-0.080000	0.770000	0.578000	192.000000	0.000000	0.000000	0.000000	0.000000	0.000000	0.000000	0.000000	0.000000	0.000000	1733433185.878141	0.000000
19.000000	87841.238122	18681.610367	187500.000000	187500.000000	86580.867956	102756.959529	112935.161642	133754.604608	-0.078000	0.768000	0.582000	192.000000	253.000000	144.000000	24.000000	0.000000	18.000000	48.000000	0.000000	0.000000	0.000000	1733433185.882082	0.000000
20.000000	87841.282826	18691.892170	187500.000000	187500.000000	86588.065218	102768.761250	112952.126616	133751.028329	-0.078000	0.768000	0.582000	192.000000	0.000000	0.000000	0.000000	0.000000	0.000000	0.000000	0.000000	0.000000	0.000000	1733433185.886090	0.000000
21.000000	87848.837715	18692.473315	187500.000000	187500.000000	86591.865014	102777.612540	112969.136294	133759.566696	-0.078000	0.768000	0.582000	192.000000	0.000000	0.000000	0.000000	0.000000	0.000000	0.000000	0.000000	0.000000	0.000000	1733433185.889931	0.000000
22.000000	87858.426614	18697.860086	187500.000000	187500.000000	86602.973831	102765.699061	112970.276233	133768.417986	-0.078000	0.768000	0.582000	192.000000	0.000000	0.000000	0.000000	0.000000	0.000000	0.000000	0.000000	0.000000	0.000000	1733433185.894968	0.000000
23.000000	87860.304160	18706.376100	187500.000000	187500.000000	86604.672564	102733.579604	112976.780591	133779.705617	-0.078000	0.768000	0.582000	192.000000	0.000000	0.000000	0.000000	0.000000	0.000000	0.000000	0.000000	0.000000	0.000000	1733433185.897921	0.000000
24.000000	87863.455756	18708.007778	187500.000000	187500.000000	86597.497654	102736.932366	112975.528893	133784.019504	-0.078000	0.768000	0.582000	192.000000	0.000000	0.000000	0.000000	0.000000	0.000000	0.000000	0.000000	0.000000	0.000000	1733433185.900944	0.000000
25.000000	87862.271114	18710.242952	187500.000000	187500.000000	86596.268308	102745.135456	112971.863207	133791.797911	-0.078000	0.768000	0.582000	192.000000	0.000000	0.000000	0.000000	0.000000	0.000000	0.000000	0.000000	0.000000	0.000000	1733433185.905944	0.000000
26.000000	87853.643340	18716.300275	187500.000000	187500.000000	86603.912604	102753.517360	112976.177094	133760.751338	-0.078000	0.768000	0.582000	192.000000	0.000000	0.000000	0.000000	0.000000	0.000000	0.000000	0.000000	0.000000	0.000000	1733433185.910004	0.000000
27.000000	87860.438271	18709.326531	187500.000000	187500.000000	86607.064200	102776.785526	112961.804922	133755.610437	-0.078000	0.768000	0.582000	192.000000	0.000000	0.000000	0.000000	0.000000	0.000000	0.000000	0.000000	0.000000	0.000000	1733433185.914416	0.000000
28.000000	87858.851297	18686.393641	187500.000000	187500.000000	86605.946613	102802.154756	112970.365640	133766.227515	-0.078000	0.768000	0.582000	192.000000	0.000000	0.000000	0.000000	0.000000	0.000000	0.000000	0.000000	0.000000	0.000000	1733433185.918240	0.000000
29.000000	87847.161334	18692.585074	187500.000000	187500.000000	86597.899985	102764.782639	112982.502637	133759.410233	-0.074000	0.768000	0.574000	192.000000	253.000000	176.000000	24.000000	0.000000	17.000000	240.000000	0.000000	0.000000	0.000000	1733433185.921984	0.000000
30.000000	87860.214753	18708.141888	187500.000000	187500.000000	86600.693953	102748.175293	112985.028384	133763.254733	-0.074000	0.768000	0.574000	192.000000	0.000000	0.000000	0.000000	0.000000	0.000000	0.000000	0.000000	0.000000	0.000000	1733433185.926064	0.000000
31.000000	87865.355654	18700.095260	187500.000000	187500.000000	86610.484017	102757.205398	112989.588140	133771.323713	-0.074000	0.768000	0.574000	192.000000	0.000000	0.000000	0.000000	0.000000	0.000000	0.000000	0.000000	0.000000	0.000000	1733433185.930125	0.000000
32.000000	87856.526715	18714.512135	187500.000000	187500.000000	86616.608395	102819.991448	112991.331576	133760.974856	-0.074000	0.768000	0.574000	192.000000	0.000000	0.000000	0.000000	0.000000	0.000000	0.000000	0.000000	0.000000	0.000000	1733433185.934171	0.000000
33.000000	87851.676387	18713.036920	187500.000000	187500.000000	86609.187616	102855.754239	112982.145009	133756.482155	-0.074000	0.768000	0.574000	192.000000	0.000000	0.000000	0.000000	0.000000	0.000000	0.000000	0.000000	0.000000	0.000000	1733433185.938169	0.000000
34.000000	87852.369291	18719.608333	187500.000000	187500.000000	86603.957308	102769.252988	112982.592044	133771.055492	-0.074000	0.768000	0.574000	192.000000	0.000000	0.000000	0.000000	0.000000	0.000000	0.000000	0.000000	0.000000	0.000000	1733433185.942005	0.000000
35.000000	87848.301273	18715.652074	187500.000000	187500.000000	86603.085590	102752.042145	112960.866149	133777.604553	-0.074000	0.768000	0.574000	192.000000	0.000000	0.000000	0.000000	0.000000	0.000000	0.000000	0.000000	0.000000	0.000000	1733433185.945994	0.000000
36.000000	87843.674462	18700.229371	187500.000000	187500.000000	86604.404343	102746.968299	112974.277195	133793.496644	-0.074000	0.768000	0.574000	192.000000	0.000000	0.000000	0.000000	0.000000	0.000000	0.000000	0.000000	0.000000	0.000000	1733433185.950002	0.000000
37.000000	87851.542276	18706.264342	187500.000000	187500.000000	86609.791113	102729.511586	112979.418096	133778.923306	-0.074000	0.768000	0.574000	192.000000	0.000000	0.000000	0.000000	0.000000	0.000000	0.000000	0.000000	0.000000	0.000000	1733433185.954023	0.000000
38.000000	87850.245875	18703.135097	187500.000000	187500.000000	86608.271194	102728.617517	112973.181960	133754.336387	-0.074000	0.768000	0.574000	192.000000	0.000000	0.000000	0.000000	0.000000	0.000000	0.000000	0.000000	0.000000	0.000000	1733433185.957018	0.000000
39.000000	87841.439288	18703.246856	187500.000000	187500.000000	86592.803787	102730.472711	112950.047904	133756.660969	-0.072000	0.772000	0.582000	192.000000	253.000000	192.000000	24.000000	32.000000	18.000000	48.000000	0.000000	0.000000	0.000000	1733433185.962014	0.000000
40.000000	87841.640454	18699.044728	187500.000000	187500.000000	86586.679409	102742.341488	112942.157738	133744.076937	-0.072000	0.772000	0.582000	192.000000	0.000000	0.000000	0.000000	0.000000	0.000000	0.000000	0.000000	0.000000	0.000000	1733433185.966038	0.000000
41.000000	87841.551047	18687.310062	187500.000000	187500.000000	86587.819348	102746.677726	112950.047904	133746.714443	-0.072000	0.772000	0.582000	192.000000	0.000000	0.000000	0.000000	0.000000	0.000000	0.000000	0.000000	0.000000	0.000000	1733433185.970106	0.000000
42.000000	87836.387794	18694.932007	187500.000000	187500.000000	86589.182805	102737.558214	112934.893422	133736.320881	-0.072000	0.772000	0.582000	192.000000	0.000000	0.000000	0.000000	0.000000	0.000000	0.000000	0.000000	0.000000	0.000000	1733433185.974327	0.000000
43.000000	87847.563666	18715.786185	187500.000000	187500.000000	86596.760046	102760.334642	112952.216023	133745.820373	-0.072000	0.772000	0.582000	192.000000	0.000000	0.000000	0.000000	0.000000	0.000000	0.000000	0.000000	0.000000	0.000000	1733433185.978375	0.000000
44.000000	87846.535486	18703.872705	187500.000000	187500.000000	86599.174034	102747.124761	112965.247090	133754.761071	-0.072000	0.772000	0.582000	192.000000	0.000000	0.000000	0.000000	0.000000	0.000000	0.000000	0.000000	0.000000	0.000000	1733433185.982272	0.000000
45.000000	87839.807610	18722.625819	187500.000000	187500.000000	86593.742561	102747.236520	112962.117846	133773.424777	-0.072000	0.772000	0.582000	192.000000	0.000000	0.000000	0.000000	0.000000	0.000000	0.000000	0.000000	0.000000	0.000000	1733433185.987386	0.000000
46.000000	87830.956320	18689.031147	187500.000000	187500.000000	86585.405360	102720.257964	112952.596003	133779.303286	-0.072000	0.772000	0.582000	192.000000	0.000000	0.000000	0.000000	0.000000	0.000000	0.000000	0.000000	0.000000	0.000000	1733433185.991082	0.000000
47.000000	87830.419878	18672.423801	187500.000000	187500.000000	86594.591927	102744.666069	112955.054695	133752.034158	-0.072000	0.772000	0.582000	192.000000	0.000000	0.000000	0.000000	0.000000	0.000000	0.000000	0.000000	0.000000	0.000000	1733433185.995070	0.000000
48.000000	87830.598692	18681.766830	187500.000000	187500.000000	86599.464607	102757.384212	112960.486169	133764.037045	-0.072000	0.772000	0.582000	192.000000	0.000000	0.000000	0.000000	0.000000	0.000000	0.000000	0.000000	0.000000	0.000000	1733433185.998070	0.000000
49.000000	87837.751250	18699.670577	187500.000000	187500.000000	86599.509311	102741.268604	112961.112018	133749.843687	-0.078000	0.772000	0.576000	192.000000	253.000000	144.000000	24.000000	32.000000	18.000000	0.000000	0.000000	0.000000	0.000000	1733433186.004185	0.000000
50.000000	87826.463619	18703.224504	187500.000000	187500.000000	86585.248898	102722.090807	112949.645573	133740.992396	-0.078000	0.772000	0.576000	192.000000	0.000000	0.000000	0.000000	0.000000	0.000000	0.000000	0.000000	0.000000	0.000000	1733433186.007104	0.000000
51.000000	87814.885415	18686.080716	187500.000000	187500.000000	86574.408302	102725.130644	112938.737922	133747.675568	-0.078000	0.772000	0.576000	192.000000	0.000000	0.000000	0.000000	0.000000	0.000000	0.000000	0.000000	0.000000	0.000000	1733433186.010112	0.000000
52.000000	87818.148770	18675.374231	187500.000000	187500.000000	86576.732883	102741.894453	112950.830215	133739.852457	-0.078000	0.772000	0.576000	192.000000	0.000000	0.000000	0.000000	0.000000	0.000000	0.000000	0.000000	0.000000	0.000000	1733433186.013112	0.000000
53.000000	87820.048668	18687.958263	187500.000000	187500.000000	86583.706627	102755.126686	112951.053733	133730.352966	-0.078000	0.772000	0.576000	192.000000	0.000000	0.000000	0.000000	0.000000	0.000000	0.000000	0.000000	0.000000	0.000000	1733433186.017132	0.000000
54.000000	87828.296462	18696.809554	187500.000000	187500.000000	86589.942764	102744.509607	112948.080951	133742.758184	-0.078000	0.772000	0.576000	192.000000	0.000000	0.000000	0.000000	0.000000	0.000000	0.000000	0.000000	0.000000	0.000000	1733433186.022123	0.000000
55.000000	87831.403355	18695.513153	187500.000000	187500.000000	86598.794055	102758.725316	112960.150893	133752.257675	-0.078000	0.772000	0.576000	192.000000	0.000000	0.000000	0.000000	0.000000	0.000000	0.000000	0.000000	0.000000	0.000000	1733433186.026131	0.000000
56.000000	87828.967014	18696.429574	187500.000000	187500.000000	86607.555939	102760.759325	112960.262651	133756.415100	-0.078000	0.772000	0.576000	192.000000	0.000000	0.000000	0.000000	0.000000	0.000000	0.000000	0.000000	0.000000	0.000000	1733433186.030326	0.000000
57.000000	87827.692965	18692.339205	187500.000000	187500.000000	86605.611337	102741.737991	112948.058599	133747.094422	-0.078000	0.772000	0.576000	192.000000	0.000000	0.000000	0.000000	0.000000	0.000000	0.000000	0.000000	0.000000	0.000000	1733433186.033280	0.000000
58.000000	87826.553026	18688.762926	187500.000000	187500.000000	86597.832930	102727.768150	112939.967268	133745.216876	-0.078000	0.772000	0.576000	192.000000	0.000000	0.000000	0.000000	0.000000	0.000000	0.000000	0.000000	0.000000	0.000000	1733433186.037276	0.000000
59.000000	87820.562759	18686.036013	187500.000000	187500.000000	86585.986505	102725.689438	112936.636858	133753.710539	-0.070000	0.772000	0.570000	192.000000	253.000000	208.000000	24.000000	32.000000	17.000000	208.000000	0.000000	0.000000	0.000000	1733433186.041429	0.000000
60.000000	87822.485009	18695.624911	187500.000000	187500.000000	86582.186709	102719.185080	112936.569802	133740.277140	-0.070000	0.772000	0.570000	192.000000	0.000000	0.000000	0.000000	0.000000	0.000000	0.000000	0.000000	0.000000	0.000000	1733433186.045333	0.000000
61.000000	87821.278014	18699.603522	187500.000000	187500.000000	86582.857261	102724.728313	112940.637820	133734.085707	-0.070000	0.772000	0.570000	192.000000	0.000000	0.000000	0.000000	0.000000	0.000000	0.000000	0.000000	0.000000	0.000000	1733433186.050169	0.000000
62.000000	87816.248872	18668.534597	187500.000000	187500.000000	86583.259592	102736.462979	112933.373503	133744.345158	-0.070000	0.772000	0.570000	192.000000	0.000000	0.000000	0.000000	0.000000	0.000000	0.000000	0.000000	0.000000	0.000000	1733433186.054246	0.000000
63.000000	87809.811569	18667.707582	187500.000000	187500.000000	86580.465624	102728.550461	112931.183032	133767.725082	-0.070000	0.772000	0.570000	192.000000	0.000000	0.000000	0.000000	0.000000	0.000000	0.000000	0.000000	0.000000	0.000000	1733433186.058182	0.000000
64.000000	87817.634680	18680.023394	187500.000000	187500.000000	86584.980677	102716.279354	112936.525099	133753.755242	-0.070000	0.772000	0.570000	192.000000	0.000000	0.000000	0.000000	0.000000	0.000000	0.000000	0.000000	0.000000	0.000000	1733433186.061180	0.000000
65.000000	87828.117648	18707.180763	187500.000000	187500.000000	86598.034096	102716.234650	112933.842890	133743.696957	-0.070000	0.772000	0.570000	192.000000	0.000000	0.000000	0.000000	0.000000	0.000000	0.000000	0.000000	0.000000	0.000000	1733433186.065197	0.000000
66.000000	87830.911616	18696.831905	187500.000000	187500.000000	86606.460703	102726.158825	112946.538680	133730.352966	-0.070000	0.772000	0.570000	192.000000	0.000000	0.000000	0.000000	0.000000	0.000000	0.000000	0.000000	0.000000	0.000000	1733433186.069218	0.000000
67.000000	87813.365497	18663.281937	187500.000000	187500.000000	86596.044790	102706.556345	112934.379331	133721.993413	-0.070000	0.772000	0.570000	192.000000	0.000000	0.000000	0.000000	0.000000	0.000000	0.000000	0.000000	0.000000	0.000000	1733433186.073208	0.000000
68.000000	87818.729915	18669.830998	187500.000000	187500.000000	86594.770741	102692.899429	112909.859468	133733.526913	-0.070000	0.772000	0.570000	192.000000	0.000000	0.000000	0.000000	0.000000	0.000000	0.000000	0.000000	0.000000	0.000000	1733433186.077201	0.000000
69.000000	87835.001985	18694.730841	187500.000000	187500.000000	86604.650212	102712.032522	112929.797224	133757.912667	-0.070000	0.774000	0.566000	192.000000	253.000000	208.000000	24.000000	48.000000	17.000000	176.000000	0.000000	0.000000	0.000000	1733433186.082286	0.000000
70.000000	87833.727936	18693.836772	187500.000000	187500.000000	86600.738657	102732.082037	112939.967268	133753.151745	-0.070000	0.774000	0.566000	192.000000	0.000000	0.000000	0.000000	0.000000	0.000000	0.000000	0.000000	0.000000	0.000000	1733433186.086368	0.000000
71.000000	87828.229407	18691.847466	187500.000000	187500.000000	86594.144892	102768.336566	112932.255916	133745.485097	-0.070000	0.774000	0.566000	192.000000	0.000000	0.000000	0.000000	0.000000	0.000000	0.000000	0.000000	0.000000	0.000000	1733433186.089686	0.000000
72.000000	87820.965090	18678.883455	187500.000000	187500.000000	86594.547223	102734.496025	112948.013896	133744.658082	-0.070000	0.774000	0.566000	192.000000	0.000000	0.000000	0.000000	0.000000	0.000000	0.000000	0.000000	0.000000	0.000000	1733433186.093215	0.000000
73.000000	87818.618157	18668.959280	187500.000000	187500.000000	86587.238203	102709.685589	112942.470663	133731.917588	-0.070000	0.774000	0.566000	192.000000	0.000000	0.000000	0.000000	0.000000	0.000000	0.000000	0.000000	0.000000	0.000000	1733433186.097470	0.000000
74.000000	87816.673555	18680.604539	187500.000000	187500.000000	86585.427712	102705.215240	112934.513442	133719.758239	-0.070000	0.774000	0.566000	192.000000	0.000000	0.000000	0.000000	0.000000	0.000000	0.000000	0.000000	0.000000	0.000000	1733433186.102010	0.000000
75.000000	87808.068133	18673.988423	187500.000000	187500.000000	86583.863090	102695.782804	112931.384198	133738.980739	-0.070000	0.774000	0.566000	192.000000	0.000000	0.000000	0.000000	0.000000	0.000000	0.000000	0.000000	0.000000	0.000000	1733433186.105699	0.000000
76.000000	87824.094334	18696.384871	187500.000000	187500.000000	86597.341191	102713.552441	112947.052771	133748.480230	-0.070000	0.774000	0.566000	192.000000	0.000000	0.000000	0.000000	0.000000	0.000000	0.000000	0.000000	0.000000	0.000000	1733433186.110533	0.000000
77.000000	87822.194436	18703.805650	187500.000000	187500.000000	86596.447122	102709.685589	112948.595041	133742.668777	-0.070000	0.774000	0.566000	192.000000	0.000000	0.000000	0.000000	0.000000	0.000000	0.000000	0.000000	0.000000	0.000000	1733433186.114261	0.000000
78.000000	87815.667726	18679.039917	187500.000000	187500.000000	86592.379104	102703.225935	112934.759311	133746.356815	-0.070000	0.774000	0.566000	192.000000	0.000000	0.000000	0.000000	0.000000	0.000000	0.000000	0.000000	0.000000	0.000000	1733433186.117456	0.000000
79.000000	87813.924290	18666.947623	187500.000000	187500.000000	86588.445197	102714.602973	112925.170413	133748.793155	-0.070000	0.774000	0.566000	192.000000	0.000000	0.000000	0.000000	0.000000	0.000000	0.000000	0.000000	0.000000	0.000000	1733433186.121274	0.000000
80.000000	87812.538482	18668.713411	187500.000000	187500.000000	86585.517119	102737.066476	112931.831233	133709.588195	-0.068000	0.778000	0.564000	192.000000	253.000000	224.000000	24.000000	80.000000	17.000000	160.000000	0.000000	0.000000	0.000000	1733433186.125287	0.000000
81.000000	87812.694944	18669.093391	187500.000000	187500.000000	86588.355790	102699.292028	112928.836099	133710.884596	-0.068000	0.778000	0.564000	192.000000	0.000000	0.000000	0.000000	0.000000	0.000000	0.000000	0.000000	0.000000	0.000000	1733433186.129440	0.000000
82.000000	87817.835846	18670.456847	187500.000000	187500.000000	86589.294563	102683.891676	112918.219020	133734.868018	-0.068000	0.778000	0.564000	192.000000	0.000000	0.000000	0.000000	0.000000	0.000000	0.000000	0.000000	0.000000	0.000000	1733433186.133276	0.000000
83.000000	87826.754192	18674.211940	187500.000000	187500.000000	86601.163340	102709.439720	112930.244259	133742.646425	-0.068000	0.778000	0.564000	192.000000	0.000000	0.000000	0.000000	0.000000	0.000000	0.000000	0.000000	0.000000	0.000000	1733433186.138328	0.000000
84.000000	87823.379078	18678.995213	187500.000000	187500.000000	86597.944689	102705.885792	112936.592154	133735.180942	-0.068000	0.778000	0.564000	192.000000	0.000000	0.000000	0.000000	0.000000	0.000000	0.000000	0.000000	0.000000	0.000000	1733433186.141316	0.000000
85.000000	87821.099200	18684.918426	187500.000000	187500.000000	86585.494767	102699.895525	112928.903154	133723.245111	-0.068000	0.778000	0.564000	192.000000	0.000000	0.000000	0.000000	0.000000	0.000000	0.000000	0.000000	0.000000	0.000000	1733433186.145294	0.000000
86.000000	87818.394639	18685.477219	187500.000000	187500.000000	86575.749406	102695.536935	112922.376445	133729.011861	-0.068000	0.778000	0.564000	192.000000	0.000000	0.000000	0.000000	0.000000	0.000000	0.000000	0.000000	0.000000	0.000000	1733433186.149392	0.000000
87.000000	87824.094334	18682.772658	187500.000000	187500.000000	86569.490918	102704.432929	112929.484299	133715.958442	-0.068000	0.778000	0.564000	192.000000	0.000000	0.000000	0.000000	0.000000	0.000000	0.000000	0.000000	0.000000	0.000000	1733433186.153351	0.000000
88.000000	87822.797933	18658.878643	187500.000000	187500.000000	86562.316008	102682.081185	112914.329817	133716.114904	-0.068000	0.778000	0.564000	192.000000	0.000000	0.000000	0.000000	0.000000	0.000000	0.000000	0.000000	0.000000	0.000000	1733433186.157336	0.000000
89.000000	87808.068133	18642.695980	187500.000000	187500.000000	86556.728072	102663.663347	112905.053843	133705.341364	-0.068000	0.778000	0.564000	192.000000	0.000000	0.000000	0.000000	0.000000	0.000000	0.000000	0.000000	0.000000	0.000000	1733433186.161597	0.000000
90.000000	87801.563776	18643.612402	187500.000000	187500.000000	86559.164412	102655.482609	112924.477509	133707.464779	-0.074000	0.770000	0.566000	192.000000	253.000000	176.000000	24.000000	16.000000	17.000000	176.000000	0.000000	0.000000	0.000000	1733433186.166488	0.000000
91.000000	87794.746494	18646.920460	187500.000000	187500.000000	86557.532735	102655.907292	112918.554296	133707.822407	-0.074000	0.770000	0.566000	192.000000	0.000000	0.000000	0.000000	0.000000	0.000000	0.000000	0.000000	0.000000	0.000000	1733433186.169563	0.000000
92.000000	87794.813549	18650.988478	187500.000000	187500.000000	86556.750424	102660.757620	112912.318160	133711.689259	-0.074000	0.770000	0.566000	192.000000	0.000000	0.000000	0.000000	0.000000	0.000000	0.000000	0.000000	0.000000	0.000000	1733433186.173393	0.000000
93.000000	87800.625002	18649.155635	187500.000000	187500.000000	86561.310179	102677.186153	112920.051863	133720.853474	-0.074000	0.770000	0.566000	192.000000	0.000000	0.000000	0.000000	0.000000	0.000000	0.000000	0.000000	0.000000	0.000000	1733433186.177518	0.000000
94.000000	87802.234328	18651.927251	187500.000000	187500.000000	86564.729996	102704.030598	112930.132500	133729.883579	-0.074000	0.770000	0.566000	192.000000	0.000000	0.000000	0.000000	0.000000	0.000000	0.000000	0.000000	0.000000	0.000000	1733433186.181341	0.000000
95.000000	87804.223633	18665.785332	187500.000000	187500.000000	86565.936990	102692.139470	112934.535794	133731.962291	-0.074000	0.770000	0.566000	192.000000	0.000000	0.000000	0.000000	0.000000	0.000000	0.000000	0.000000	0.000000	0.000000	1733433186.185494	0.000000
96.000000	87804.760075	18652.731914	187500.000000	187500.000000	86564.148851	102657.717783	112930.244259	133717.277195	-0.074000	0.770000	0.566000	192.000000	0.000000	0.000000	0.000000	0.000000	0.000000	0.000000	0.000000	0.000000	0.000000	1733433186.189425	0.000000
97.000000	87798.792159	18635.185794	187500.000000	187500.000000	86558.337397	102648.195940	112925.259820	133721.680489	-0.074000	0.770000	0.566000	192.000000	0.000000	0.000000	0.000000	0.000000	0.000000	0.000000	0.000000	0.000000	0.000000	1733433186.193421	0.000000
98.000000	87790.253793	18636.951582	187500.000000	187500.000000	86551.184839	102649.402934	112919.046035	133726.709631	-0.074000	0.770000	0.566000	192.000000	0.000000	0.000000	0.000000	0.000000	0.000000	0.000000	0.000000	0.000000	0.000000	1733433186.197427	0.000000
99.000000	87789.292668	18634.805815	187500.000000	187500.000000	86547.541505	102659.461219	112919.761291	133748.077899	-0.074000	0.770000	0.566000	192.000000	0.000000	0.000000	0.000000	0.000000	0.000000	0.000000	0.000000	0.000000	0.000000	1733433186.200426	0.000000
100.000000	87799.485063	18635.677533	187500.000000	187500.000000	86550.179011	102649.961728	112916.386177	133728.296605	-0.078000	0.774000	0.574000	192.000000	253.000000	144.000000	24.000000	48.000000	17.000000	240.000000	0.000000	0.000000	0.000000	1733433186.205417	0.000000
101.000000	87803.486026	18649.647373	187500.000000	187500.000000	86559.320874	102667.261978	112904.852677	133703.463817	-0.078000	0.774000	0.574000	192.000000	0.000000	0.000000	0.000000	0.000000	0.000000	0.000000	0.000000	0.000000	0.000000	1733433186.209435	0.000000
102.000000	87810.079790	18658.923347	187500.000000	187500.000000	86567.501613	102688.429080	112927.830270	133706.950689	-0.078000	0.774000	0.574000	192.000000	0.000000	0.000000	0.000000	0.000000	0.000000	0.000000	0.000000	0.000000	0.000000	1733433186.213422	0.000000
103.000000	87821.814456	18683.465562	187500.000000	187500.000000	86575.503537	102688.451432	112947.678619	133718.126561	-0.078000	0.774000	0.574000	192.000000	0.000000	0.000000	0.000000	0.000000	0.000000	0.000000	0.000000	0.000000	0.000000	1733433186.217427	0.000000
104.000000	87814.326622	18654.788274	187500.000000	187500.000000	86569.379159	102680.762432	112943.118863	133712.225701	-0.078000	0.774000	0.574000	192.000000	0.000000	0.000000	0.000000	0.000000	0.000000	0.000000	0.000000	0.000000	0.000000	1733433186.221441	0.000000
105.000000	87802.591956	18627.854422	187500.000000	187500.000000	86566.316970	102655.281443	112927.204421	133713.477399	-0.078000	0.774000	0.574000	192.000000	0.000000	0.000000	0.000000	0.000000	0.000000	0.000000	0.000000	0.000000	0.000000	1733433186.225533	0.000000
106.000000	87803.709543	18641.131358	187500.000000	187500.000000	86571.212002	102672.559341	112931.205384	133738.287835	-0.078000	0.774000	0.574000	192.000000	0.000000	0.000000	0.000000	0.000000	0.000000	0.000000	0.000000	0.000000	0.000000	1733433186.229578	0.000000
107.000000	87806.727029	18630.648390	187500.000000	187500.000000	86578.990409	102684.897504	112934.960477	133723.915663	-0.078000	0.774000	0.574000	192.000000	0.000000	0.000000	0.000000	0.000000	0.000000	0.000000	0.000000	0.000000	0.000000	1733433186.233697	0.000000
108.000000	87806.123532	18629.575506	187500.000000	187500.000000	86572.731921	102656.019051	112922.398796	133738.444297	-0.078000	0.774000	0.574000	192.000000	0.000000	0.000000	0.000000	0.000000	0.000000	0.000000	0.000000	0.000000	0.000000	1733433186.237679	0.000000
109.000000	87814.818360	18644.305306	187500.000000	187500.000000	86578.990409	102667.150219	112930.445424	133730.263559	-0.078000	0.774000	0.574000	192.000000	0.000000	0.000000	0.000000	0.000000	0.000000	0.000000	0.000000	0.000000	0.000000	1733433186.241455	0.000000
110.000000	87805.832959	18653.983611	187500.000000	187500.000000	86571.793148	102680.628321	112935.005180	133713.276233	-0.070000	0.770000	0.578000	192.000000	253.000000	208.000000	24.000000	16.000000	18.000000	16.000000	0.000000	0.000000	0.000000	1733433186.245471	0.000000
111.000000	87809.900976	18658.163388	187500.000000	187500.000000	86574.542412	102688.786708	112937.106244	133715.712573	-0.070000	0.770000	0.578000	192.000000	0.000000	0.000000	0.000000	0.000000	0.000000	0.000000	0.000000	0.000000	0.000000	1733433186.250578	0.000000
112.000000	87812.605537	18649.669725	187500.000000	187500.000000	86577.336380	102677.610836	112934.044055	133711.890425	-0.070000	0.770000	0.578000	192.000000	0.000000	0.000000	0.000000	0.000000	0.000000	0.000000	0.000000	0.000000	0.000000	1733433186.253470	0.000000
113.000000	87811.197378	18635.275201	187500.000000	187500.000000	86574.475357	102696.520412	112942.738884	133709.342326	-0.070000	0.770000	0.578000	192.000000	0.000000	0.000000	0.000000	0.000000	0.000000	0.000000	0.000000	0.000000	0.000000	1733433186.256492	0.000000
114.000000	87802.100218	18628.457919	187500.000000	187500.000000	86567.211040	102689.501964	112938.827329	133707.710649	-0.070000	0.770000	0.578000	192.000000	0.000000	0.000000	0.000000	0.000000	0.000000	0.000000	0.000000	0.000000	0.000000	1733433186.261471	0.000000
115.000000	87807.196415	18641.488986	187500.000000	187500.000000	86559.678502	102674.682757	112926.288000	133703.285003	-0.070000	0.770000	0.578000	192.000000	0.000000	0.000000	0.000000	0.000000	0.000000	0.000000	0.000000	0.000000	0.000000	1733433186.265469	0.000000
116.000000	87802.904880	18644.193547	187500.000000	187500.000000	86556.303389	102655.996699	112906.014968	133703.597928	-0.070000	0.770000	0.578000	192.000000	0.000000	0.000000	0.000000	0.000000	0.000000	0.000000	0.000000	0.000000	0.000000	1733433186.269493	0.000000
117.000000	87813.052572	18649.848539	187500.000000	187500.000000	86568.842717	102675.822696	112914.218058	133734.309224	-0.070000	0.770000	0.578000	192.000000	0.000000	0.000000	0.000000	0.000000	0.000000	0.000000	0.000000	0.000000	0.000000	1733433186.273742	0.000000
118.000000	87811.711468	18639.522033	187500.000000	187500.000000	86571.480223	102691.267752	112940.168433	133736.589102	-0.070000	0.770000	0.578000	192.000000	0.000000	0.000000	0.000000	0.000000	0.000000	0.000000	0.000000	0.000000	0.000000	1733433186.276747	0.000000
119.000000	87807.911671	18630.044893	187500.000000	187500.000000	86573.089549	102680.695376	112944.057637	133744.345158	-0.070000	0.770000	0.578000	192.000000	0.000000	0.000000	0.000000	0.000000	0.000000	0.000000	0.000000	0.000000	0.000000	1733433186.280710	0.000000
120.000000	87814.393677	18659.146864	187500.000000	187500.000000	86578.677485	102684.986911	112931.428901	133719.244149	-0.070000	0.770000	0.582000	192.000000	253.000000	208.000000	24.000000	16.000000	18.000000	48.000000	0.000000	0.000000	0.000000	1733433186.284783	0.000000
121.000000	87814.013697	18666.813513	187500.000000	187500.000000	86583.393703	102682.327054	112944.214099	133713.455047	-0.070000	0.770000	0.582000	192.000000	0.000000	0.000000	0.000000	0.000000	0.000000	0.000000	0.000000	0.000000	0.000000	1733433186.289695	0.000000
122.000000	87811.912633	18638.180928	187500.000000	187500.000000	86586.724113	102696.542763	112948.192709	133716.874864	-0.070000	0.770000	0.582000	192.000000	0.000000	0.000000	0.000000	0.000000	0.000000	0.000000	0.000000	0.000000	0.000000	1733433186.293522	0.000000
123.000000	87807.442285	18626.401559	187500.000000	187500.000000	86591.239165	102723.230746	112953.154797	133727.737812	-0.070000	0.770000	0.582000	192.000000	0.000000	0.000000	0.000000	0.000000	0.000000	0.000000	0.000000	0.000000	0.000000	1733433186.297530	0.000000
124.000000	87803.977764	18622.110024	187500.000000	187500.000000	86586.366485	102711.540784	112946.762198	133751.475364	-0.070000	0.770000	0.582000	192.000000	0.000000	0.000000	0.000000	0.000000	0.000000	0.000000	0.000000	0.000000	0.000000	1733433186.301850	0.000000
125.000000	87806.570566	18630.357817	187500.000000	187500.000000	86595.173072	102708.791519	112958.675678	133736.700861	-0.070000	0.770000	0.582000	192.000000	0.000000	0.000000	0.000000	0.000000	0.000000	0.000000	0.000000	0.000000	0.000000	1733433186.304544	0.000000
126.000000	87812.471427	18645.109969	187500.000000	187500.000000	86606.773628	102699.426138	112973.852512	133743.875771	-0.070000	0.770000	0.582000	192.000000	0.000000	0.000000	0.000000	0.000000	0.000000	0.000000	0.000000	0.000000	0.000000	1733433186.308548	0.000000
127.000000	87819.244006	18652.933079	187500.000000	187500.000000	86605.946613	102699.202621	112968.845721	133745.328634	-0.070000	0.770000	0.582000	192.000000	0.000000	0.000000	0.000000	0.000000	0.000000	0.000000	0.000000	0.000000	0.000000	1733433186.312562	0.000000
128.000000	87812.002040	18639.410274	187500.000000	187500.000000	86608.382953	102696.051025	112969.337460	133727.737812	-0.070000	0.770000	0.582000	192.000000	0.000000	0.000000	0.000000	0.000000	0.000000	0.000000	0.000000	0.000000	0.000000	1733433186.317726	0.000000
129.000000	87805.676497	18634.559945	187500.000000	187500.000000	86598.279965	102687.780879	112958.452160	133714.617338	-0.070000	0.770000	0.582000	192.000000	0.000000	0.000000	0.000000	0.000000	0.000000	0.000000	0.000000	0.000000	0.000000	1733433186.321619	0.000000
130.000000	87814.147808	18645.758169	187500.000000	187500.000000	86593.541395	102684.606932	112953.646535	133711.421038	-0.074000	0.772000	0.584000	192.000000	253.000000	176.000000	24.000000	32.000000	18.000000	64.000000	0.000000	0.000000	0.000000	1733433186.325802	0.000000
131.000000	87808.604575	18633.621172	187500.000000	187500.000000	86589.942764	102688.183211	112945.443445	133715.198483	-0.074000	0.772000	0.584000	192.000000	0.000000	0.000000	0.000000	0.000000	0.000000	0.000000	0.000000	0.000000	0.000000	1733433186.329770	0.000000
132.000000	87808.090485	18643.455940	187500.000000	187500.000000	86586.321781	102683.511696	112936.100416	133717.903044	-0.074000	0.772000	0.584000	192.000000	0.000000	0.000000	0.000000	0.000000	0.000000	0.000000	0.000000	0.000000	0.000000	1733433186.332975	0.000000
133.000000	87805.475331	18633.665876	187500.000000	187500.000000	86585.740636	102672.805211	112935.295753	133722.641614	-0.074000	0.772000	0.584000	192.000000	0.000000	0.000000	0.000000	0.000000	0.000000	0.000000	0.000000	0.000000	0.000000	1733433186.336937	0.000000
134.000000	87795.729970	18611.157669	187500.000000	187500.000000	86573.380121	102655.951995	112928.098491	133722.641614	-0.074000	0.772000	0.584000	192.000000	0.000000	0.000000	0.000000	0.000000	0.000000	0.000000	0.000000	0.000000	0.000000	1733433186.340598	0.000000
135.000000	87791.863119	18611.984684	187500.000000	187500.000000	86581.247935	102669.117173	112929.394892	133724.206236	-0.074000	0.772000	0.584000	192.000000	0.000000	0.000000	0.000000	0.000000	0.000000	0.000000	0.000000	0.000000	0.000000	1733433186.344597	0.000000
136.000000	87799.038029	18622.668817	187500.000000	187500.000000	86592.915546	102705.237592	112943.811768	133712.829198	-0.074000	0.772000	0.584000	192.000000	0.000000	0.000000	0.000000	0.000000	0.000000	0.000000	0.000000	0.000000	0.000000	1733433186.349609	0.000000
137.000000	87808.403410	18655.235309	187500.000000	187500.000000	86592.870843	102673.542818	112951.992506	133712.113942	-0.074000	0.772000	0.584000	192.000000	0.000000	0.000000	0.000000	0.000000	0.000000	0.000000	0.000000	0.000000	0.000000	1733433186.353611	0.000000
138.000000	87809.185721	18637.912707	187500.000000	187500.000000	86594.569575	102663.864513	112933.172337	133700.088704	-0.074000	0.772000	0.584000	192.000000	0.000000	0.000000	0.000000	0.000000	0.000000	0.000000	0.000000	0.000000	0.000000	1733433186.357620	0.000000
139.000000	87800.625002	18603.960407	187500.000000	187500.000000	86596.268308	102668.178400	112938.357942	133720.272329	-0.074000	0.772000	0.584000	192.000000	0.000000	0.000000	0.000000	0.000000	0.000000	0.000000	0.000000	0.000000	0.000000	1733433186.360676	0.000000
140.000000	87800.781465	18608.631922	187500.000000	187500.000000	86600.939822	102686.126850	112957.625146	133711.443390	-0.078000	0.770000	0.578000	192.000000	253.000000	144.000000	24.000000	16.000000	18.000000	16.000000	0.000000	0.000000	0.000000	1733433186.364624	0.000000
141.000000	87797.786331	18619.897201	187500.000000	187500.000000	86594.480168	102689.300798	112960.374410	133711.488093	-0.078000	0.770000	0.578000	192.000000	0.000000	0.000000	0.000000	0.000000	0.000000	0.000000	0.000000	0.000000	0.000000	1733433186.368743	0.000000
142.000000	87802.569604	18642.427759	187500.000000	187500.000000	86598.056447	102686.909161	112958.809788	133731.559960	-0.078000	0.770000	0.578000	192.000000	0.000000	0.000000	0.000000	0.000000	0.000000	0.000000	0.000000	0.000000	0.000000	1733433186.372694	0.000000
143.000000	87794.098293	18632.570640	187500.000000	187500.000000	86585.025380	102672.872266	112941.286020	133755.588085	-0.078000	0.770000	0.578000	192.000000	0.000000	0.000000	0.000000	0.000000	0.000000	0.000000	0.000000	0.000000	0.000000	1733433186.377666	0.000000
144.000000	87792.712485	18625.686303	187500.000000	187500.000000	86582.454930	102702.309513	112938.201480	133734.152762	-0.078000	0.770000	0.578000	192.000000	0.000000	0.000000	0.000000	0.000000	0.000000	0.000000	0.000000	0.000000	0.000000	1733433186.381835	0.000000
145.000000	87785.336409	18615.225686	187500.000000	187500.000000	86583.192537	102679.577789	112936.122767	133704.916680	-0.078000	0.770000	0.578000	192.000000	0.000000	0.000000	0.000000	0.000000	0.000000	0.000000	0.000000	0.000000	0.000000	1733433186.385950	0.000000
146.000000	87793.338334	18620.567753	187500.000000	187500.000000	86582.812558	102654.923815	112928.254953	133703.106189	-0.078000	0.770000	0.578000	192.000000	0.000000	0.000000	0.000000	0.000000	0.000000	0.000000	0.000000	0.000000	0.000000	1733433186.388824	0.000000
147.000000	87799.127436	18637.130396	187500.000000	187500.000000	86590.456854	102668.513676	112959.703858	133718.037154	-0.078000	0.770000	0.578000	192.000000	0.000000	0.000000	0.000000	0.000000	0.000000	0.000000	0.000000	0.000000	0.000000	1733433186.392912	0.000000
148.000000	87807.531691	18688.829981	187500.000000	187500.000000	86599.017572	102685.925685	112973.293718	133731.627015	-0.078000	0.770000	0.578000	192.000000	0.000000	0.000000	0.000000	0.000000	0.000000	0.000000	0.000000	0.000000	0.000000	1733433186.396874	0.000000
149.000000	87813.946642	18700.162315	187500.000000	187500.000000	86603.778494	102707.696284	112958.116884	133706.034268	-0.078000	0.770000	0.578000	192.000000	0.000000	0.000000	0.000000	0.000000	0.000000	0.000000	0.000000	0.000000	0.000000	1733433186.400690	0.000000
150.000000	87802.748418	18681.431554	187500.000000	187500.000000	86596.134197	102712.680723	112953.981811	133700.334573	-0.076000	0.766000	0.574000	192.000000	253.000000	160.000000	23.000000	240.000000	17.000000	240.000000	0.000000	0.000000	0.000000	1733433186.405727	0.000000
151.000000	87797.451055	18685.745440	187500.000000	187500.000000	86593.586098	102717.575755	112964.911814	133704.916680	-0.076000	0.766000	0.574000	192.000000	0.000000	0.000000	0.000000	0.000000	0.000000	0.000000	0.000000	0.000000	0.000000	1733433186.409697	0.000000
152.000000	87808.783389	18663.237234	187500.000000	187500.000000	86604.247880	102763.486238	112974.210140	133710.638727	-0.076000	0.766000	0.574000	192.000000	0.000000	0.000000	0.000000	0.000000	0.000000	0.000000	0.000000	0.000000	0.000000	1733433186.412694	0.000000
153.000000	87806.592918	18596.629035	187500.000000	187500.000000	86607.064200	102708.702112	112968.756314	133736.253826	-0.076000	0.766000	0.574000	192.000000	0.000000	0.000000	0.000000	0.000000	0.000000	0.000000	0.000000	0.000000	0.000000	1733433186.416694	0.000000
154.000000	87804.313040	18594.885599	187500.000000	187500.000000	86593.653154	102655.661423	112940.391951	133743.182867	-0.076000	0.766000	0.574000	192.000000	0.000000	0.000000	0.000000	0.000000	0.000000	0.000000	0.000000	0.000000	0.000000	1733433186.420786	0.000000
155.000000	87789.940869	18609.034253	187500.000000	187500.000000	86589.093398	102663.305719	112933.261744	133720.898178	-0.076000	0.766000	0.574000	192.000000	0.000000	0.000000	0.000000	0.000000	0.000000	0.000000	0.000000	0.000000	0.000000	1733433186.424730	0.000000
156.000000	87787.102197	18597.053718	187500.000000	187500.000000	86586.590002	102689.099632	112949.802035	133707.218910	-0.076000	0.766000	0.574000	192.000000	0.000000	0.000000	0.000000	0.000000	0.000000	0.000000	0.000000	0.000000	0.000000	1733433186.428924	0.000000
157.000000	87798.121607	18574.344346	187500.000000	187500.000000	86592.982601	102691.133641	112963.168378	133691.013895	-0.076000	0.766000	0.574000	192.000000	0.000000	0.000000	0.000000	0.000000	0.000000	0.000000	0.000000	0.000000	0.000000	1733433186.432865	0.000000
158.000000	87794.433569	18586.749564	187500.000000	187500.000000	86586.210023	102638.182359	112959.145064	133689.762198	-0.076000	0.766000	0.574000	192.000000	0.000000	0.000000	0.000000	0.000000	0.000000	0.000000	0.000000	0.000000	0.000000	1733433186.439338	0.000000
159.000000	87802.256680	18612.454070	187500.000000	187500.000000	86592.244994	102647.637146	112954.160625	133698.792302	-0.076000	0.766000	0.574000	192.000000	0.000000	0.000000	0.000000	0.000000	0.000000	0.000000	0.000000	0.000000	0.000000	1733433186.440944	0.000000
160.000000	87803.083694	18625.194564	187500.000000	187500.000000	86592.624973	102659.572978	112951.992506	133706.637765	-0.070000	0.778000	0.572000	192.000000	253.000000	208.000000	24.000000	80.000000	17.000000	224.000000	0.000000	0.000000	0.000000	1733433186.444903	0.000000
161.000000	87804.178930	18633.710579	187500.000000	187500.000000	86593.027305	102663.082202	112956.306393	133724.943843	-0.070000	0.778000	0.572000	192.000000	0.000000	0.000000	0.000000	0.000000	0.000000	0.000000	0.000000	0.000000	0.000000	1733433186.448739	0.000000
162.000000	87796.020543	18639.611440	187500.000000	187500.000000	86584.623049	102665.898522	112953.199500	133723.401573	-0.070000	0.778000	0.572000	192.000000	0.000000	0.000000	0.000000	0.000000	0.000000	0.000000	0.000000	0.000000	0.000000	1733433186.452774	0.000000
163.000000	87793.986534	18620.433643	187500.000000	187500.000000	86591.127406	102703.427101	112960.217948	133702.167416	-0.070000	0.778000	0.572000	192.000000	0.000000	0.000000	0.000000	0.000000	0.000000	0.000000	0.000000	0.000000	0.000000	1733433186.456775	0.000000
164.000000	87784.308229	18593.477439	187500.000000	187500.000000	86591.127406	102684.763394	112953.400666	133713.499750	-0.070000	0.778000	0.572000	192.000000	0.000000	0.000000	0.000000	0.000000	0.000000	0.000000	0.000000	0.000000	0.000000	1733433186.460771	0.000000
165.000000	87784.665857	18604.586256	187500.000000	187500.000000	86584.041904	102644.329088	112935.496919	133714.438524	-0.070000	0.778000	0.572000	192.000000	0.000000	0.000000	0.000000	0.000000	0.000000	0.000000	0.000000	0.000000	0.000000	1733433186.465852	0.000000
166.000000	87780.530784	18584.424983	187500.000000	187500.000000	86586.053561	102644.932585	112908.026625	133682.944916	-0.070000	0.778000	0.572000	192.000000	0.000000	0.000000	0.000000	0.000000	0.000000	0.000000	0.000000	0.000000	0.000000	1733433186.468924	0.000000
167.000000	87779.457900	18582.636843	187500.000000	187500.000000	86591.909718	102649.224120	112942.537718	133703.352058	-0.070000	0.778000	0.572000	192.000000	0.000000	0.000000	0.000000	0.000000	0.000000	0.000000	0.000000	0.000000	0.000000	1733433186.472827	0.000000
168.000000	87783.928249	18598.081898	187500.000000	187500.000000	86588.333438	102622.714951	112948.662096	133707.487131	-0.070000	0.778000	0.572000	192.000000	0.000000	0.000000	0.000000	0.000000	0.000000	0.000000	0.000000	0.000000	0.000000	1733433186.476997	0.000000
169.000000	87778.966162	18589.431773	187500.000000	187500.000000	86579.906831	102620.837405	112931.138328	133711.666907	-0.070000	0.778000	0.572000	192.000000	0.000000	0.000000	0.000000	0.000000	0.000000	0.000000	0.000000	0.000000	0.000000	1733433186.480996	0.000000
170.000000	87781.670723	18601.434660	187500.000000	187500.000000	86586.053561	102655.214388	112945.823425	133708.939994	-0.066000	0.772000	0.574000	192.000000	253.000000	240.000000	24.000000	32.000000	17.000000	240.000000	0.000000	0.000000	0.000000	1733433186.485076	0.000000
171.000000	87784.151767	18594.572675	187500.000000	187500.000000	86589.786302	102669.966539	112956.574614	133700.491035	-0.066000	0.772000	0.574000	192.000000	0.000000	0.000000	0.000000	0.000000	0.000000	0.000000	0.000000	0.000000	0.000000	1733433186.489084	0.000000
172.000000	87779.524956	18572.802075	187500.000000	187500.000000	86585.718284	102658.298929	112945.912832	133702.659154	-0.066000	0.772000	0.574000	192.000000	0.000000	0.000000	0.000000	0.000000	0.000000	0.000000	0.000000	0.000000	0.000000	1733433186.493820	0.000000
173.000000	87773.869964	18561.201520	187500.000000	187500.000000	86580.398569	102648.844141	112939.453177	133697.138273	-0.066000	0.772000	0.574000	192.000000	0.000000	0.000000	0.000000	0.000000	0.000000	0.000000	0.000000	0.000000	0.000000	1733433186.496820	0.000000
174.000000	87775.211069	18577.540645	187500.000000	187500.000000	86579.057464	102639.992850	112938.201480	133687.057637	-0.066000	0.772000	0.574000	192.000000	0.000000	0.000000	0.000000	0.000000	0.000000	0.000000	0.000000	0.000000	0.000000	1733433186.501104	0.000000
175.000000	87785.895203	18595.533800	187500.000000	187500.000000	86586.522947	102640.775161	112954.920585	133709.744657	-0.066000	0.772000	0.574000	192.000000	0.000000	0.000000	0.000000	0.000000	0.000000	0.000000	0.000000	0.000000	0.000000	1733433186.504894	0.000000
176.000000	87791.170215	18588.828276	187500.000000	187500.000000	86589.003991	102644.239681	112963.213082	133731.403498	-0.066000	0.772000	0.574000	192.000000	0.000000	0.000000	0.000000	0.000000	0.000000	0.000000	0.000000	0.000000	0.000000	1733433186.508858	0.000000
177.000000	87793.047761	18589.923512	187500.000000	187500.000000	86601.364505	102650.945205	112969.784495	133708.247090	-0.066000	0.772000	0.574000	192.000000	0.000000	0.000000	0.000000	0.000000	0.000000	0.000000	0.000000	0.000000	0.000000	1733433186.512853	0.000000
178.000000	87780.061398	18559.167511	187500.000000	187500.000000	86589.048694	102651.481646	112956.909890	133694.456064	-0.066000	0.772000	0.574000	192.000000	0.000000	0.000000	0.000000	0.000000	0.000000	0.000000	0.000000	0.000000	0.000000	1733433186.516906	0.000000
179.000000	87770.517203	18546.717590	187500.000000	187500.000000	86583.080778	102658.008356	112946.739846	133693.249070	-0.066000	0.772000	0.574000	192.000000	0.000000	0.000000	0.000000	0.000000	0.000000	0.000000	0.000000	0.000000	0.000000	1733433186.520862	0.000000
180.000000	87768.170270	18554.317183	187500.000000	187500.000000	86585.986505	102649.291176	112947.477454	133705.743695	-0.066000	0.770000	0.578000	192.000000	253.000000	240.000000	24.000000	16.000000	18.000000	16.000000	0.000000	0.000000	0.000000	1733433186.523990	0.000000
181.000000	87773.199412	18578.501770	187500.000000	187500.000000	86583.438406	102637.802379	112954.518253	133712.896253	-0.066000	0.770000	0.578000	192.000000	0.000000	0.000000	0.000000	0.000000	0.000000	0.000000	0.000000	0.000000	0.000000	1733433186.528014	0.000000
182.000000	87777.379188	18582.323919	187500.000000	187500.000000	86579.169223	102645.781952	112958.943899	133703.150893	-0.066000	0.770000	0.578000	192.000000	0.000000	0.000000	0.000000	0.000000	0.000000	0.000000	0.000000	0.000000	0.000000	1733433186.533104	0.000000
183.000000	87766.046854	18541.487281	187500.000000	187500.000000	86567.143985	102637.087123	112940.190785	133687.504672	-0.066000	0.770000	0.578000	192.000000	0.000000	0.000000	0.000000	0.000000	0.000000	0.000000	0.000000	0.000000	0.000000	1733433186.536951	0.000000
184.000000	87769.086691	18527.070406	187500.000000	187500.000000	86572.240182	102644.373792	112924.097529	133691.103302	-0.066000	0.770000	0.578000	192.000000	0.000000	0.000000	0.000000	0.000000	0.000000	0.000000	0.000000	0.000000	0.000000	1733433186.540901	0.000000
185.000000	87773.981723	18537.441616	187500.000000	187500.000000	86575.592944	102663.775106	112940.213137	133718.864169	-0.066000	0.770000	0.578000	192.000000	0.000000	0.000000	0.000000	0.000000	0.000000	0.000000	0.000000	0.000000	0.000000	1733433186.544896	0.000000
186.000000	87778.317961	18548.058694	187500.000000	187500.000000	86583.036075	102661.316414	112945.532852	133722.641614	-0.066000	0.770000	0.578000	192.000000	0.000000	0.000000	0.000000	0.000000	0.000000	0.000000	0.000000	0.000000	0.000000	1733433186.548903	0.000000
187.000000	87776.283953	18553.691334	187500.000000	187500.000000	86578.319857	102640.551643	112937.933259	133698.837006	-0.066000	0.770000	0.578000	192.000000	0.000000	0.000000	0.000000	0.000000	0.000000	0.000000	0.000000	0.000000	0.000000	1733433186.552004	0.000000
188.000000	87773.937020	18558.564014	187500.000000	187500.000000	86579.817424	102639.143484	112941.487186	133682.944916	-0.066000	0.770000	0.578000	192.000000	0.000000	0.000000	0.000000	0.000000	0.000000	0.000000	0.000000	0.000000	0.000000	1733433186.555933	0.000000
189.000000	87766.315075	18540.973191	187500.000000	187500.000000	86578.811595	102635.813074	112941.688352	133686.074160	-0.066000	0.770000	0.578000	192.000000	0.000000	0.000000	0.000000	0.000000	0.000000	0.000000	0.000000	0.000000	0.000000	1733433186.560911	0.000000
190.000000	87758.938999	18523.874107	187500.000000	187500.000000	86574.453005	102629.733399	112934.558145	133676.932296	-0.068000	0.766000	0.582000	192.000000	253.000000	224.000000	23.000000	240.000000	18.000000	48.000000	0.000000	0.000000	0.000000	1733433186.564922	0.000000
191.000000	87758.894296	18519.582572	187500.000000	187500.000000	86585.025380	102619.675114	112932.770006	133686.588250	-0.068000	0.766000	0.582000	192.000000	0.000000	0.000000	0.000000	0.000000	0.000000	0.000000	0.000000	0.000000	0.000000	1733433186.569096	0.000000
192.000000	87762.582333	18521.683636	187500.000000	187500.000000	86589.763950	102637.064771	112934.692256	133703.419114	-0.068000	0.766000	0.582000	192.000000	0.000000	0.000000	0.000000	0.000000	0.000000	0.000000	0.000000	0.000000	0.000000	1733433186.573180	0.000000
193.000000	87770.807775	18529.842023	187500.000000	187500.000000	86598.950517	102658.857722	112932.278267	133710.124637	-0.068000	0.766000	0.582000	192.000000	0.000000	0.000000	0.000000	0.000000	0.000000	0.000000	0.000000	0.000000	0.000000	1733433186.577206	0.000000
194.000000	87769.421967	18538.961534	187500.000000	187500.000000	86591.552090	102660.422344	112944.191747	133702.301526	-0.068000	0.766000	0.582000	192.000000	0.000000	0.000000	0.000000	0.000000	0.000000	0.000000	0.000000	0.000000	0.000000	1733433186.580206	0.000000
195.000000	87769.399615	18523.427072	187500.000000	187500.000000	86588.601659	102619.898632	112947.656268	133704.514349	-0.068000	0.766000	0.582000	192.000000	0.000000	0.000000	0.000000	0.000000	0.000000	0.000000	0.000000	0.000000	0.000000	1733433186.584937	0.000000
196.000000	87768.796118	18527.830366	187500.000000	187500.000000	86592.401456	102616.523518	112954.630012	133707.867111	-0.068000	0.766000	0.582000	192.000000	0.000000	0.000000	0.000000	0.000000	0.000000	0.000000	0.000000	0.000000	0.000000	1733433186.589014	0.000000
197.000000	87758.402557	18529.819671	187500.000000	187500.000000	86582.633744	102624.525443	112941.755407	133689.091645	-0.068000	0.766000	0.582000	192.000000	0.000000	0.000000	0.000000	0.000000	0.000000	0.000000	0.000000	0.000000	0.000000	1733433186.592976	0.000000
198.000000	87759.944828	18519.135537	187500.000000	187500.000000	86579.951534	102613.237812	112933.284096	133668.170413	-0.068000	0.766000	0.582000	192.000000	0.000000	0.000000	0.000000	0.000000	0.000000	0.000000	0.000000	0.000000	0.000000	1733433186.596968	0.000000
199.000000	87766.784461	18528.210345	187500.000000	187500.000000	86587.707590	102637.914138	112954.406494	133689.918660	-0.068000	0.766000	0.582000	192.000000	0.000000	0.000000	0.000000	0.000000	0.000000	0.000000	0.000000	0.000000	0.000000	1733433186.601273	0.000000
200.000000	87762.068243	18512.519421	187500.000000	187500.000000	86580.130348	102642.116266	112944.772893	133710.661079	-0.070000	0.768000	0.574000	192.000000	253.000000	208.000000	24.000000	0.000000	17.000000	240.000000	0.000000	0.000000	0.000000	1733433186.604990	0.000000
201.000000	87758.514316	18492.693423	187500.000000	187500.000000	86577.314028	102627.967611	112933.999352	133705.989564	-0.070000	0.768000	0.574000	192.000000	0.000000	0.000000	0.000000	0.000000	0.000000	0.000000	0.000000	0.000000	0.000000	1733433186.607995	0.000000
202.000000	87766.225668	18508.339644	187500.000000	187500.000000	86578.833947	102615.405931	112949.511462	133692.399704	-0.070000	0.768000	0.574000	192.000000	0.000000	0.000000	0.000000	0.000000	0.000000	0.000000	0.000000	0.000000	0.000000	1733433186.612002	0.000000
203.000000	87766.762110	18520.051959	187500.000000	187500.000000	86574.274191	102615.540041	112952.372486	133696.579480	-0.070000	0.768000	0.574000	192.000000	0.000000	0.000000	0.000000	0.000000	0.000000	0.000000	0.000000	0.000000	0.000000	1733433186.617162	0.000000
204.000000	87755.407423	18497.923732	187500.000000	187500.000000	86566.808709	102609.125091	112932.747654	133682.699046	-0.070000	0.768000	0.574000	192.000000	0.000000	0.000000	0.000000	0.000000	0.000000	0.000000	0.000000	0.000000	0.000000	1733433186.621162	0.000000
205.000000	87750.333577	18496.046185	187500.000000	187500.000000	86573.648342	102630.806283	112933.619372	133686.767064	-0.070000	0.768000	0.574000	192.000000	0.000000	0.000000	0.000000	0.000000	0.000000	0.000000	0.000000	0.000000	0.000000	1733433186.625277	0.000000
206.000000	87760.525973	18515.492203	187500.000000	187500.000000	86584.466587	102621.954992	112946.561032	133684.554241	-0.070000	0.768000	0.574000	192.000000	0.000000	0.000000	0.000000	0.000000	0.000000	0.000000	0.000000	0.000000	0.000000	1733433186.629306	0.000000
207.000000	87766.113909	18550.472683	187500.000000	187500.000000	86582.969020	102624.436036	112946.404570	133667.164584	-0.070000	0.768000	0.574000	192.000000	0.000000	0.000000	0.000000	0.000000	0.000000	0.000000	0.000000	0.000000	0.000000	1733433186.633024	0.000000
208.000000	87760.145993	18518.576743	187500.000000	187500.000000	86577.314028	102628.906385	112937.195651	133667.544564	-0.070000	0.768000	0.574000	192.000000	0.000000	0.000000	0.000000	0.000000	0.000000	0.000000	0.000000	0.000000	0.000000	1733433186.636122	0.000000
209.000000	87754.491002	18492.559313	187500.000000	187500.000000	86577.157566	102614.578916	112936.234526	133679.323933	-0.070000	0.768000	0.574000	192.000000	0.000000	0.000000	0.000000	0.000000	0.000000	0.000000	0.000000	0.000000	0.000000	1733433186.640050	0.000000
210.000000	87758.514316	18492.492258	187500.000000	187500.000000	86574.922392	102607.247544	112941.040151	133686.007105	-0.072000	0.772000	0.576000	192.000000	253.000000	192.000000	24.000000	32.000000	18.000000	0.000000	0.000000	0.000000	0.000000	1733433186.645032	0.000000
211.000000	87755.362720	18500.225961	187500.000000	187500.000000	86568.932124	102582.861791	112927.606753	133711.041058	-0.072000	0.772000	0.576000	192.000000	0.000000	0.000000	0.000000	0.000000	0.000000	0.000000	0.000000	0.000000	0.000000	1733433186.649045	0.000000
212.000000	87763.766976	18524.768177	187500.000000	187500.000000	86577.090511	102605.660570	112934.334628	133703.508521	-0.072000	0.772000	0.576000	192.000000	0.000000	0.000000	0.000000	0.000000	0.000000	0.000000	0.000000	0.000000	0.000000	1733433186.653050	0.000000
213.000000	87765.242191	18561.916776	187500.000000	187500.000000	86587.864052	102641.110437	112936.413340	133672.104320	-0.072000	0.772000	0.576000	192.000000	0.000000	0.000000	0.000000	0.000000	0.000000	0.000000	0.000000	0.000000	0.000000	1733433186.656046	0.000000
214.000000	87767.991456	18542.783683	187500.000000	187500.000000	86590.635668	102615.562393	112939.900212	133674.473604	-0.072000	0.772000	0.576000	192.000000	0.000000	0.000000	0.000000	0.000000	0.000000	0.000000	0.000000	0.000000	0.000000	1733433186.660177	0.000000
215.000000	87758.670778	18488.312481	187500.000000	187500.000000	86586.724113	102615.249469	112929.417244	133686.811767	-0.072000	0.772000	0.576000	192.000000	0.000000	0.000000	0.000000	0.000000	0.000000	0.000000	0.000000	0.000000	0.000000	1733433186.664196	0.000000
216.000000	87757.620246	18498.549580	187500.000000	187500.000000	86589.585136	102602.084291	112937.285058	133683.459006	-0.072000	0.772000	0.576000	192.000000	0.000000	0.000000	0.000000	0.000000	0.000000	0.000000	0.000000	0.000000	0.000000	1733433186.668538	0.000000
217.000000	87751.786441	18479.260025	187500.000000	187500.000000	86582.879613	102590.796660	112936.502747	133663.454194	-0.072000	0.772000	0.576000	192.000000	0.000000	0.000000	0.000000	0.000000	0.000000	0.000000	0.000000	0.000000	0.000000	1733433186.673272	0.000000
218.000000	87747.897237	18486.479638	187500.000000	187500.000000	86583.416055	102585.812221	112927.897326	133666.851660	-0.072000	0.772000	0.576000	192.000000	0.000000	0.000000	0.000000	0.000000	0.000000	0.000000	0.000000	0.000000	0.000000	1733433186.677098	0.000000
219.000000	87751.182944	18497.744918	187500.000000	187500.000000	86594.860148	102657.516617	112950.696105	133681.715570	-0.072000	0.772000	0.576000	192.000000	0.000000	0.000000	0.000000	0.000000	0.000000	0.000000	0.000000	0.000000	0.000000	1733433186.681146	0.000000
220.000000	87751.786441	18527.226869	187500.000000	187500.000000	86594.211947	102650.699335	112955.837006	133688.868128	-0.070000	0.772000	0.574000	192.000000	253.000000	208.000000	24.000000	32.000000	17.000000	240.000000	0.000000	0.000000	0.000000	1733433186.685232	0.000000
221.000000	87757.799060	18556.239433	187500.000000	187500.000000	86597.721171	102658.790667	112935.943954	133703.463817	-0.070000	0.772000	0.574000	192.000000	0.000000	0.000000	0.000000	0.000000	0.000000	0.000000	0.000000	0.000000	0.000000	1733433186.688161	0.000000
222.000000	87748.053699	18533.686523	187500.000000	187500.000000	86584.935973	102558.029003	112945.488148	133700.356925	-0.070000	0.772000	0.574000	192.000000	0.000000	0.000000	0.000000	0.000000	0.000000	0.000000	0.000000	0.000000	0.000000	1733433186.692116	0.000000
223.000000	87741.839915	18432.656638	187500.000000	187500.000000	86585.405360	102575.686881	112941.420131	133710.661079	-0.070000	0.772000	0.574000	192.000000	0.000000	0.000000	0.000000	0.000000	0.000000	0.000000	0.000000	0.000000	0.000000	1733433186.696118	0.000000
224.000000	87742.130487	18435.629420	187500.000000	187500.000000	86599.106979	102660.802324	112935.541622	133679.592154	-0.070000	0.772000	0.574000	192.000000	0.000000	0.000000	0.000000	0.000000	0.000000	0.000000	0.000000	0.000000	0.000000	1733433186.701134	0.000000
225.000000	87737.503676	18454.807217	187500.000000	187500.000000	86584.265421	102587.175678	112921.035340	133653.105337	-0.070000	0.772000	0.574000	192.000000	0.000000	0.000000	0.000000	0.000000	0.000000	0.000000	0.000000	0.000000	0.000000	1733433186.705182	0.000000
226.000000	87737.011938	18472.442743	187500.000000	187500.000000	86578.945706	102606.331123	112928.076139	133669.913849	-0.070000	0.772000	0.574000	192.000000	0.000000	0.000000	0.000000	0.000000	0.000000	0.000000	0.000000	0.000000	0.000000	1733433186.709380	0.000000
227.000000	87729.188827	18471.928653	187500.000000	187500.000000	86587.662886	102669.161876	112909.770061	133664.258857	-0.070000	0.772000	0.574000	192.000000	0.000000	0.000000	0.000000	0.000000	0.000000	0.000000	0.000000	0.000000	0.000000	1733433186.712402	0.000000
228.000000	87734.463839	18476.354298	187500.000000	187500.000000	86584.846566	102663.305719	112907.244314	133646.891552	-0.070000	0.772000	0.574000	192.000000	0.000000	0.000000	0.000000	0.000000	0.000000	0.000000	0.000000	0.000000	0.000000	1733433186.716365	0.000000
229.000000	87730.775801	18405.052233	187500.000000	187500.000000	86572.016665	102564.913340	112913.368692	133657.776851	-0.070000	0.772000	0.574000	192.000000	0.000000	0.000000	0.000000	0.000000	0.000000	0.000000	0.000000	0.000000	0.000000	1733433186.720353	0.000000
230.000000	87732.765106	18429.929725	187500.000000	187500.000000	86569.200345	102545.690840	112932.278267	133685.023628	-0.076000	0.774000	0.576000	192.000000	253.000000	160.000000	24.000000	48.000000	18.000000	0.000000	0.000000	0.000000	0.000000	1733433186.724373	0.000000
231.000000	87738.911836	18467.413600	187500.000000	187500.000000	86567.143985	102566.746183	112920.856526	133672.461947	-0.076000	0.774000	0.576000	192.000000	0.000000	0.000000	0.000000	0.000000	0.000000	0.000000	0.000000	0.000000	0.000000	1733433186.728198	0.000000
232.000000	87736.520199	18436.814062	187500.000000	187500.000000	86567.814537	102583.644102	112914.329817	133655.698139	-0.076000	0.774000	0.576000	192.000000	0.000000	0.000000	0.000000	0.000000	0.000000	0.000000	0.000000	0.000000	0.000000	1733433186.733203	0.000000
233.000000	87720.985737	18424.095920	187500.000000	187500.000000	86566.495784	102591.578971	112914.329817	133639.157848	-0.076000	0.774000	0.576000	192.000000	0.000000	0.000000	0.000000	0.000000	0.000000	0.000000	0.000000	0.000000	0.000000	1733433186.737198	0.000000
234.000000	87716.247167	18431.784920	187500.000000	187500.000000	86564.372368	102595.646989	112917.190840	133641.728299	-0.076000	0.774000	0.576000	192.000000	0.000000	0.000000	0.000000	0.000000	0.000000	0.000000	0.000000	0.000000	0.000000	1733433186.740186	0.000000
235.000000	87731.580464	18469.335850	187500.000000	187500.000000	86569.893249	102635.678963	112920.364788	133660.950799	-0.076000	0.774000	0.576000	192.000000	0.000000	0.000000	0.000000	0.000000	0.000000	0.000000	0.000000	0.000000	0.000000	1733433186.744217	0.000000
236.000000	87740.118830	18487.887798	187500.000000	187500.000000	86579.616258	102656.823713	112926.556221	133662.291904	-0.076000	0.774000	0.576000	192.000000	0.000000	0.000000	0.000000	0.000000	0.000000	0.000000	0.000000	0.000000	0.000000	1733433186.748234	0.000000
237.000000	87735.536723	18449.420446	187500.000000	187500.000000	86581.247935	102605.861736	112939.631991	133659.497936	-0.076000	0.774000	0.576000	192.000000	0.000000	0.000000	0.000000	0.000000	0.000000	0.000000	0.000000	0.000000	0.000000	1733433186.752252	0.000000
238.000000	87726.104286	18431.427292	187500.000000	187500.000000	86576.598773	102588.986169	112939.699047	133653.865296	-0.076000	0.774000	0.576000	192.000000	0.000000	0.000000	0.000000	0.000000	0.000000	0.000000	0.000000	0.000000	0.000000	1733433186.756233	0.000000
239.000000	87721.388068	18437.618725	187500.000000	187500.000000	86574.296543	102612.120224	112942.403608	133651.451308	-0.076000	0.774000	0.576000	192.000000	0.000000	0.000000	0.000000	0.000000	0.000000	0.000000	0.000000	0.000000	0.000000	1733433186.761306	0.000000
240.000000	87725.724307	18440.837376	187500.000000	187500.000000	86576.934049	102609.795643	112948.013896	133665.510555	-0.082000	0.770000	0.576000	192.000000	253.000000	112.000000	24.000000	16.000000	18.000000	0.000000	0.000000	0.000000	0.000000	1733433186.765306	0.000000
241.000000	87732.005147	18426.196984	187500.000000	187500.000000	86587.931107	102605.437053	112958.027477	133677.692256	-0.082000	0.770000	0.576000	192.000000	0.000000	0.000000	0.000000	0.000000	0.000000	0.000000	0.000000	0.000000	0.000000	1733433186.768582	0.000000
242.000000	87726.931301	18415.758719	187500.000000	187500.000000	86588.869880	102607.225192	112943.901175	133673.780700	-0.082000	0.770000	0.576000	192.000000	0.000000	0.000000	0.000000	0.000000	0.000000	0.000000	0.000000	0.000000	0.000000	1733433186.772488	0.000000
243.000000	87727.423039	18443.184309	187500.000000	187500.000000	86584.980677	102609.616829	112945.510500	133687.862299	-0.082000	0.770000	0.576000	192.000000	0.000000	0.000000	0.000000	0.000000	0.000000	0.000000	0.000000	0.000000	0.000000	1733433186.777328	0.000000
244.000000	87729.680566	18436.121158	187500.000000	187500.000000	86590.970944	102618.736341	112948.304468	133674.540660	-0.082000	0.770000	0.576000	192.000000	0.000000	0.000000	0.000000	0.000000	0.000000	0.000000	0.000000	0.000000	0.000000	1733433186.780247	0.000000
245.000000	87730.462877	18411.869515	187500.000000	187500.000000	86588.780473	102624.324277	112942.716532	133664.594133	-0.082000	0.770000	0.576000	192.000000	0.000000	0.000000	0.000000	0.000000	0.000000	0.000000	0.000000	0.000000	0.000000	1733433186.784433	0.000000
246.000000	87731.021670	18415.646960	187500.000000	187500.000000	86588.445197	102613.863661	112931.808881	133686.811767	-0.082000	0.770000	0.576000	192.000000	0.000000	0.000000	0.000000	0.000000	0.000000	0.000000	0.000000	0.000000	0.000000	1733433186.788268	0.000000
247.000000	87722.505656	18417.345693	187500.000000	187500.000000	86578.543374	102599.893820	112923.315218	133679.301581	-0.082000	0.770000	0.576000	192.000000	0.000000	0.000000	0.000000	0.000000	0.000000	0.000000	0.000000	0.000000	0.000000	1733433186.792283	0.000000
248.000000	87724.517313	18445.866519	187500.000000	187500.000000	86581.471453	102609.661533	112929.886631	133676.239392	-0.082000	0.770000	0.576000	192.000000	0.000000	0.000000	0.000000	0.000000	0.000000	0.000000	0.000000	0.000000	0.000000	1733433186.796268	0.000000
249.000000	87729.166475	18442.893737	187500.000000	187500.000000	86581.851433	102614.869489	112934.021703	133650.266665	-0.082000	0.770000	0.576000	192.000000	0.000000	0.000000	0.000000	0.000000	0.000000	0.000000	0.000000	0.000000	0.000000	1733433186.800297	0.000000
250.000000	87727.355984	18403.129983	187500.000000	187500.000000	86581.337342	102608.879222	112930.534831	133665.219982	-0.080000	0.770000	0.576000	192.000000	253.000000	128.000000	24.000000	16.000000	18.000000	0.000000	0.000000	0.000000	0.000000	1733433186.805311	0.000000
251.000000	87716.381278	18385.226236	187500.000000	187500.000000	86586.321781	102605.325294	112950.807864	133680.307410	-0.080000	0.770000	0.576000	192.000000	0.000000	0.000000	0.000000	0.000000	0.000000	0.000000	0.000000	0.000000	0.000000	1733433186.808512	0.000000
252.000000	87718.817618	18384.890960	187500.000000	187500.000000	86584.265421	102614.221288	112944.884651	133684.643648	-0.080000	0.770000	0.576000	192.000000	0.000000	0.000000	0.000000	0.000000	0.000000	0.000000	0.000000	0.000000	0.000000	1733433186.812490	0.000000
253.000000	87720.918682	18409.343768	187500.000000	187500.000000	86582.253764	102602.531326	112923.382273	133680.352113	-0.080000	0.770000	0.576000	192.000000	0.000000	0.000000	0.000000	0.000000	0.000000	0.000000	0.000000	0.000000	0.000000	1733433186.816638	0.000000
254.000000	87724.919644	18394.591617	187500.000000	187500.000000	86585.204194	102601.726663	112917.637875	133659.363825	-0.080000	0.770000	0.576000	192.000000	0.000000	0.000000	0.000000	0.000000	0.000000	0.000000	0.000000	0.000000	0.000000	1733433186.820800	0.000000
255.000000	87721.924510	18393.474030	187500.000000	187500.000000	86576.598773	102568.355509	112932.211212	133656.994540	-0.080000	0.770000	0.576000	192.000000	0.000000	0.000000	0.000000	0.000000	0.000000	0.000000	0.000000	0.000000	0.000000	1733433186.824331	0.000000
0.000000	87721.946862	18414.127042	187500.000000	187500.000000	86576.084682	102574.368128	112939.408474	133676.932296	-0.080000	0.770000	0.576000	192.000000	0.000000	0.000000	0.000000	0.000000	0.000000	0.000000	0.000000	0.000000	0.000000	1733433186.828336	0.000000
1.000000	87729.680566	18434.623591	187500.000000	187500.000000	86575.458834	102588.874410	112935.072235	133651.674825	-0.080000	0.770000	0.576000	192.000000	0.000000	0.000000	0.000000	0.000000	0.000000	0.000000	0.000000	0.000000	0.000000	1733433186.833332	0.000000
2.000000	87728.607682	18388.511942	187500.000000	187500.000000	86573.357770	102583.465288	112930.646590	133643.024700	-0.080000	0.770000	0.576000	192.000000	0.000000	0.000000	0.000000	0.000000	0.000000	0.000000	0.000000	0.000000	0.000000	1733433186.836322	0.000000
3.000000	87727.847723	18398.480820	187500.000000	187500.000000	86568.663903	102554.899759	112918.755462	133655.899305	-0.080000	0.770000	0.576000	192.000000	0.000000	0.000000	0.000000	0.000000	0.000000	0.000000	0.000000	0.000000	0.000000	1733433186.840410	0.000000
4.000000	87724.316147	18382.834599	187500.000000	187500.000000	86563.634761	102572.892913	112919.716587	133645.215171	-0.076000	0.768000	0.570000	192.000000	253.000000	160.000000	24.000000	0.000000	17.000000	208.000000	0.000000	0.000000	0.000000	1733433186.844398	0.000000
5.000000	87712.290908	18364.081486	187500.000000	187500.000000	86549.843734	102559.683032	112899.309444	133639.314310	-0.076000	0.768000	0.570000	192.000000	0.000000	0.000000	0.000000	0.000000	0.000000	0.000000	0.000000	0.000000	0.000000	1733433186.848414	0.000000
6.000000	87708.178187	18363.813265	187500.000000	187500.000000	86538.265531	102535.341982	112879.885778	133633.569912	-0.076000	0.768000	0.570000	192.000000	0.000000	0.000000	0.000000	0.000000	0.000000	0.000000	0.000000	0.000000	0.000000	1733433186.854409	0.000000
7.000000	87715.710725	18368.753000	187500.000000	187500.000000	86542.065327	102570.635387	112883.529113	133637.682633	-0.076000	0.768000	0.570000	192.000000	0.000000	0.000000	0.000000	0.000000	0.000000	0.000000	0.000000	0.000000	0.000000	1733433186.857436	0.000000
8.000000	87715.666022	18367.970689	187500.000000	187500.000000	86560.103185	102596.652817	112910.127689	133668.058654	-0.076000	0.768000	0.570000	192.000000	0.000000	0.000000	0.000000	0.000000	0.000000	0.000000	0.000000	0.000000	0.000000	1733433186.860581	0.000000
9.000000	87720.158722	18374.653861	187500.000000	187500.000000	86555.319912	102538.851206	112921.303561	133659.140308	-0.076000	0.768000	0.570000	192.000000	0.000000	0.000000	0.000000	0.000000	0.000000	0.000000	0.000000	0.000000	0.000000	1733433186.863656	0.000000
10.000000	87718.392935	18375.950262	187500.000000	187500.000000	86544.859295	102535.364334	112923.985770	133646.578627	-0.076000	0.768000	0.570000	192.000000	0.000000	0.000000	0.000000	0.000000	0.000000	0.000000	0.000000	0.000000	0.000000	1733433186.868915	0.000000
11.000000	87720.449295	18372.932777	187500.000000	187500.000000	86553.934104	102564.421602	112935.340456	133655.027587	-0.076000	0.768000	0.570000	192.000000	0.000000	0.000000	0.000000	0.000000	0.000000	0.000000	0.000000	0.000000	0.000000	1733433186.872680	0.000000
12.000000	87718.862321	18360.192282	187500.000000	187500.000000	86566.093453	102574.099907	112945.398741	133658.782680	-0.076000	0.768000	0.570000	192.000000	0.000000	0.000000	0.000000	0.000000	0.000000	0.000000	0.000000	0.000000	0.000000	1733433186.876440	0.000000
13.000000	87719.599929	18367.948338	187500.000000	187500.000000	86571.010836	102586.862753	112952.596003	133655.161697	-0.076000	0.768000	0.570000	192.000000	0.000000	0.000000	0.000000	0.000000	0.000000	0.000000	0.000000	0.000000	0.000000	1733433186.880413	0.000000
14.000000	87720.516350	18377.291367	187500.000000	187500.000000	86567.591020	102627.095893	112948.483282	133653.641779	-0.072000	0.774000	0.574000	192.000000	253.000000	192.000000	24.000000	48.000000	17.000000	240.000000	0.000000	0.000000	0.000000	1733433186.884643	0.000000
15.000000	87718.772914	18386.947320	187500.000000	187500.000000	86566.205211	102593.344759	112935.072235	133656.972189	-0.072000	0.774000	0.574000	192.000000	0.000000	0.000000	0.000000	0.000000	0.000000	0.000000	0.000000	0.000000	0.000000	1733433186.888408	0.000000
16.000000	87715.420153	18360.706372	187500.000000	187500.000000	86566.808709	102551.703459	112948.080951	133675.837061	-0.072000	0.774000	0.574000	192.000000	0.000000	0.000000	0.000000	0.000000	0.000000	0.000000	0.000000	0.000000	0.000000	1733433186.891408	0.000000
17.000000	87706.077123	18322.171965	187500.000000	187500.000000	86559.522040	102560.442991	112937.508576	133687.750541	-0.072000	0.774000	0.574000	192.000000	0.000000	0.000000	0.000000	0.000000	0.000000	0.000000	0.000000	0.000000	0.000000	1733433186.895409	0.000000
18.000000	87708.982850	18325.368264	187500.000000	187500.000000	86556.705720	102566.589721	112927.919677	133657.910962	-0.072000	0.774000	0.574000	192.000000	0.000000	0.000000	0.000000	0.000000	0.000000	0.000000	0.000000	0.000000	0.000000	1733433186.900682	0.000000
19.000000	87698.254013	18333.079616	187500.000000	187500.000000	86545.060461	102566.343852	112914.821555	133653.172392	-0.072000	0.774000	0.574000	192.000000	0.000000	0.000000	0.000000	0.000000	0.000000	0.000000	0.000000	0.000000	0.000000	1733433186.904450	0.000000
20.000000	87702.232623	18349.262279	187500.000000	187500.000000	86549.933141	102584.292303	112934.356980	133648.366767	-0.072000	0.774000	0.574000	192.000000	0.000000	0.000000	0.000000	0.000000	0.000000	0.000000	0.000000	0.000000	0.000000	1733433186.908583	0.000000
21.000000	87713.743772	18354.023201	187500.000000	187500.000000	86557.823307	102580.246637	112939.989619	133650.333720	-0.072000	0.774000	0.574000	192.000000	0.000000	0.000000	0.000000	0.000000	0.000000	0.000000	0.000000	0.000000	0.000000	1733433186.912632	0.000000
22.000000	87705.473626	18354.313773	187500.000000	187500.000000	86544.680482	102555.525608	112928.098491	133653.954703	-0.072000	0.774000	0.574000	192.000000	0.000000	0.000000	0.000000	0.000000	0.000000	0.000000	0.000000	0.000000	0.000000	1733433186.919856	0.000000
23.000000	87709.899272	18357.197148	187500.000000	187500.000000	86540.277188	102555.637366	112930.937163	133663.275381	-0.072000	0.774000	0.574000	192.000000	0.000000	0.000000	0.000000	0.000000	0.000000	0.000000	0.000000	0.000000	0.000000	1733433186.921876	0.000000
24.000000	87719.041135	18328.162232	187500.000000	187500.000000	86554.045862	102553.312785	112938.894384	133650.870162	-0.074000	0.776000	0.576000	192.000000	253.000000	176.000000	24.000000	64.000000	18.000000	0.000000	0.000000	0.000000	0.000000	1733433186.923710	0.000000
25.000000	87722.349193	18339.405160	187500.000000	187500.000000	86572.597810	102580.805431	112939.766102	133647.249180	-0.074000	0.776000	0.576000	192.000000	0.000000	0.000000	0.000000	0.000000	0.000000	0.000000	0.000000	0.000000	0.000000	1733433186.928466	0.000000
26.000000	87723.891464	18327.849308	187500.000000	187500.000000	86578.521023	102576.066861	112938.961439	133652.993578	-0.074000	0.776000	0.576000	192.000000	0.000000	0.000000	0.000000	0.000000	0.000000	0.000000	0.000000	0.000000	0.000000	1733433186.932474	0.000000
27.000000	87722.796228	18352.927965	187500.000000	187500.000000	86568.060406	102556.777305	112926.042131	133662.068386	-0.074000	0.776000	0.576000	192.000000	0.000000	0.000000	0.000000	0.000000	0.000000	0.000000	0.000000	0.000000	0.000000	1733433186.936486	0.000000
28.000000	87729.658214	18341.238003	187500.000000	187500.000000	86563.545354	102591.444861	112920.945933	133656.815726	-0.074000	0.776000	0.576000	192.000000	0.000000	0.000000	0.000000	0.000000	0.000000	0.000000	0.000000	0.000000	0.000000	1733433186.940484	0.000000
29.000000	87723.712650	18313.477136	187500.000000	187500.000000	86569.379159	102597.770405	112927.696160	133644.678729	-0.074000	0.776000	0.576000	192.000000	0.000000	0.000000	0.000000	0.000000	0.000000	0.000000	0.000000	0.000000	0.000000	1733433186.944480	0.000000
30.000000	87712.603833	18312.203087	187500.000000	187500.000000	86553.241200	102521.819177	112922.868183	133634.799258	-0.074000	0.776000	0.576000	192.000000	0.000000	0.000000	0.000000	0.000000	0.000000	0.000000	0.000000	0.000000	0.000000	1733433186.947493	0.000000
31.000000	87703.417266	18307.397462	187500.000000	187500.000000	86537.483220	102504.563630	112909.904171	133620.114162	-0.074000	0.776000	0.576000	192.000000	0.000000	0.000000	0.000000	0.000000	0.000000	0.000000	0.000000	0.000000	0.000000	1733433186.951724	0.000000
32.000000	87703.976059	18319.333293	187500.000000	187500.000000	86534.890417	102516.588869	112904.718567	133627.512589	-0.074000	0.776000	0.576000	192.000000	0.000000	0.000000	0.000000	0.000000	0.000000	0.000000	0.000000	0.000000	0.000000	1733433186.956520	0.000000
33.000000	87703.998411	18316.159346	187500.000000	187500.000000	86532.677595	102531.430427	112914.173354	133634.553389	-0.074000	0.776000	0.576000	192.000000	0.000000	0.000000	0.000000	0.000000	0.000000	0.000000	0.000000	0.000000	0.000000	1733433186.960709	0.000000
34.000000	87703.171397	18297.160363	187500.000000	187500.000000	86536.253874	102553.268081	112920.588305	133643.382328	-0.070000	0.776000	0.570000	192.000000	253.000000	208.000000	24.000000	64.000000	17.000000	208.000000	0.000000	0.000000	0.000000	1733433186.964599	0.000000
35.000000	87710.212196	18310.549058	187500.000000	187500.000000	86544.144040	102579.687843	112917.794337	133651.160735	-0.070000	0.776000	0.570000	192.000000	0.000000	0.000000	0.000000	0.000000	0.000000	0.000000	0.000000	0.000000	0.000000	1733433186.967916	0.000000
36.000000	87718.929376	18356.347782	187500.000000	187500.000000	86550.044900	102613.751902	112917.682578	133659.654398	-0.070000	0.776000	0.570000	192.000000	0.000000	0.000000	0.000000	0.000000	0.000000	0.000000	0.000000	0.000000	0.000000	1733433186.971954	0.000000
37.000000	87711.441542	18334.018389	187500.000000	187500.000000	86538.354938	102561.225302	112914.776852	133678.698084	-0.070000	0.776000	0.570000	192.000000	0.000000	0.000000	0.000000	0.000000	0.000000	0.000000	0.000000	0.000000	0.000000	1733433186.975557	0.000000
38.000000	87700.220966	18276.440296	187500.000000	187500.000000	86536.119763	102509.548069	112915.492107	133708.403553	-0.070000	0.776000	0.570000	192.000000	0.000000	0.000000	0.000000	0.000000	0.000000	0.000000	0.000000	0.000000	0.000000	1733433186.979545	0.000000
39.000000	87703.506673	18312.583067	187500.000000	187500.000000	86534.331624	102539.968793	112918.710759	133711.577500	-0.070000	0.776000	0.570000	192.000000	0.000000	0.000000	0.000000	0.000000	0.000000	0.000000	0.000000	0.000000	0.000000	1733433186.984827	0.000000
40.000000	87707.552339	18295.327520	187500.000000	187500.000000	86542.959397	102559.571273	112927.360884	133708.716477	-0.070000	0.776000	0.570000	192.000000	0.000000	0.000000	0.000000	0.000000	0.000000	0.000000	0.000000	0.000000	0.000000	1733433186.988536	0.000000
41.000000	87697.561109	18255.697877	187500.000000	187500.000000	86541.774755	102536.571328	112921.415320	133671.813747	-0.070000	0.776000	0.570000	192.000000	0.000000	0.000000	0.000000	0.000000	0.000000	0.000000	0.000000	0.000000	0.000000	1733433186.992560	0.000000
42.000000	87702.165568	18279.211912	187500.000000	187500.000000	86546.870952	102568.333157	112929.461948	133649.529058	-0.070000	0.776000	0.570000	192.000000	0.000000	0.000000	0.000000	0.000000	0.000000	0.000000	0.000000	0.000000	0.000000	1733433186.995560	0.000000
43.000000	87711.374487	18311.063148	187500.000000	187500.000000	86550.760156	102569.271930	112935.340456	133674.406549	-0.070000	0.776000	0.570000	192.000000	0.000000	0.000000	0.000000	0.000000	0.000000	0.000000	0.000000	0.000000	0.000000	1733433186.999569	0.000000
44.000000	87723.064449	18333.996038	187500.000000	187500.000000	86563.701816	102569.808372	112944.772893	133672.886631	-0.070000	0.776000	0.570000	192.000000	0.000000	0.000000	0.000000	0.000000	0.000000	0.000000	0.000000	0.000000	0.000000	1733433187.003572	0.000000
45.000000	87719.734039	18336.275916	187500.000000	187500.000000	86556.415147	102569.003709	112932.881765	133662.805994	-0.068000	0.774000	0.574000	192.000000	253.000000	224.000000	24.000000	48.000000	17.000000	240.000000	0.000000	0.000000	0.000000	1733433187.007700	0.000000
46.000000	87725.813714	18321.032026	187500.000000	187500.000000	86558.471508	102561.582930	112932.635895	133664.169450	-0.068000	0.774000	0.574000	192.000000	0.000000	0.000000	0.000000	0.000000	0.000000	0.000000	0.000000	0.000000	0.000000	1733433187.012736	0.000000
47.000000	87721.633938	18286.878560	187500.000000	187500.000000	86563.210078	102560.554750	112936.726265	133664.236506	-0.068000	0.774000	0.574000	192.000000	0.000000	0.000000	0.000000	0.000000	0.000000	0.000000	0.000000	0.000000	0.000000	1733433187.016852	0.000000
48.000000	87708.781684	18257.642479	187500.000000	187500.000000	86554.850525	102558.766610	112928.009084	133683.123730	-0.068000	0.774000	0.574000	192.000000	0.000000	0.000000	0.000000	0.000000	0.000000	0.000000	0.000000	0.000000	0.000000	1733433187.020830	0.000000
49.000000	87711.754467	18275.099191	187500.000000	187500.000000	86557.465679	102556.509084	112927.159718	133693.740808	-0.068000	0.774000	0.574000	192.000000	0.000000	0.000000	0.000000	0.000000	0.000000	0.000000	0.000000	0.000000	0.000000	1733433187.023612	0.000000
50.000000	87716.336574	18292.354738	187500.000000	187500.000000	86556.661017	102540.214663	112929.529003	133679.703913	-0.068000	0.774000	0.574000	192.000000	0.000000	0.000000	0.000000	0.000000	0.000000	0.000000	0.000000	0.000000	0.000000	1733433187.027601	0.000000
51.000000	87718.594100	18299.104965	187500.000000	187500.000000	86547.876781	102550.496465	112934.692256	133681.916735	-0.068000	0.774000	0.574000	192.000000	0.000000	0.000000	0.000000	0.000000	0.000000	0.000000	0.000000	0.000000	0.000000	1733433187.031600	0.000000
52.000000	87715.420153	18290.723060	187500.000000	187500.000000	86548.033243	102551.725811	112935.608677	133666.046997	-0.068000	0.774000	0.574000	192.000000	0.000000	0.000000	0.000000	0.000000	0.000000	0.000000	0.000000	0.000000	0.000000	1733433187.035635	0.000000
53.000000	87700.936222	18263.386877	187500.000000	187500.000000	86544.211095	102529.083494	112936.547451	133646.533924	-0.068000	0.774000	0.574000	192.000000	0.000000	0.000000	0.000000	0.000000	0.000000	0.000000	0.000000	0.000000	0.000000	1733433187.039614	0.000000
54.000000	87700.556243	18249.595851	187500.000000	187500.000000	86545.865124	102542.539244	112937.709741	133661.554296	-0.068000	0.774000	0.574000	192.000000	0.000000	0.000000	0.000000	0.000000	0.000000	0.000000	0.000000	0.000000	0.000000	1733433187.044672	0.000000
55.000000	87707.306469	18261.486979	187500.000000	187500.000000	86553.040034	102559.034831	112942.157738	133676.619372	-0.070000	0.780000	0.574000	192.000000	253.000000	208.000000	24.000000	96.000000	17.000000	240.000000	0.000000	0.000000	0.000000	1733433187.048961	0.000000
56.000000	87706.457103	18272.953424	187500.000000	187500.000000	86554.962284	102539.365296	112944.012933	133679.636857	-0.070000	0.780000	0.574000	192.000000	0.000000	0.000000	0.000000	0.000000	0.000000	0.000000	0.000000	0.000000	0.000000	1733433187.051984	0.000000
57.000000	87711.933280	18305.095232	187500.000000	187500.000000	86567.792185	102556.397326	112944.459968	133677.312276	-0.070000	0.780000	0.574000	192.000000	0.000000	0.000000	0.000000	0.000000	0.000000	0.000000	0.000000	0.000000	0.000000	1733433187.055827	0.000000
58.000000	87702.634955	18250.221700	187500.000000	187500.000000	86562.025435	102534.649078	112927.316180	133657.151003	-0.070000	0.780000	0.574000	192.000000	0.000000	0.000000	0.000000	0.000000	0.000000	0.000000	0.000000	0.000000	0.000000	1733433187.059972	0.000000
59.000000	87692.442559	18222.058501	187500.000000	187500.000000	86552.190668	102520.478072	112916.229715	133659.699101	-0.070000	0.780000	0.574000	192.000000	0.000000	0.000000	0.000000	0.000000	0.000000	0.000000	0.000000	0.000000	0.000000	1733433187.063872	0.000000
60.000000	87699.639821	18254.200310	187500.000000	187500.000000	86552.660054	102550.943500	112932.367674	133656.547505	-0.070000	0.780000	0.574000	192.000000	0.000000	0.000000	0.000000	0.000000	0.000000	0.000000	0.000000	0.000000	0.000000	1733433187.068043	0.000000
61.000000	87702.970231	18255.519063	187500.000000	187500.000000	86554.537601	102540.169959	112940.257840	133667.835136	-0.070000	0.780000	0.574000	192.000000	0.000000	0.000000	0.000000	0.000000	0.000000	0.000000	0.000000	0.000000	0.000000	1733433187.072659	0.000000
62.000000	87688.687466	18259.050639	187500.000000	187500.000000	86544.501668	102515.806558	112926.667980	133680.530927	-0.070000	0.780000	0.574000	192.000000	0.000000	0.000000	0.000000	0.000000	0.000000	0.000000	0.000000	0.000000	0.000000	1733433187.076718	0.000000
63.000000	87691.973173	18262.135179	187500.000000	187500.000000	86539.159601	102545.266157	112920.320084	133682.676695	-0.070000	0.780000	0.574000	192.000000	0.000000	0.000000	0.000000	0.000000	0.000000	0.000000	0.000000	0.000000	0.000000	1733433187.079724	0.000000
64.000000	87696.801149	18258.134217	187500.000000	187500.000000	86550.290769	102539.320593	112925.908020	133666.918715	-0.070000	0.780000	0.574000	192.000000	0.000000	0.000000	0.000000	0.000000	0.000000	0.000000	0.000000	0.000000	0.000000	1733433187.083723	0.000000
65.000000	87696.376466	18261.241110	187500.000000	187500.000000	86561.041958	102536.705439	112948.684448	133660.503764	-0.076000	0.776000	0.576000	192.000000	253.000000	160.000000	24.000000	64.000000	18.000000	0.000000	0.000000	0.000000	0.000000	1733433187.087726	0.000000
66.000000	87688.218080	18237.704723	187500.000000	187500.000000	86550.558990	102519.159319	112930.959514	133650.534886	-0.076000	0.776000	0.576000	192.000000	0.000000	0.000000	0.000000	0.000000	0.000000	0.000000	0.000000	0.000000	0.000000	1733433187.091893	0.000000
67.000000	87684.708856	18240.364580	187500.000000	187500.000000	86552.011854	102508.944572	112930.065445	133653.328854	-0.076000	0.776000	0.576000	192.000000	0.000000	0.000000	0.000000	0.000000	0.000000	0.000000	0.000000	0.000000	0.000000	1733433187.095834	0.000000
68.000000	87681.937239	18241.191595	187500.000000	187500.000000	86543.093508	102506.754101	112908.786584	133652.166564	-0.076000	0.776000	0.576000	192.000000	0.000000	0.000000	0.000000	0.000000	0.000000	0.000000	0.000000	0.000000	0.000000	1733433187.101099	0.000000
69.000000	87681.400798	18256.144912	187500.000000	187500.000000	86536.767964	102525.484863	112891.508686	133643.114107	-0.076000	0.776000	0.576000	192.000000	0.000000	0.000000	0.000000	0.000000	0.000000	0.000000	0.000000	0.000000	0.000000	1733433187.104032	0.000000
70.000000	87690.989696	18256.144912	187500.000000	187500.000000	86537.706737	102506.307066	112903.243351	133635.380403	-0.076000	0.776000	0.576000	192.000000	0.000000	0.000000	0.000000	0.000000	0.000000	0.000000	0.000000	0.000000	0.000000	1733433187.108252	0.000000
71.000000	87696.354115	18266.829046	187500.000000	187500.000000	86537.818496	102479.864953	112920.677712	133646.578627	-0.076000	0.776000	0.576000	192.000000	0.000000	0.000000	0.000000	0.000000	0.000000	0.000000	0.000000	0.000000	0.000000	1733433187.111763	0.000000
72.000000	87698.768103	18255.608470	187500.000000	187500.000000	86539.003138	102506.508232	112929.081968	133655.161697	-0.076000	0.776000	0.576000	192.000000	0.000000	0.000000	0.000000	0.000000	0.000000	0.000000	0.000000	0.000000	0.000000	1733433187.115771	0.000000
73.000000	87701.606775	18244.700819	187500.000000	187500.000000	86542.512362	102534.894947	112933.373503	133653.507668	-0.076000	0.776000	0.576000	192.000000	0.000000	0.000000	0.000000	0.000000	0.000000	0.000000	0.000000	0.000000	0.000000	1733433187.119779	0.000000
74.000000	87702.836120	18246.444255	187500.000000	187500.000000	86538.444345	102519.427540	112926.176241	133652.658302	-0.076000	0.776000	0.576000	192.000000	0.000000	0.000000	0.000000	0.000000	0.000000	0.000000	0.000000	0.000000	0.000000	1733433187.123762	0.000000
75.000000	87698.656344	18238.710551	187500.000000	187500.000000	86532.096449	102530.603412	112926.064482	133660.257895	-0.078000	0.772000	0.568000	192.000000	253.000000	144.000000	24.000000	32.000000	17.000000	192.000000	0.000000	0.000000	0.000000	1733433187.128817	0.000000
76.000000	87695.929431	18239.604621	187500.000000	187500.000000	86521.747592	102544.282680	112926.399759	133692.824387	-0.078000	0.772000	0.568000	192.000000	0.000000	0.000000	0.000000	0.000000	0.000000	0.000000	0.000000	0.000000	0.000000	1733433187.131773	0.000000
77.000000	87700.265670	18245.930165	187500.000000	187500.000000	86528.140191	102525.954250	112916.296770	133685.157738	-0.078000	0.772000	0.568000	192.000000	0.000000	0.000000	0.000000	0.000000	0.000000	0.000000	0.000000	0.000000	0.000000	1733433187.134983	0.000000
78.000000	87702.970231	18255.250842	187500.000000	187500.000000	86521.613481	102497.701645	112921.102395	133658.536811	-0.078000	0.772000	0.568000	192.000000	0.000000	0.000000	0.000000	0.000000	0.000000	0.000000	0.000000	0.000000	0.000000	1733433187.139949	0.000000
79.000000	87698.656344	18263.766857	187500.000000	187500.000000	86516.494932	102530.044619	112917.771985	133652.211267	-0.078000	0.772000	0.568000	192.000000	0.000000	0.000000	0.000000	0.000000	0.000000	0.000000	0.000000	0.000000	0.000000	1733433187.144098	0.000000
80.000000	87701.316202	18252.076894	187500.000000	187500.000000	86516.584339	102556.866712	112923.337570	133669.779738	-0.078000	0.772000	0.568000	192.000000	0.000000	0.000000	0.000000	0.000000	0.000000	0.000000	0.000000	0.000000	0.000000	1733433187.148098	0.000000
81.000000	87704.512501	18249.998182	187500.000000	187500.000000	86515.645565	102523.517909	112932.144157	133677.647552	-0.078000	0.772000	0.568000	192.000000	0.000000	0.000000	0.000000	0.000000	0.000000	0.000000	0.000000	0.000000	0.000000	1733433187.152182	0.000000
82.000000	87699.885690	18238.330571	187500.000000	187500.000000	86508.984746	102513.437273	112919.113090	133673.735997	-0.078000	0.772000	0.568000	192.000000	0.000000	0.000000	0.000000	0.000000	0.000000	0.000000	0.000000	0.000000	0.000000	1733433187.156019	0.000000
83.000000	87693.001353	18205.741728	187500.000000	187500.000000	86500.491083	102528.144721	112917.704930	133675.814709	-0.078000	0.772000	0.568000	192.000000	0.000000	0.000000	0.000000	0.000000	0.000000	0.000000	0.000000	0.000000	0.000000	1733433187.159836	0.000000
84.000000	87688.933335	18214.905943	187500.000000	187500.000000	86499.574661	102537.644212	112908.719529	133659.341474	-0.078000	0.772000	0.568000	192.000000	0.000000	0.000000	0.000000	0.000000	0.000000	0.000000	0.000000	0.000000	0.000000	1733433187.162798	0.000000
85.000000	87685.088835	18220.046844	187500.000000	187500.000000	86500.312269	102537.666564	112893.497991	133663.185974	-0.076000	0.772000	0.572000	192.000000	253.000000	160.000000	24.000000	32.000000	17.000000	224.000000	0.000000	0.000000	0.000000	1733433187.168084	0.000000
86.000000	87700.913870	18264.504464	187500.000000	187500.000000	86506.302536	102513.057293	112892.290997	133664.705892	-0.076000	0.772000	0.572000	192.000000	0.000000	0.000000	0.000000	0.000000	0.000000	0.000000	0.000000	0.000000	0.000000	1733433187.171810	0.000000
87.000000	87695.817673	18242.063313	187500.000000	187500.000000	86496.087789	102513.705494	112900.337625	133643.851715	-0.076000	0.772000	0.572000	192.000000	0.000000	0.000000	0.000000	0.000000	0.000000	0.000000	0.000000	0.000000	0.000000	1733433187.175805	0.000000
88.000000	87700.779760	18230.216888	187500.000000	187500.000000	86510.772885	102532.592718	112914.843907	133656.011064	-0.076000	0.772000	0.572000	192.000000	0.000000	0.000000	0.000000	0.000000	0.000000	0.000000	0.000000	0.000000	0.000000	1733433187.179821	0.000000
89.000000	87699.349248	18250.311106	187500.000000	187500.000000	86493.986725	102539.141779	112896.470773	133641.460078	-0.076000	0.772000	0.572000	192.000000	0.000000	0.000000	0.000000	0.000000	0.000000	0.000000	0.000000	0.000000	0.000000	1733433187.184081	0.000000
90.000000	87700.220966	18245.125502	187500.000000	187500.000000	86486.923574	102524.434331	112903.086889	133653.507668	-0.076000	0.772000	0.572000	192.000000	0.000000	0.000000	0.000000	0.000000	0.000000	0.000000	0.000000	0.000000	0.000000	1733433187.188250	0.000000
91.000000	87703.283155	18241.437464	187500.000000	187500.000000	86488.421141	102506.552935	112910.753538	133681.514404	-0.076000	0.772000	0.572000	192.000000	0.000000	0.000000	0.000000	0.000000	0.000000	0.000000	0.000000	0.000000	0.000000	1733433187.191095	0.000000
92.000000	87697.248184	18231.379179	187500.000000	187500.000000	86484.666048	102523.316744	112913.815726	133696.668887	-0.076000	0.772000	0.572000	192.000000	0.000000	0.000000	0.000000	0.000000	0.000000	0.000000	0.000000	0.000000	0.000000	1733433187.195988	0.000000
93.000000	87693.850719	18227.713493	187500.000000	187500.000000	86471.500870	102509.346903	112895.196723	133684.464834	-0.076000	0.772000	0.572000	192.000000	0.000000	0.000000	0.000000	0.000000	0.000000	0.000000	0.000000	0.000000	0.000000	1733433187.200139	0.000000
94.000000	87696.823501	18228.495804	187500.000000	187500.000000	86462.984856	102494.348883	112880.086944	133658.380348	-0.076000	0.772000	0.572000	192.000000	0.000000	0.000000	0.000000	0.000000	0.000000	0.000000	0.000000	0.000000	0.000000	1733433187.204906	0.000000
95.000000	87693.470740	18223.600772	187500.000000	187500.000000	86463.342483	102513.057293	112891.396927	133645.326930	-0.074000	0.770000	0.570000	192.000000	253.000000	176.000000	24.000000	16.000000	17.000000	208.000000	0.000000	0.000000	0.000000	1733433187.208861	0.000000
96.000000	87689.112149	18230.663923	187500.000000	187500.000000	86460.660274	102536.548976	112895.911979	133655.854601	-0.074000	0.770000	0.570000	192.000000	0.000000	0.000000	0.000000	0.000000	0.000000	0.000000	0.000000	0.000000	0.000000	1733433187.211858	0.000000
97.000000	87693.604850	18231.133310	187500.000000	187500.000000	86462.649579	102520.992162	112874.431953	133650.378424	-0.074000	0.770000	0.570000	192.000000	0.000000	0.000000	0.000000	0.000000	0.000000	0.000000	0.000000	0.000000	0.000000	1733433187.215929	0.000000
98.000000	87694.454216	18209.966208	187500.000000	187500.000000	86459.520335	102513.437273	112867.502912	133649.327892	-0.074000	0.770000	0.570000	192.000000	0.000000	0.000000	0.000000	0.000000	0.000000	0.000000	0.000000	0.000000	0.000000	1733433187.218934	0.000000
99.000000	87686.988734	18202.545429	187500.000000	187500.000000	86447.897428	102500.763834	112871.213302	133654.513497	-0.074000	0.770000	0.570000	192.000000	0.000000	0.000000	0.000000	0.000000	0.000000	0.000000	0.000000	0.000000	0.000000	1733433187.223891	0.000000
100.000000	87682.965420	18207.485164	187500.000000	187500.000000	86437.749736	102486.838697	112864.328964	133649.037319	-0.074000	0.770000	0.570000	192.000000	0.000000	0.000000	0.000000	0.000000	0.000000	0.000000	0.000000	0.000000	0.000000	1733433187.227966	0.000000
101.000000	87687.346362	18209.966208	187500.000000	187500.000000	86439.582579	102496.159374	112851.499063	133639.359014	-0.074000	0.770000	0.570000	192.000000	0.000000	0.000000	0.000000	0.000000	0.000000	0.000000	0.000000	0.000000	0.000000	1733433187.231925	0.000000
102.000000	87683.010123	18201.427841	187500.000000	187500.000000	86443.203562	102501.322627	112847.073418	133644.388156	-0.074000	0.770000	0.570000	192.000000	0.000000	0.000000	0.000000	0.000000	0.000000	0.000000	0.000000	0.000000	0.000000	1733433187.236120	0.000000
103.000000	87686.295830	18210.212077	187500.000000	187500.000000	86440.543704	102500.249743	112854.449493	133639.224903	-0.074000	0.770000	0.570000	192.000000	0.000000	0.000000	0.000000	0.000000	0.000000	0.000000	0.000000	0.000000	0.000000	1733433187.239079	0.000000
104.000000	87687.100492	18213.386025	187500.000000	187500.000000	86440.543704	102509.928049	112863.569005	133623.466924	-0.074000	0.770000	0.570000	192.000000	0.000000	0.000000	0.000000	0.000000	0.000000	0.000000	0.000000	0.000000	0.000000	1733433187.243221	0.000000
105.000000	87689.156853	18214.794185	187500.000000	187500.000000	86446.556323	102528.010610	112866.094752	133643.829363	-0.084000	0.772000	0.570000	192.000000	253.000000	96.000000	24.000000	32.000000	17.000000	208.000000	0.000000	0.000000	0.000000	1733433187.247357	0.000000
106.000000	87691.146158	18204.758251	187500.000000	187500.000000	86448.635036	102557.403154	112870.721563	133653.060633	-0.084000	0.772000	0.570000	192.000000	0.000000	0.000000	0.000000	0.000000	0.000000	0.000000	0.000000	0.000000	0.000000	1733433187.250967	0.000000
107.000000	87690.006219	18189.089678	187500.000000	187500.000000	86451.898390	102516.410055	112867.435857	133647.673863	-0.084000	0.772000	0.570000	192.000000	0.000000	0.000000	0.000000	0.000000	0.000000	0.000000	0.000000	0.000000	0.000000	1733433187.255944	0.000000
108.000000	87682.205460	18190.386080	187500.000000	187500.000000	86449.797326	102516.342999	112867.949947	133662.560125	-0.084000	0.772000	0.570000	192.000000	0.000000	0.000000	0.000000	0.000000	0.000000	0.000000	0.000000	0.000000	0.000000	1733433187.259973	0.000000
109.000000	87693.090760	18231.960324	187500.000000	187500.000000	86457.799251	102508.698703	112880.511627	133683.123730	-0.084000	0.772000	0.570000	192.000000	0.000000	0.000000	0.000000	0.000000	0.000000	0.000000	0.000000	0.000000	0.000000	1733433187.263965	0.000000
110.000000	87688.687466	18202.076042	187500.000000	187500.000000	86453.127736	102508.206965	112890.905188	133657.441575	-0.084000	0.772000	0.570000	192.000000	0.000000	0.000000	0.000000	0.000000	0.000000	0.000000	0.000000	0.000000	0.000000	1733433187.267195	0.000000
111.000000	87682.674847	18188.352071	187500.000000	187500.000000	86460.324998	102508.653999	112891.352223	133656.703968	-0.084000	0.772000	0.570000	192.000000	0.000000	0.000000	0.000000	0.000000	0.000000	0.000000	0.000000	0.000000	0.000000	1733433187.270965	0.000000
112.000000	87681.043170	18192.621254	187500.000000	187500.000000	86462.426062	102512.654962	112879.192874	133660.615523	-0.084000	0.772000	0.570000	192.000000	0.000000	0.000000	0.000000	0.000000	0.000000	0.000000	0.000000	0.000000	0.000000	1733433187.274955	0.000000
113.000000	87685.625277	18192.487144	187500.000000	187500.000000	86469.645675	102514.085473	112885.943101	133653.306502	-0.084000	0.772000	0.570000	192.000000	0.000000	0.000000	0.000000	0.000000	0.000000	0.000000	0.000000	0.000000	0.000000	1733433187.279185	0.000000
114.000000	87689.872109	18199.036205	187500.000000	187500.000000	86474.853632	102527.429465	112894.190895	133654.513497	-0.084000	0.772000	0.570000	192.000000	0.000000	0.000000	0.000000	0.000000	0.000000	0.000000	0.000000	0.000000	0.000000	1733433187.284180	0.000000
115.000000	87696.801149	18205.607618	187500.000000	187500.000000	86481.469748	102547.702497	112891.709851	133668.259820	-0.082000	0.770000	0.566000	192.000000	253.000000	112.000000	24.000000	16.000000	17.000000	176.000000	0.000000	0.000000	0.000000	1733433187.288399	0.000000
116.000000	87688.776873	18195.392870	187500.000000	187500.000000	86475.613591	102537.331288	112878.075287	133661.040206	-0.082000	0.770000	0.566000	192.000000	0.000000	0.000000	0.000000	0.000000	0.000000	0.000000	0.000000	0.000000	0.000000	1733433187.292350	0.000000
117.000000	87683.166585	18190.363728	187500.000000	187500.000000	86466.583486	102499.087453	112874.946043	133639.135497	-0.082000	0.770000	0.566000	192.000000	0.000000	0.000000	0.000000	0.000000	0.000000	0.000000	0.000000	0.000000	0.000000	1733433187.295171	0.000000
118.000000	87695.415341	18204.624141	187500.000000	187500.000000	86479.972181	102521.372142	112881.517456	133638.017909	-0.082000	0.770000	0.566000	192.000000	0.000000	0.000000	0.000000	0.000000	0.000000	0.000000	0.000000	0.000000	0.000000	1733433187.299048	0.000000
119.000000	87697.158777	18209.921504	187500.000000	187500.000000	86485.403655	102531.385724	112893.229770	133650.043148	-0.082000	0.770000	0.566000	192.000000	0.000000	0.000000	0.000000	0.000000	0.000000	0.000000	0.000000	0.000000	0.000000	1733433187.303032	0.000000
120.000000	87692.017876	18203.215981	187500.000000	187500.000000	86474.384245	102507.402302	112879.751668	133670.092663	-0.082000	0.770000	0.566000	192.000000	0.000000	0.000000	0.000000	0.000000	0.000000	0.000000	0.000000	0.000000	0.000000	1733433187.307012	0.000000
121.000000	87688.106321	18210.234429	187500.000000	187500.000000	86467.477556	102524.680200	112866.497083	133643.203514	-0.082000	0.770000	0.566000	192.000000	0.000000	0.000000	0.000000	0.000000	0.000000	0.000000	0.000000	0.000000	0.000000	1733433187.312022	0.000000
122.000000	87690.654420	18209.988559	187500.000000	187500.000000	86471.366760	102527.876500	112864.440723	133635.894494	-0.082000	0.770000	0.566000	192.000000	0.000000	0.000000	0.000000	0.000000	0.000000	0.000000	0.000000	0.000000	0.000000	1733433187.316042	0.000000
123.000000	87686.452292	18190.453135	187500.000000	187500.000000	86471.210297	102520.098093	112862.540825	133641.862409	-0.082000	0.770000	0.566000	192.000000	0.000000	0.000000	0.000000	0.000000	0.000000	0.000000	0.000000	0.000000	0.000000	1733433187.320042	0.000000
124.000000	87673.801204	18147.090751	187500.000000	187500.000000	86475.926516	102508.139909	112876.443610	133650.199610	-0.082000	0.770000	0.566000	192.000000	0.000000	0.000000	0.000000	0.000000	0.000000	0.000000	0.000000	0.000000	0.000000	1733433187.323054	0.000000
125.000000	87666.827460	18149.124759	187500.000000	187500.000000	86477.021751	102525.797787	112891.687499	133647.651511	-0.074000	0.770000	0.564000	192.000000	253.000000	176.000000	24.000000	16.000000	17.000000	160.000000	0.000000	0.000000	0.000000	1733433187.327260	0.000000
126.000000	87677.265725	18179.210207	187500.000000	187500.000000	86481.425045	102511.827947	112883.171485	133650.981921	-0.074000	0.770000	0.564000	192.000000	0.000000	0.000000	0.000000	0.000000	0.000000	0.000000	0.000000	0.000000	0.000000	1733433187.331100	0.000000
127.000000	87682.563088	18186.832152	187500.000000	187500.000000	86478.474614	102499.154508	112878.522322	133658.939142	-0.074000	0.770000	0.564000	192.000000	0.000000	0.000000	0.000000	0.000000	0.000000	0.000000	0.000000	0.000000	0.000000	1733433187.335438	0.000000
128.000000	87689.648591	18185.915731	187500.000000	187500.000000	86484.107254	102538.046543	112886.703060	133660.056729	-0.074000	0.770000	0.564000	192.000000	0.000000	0.000000	0.000000	0.000000	0.000000	0.000000	0.000000	0.000000	0.000000	1733433187.339219	0.000000
129.000000	87688.128673	18179.076097	187500.000000	187500.000000	86486.945926	102520.321610	112885.250197	133663.744767	-0.074000	0.770000	0.564000	192.000000	0.000000	0.000000	0.000000	0.000000	0.000000	0.000000	0.000000	0.000000	0.000000	1733433187.344064	0.000000
130.000000	87694.945955	18200.511420	187500.000000	187500.000000	86496.847748	102550.362355	112895.710813	133646.042186	-0.074000	0.770000	0.564000	192.000000	0.000000	0.000000	0.000000	0.000000	0.000000	0.000000	0.000000	0.000000	0.000000	1733433187.348098	0.000000
131.000000	87692.353152	18219.845679	187500.000000	187500.000000	86495.059609	102538.270061	112904.897380	133632.877008	-0.074000	0.770000	0.564000	192.000000	0.000000	0.000000	0.000000	0.000000	0.000000	0.000000	0.000000	0.000000	0.000000	1733433187.351293	0.000000
132.000000	87684.686504	18187.189780	187500.000000	187500.000000	86488.801120	102509.078683	112899.756479	133639.962511	-0.074000	0.770000	0.564000	192.000000	0.000000	0.000000	0.000000	0.000000	0.000000	0.000000	0.000000	0.000000	0.000000	1733433187.355116	0.000000
133.000000	87691.012048	18175.231597	187500.000000	187500.000000	86495.752513	102529.396418	112900.739956	133661.800165	-0.074000	0.770000	0.564000	192.000000	0.000000	0.000000	0.000000	0.000000	0.000000	0.000000	0.000000	0.000000	0.000000	1733433187.359097	0.000000
134.000000	87685.066484	18168.682536	187500.000000	187500.000000	86491.371571	102528.368238	112898.951816	133648.210305	-0.074000	0.770000	0.564000	192.000000	0.000000	0.000000	0.000000	0.000000	0.000000	0.000000	0.000000	0.000000	0.000000	1733433187.363078	0.000000
135.000000	87692.330801	18181.914768	187500.000000	187500.000000	86495.461940	102528.278831	112890.279340	133639.470773	-0.070000	0.776000	0.572000	192.000000	253.000000	208.000000	24.000000	64.000000	17.000000	224.000000	0.000000	0.000000	0.000000	1733433187.367558	0.000000
136.000000	87689.290963	18171.185931	187500.000000	187500.000000	86495.752513	102533.911471	112883.439706	133649.529058	-0.070000	0.776000	0.572000	192.000000	0.000000	0.000000	0.000000	0.000000	0.000000	0.000000	0.000000	0.000000	0.000000	1733433187.372310	0.000000
137.000000	87691.213213	18181.423030	187500.000000	187500.000000	86496.221900	102549.222416	112876.018927	133665.175279	-0.070000	0.776000	0.572000	192.000000	0.000000	0.000000	0.000000	0.000000	0.000000	0.000000	0.000000	0.000000	0.000000	1733433187.375162	0.000000
138.000000	87695.571804	18196.443402	187500.000000	187500.000000	86502.614498	102543.053334	112874.387249	133645.170468	-0.070000	0.776000	0.572000	192.000000	0.000000	0.000000	0.000000	0.000000	0.000000	0.000000	0.000000	0.000000	0.000000	1733433187.379377	0.000000
139.000000	87700.533891	18186.139248	187500.000000	187500.000000	86495.394885	102512.677313	112891.419279	133658.514459	-0.070000	0.776000	0.572000	192.000000	0.000000	0.000000	0.000000	0.000000	0.000000	0.000000	0.000000	0.000000	0.000000	1733433187.383346	0.000000
140.000000	87695.795321	18168.257853	187500.000000	187500.000000	86495.305478	102516.097130	112890.636967	133664.840003	-0.070000	0.776000	0.572000	192.000000	0.000000	0.000000	0.000000	0.000000	0.000000	0.000000	0.000000	0.000000	0.000000	1733433187.387153	0.000000
141.000000	87699.617469	18181.288920	187500.000000	187500.000000	86509.856464	102548.037773	112898.616540	133666.315218	-0.070000	0.776000	0.572000	192.000000	0.000000	0.000000	0.000000	0.000000	0.000000	0.000000	0.000000	0.000000	0.000000	1733433187.391133	0.000000
142.000000	87699.148083	18193.940007	187500.000000	187500.000000	86511.085810	102546.093171	112900.561142	133672.976038	-0.070000	0.776000	0.572000	192.000000	0.000000	0.000000	0.000000	0.000000	0.000000	0.000000	0.000000	0.000000	0.000000	1733433187.395156	0.000000
143.000000	87689.112149	18186.586283	187500.000000	187500.000000	86504.536748	102527.787093	112886.166619	133668.036302	-0.070000	0.776000	0.572000	192.000000	0.000000	0.000000	0.000000	0.000000	0.000000	0.000000	0.000000	0.000000	0.000000	1733433187.400159	0.000000
144.000000	87682.384274	18163.943966	187500.000000	187500.000000	86502.860368	102513.549031	112871.146246	133654.513497	-0.070000	0.776000	0.572000	192.000000	0.000000	0.000000	0.000000	0.000000	0.000000	0.000000	0.000000	0.000000	0.000000	1733433187.403152	0.000000
145.000000	87677.332780	18146.978992	187500.000000	187500.000000	86502.212167	102513.236107	112864.485426	133646.623331	-0.072000	0.770000	0.570000	192.000000	253.000000	192.000000	24.000000	16.000000	17.000000	208.000000	0.000000	0.000000	0.000000	1733433187.407204	0.000000
146.000000	87684.865318	18180.305443	187500.000000	187500.000000	86510.772885	102515.739502	112884.959624	133646.533924	-0.072000	0.770000	0.570000	192.000000	0.000000	0.000000	0.000000	0.000000	0.000000	0.000000	0.000000	0.000000	0.000000	1733433187.411194	0.000000
147.000000	87688.933335	18180.193684	187500.000000	187500.000000	86514.572682	102533.777360	112892.983901	133647.204476	-0.072000	0.770000	0.570000	192.000000	0.000000	0.000000	0.000000	0.000000	0.000000	0.000000	0.000000	0.000000	0.000000	1733433187.415164	0.000000
148.000000	87692.174338	18184.440516	187500.000000	187500.000000	86516.874911	102533.017401	112895.934331	133664.370616	-0.072000	0.770000	0.570000	192.000000	0.000000	0.000000	0.000000	0.000000	0.000000	0.000000	0.000000	0.000000	0.000000	1733433187.419188	0.000000
149.000000	87688.329838	18179.009042	187500.000000	187500.000000	86518.193664	102533.956174	112889.452325	133656.078119	-0.072000	0.770000	0.570000	192.000000	0.000000	0.000000	0.000000	0.000000	0.000000	0.000000	0.000000	0.000000	0.000000	1733433187.423388	0.000000
150.000000	87692.263745	18165.016850	187500.000000	187500.000000	86530.263606	102550.205892	112897.118973	133662.649532	-0.072000	0.770000	0.570000	192.000000	0.000000	0.000000	0.000000	0.000000	0.000000	0.000000	0.000000	0.000000	0.000000	1733433187.428345	0.000000
151.000000	87690.117978	18161.574681	187500.000000	187500.000000	86533.526961	102547.210759	112903.980959	133661.844869	-0.072000	0.770000	0.570000	192.000000	0.000000	0.000000	0.000000	0.000000	0.000000	0.000000	0.000000	0.000000	0.000000	1733433187.431471	0.000000
152.000000	87686.340533	18163.943966	187500.000000	187500.000000	86528.497819	102551.345831	112887.775944	133637.302653	-0.072000	0.770000	0.570000	192.000000	0.000000	0.000000	0.000000	0.000000	0.000000	0.000000	0.000000	0.000000	0.000000	1733433187.435542	0.000000
153.000000	87695.884728	18195.504629	187500.000000	187500.000000	86534.018699	102554.251558	112894.369709	133648.634988	-0.072000	0.770000	0.570000	192.000000	0.000000	0.000000	0.000000	0.000000	0.000000	0.000000	0.000000	0.000000	0.000000	1733433187.439410	0.000000
154.000000	87690.475606	18207.820440	187500.000000	187500.000000	86527.268473	102533.486787	112897.655415	133653.395909	-0.072000	0.770000	0.570000	192.000000	0.000000	0.000000	0.000000	0.000000	0.000000	0.000000	0.000000	0.000000	0.000000	1733433187.443207	0.000000
155.000000	87692.755484	18175.164542	187500.000000	187500.000000	86528.251949	102542.852168	112896.359014	133655.742843	-0.070000	0.774000	0.578000	192.000000	253.000000	208.000000	24.000000	48.000000	18.000000	16.000000	0.000000	0.000000	0.000000	1733433187.447214	0.000000
156.000000	87682.943068	18146.017867	187500.000000	187500.000000	86523.558083	102533.307974	112881.852732	133651.898343	-0.070000	0.774000	0.578000	192.000000	0.000000	0.000000	0.000000	0.000000	0.000000	0.000000	0.000000	0.000000	0.000000	1733433187.451458	0.000000
157.000000	87687.905155	18174.538693	187500.000000	187500.000000	86528.766039	102553.268081	112882.098601	133689.941012	-0.070000	0.774000	0.578000	192.000000	0.000000	0.000000	0.000000	0.000000	0.000000	0.000000	0.000000	0.000000	0.000000	1733433187.456299	0.000000
158.000000	87688.978039	18193.515324	187500.000000	187500.000000	86533.482258	102565.606244	112891.732203	133670.360884	-0.070000	0.774000	0.578000	192.000000	0.000000	0.000000	0.000000	0.000000	0.000000	0.000000	0.000000	0.000000	0.000000	1733433187.459248	0.000000
159.000000	87687.413417	18178.003213	187500.000000	187500.000000	86535.985653	102562.074669	112900.047052	133650.445479	-0.070000	0.774000	0.578000	192.000000	0.000000	0.000000	0.000000	0.000000	0.000000	0.000000	0.000000	0.000000	0.000000	1733433187.463251	0.000000
160.000000	87688.307487	18189.424955	187500.000000	187500.000000	86536.499743	102535.900776	112906.462003	133664.750596	-0.070000	0.774000	0.578000	192.000000	0.000000	0.000000	0.000000	0.000000	0.000000	0.000000	0.000000	0.000000	0.000000	1733433187.467531	0.000000
161.000000	87678.428016	18150.711733	187500.000000	187500.000000	86529.324833	102530.156378	112897.096622	133653.731186	-0.070000	0.774000	0.578000	192.000000	0.000000	0.000000	0.000000	0.000000	0.000000	0.000000	0.000000	0.000000	0.000000	1733433187.471544	0.000000
162.000000	87680.797300	18154.377419	187500.000000	187500.000000	86523.178103	102541.488712	112896.738994	133645.550447	-0.070000	0.774000	0.578000	192.000000	0.000000	0.000000	0.000000	0.000000	0.000000	0.000000	0.000000	0.000000	0.000000	1733433187.475582	0.000000
163.000000	87689.000391	18181.423030	187500.000000	187500.000000	86522.909882	102533.956174	112877.382383	133659.117956	-0.070000	0.774000	0.578000	192.000000	0.000000	0.000000	0.000000	0.000000	0.000000	0.000000	0.000000	0.000000	0.000000	1733433187.479588	0.000000
164.000000	87697.717571	18214.503612	187500.000000	187500.000000	86523.826304	102542.651003	112883.752630	133680.709741	-0.070000	0.774000	0.578000	192.000000	0.000000	0.000000	0.000000	0.000000	0.000000	0.000000	0.000000	0.000000	0.000000	1733433187.483298	0.000000
165.000000	87693.738960	18194.163524	187500.000000	187500.000000	86519.959452	102530.379895	112890.100526	133667.499860	-0.070000	0.774000	0.580000	192.000000	253.000000	208.000000	24.000000	48.000000	18.000000	32.000000	0.000000	0.000000	0.000000	1733433187.486335	0.000000
166.000000	87681.601963	18132.807986	187500.000000	187500.000000	86520.160618	102534.671430	112889.184104	133667.455157	-0.070000	0.774000	0.580000	192.000000	0.000000	0.000000	0.000000	0.000000	0.000000	0.000000	0.000000	0.000000	0.000000	1733433187.490281	0.000000
167.000000	87686.765216	18147.828358	187500.000000	187500.000000	86524.988595	102548.440105	112893.386232	133670.897325	-0.070000	0.774000	0.580000	192.000000	0.000000	0.000000	0.000000	0.000000	0.000000	0.000000	0.000000	0.000000	0.000000	1733433187.495273	0.000000
168.000000	87692.330801	18169.129571	187500.000000	187500.000000	86525.748554	102533.173863	112888.781773	133656.368691	-0.070000	0.774000	0.580000	192.000000	0.000000	0.000000	0.000000	0.000000	0.000000	0.000000	0.000000	0.000000	0.000000	1733433187.499295	0.000000
169.000000	87687.994562	18171.543559	187500.000000	187500.000000	86525.681499	102507.737578	112893.341529	133645.528095	-0.070000	0.774000	0.580000	192.000000	0.000000	0.000000	0.000000	0.000000	0.000000	0.000000	0.000000	0.000000	0.000000	1733433187.503317	0.000000
170.000000	87693.738960	18168.459018	187500.000000	187500.000000	86530.822400	102511.671485	112899.264741	133653.932351	-0.070000	0.774000	0.580000	192.000000	0.000000	0.000000	0.000000	0.000000	0.000000	0.000000	0.000000	0.000000	0.000000	1733433187.507320	0.000000
171.000000	87691.056751	18171.498856	187500.000000	187500.000000	86535.650377	102520.388665	112893.654453	133659.207363	-0.070000	0.774000	0.580000	192.000000	0.000000	0.000000	0.000000	0.000000	0.000000	0.000000	0.000000	0.000000	0.000000	1733433187.510332	0.000000
172.000000	87699.729228	18208.692158	187500.000000	187500.000000	86542.400604	102545.713192	112909.568895	133682.609639	-0.070000	0.774000	0.580000	192.000000	0.000000	0.000000	0.000000	0.000000	0.000000	0.000000	0.000000	0.000000	0.000000	1733433187.514447	0.000000
173.000000	87706.322993	18220.560935	187500.000000	187500.000000	86549.933141	102550.831741	112912.094642	133675.904116	-0.070000	0.774000	0.580000	192.000000	0.000000	0.000000	0.000000	0.000000	0.000000	0.000000	0.000000	0.000000	0.000000	1733433187.518647	0.000000
174.000000	87695.258879	18190.542542	187500.000000	187500.000000	86551.944798	102544.305032	112903.288055	133673.400721	-0.070000	0.774000	0.580000	192.000000	0.000000	0.000000	0.000000	0.000000	0.000000	0.000000	0.000000	0.000000	0.000000	1733433187.523650	0.000000
175.000000	87694.655382	18162.647565	187500.000000	187500.000000	86555.051691	102552.284605	112905.143250	133676.485261	-0.072000	0.772000	0.578000	192.000000	253.000000	192.000000	24.000000	32.000000	18.000000	16.000000	0.000000	0.000000	0.000000	1733433187.527463	0.000000
176.000000	87696.197652	18154.288012	187500.000000	187500.000000	86559.343226	102516.655924	112915.469756	133659.721453	-0.072000	0.772000	0.578000	192.000000	0.000000	0.000000	0.000000	0.000000	0.000000	0.000000	0.000000	0.000000	0.000000	1733433187.531456	0.000000
177.000000	87700.109208	18160.993536	187500.000000	187500.000000	86553.867048	102511.962058	112920.767119	133654.178221	-0.072000	0.772000	0.578000	192.000000	0.000000	0.000000	0.000000	0.000000	0.000000	0.000000	0.000000	0.000000	0.000000	1733433187.535426	0.000000
178.000000	87697.941088	18175.410411	187500.000000	187500.000000	86552.056557	102531.810407	112915.045072	133674.495956	-0.072000	0.772000	0.578000	192.000000	0.000000	0.000000	0.000000	0.000000	0.000000	0.000000	0.000000	0.000000	0.000000	1733433187.538414	0.000000
179.000000	87708.133484	18190.631949	187500.000000	187500.000000	86555.699892	102549.848264	112905.098546	133675.524136	-0.072000	0.772000	0.578000	192.000000	0.000000	0.000000	0.000000	0.000000	0.000000	0.000000	0.000000	0.000000	0.000000	1733433187.542456	0.000000
180.000000	87711.419190	18188.530885	187500.000000	187500.000000	86553.978807	102541.980450	112912.742843	133679.368637	-0.072000	0.772000	0.578000	192.000000	0.000000	0.000000	0.000000	0.000000	0.000000	0.000000	0.000000	0.000000	0.000000	1733433187.546447	0.000000
181.000000	87696.398818	18159.965355	187500.000000	187500.000000	86550.760156	102515.694799	112900.963473	133660.369654	-0.072000	0.772000	0.578000	192.000000	0.000000	0.000000	0.000000	0.000000	0.000000	0.000000	0.000000	0.000000	0.000000	1733433187.550761	0.000000
182.000000	87697.069370	18157.998402	187500.000000	187500.000000	86558.449156	102538.426523	112921.996465	133667.701026	-0.072000	0.772000	0.578000	192.000000	0.000000	0.000000	0.000000	0.000000	0.000000	0.000000	0.000000	0.000000	0.000000	1733433187.555464	0.000000
183.000000	87703.864301	18163.832207	187500.000000	187500.000000	86563.299485	102542.293375	112932.524137	133686.252974	-0.072000	0.772000	0.578000	192.000000	0.000000	0.000000	0.000000	0.000000	0.000000	0.000000	0.000000	0.000000	0.000000	1733433187.559458	0.000000
184.000000	87699.952745	18191.615426	187500.000000	187500.000000	86560.729034	102525.306049	112933.932297	133682.564936	-0.072000	0.772000	0.578000	192.000000	0.000000	0.000000	0.000000	0.000000	0.000000	0.000000	0.000000	0.000000	0.000000	1733433187.563589	0.000000
185.000000	87701.450312	18191.369556	187500.000000	187500.000000	86552.704758	102538.247709	112922.219982	133661.263724	-0.070000	0.774000	0.578000	192.000000	253.000000	208.000000	24.000000	48.000000	18.000000	16.000000	0.000000	0.000000	0.000000	1733433187.566532	0.000000
186.000000	87695.929431	18181.713603	187500.000000	187500.000000	86543.294673	102527.384761	112910.418261	133671.143195	-0.070000	0.774000	0.578000	192.000000	0.000000	0.000000	0.000000	0.000000	0.000000	0.000000	0.000000	0.000000	0.000000	1733433187.570748	0.000000
187.000000	87694.074237	18178.584359	187500.000000	187500.000000	86537.997310	102520.500424	112901.656378	133680.016837	-0.070000	0.774000	0.578000	192.000000	0.000000	0.000000	0.000000	0.000000	0.000000	0.000000	0.000000	0.000000	0.000000	1733433187.574703	0.000000
188.000000	87683.501862	18146.688419	187500.000000	187500.000000	86537.751441	102536.593680	112908.920694	133678.943953	-0.070000	0.774000	0.578000	192.000000	0.000000	0.000000	0.000000	0.000000	0.000000	0.000000	0.000000	0.000000	0.000000	1733433187.578529	0.000000
189.000000	87679.277382	18150.130588	187500.000000	187500.000000	86534.510438	102515.739502	112917.392006	133663.074215	-0.070000	0.774000	0.578000	192.000000	0.000000	0.000000	0.000000	0.000000	0.000000	0.000000	0.000000	0.000000	0.000000	1733433187.583453	0.000000
190.000000	87691.950821	18158.691306	187500.000000	187500.000000	86531.984691	102541.823988	112922.532907	133662.627180	-0.070000	0.774000	0.578000	192.000000	0.000000	0.000000	0.000000	0.000000	0.000000	0.000000	0.000000	0.000000	0.000000	1733433187.587472	0.000000
191.000000	87694.342458	18170.917710	187500.000000	187500.000000	86530.375365	102549.580044	112918.531945	133663.565953	-0.070000	0.774000	0.578000	192.000000	0.000000	0.000000	0.000000	0.000000	0.000000	0.000000	0.000000	0.000000	0.000000	1733433187.591475	0.000000
192.000000	87690.877937	18193.627083	187500.000000	187500.000000	86534.242217	102521.930936	112909.568895	133685.560070	-0.070000	0.774000	0.578000	192.000000	0.000000	0.000000	0.000000	0.000000	0.000000	0.000000	0.000000	0.000000	0.000000	1733433187.594476	0.000000
193.000000	87699.215138	18206.367577	187500.000000	187500.000000	86535.248045	102524.479034	112916.073253	133679.167471	-0.070000	0.774000	0.578000	192.000000	0.000000	0.000000	0.000000	0.000000	0.000000	0.000000	0.000000	0.000000	0.000000	1733433187.598511	0.000000
194.000000	87694.834196	18201.137269	187500.000000	187500.000000	86525.592092	102526.691857	112913.815726	133664.996465	-0.070000	0.774000	0.578000	192.000000	0.000000	0.000000	0.000000	0.000000	0.000000	0.000000	0.000000	0.000000	0.000000	1733433187.602474	0.000000
195.000000	87673.577687	18143.872099	187500.000000	187500.000000	86511.197568	102522.668543	112898.460078	133672.461947	-0.066000	0.774000	0.580000	192.000000	253.000000	240.000000	24.000000	48.000000	18.000000	32.000000	0.000000	0.000000	0.000000	1733433187.607628	0.000000
196.000000	87664.011140	18125.767186	187500.000000	187500.000000	86515.846731	102534.000878	112894.213247	133637.414412	-0.066000	0.774000	0.580000	192.000000	0.000000	0.000000	0.000000	0.000000	0.000000	0.000000	0.000000	0.000000	0.000000	1733433187.611541	0.000000
197.000000	87664.502879	18125.722483	187500.000000	187500.000000	86512.851597	102493.834793	112896.582532	133636.497991	-0.066000	0.774000	0.580000	192.000000	0.000000	0.000000	0.000000	0.000000	0.000000	0.000000	0.000000	0.000000	0.000000	1733433187.615792	0.000000
198.000000	87671.722492	18158.423085	187500.000000	187500.000000	86516.696097	102496.606409	112899.957645	133647.360938	-0.066000	0.774000	0.580000	192.000000	0.000000	0.000000	0.000000	0.000000	0.000000	0.000000	0.000000	0.000000	0.000000	1733433187.618656	0.000000
199.000000	87671.364864	18178.629062	187500.000000	187500.000000	86531.112973	102507.514060	112909.546543	133662.001331	-0.066000	0.774000	0.580000	192.000000	0.000000	0.000000	0.000000	0.000000	0.000000	0.000000	0.000000	0.000000	0.000000	1733433187.622694	0.000000
200.000000	87677.153966	18186.027489	187500.000000	187500.000000	86529.011909	102517.706456	112917.906096	133681.268535	-0.066000	0.774000	0.580000	192.000000	0.000000	0.000000	0.000000	0.000000	0.000000	0.000000	0.000000	0.000000	0.000000	1733433187.626494	0.000000
201.000000	87680.059693	18169.755419	187500.000000	187500.000000	86543.249970	102542.449837	112917.414357	133691.773855	-0.066000	0.774000	0.580000	192.000000	0.000000	0.000000	0.000000	0.000000	0.000000	0.000000	0.000000	0.000000	0.000000	1733433187.630526	0.000000
202.000000	87678.204498	18181.758306	187500.000000	187500.000000	86546.647435	102542.181616	112904.092718	133684.934221	-0.066000	0.774000	0.580000	192.000000	0.000000	0.000000	0.000000	0.000000	0.000000	0.000000	0.000000	0.000000	0.000000	1733433187.634797	0.000000
203.000000	87674.449405	18154.824454	187500.000000	187500.000000	86545.373386	102507.961095	112909.680654	133675.345323	-0.066000	0.774000	0.580000	192.000000	0.000000	0.000000	0.000000	0.000000	0.000000	0.000000	0.000000	0.000000	0.000000	1733433187.639589	0.000000
204.000000	87670.426091	18140.407579	187500.000000	187500.000000	86549.642569	102536.906604	112922.979942	133679.614506	-0.066000	0.774000	0.580000	192.000000	0.000000	0.000000	0.000000	0.000000	0.000000	0.000000	0.000000	0.000000	0.000000	1733433187.643536	0.000000
205.000000	87670.001408	18151.136416	187500.000000	187500.000000	86550.938970	102550.496465	112923.851660	133669.310352	-0.072000	0.774000	0.574000	192.000000	253.000000	192.000000	24.000000	48.000000	17.000000	240.000000	0.000000	0.000000	0.000000	1733433187.646551	0.000000
206.000000	87668.973228	18161.909957	187500.000000	187500.000000	86549.307293	102508.072854	112927.316180	133665.264686	-0.072000	0.774000	0.574000	192.000000	0.000000	0.000000	0.000000	0.000000	0.000000	0.000000	0.000000	0.000000	0.000000	1733433187.650803	0.000000
207.000000	87680.283210	18189.246141	187500.000000	187500.000000	86558.605618	102536.034886	112938.268535	133687.750541	-0.072000	0.774000	0.574000	192.000000	0.000000	0.000000	0.000000	0.000000	0.000000	0.000000	0.000000	0.000000	0.000000	1733433187.654749	0.000000
208.000000	87684.172414	18194.744670	187500.000000	187500.000000	86561.734863	102551.949328	112935.742788	133686.141215	-0.072000	0.774000	0.574000	192.000000	0.000000	0.000000	0.000000	0.000000	0.000000	0.000000	0.000000	0.000000	0.000000	1733433187.659137	0.000000
209.000000	87669.532021	18170.873007	187500.000000	187500.000000	86546.870952	102518.086436	112925.058654	133669.690331	-0.072000	0.774000	0.574000	192.000000	0.000000	0.000000	0.000000	0.000000	0.000000	0.000000	0.000000	0.000000	0.000000	1733433187.662744	0.000000
210.000000	87650.018948	18175.611577	187500.000000	187500.000000	86553.263551	102515.583040	112922.018817	133664.348264	-0.072000	0.774000	0.574000	192.000000	0.000000	0.000000	0.000000	0.000000	0.000000	0.000000	0.000000	0.000000	0.000000	1733433187.666812	0.000000
211.000000	87630.416468	18194.409394	187500.000000	187500.000000	86563.455947	102537.890081	112923.382273	133685.872994	-0.072000	0.774000	0.574000	192.000000	0.000000	0.000000	0.000000	0.000000	0.000000	0.000000	0.000000	0.000000	0.000000	1733433187.671579	0.000000
212.000000	87595.771265	18160.837073	187500.000000	187500.000000	86549.910790	102553.469247	112918.621352	133678.474567	-0.072000	0.774000	0.574000	192.000000	0.000000	0.000000	0.000000	0.000000	0.000000	0.000000	0.000000	0.000000	0.000000	1733433187.674587	0.000000
213.000000	87561.014302	18140.027599	187500.000000	187500.000000	86543.741708	102544.305032	112913.413395	133661.062558	-0.072000	0.774000	0.574000	192.000000	0.000000	0.000000	0.000000	0.000000	0.000000	0.000000	0.000000	0.000000	0.000000	1733433187.678554	0.000000
214.000000	87543.468183	18164.614518	187500.000000	187500.000000	86544.076984	102526.960078	112911.580552	133660.570819	-0.072000	0.774000	0.574000	192.000000	0.000000	0.000000	0.000000	0.000000	0.000000	0.000000	0.000000	0.000000	0.000000	1733433187.682608	0.000000
215.000000	87524.133924	18146.263736	187500.000000	187500.000000	86545.418089	102549.602395	112915.939142	133673.043093	-0.074000	0.776000	0.576000	192.000000	253.000000	176.000000	24.000000	64.000000	18.000000	0.000000	0.000000	0.000000	0.000000	1733433187.686587	0.000000
216.000000	87504.017354	18161.775847	187500.000000	187500.000000	86556.705720	102569.540151	112915.179183	133671.701988	-0.074000	0.776000	0.576000	192.000000	0.000000	0.000000	0.000000	0.000000	0.000000	0.000000	0.000000	0.000000	0.000000	1733433187.690585	0.000000
217.000000	87490.539252	18185.468696	187500.000000	187500.000000	86560.237296	102526.133064	112912.295808	133706.861282	-0.074000	0.776000	0.576000	192.000000	0.000000	0.000000	0.000000	0.000000	0.000000	0.000000	0.000000	0.000000	0.000000	1733433187.695624	0.000000
218.000000	87471.674379	18186.161600	187500.000000	187500.000000	86555.990464	102530.469302	112907.803107	133683.168433	-0.074000	0.776000	0.576000	192.000000	0.000000	0.000000	0.000000	0.000000	0.000000	0.000000	0.000000	0.000000	0.000000	1733433187.699884	0.000000
219.000000	87435.419850	18170.671841	187500.000000	187500.000000	86565.042921	102551.099962	112928.120843	133663.387139	-0.074000	0.776000	0.576000	192.000000	0.000000	0.000000	0.000000	0.000000	0.000000	0.000000	0.000000	0.000000	0.000000	1733433187.702977	0.000000
220.000000	87406.586099	18174.695155	187500.000000	187500.000000	86563.277133	102504.183651	112913.659264	133682.855509	-0.074000	0.776000	0.576000	192.000000	0.000000	0.000000	0.000000	0.000000	0.000000	0.000000	0.000000	0.000000	0.000000	1733433187.706846	0.000000
221.000000	87396.170187	18192.241274	187500.000000	187500.000000	86569.222697	102508.497537	112921.772948	133675.501785	-0.074000	0.776000	0.576000	192.000000	0.000000	0.000000	0.000000	0.000000	0.000000	0.000000	0.000000	0.000000	0.000000	1733433187.710902	0.000000
222.000000	87369.415148	18186.519228	187500.000000	187500.000000	86570.496746	102524.791959	112930.356017	133657.016892	-0.074000	0.776000	0.576000	192.000000	0.000000	0.000000	0.000000	0.000000	0.000000	0.000000	0.000000	0.000000	0.000000	1733433187.714961	0.000000
223.000000	87340.179067	18168.526074	187500.000000	187500.000000	86570.787319	102533.062104	112936.413340	133665.622314	-0.074000	0.776000	0.576000	192.000000	0.000000	0.000000	0.000000	0.000000	0.000000	0.000000	0.000000	0.000000	0.000000	1733433187.718992	0.000000
224.000000	87320.062497	18165.441533	187500.000000	187500.000000	86574.251839	102536.414866	112937.083892	133685.090683	-0.074000	0.776000	0.576000	192.000000	0.000000	0.000000	0.000000	0.000000	0.000000	0.000000	0.000000	0.000000	0.000000	1733433187.722649	0.000000
225.000000	87293.195700	18169.777771	187500.000000	187500.000000	86568.060406	102541.376953	112917.749634	133692.600869	-0.068000	0.772000	0.574000	192.000000	253.000000	224.000000	24.000000	32.000000	17.000000	240.000000	0.000000	0.000000	0.000000	1733433187.727644	0.000000
226.000000	87262.439699	18180.126629	187500.000000	187500.000000	86563.232429	102539.030020	112916.721453	133702.279175	-0.068000	0.772000	0.574000	192.000000	0.000000	0.000000	0.000000	0.000000	0.000000	0.000000	0.000000	0.000000	0.000000	1733433187.730634	0.000000
227.000000	87242.948978	18185.133420	187500.000000	187500.000000	86570.832023	102556.464381	112924.946895	133690.566861	-0.068000	0.772000	0.574000	192.000000	0.000000	0.000000	0.000000	0.000000	0.000000	0.000000	0.000000	0.000000	0.000000	1733433187.734856	0.000000
228.000000	87221.848932	18170.135399	187500.000000	187500.000000	86584.176014	102537.465398	112922.041168	133691.416227	-0.068000	0.772000	0.574000	192.000000	0.000000	0.000000	0.000000	0.000000	0.000000	0.000000	0.000000	0.000000	0.000000	1733433187.738660	0.000000
229.000000	87189.595364	18138.731198	187500.000000	187500.000000	86572.597810	102504.854203	112918.755462	133682.676695	-0.068000	0.772000	0.574000	192.000000	0.000000	0.000000	0.000000	0.000000	0.000000	0.000000	0.000000	0.000000	0.000000	1733433187.742653	0.000000
230.000000	87174.664399	18147.046047	187500.000000	187500.000000	86577.090511	102507.067026	112929.149023	133675.010046	-0.068000	0.772000	0.574000	192.000000	0.000000	0.000000	0.000000	0.000000	0.000000	0.000000	0.000000	0.000000	0.000000	1733433187.747006	0.000000
231.000000	87155.844230	18156.433780	187500.000000	187500.000000	86578.744540	102515.068950	112933.015875	133690.991544	-0.068000	0.772000	0.574000	192.000000	0.000000	0.000000	0.000000	0.000000	0.000000	0.000000	0.000000	0.000000	0.000000	1733433187.750886	0.000000
232.000000	87128.753916	18153.460998	187500.000000	187500.000000	86576.710531	102518.377008	112938.581459	133683.235488	-0.068000	0.772000	0.574000	192.000000	0.000000	0.000000	0.000000	0.000000	0.000000	0.000000	0.000000	0.000000	0.000000	1733433187.754758	0.000000
233.000000	87109.352602	18172.504684	187500.000000	187500.000000	86575.615296	102516.633572	112930.803052	133673.914811	-0.068000	0.772000	0.574000	192.000000	0.000000	0.000000	0.000000	0.000000	0.000000	0.000000	0.000000	0.000000	0.000000	1733433187.757954	0.000000
234.000000	87090.778302	18202.880705	187500.000000	187500.000000	86580.376217	102528.234128	112924.812785	133684.263669	-0.068000	0.772000	0.574000	192.000000	0.000000	0.000000	0.000000	0.000000	0.000000	0.000000	0.000000	0.000000	0.000000	1733433187.762975	0.000000
235.000000	87074.819157	18211.262609	187500.000000	187500.000000	86576.688180	102519.248726	112930.020741	133694.567823	-0.070000	0.774000	0.578000	192.000000	253.000000	208.000000	24.000000	48.000000	18.000000	16.000000	0.000000	0.000000	0.000000	1733433187.766769	0.000000
236.000000	87053.540296	18170.381268	187500.000000	187500.000000	86580.756197	102541.868692	112939.877861	133694.120788	-0.070000	0.774000	0.578000	192.000000	0.000000	0.000000	0.000000	0.000000	0.000000	0.000000	0.000000	0.000000	0.000000	1733433187.770748	0.000000
237.000000	87020.951452	18148.744780	187500.000000	187500.000000	86584.086607	102552.776343	112935.362808	133700.535739	-0.070000	0.774000	0.578000	192.000000	0.000000	0.000000	0.000000	0.000000	0.000000	0.000000	0.000000	0.000000	0.000000	1733433187.774769	0.000000
238.000000	86997.348010	18165.329774	187500.000000	187500.000000	86582.387874	102518.734636	112917.749634	133690.589212	-0.070000	0.774000	0.578000	192.000000	0.000000	0.000000	0.000000	0.000000	0.000000	0.000000	0.000000	0.000000	0.000000	1733433187.778731	0.000000
239.000000	86980.517147	18167.676707	187500.000000	187500.000000	86592.334401	102525.507215	112923.829308	133676.820538	-0.070000	0.774000	0.578000	192.000000	0.000000	0.000000	0.000000	0.000000	0.000000	0.000000	0.000000	0.000000	0.000000	1733433187.782764	0.000000
240.000000	86961.741681	18174.270472	187500.000000	187500.000000	86597.117674	102548.484808	112946.561032	133684.397779	-0.070000	0.774000	0.578000	192.000000	0.000000	0.000000	0.000000	0.000000	0.000000	0.000000	0.000000	0.000000	0.000000	1733433187.785756	0.000000
241.000000	86941.647463	18161.641736	187500.000000	187500.000000	86602.817369	102557.604320	112955.993468	133692.958497	-0.070000	0.774000	0.578000	192.000000	0.000000	0.000000	0.000000	0.000000	0.000000	0.000000	0.000000	0.000000	0.000000	1733433187.789752	0.000000
242.000000	86915.674736	18170.090696	187500.000000	187500.000000	86604.113770	102536.459570	112944.415265	133676.194689	-0.070000	0.774000	0.578000	192.000000	0.000000	0.000000	0.000000	0.000000	0.000000	0.000000	0.000000	0.000000	0.000000	1733433187.794807	0.000000
243.000000	86897.547471	18163.206358	187500.000000	187500.000000	86602.973831	102527.809444	112941.755407	133674.183032	-0.070000	0.774000	0.578000	192.000000	0.000000	0.000000	0.000000	0.000000	0.000000	0.000000	0.000000	0.000000	0.000000	1733433187.798906	0.000000
244.000000	86881.409512	18160.680611	187500.000000	187500.000000	86595.731866	102498.103976	112929.707817	133676.664075	-0.070000	0.774000	0.578000	192.000000	0.000000	0.000000	0.000000	0.000000	0.000000	0.000000	0.000000	0.000000	0.000000	1733433187.803035	0.000000
245.000000	86867.618485	18194.275283	187500.000000	187500.000000	86590.412151	102512.610258	112932.725302	133697.339439	-0.074000	0.772000	0.572000	192.000000	253.000000	176.000000	24.000000	32.000000	17.000000	224.000000	0.000000	0.000000	0.000000	1733433187.807110	0.000000
246.000000	86853.425128	18172.236463	187500.000000	187500.000000	86601.632726	102542.516892	112932.524137	133714.773800	-0.074000	0.772000	0.572000	192.000000	0.000000	0.000000	0.000000	0.000000	0.000000	0.000000	0.000000	0.000000	0.000000	1733433187.810783	0.000000
247.000000	86828.815857	18145.012038	187500.000000	187500.000000	86603.532625	102547.613090	112935.787491	133688.354038	-0.074000	0.772000	0.572000	192.000000	0.000000	0.000000	0.000000	0.000000	0.000000	0.000000	0.000000	0.000000	0.000000	1733433187.813804	0.000000
248.000000	86810.129799	18139.222937	187500.000000	187500.000000	86591.730904	102543.701535	112927.830270	133678.049884	-0.074000	0.772000	0.572000	192.000000	0.000000	0.000000	0.000000	0.000000	0.000000	0.000000	0.000000	0.000000	0.000000	1733433187.818903	0.000000
249.000000	86791.287278	18152.388114	187500.000000	187500.000000	86580.353866	102520.031037	112928.031436	133683.011971	-0.074000	0.772000	0.572000	192.000000	0.000000	0.000000	0.000000	0.000000	0.000000	0.000000	0.000000	0.000000	0.000000	1733433187.822823	0.000000
250.000000	86778.055045	18160.658259	187500.000000	187500.000000	86585.003029	102518.824043	112940.794282	133693.673753	-0.074000	0.772000	0.572000	192.000000	0.000000	0.000000	0.000000	0.000000	0.000000	0.000000	0.000000	0.000000	0.000000	1733433187.826810	0.000000
251.000000	86770.678970	18171.208283	187500.000000	187500.000000	86590.099226	102525.931898	112945.175224	133689.471625	-0.074000	0.772000	0.572000	192.000000	0.000000	0.000000	0.000000	0.000000	0.000000	0.000000	0.000000	0.000000	0.000000	1733433187.830831	0.000000
252.000000	86757.133813	18178.427896	187500.000000	187500.000000	86586.053561	102547.233110	112951.411361	133669.556221	-0.074000	0.772000	0.572000	192.000000	0.000000	0.000000	0.000000	0.000000	0.000000	0.000000	0.000000	0.000000	0.000000	1733433187.835024	0.000000
253.000000	86743.119269	18178.114972	187500.000000	187500.000000	86577.224621	102536.571328	112943.990582	133683.079026	-0.074000	0.772000	0.572000	192.000000	0.000000	0.000000	0.000000	0.000000	0.000000	0.000000	0.000000	0.000000	0.000000	1733433187.837901	0.000000
254.000000	86736.369042	18167.453190	187500.000000	187500.000000	86575.771758	102532.436256	112940.749579	133689.672791	-0.074000	0.772000	0.572000	192.000000	0.000000	0.000000	0.000000	0.000000	0.000000	0.000000	0.000000	0.000000	0.000000	1733433187.844093	0.000000
255.000000	86733.999757	18159.473617	187500.000000	187500.000000	86584.265421	102555.145628	112944.079988	133686.074160	-0.072000	0.772000	0.570000	192.000000	253.000000	192.000000	24.000000	32.000000	17.000000	208.000000	0.000000	0.000000	0.000000	1733433187.847146	0.000000
0.000000	86736.190228	18165.776809	187500.000000	187500.000000	86583.058427	102550.898796	112954.182977	133684.151910	-0.072000	0.772000	0.570000	192.000000	0.000000	0.000000	0.000000	0.000000	0.000000	0.000000	0.000000	0.000000	0.000000	1733433187.850137	0.000000
1.000000	86748.126060	18153.818626	187500.000000	187500.000000	86574.028322	102542.226320	112936.234526	133688.465797	-0.072000	0.772000	0.570000	192.000000	0.000000	0.000000	0.000000	0.000000	0.000000	0.000000	0.000000	0.000000	0.000000	1733433187.854971	0.000000
2.000000	86766.454490	18144.497948	187500.000000	187500.000000	86576.196441	102543.388610	112939.475529	133706.548358	-0.072000	0.772000	0.570000	192.000000	0.000000	0.000000	0.000000	0.000000	0.000000	0.000000	0.000000	0.000000	0.000000	1733433187.858870	0.000000
3.000000	86770.477804	18147.269565	187500.000000	187500.000000	86574.095377	102537.152474	112933.820538	133706.593061	-0.072000	0.772000	0.570000	192.000000	0.000000	0.000000	0.000000	0.000000	0.000000	0.000000	0.000000	0.000000	0.000000	1733433187.861850	0.000000
4.000000	86776.691589	18147.917765	187500.000000	187500.000000	86566.607543	102521.416845	112912.944008	133658.939142	-0.072000	0.772000	0.570000	192.000000	0.000000	0.000000	0.000000	0.000000	0.000000	0.000000	0.000000	0.000000	0.000000	1733433187.865881	0.000000
5.000000	86787.889813	18166.581472	187500.000000	187500.000000	86568.239220	102544.394439	112920.856526	133675.300619	-0.072000	0.772000	0.570000	192.000000	0.000000	0.000000	0.000000	0.000000	0.000000	0.000000	0.000000	0.000000	0.000000	1733433187.869874	0.000000
6.000000	86789.543842	18181.914768	187500.000000	187500.000000	86566.518136	102552.329308	112922.398796	133667.410453	-0.072000	0.772000	0.570000	192.000000	0.000000	0.000000	0.000000	0.000000	0.000000	0.000000	0.000000	0.000000	0.000000	1733433187.873892	0.000000
7.000000	86807.648755	18164.659222	187500.000000	187500.000000	86587.037037	102580.425451	112949.578518	133681.626163	-0.072000	0.772000	0.570000	192.000000	0.000000	0.000000	0.000000	0.000000	0.000000	0.000000	0.000000	0.000000	0.000000	1733433187.878906	0.000000
8.000000	86811.560310	18151.158768	187500.000000	187500.000000	86595.038962	102594.328236	112956.284041	133689.091645	-0.072000	0.772000	0.570000	192.000000	0.000000	0.000000	0.000000	0.000000	0.000000	0.000000	0.000000	0.000000	0.000000	1733433187.882905	0.000000
9.000000	86820.702174	18151.762265	187500.000000	187500.000000	86591.976773	102550.161189	112951.992506	133684.867166	-0.072000	0.772000	0.570000	192.000000	0.000000	0.000000	0.000000	0.000000	0.000000	0.000000	0.000000	0.000000	0.000000	1733433187.887244	0.000000
10.000000	86833.912055	18146.219033	187500.000000	187500.000000	86592.110883	102524.993125	112942.180090	133690.589212	-0.076000	0.770000	0.572000	192.000000	253.000000	160.000000	24.000000	16.000000	17.000000	224.000000	0.000000	0.000000	0.000000	1733433187.890074	0.000000
11.000000	86838.158886	18155.137379	187500.000000	187500.000000	86594.927203	102532.905642	112929.350189	133693.472587	-0.076000	0.770000	0.572000	192.000000	0.000000	0.000000	0.000000	0.000000	0.000000	0.000000	0.000000	0.000000	0.000000	1733433187.894118	0.000000
12.000000	86831.475715	18166.872044	187500.000000	187500.000000	86582.678447	102549.714154	112933.038227	133690.611564	-0.076000	0.770000	0.572000	192.000000	0.000000	0.000000	0.000000	0.000000	0.000000	0.000000	0.000000	0.000000	0.000000	1733433187.898137	0.000000
13.000000	86835.476677	18173.286995	187500.000000	187500.000000	86578.766892	102558.163113	112934.669904	133689.672791	-0.076000	0.770000	0.572000	192.000000	0.000000	0.000000	0.000000	0.000000	0.000000	0.000000	0.000000	0.000000	0.000000	1733433187.902133	0.000000
14.000000	86854.922695	18173.108181	187500.000000	187500.000000	86586.187671	102551.614052	112940.436654	133675.300619	-0.076000	0.770000	0.572000	192.000000	0.000000	0.000000	0.000000	0.000000	0.000000	0.000000	0.000000	0.000000	0.000000	1733433187.906933	0.000000
15.000000	86840.863447	18133.880870	187500.000000	187500.000000	86584.488938	102567.774363	112933.820538	133670.651456	-0.076000	0.770000	0.572000	192.000000	0.000000	0.000000	0.000000	0.000000	0.000000	0.000000	0.000000	0.000000	0.000000	1733433187.910942	0.000000
16.000000	86839.589398	18122.257962	187500.000000	187500.000000	86584.578345	102557.760782	112934.066407	133674.250087	-0.076000	0.770000	0.572000	192.000000	0.000000	0.000000	0.000000	0.000000	0.000000	0.000000	0.000000	0.000000	0.000000	1733433187.914972	0.000000
17.000000	86858.633084	18147.291916	187500.000000	187500.000000	86594.457816	102560.130067	112954.719419	133670.919677	-0.076000	0.770000	0.572000	192.000000	0.000000	0.000000	0.000000	0.000000	0.000000	0.000000	0.000000	0.000000	0.000000	1733433187.918196	0.000000
18.000000	86871.217116	18143.067437	187500.000000	187500.000000	86599.218738	102549.758857	112946.426922	133667.522212	-0.076000	0.770000	0.572000	192.000000	0.000000	0.000000	0.000000	0.000000	0.000000	0.000000	0.000000	0.000000	0.000000	1733433187.921986	0.000000
19.000000	86883.443520	18151.382286	187500.000000	187500.000000	86597.274136	102547.769552	112938.536756	133683.280192	-0.076000	0.770000	0.572000	192.000000	0.000000	0.000000	0.000000	0.000000	0.000000	0.000000	0.000000	0.000000	0.000000	1733433187.925936	0.000000
20.000000	86890.126692	18172.392925	187500.000000	187500.000000	86602.683258	102564.756878	112947.768026	133693.964326	-0.074000	0.764000	0.568000	192.000000	253.000000	176.000000	23.000000	224.000000	17.000000	192.000000	0.000000	0.000000	0.000000	1733433187.929966	0.000000
21.000000	86892.115997	18177.220902	187500.000000	187500.000000	86610.148741	102578.100869	112950.718457	133711.465742	-0.074000	0.764000	0.568000	192.000000	0.000000	0.000000	0.000000	0.000000	0.000000	0.000000	0.000000	0.000000	0.000000	1733433187.934282	0.000000
22.000000	86897.189843	18182.115934	187500.000000	187500.000000	86611.065163	102593.858849	112961.112018	133725.390878	-0.074000	0.764000	0.568000	192.000000	0.000000	0.000000	0.000000	0.000000	0.000000	0.000000	0.000000	0.000000	0.000000	1733433187.939134	0.000000
23.000000	86907.136370	18188.150905	187500.000000	187500.000000	86609.277023	102575.753936	112963.794227	133713.991489	-0.074000	0.764000	0.568000	192.000000	0.000000	0.000000	0.000000	0.000000	0.000000	0.000000	0.000000	0.000000	0.000000	1733433187.943166	0.000000
24.000000	86902.107227	18155.092675	187500.000000	187500.000000	86606.460703	102567.506143	112962.006088	133705.363715	-0.074000	0.764000	0.568000	192.000000	0.000000	0.000000	0.000000	0.000000	0.000000	0.000000	0.000000	0.000000	0.000000	1733433187.946266	0.000000
25.000000	86895.580518	18131.019846	187500.000000	187500.000000	86599.665773	102540.661697	112948.527986	133687.057637	-0.074000	0.764000	0.568000	192.000000	0.000000	0.000000	0.000000	0.000000	0.000000	0.000000	0.000000	0.000000	0.000000	1733433187.950152	0.000000
26.000000	86897.055733	18131.511585	187500.000000	187500.000000	86596.380066	102545.601433	112933.597020	133690.320991	-0.074000	0.764000	0.568000	192.000000	0.000000	0.000000	0.000000	0.000000	0.000000	0.000000	0.000000	0.000000	0.000000	1733433187.954207	0.000000
27.000000	86907.762218	18151.583451	187500.000000	187500.000000	86599.352848	102564.242788	112932.680599	133726.776687	-0.074000	0.764000	0.568000	192.000000	0.000000	0.000000	0.000000	0.000000	0.000000	0.000000	0.000000	0.000000	0.000000	1733433187.958009	0.000000
28.000000	86915.451219	18168.794294	187500.000000	187500.000000	86601.968003	102558.476038	112954.093570	133707.777704	-0.074000	0.764000	0.568000	192.000000	0.000000	0.000000	0.000000	0.000000	0.000000	0.000000	0.000000	0.000000	0.000000	1733433187.962023	0.000000
29.000000	86922.603777	18188.195609	187500.000000	187500.000000	86606.170131	102569.696614	112955.054695	133688.041113	-0.074000	0.764000	0.568000	192.000000	0.000000	0.000000	0.000000	0.000000	0.000000	0.000000	0.000000	0.000000	0.000000	1733433187.967257	0.000000
30.000000	86920.592120	18172.370574	187500.000000	187500.000000	86591.954421	102552.642232	112943.521195	133674.607715	-0.066000	0.772000	0.572000	192.000000	253.000000	240.000000	24.000000	32.000000	17.000000	224.000000	0.000000	0.000000	0.000000	1733433187.971052	0.000000
31.000000	86926.202408	18164.033373	187500.000000	187500.000000	86589.562784	102560.331233	112940.816634	133673.423073	-0.066000	0.772000	0.572000	192.000000	0.000000	0.000000	0.000000	0.000000	0.000000	0.000000	0.000000	0.000000	0.000000	1733433187.974047	0.000000
32.000000	86921.709707	18145.548480	187500.000000	187500.000000	86588.378142	102563.281663	112933.485262	133676.239392	-0.066000	0.772000	0.572000	192.000000	0.000000	0.000000	0.000000	0.000000	0.000000	0.000000	0.000000	0.000000	0.000000	1733433187.978071	0.000000
33.000000	86913.908948	18117.161765	187500.000000	187500.000000	86582.589040	102526.445988	112932.926468	133690.499805	-0.066000	0.772000	0.572000	192.000000	0.000000	0.000000	0.000000	0.000000	0.000000	0.000000	0.000000	0.000000	0.000000	1733433187.982348	0.000000
34.000000	86928.012899	18125.722483	187500.000000	187500.000000	86591.015648	102538.113599	112935.206346	133683.302544	-0.066000	0.772000	0.572000	192.000000	0.000000	0.000000	0.000000	0.000000	0.000000	0.000000	0.000000	0.000000	0.000000	1733433187.986375	0.000000
35.000000	86936.193637	18144.676762	187500.000000	187500.000000	86591.753255	102558.073706	112943.789416	133686.923526	-0.066000	0.772000	0.572000	192.000000	0.000000	0.000000	0.000000	0.000000	0.000000	0.000000	0.000000	0.000000	0.000000	1733433187.990377	0.000000
36.000000	86939.211123	18148.185986	187500.000000	187500.000000	86598.503482	102572.624692	112959.033306	133717.724230	-0.066000	0.772000	0.572000	192.000000	0.000000	0.000000	0.000000	0.000000	0.000000	0.000000	0.000000	0.000000	0.000000	1733433187.995337	0.000000
37.000000	86939.412289	18151.762265	187500.000000	187500.000000	86602.347982	102562.499352	112952.506596	133699.954593	-0.066000	0.772000	0.572000	192.000000	0.000000	0.000000	0.000000	0.000000	0.000000	0.000000	0.000000	0.000000	0.000000	1733433187.998302	0.000000
38.000000	86947.637731	18157.283146	187500.000000	187500.000000	86603.644383	102568.489619	112952.238375	133687.929355	-0.066000	0.772000	0.572000	192.000000	0.000000	0.000000	0.000000	0.000000	0.000000	0.000000	0.000000	0.000000	0.000000	1733433188.002156	0.000000
39.000000	86949.381167	18157.730181	187500.000000	187500.000000	86605.812503	102551.301128	112944.214099	133686.342381	-0.066000	0.772000	0.572000	192.000000	0.000000	0.000000	0.000000	0.000000	0.000000	0.000000	0.000000	0.000000	0.000000	1733433188.006076	0.000000
40.000000	86946.967178	18146.599012	187500.000000	187500.000000	86603.890253	102542.583947	112941.844814	133686.185919	-0.068000	0.768000	0.570000	192.000000	253.000000	224.000000	24.000000	0.000000	17.000000	208.000000	0.000000	0.000000	0.000000	1733433188.010089	0.000000
41.000000	86944.709652	18142.530995	187500.000000	187500.000000	86591.127406	102553.066916	112930.110148	133683.526061	-0.068000	0.768000	0.570000	192.000000	0.000000	0.000000	0.000000	0.000000	0.000000	0.000000	0.000000	0.000000	0.000000	1733433188.014120	0.000000
42.000000	86942.385071	18139.960544	187500.000000	187500.000000	86584.086607	102564.242788	112922.085872	133686.811767	-0.068000	0.768000	0.570000	192.000000	0.000000	0.000000	0.000000	0.000000	0.000000	0.000000	0.000000	0.000000	0.000000	1733433188.018333	0.000000
43.000000	86953.002149	18153.595108	187500.000000	187500.000000	86591.306220	102551.167017	112935.318105	133680.441520	-0.068000	0.768000	0.570000	192.000000	0.000000	0.000000	0.000000	0.000000	0.000000	0.000000	0.000000	0.000000	0.000000	1733433188.023114	0.000000
44.000000	86952.488059	18112.266733	187500.000000	187500.000000	86597.341191	102550.340003	112939.564936	133687.214099	-0.068000	0.768000	0.570000	192.000000	0.000000	0.000000	0.000000	0.000000	0.000000	0.000000	0.000000	0.000000	0.000000	1733433188.026142	0.000000
45.000000	86946.631902	18103.258980	187500.000000	187500.000000	86596.380066	102562.499352	112927.807919	133677.021703	-0.068000	0.768000	0.570000	192.000000	0.000000	0.000000	0.000000	0.000000	0.000000	0.000000	0.000000	0.000000	0.000000	1733433188.030475	0.000000
46.000000	86956.712539	18108.399881	187500.000000	187500.000000	86591.216813	102556.397326	112920.968285	133676.082930	-0.068000	0.768000	0.570000	192.000000	0.000000	0.000000	0.000000	0.000000	0.000000	0.000000	0.000000	0.000000	0.000000	1733433188.034314	0.000000
47.000000	86963.842745	18124.113157	187500.000000	187500.000000	86592.960250	102566.656776	112927.025607	133674.853584	-0.068000	0.768000	0.570000	192.000000	0.000000	0.000000	0.000000	0.000000	0.000000	0.000000	0.000000	0.000000	0.000000	1733433188.038312	0.000000
48.000000	86969.833013	18146.800178	187500.000000	187500.000000	86600.313973	102567.304977	112930.646590	133673.467776	-0.068000	0.768000	0.570000	192.000000	0.000000	0.000000	0.000000	0.000000	0.000000	0.000000	0.000000	0.000000	0.000000	1733433188.042320	0.000000
49.000000	86981.545327	18175.611577	187500.000000	187500.000000	86607.690049	102569.920131	112939.676695	133688.644610	-0.068000	0.768000	0.570000	192.000000	0.000000	0.000000	0.000000	0.000000	0.000000	0.000000	0.000000	0.000000	0.000000	1733433188.046319	0.000000
50.000000	86985.434530	18167.587300	187500.000000	187500.000000	86609.455837	102567.483791	112948.036247	133707.285965	-0.070000	0.768000	0.572000	192.000000	253.000000	208.000000	24.000000	0.000000	17.000000	224.000000	0.000000	0.000000	0.000000	1733433188.050162	0.000000
51.000000	86980.852423	18151.985783	187500.000000	187500.000000	86611.847474	102591.221343	112947.298640	133698.993468	-0.070000	0.768000	0.572000	192.000000	0.000000	0.000000	0.000000	0.000000	0.000000	0.000000	0.000000	0.000000	0.000000	1733433188.054140	0.000000
52.000000	86978.550193	18137.948887	187500.000000	187500.000000	86609.299375	102576.983282	112937.575631	133695.506596	-0.070000	0.768000	0.572000	192.000000	0.000000	0.000000	0.000000	0.000000	0.000000	0.000000	0.000000	0.000000	0.000000	1733433188.057138	0.000000
53.000000	86983.489929	18132.428006	187500.000000	187500.000000	86604.985488	102581.140707	112947.678619	133717.098381	-0.070000	0.768000	0.572000	192.000000	0.000000	0.000000	0.000000	0.000000	0.000000	0.000000	0.000000	0.000000	0.000000	1733433188.062122	0.000000
54.000000	86985.590993	18136.808948	187500.000000	187500.000000	86609.321726	102601.011407	112941.263669	133696.378314	-0.070000	0.768000	0.572000	192.000000	0.000000	0.000000	0.000000	0.000000	0.000000	0.000000	0.000000	0.000000	0.000000	1733433188.066170	0.000000
55.000000	87002.846539	18166.000326	187500.000000	187500.000000	86620.788171	102583.957026	112935.273401	133694.567823	-0.070000	0.768000	0.572000	192.000000	0.000000	0.000000	0.000000	0.000000	0.000000	0.000000	0.000000	0.000000	0.000000	1733433188.070166	0.000000
56.000000	86991.804778	18138.351219	187500.000000	187500.000000	86601.945651	102553.938634	112930.490128	133683.570764	-0.070000	0.768000	0.572000	192.000000	0.000000	0.000000	0.000000	0.000000	0.000000	0.000000	0.000000	0.000000	0.000000	1733433188.074225	0.000000
57.000000	86984.249888	18122.280314	187500.000000	187500.000000	86586.612354	102525.954250	112928.545526	133679.636857	-0.070000	0.768000	0.572000	192.000000	0.000000	0.000000	0.000000	0.000000	0.000000	0.000000	0.000000	0.000000	0.000000	1733433188.078300	0.000000
58.000000	86981.902955	18115.574791	187500.000000	187500.000000	86589.920412	102540.192311	112937.195651	133680.553279	-0.070000	0.768000	0.572000	192.000000	0.000000	0.000000	0.000000	0.000000	0.000000	0.000000	0.000000	0.000000	0.000000	1733433188.082464	0.000000
59.000000	86990.821301	18131.489233	187500.000000	187500.000000	86597.050619	102565.360375	112940.324895	133697.965288	-0.070000	0.768000	0.572000	192.000000	0.000000	0.000000	0.000000	0.000000	0.000000	0.000000	0.000000	0.000000	0.000000	1733433188.085424	0.000000
60.000000	86987.200318	18118.346407	187500.000000	187500.000000	86586.746465	102561.649986	112926.802090	133705.028439	-0.074000	0.770000	0.568000	192.000000	253.000000	176.000000	24.000000	16.000000	17.000000	192.000000	0.000000	0.000000	0.000000	1733433188.090255	0.000000
61.000000	87007.003964	18137.725370	187500.000000	187500.000000	86613.099171	102577.162096	112948.304468	133707.218910	-0.074000	0.770000	0.568000	192.000000	0.000000	0.000000	0.000000	0.000000	0.000000	0.000000	0.000000	0.000000	0.000000	1733433188.094204	0.000000
62.000000	87006.936909	18153.081018	187500.000000	187500.000000	86604.314936	102564.309843	112929.730169	133680.441520	-0.074000	0.770000	0.568000	192.000000	0.000000	0.000000	0.000000	0.000000	0.000000	0.000000	0.000000	0.000000	0.000000	1733433188.098213	0.000000
63.000000	87009.552063	18137.121873	187500.000000	187500.000000	86597.028267	102581.967721	112938.782625	133677.647552	-0.074000	0.770000	0.568000	192.000000	0.000000	0.000000	0.000000	0.000000	0.000000	0.000000	0.000000	0.000000	0.000000	1733433188.102348	0.000000
64.000000	87003.248871	18111.126794	187500.000000	187500.000000	86598.056447	102569.338986	112940.324895	133672.037264	-0.074000	0.770000	0.568000	192.000000	0.000000	0.000000	0.000000	0.000000	0.000000	0.000000	0.000000	0.000000	0.000000	1733433188.106228	0.000000
65.000000	87007.026316	18139.312344	187500.000000	187500.000000	86602.437389	102570.255407	112934.111110	133671.791395	-0.074000	0.770000	0.568000	192.000000	0.000000	0.000000	0.000000	0.000000	0.000000	0.000000	0.000000	0.000000	0.000000	1733433188.110208	0.000000
66.000000	87019.945624	18161.664088	187500.000000	187500.000000	86610.931052	102588.270913	112942.090683	133704.402590	-0.074000	0.770000	0.568000	192.000000	0.000000	0.000000	0.000000	0.000000	0.000000	0.000000	0.000000	0.000000	0.000000	1733433188.113236	0.000000
67.000000	87016.257586	18114.636018	187500.000000	187500.000000	86613.300337	102578.816125	112936.346285	133697.048866	-0.074000	0.770000	0.568000	192.000000	0.000000	0.000000	0.000000	0.000000	0.000000	0.000000	0.000000	0.000000	0.000000	1733433188.118390	0.000000
68.000000	87013.553025	18099.705052	187500.000000	187500.000000	86617.837741	102588.360320	112947.544509	133686.252974	-0.074000	0.770000	0.568000	192.000000	0.000000	0.000000	0.000000	0.000000	0.000000	0.000000	0.000000	0.000000	0.000000	1733433188.122255	0.000000
69.000000	87017.531635	18102.789593	187500.000000	187500.000000	86621.592834	102604.297114	112964.241262	133703.419114	-0.074000	0.770000	0.568000	192.000000	0.000000	0.000000	0.000000	0.000000	0.000000	0.000000	0.000000	0.000000	0.000000	1733433188.126247	0.000000
70.000000	87033.244912	18127.018884	187500.000000	187500.000000	86620.765820	102589.075576	112956.328744	133714.080896	-0.074000	0.768000	0.576000	192.000000	253.000000	176.000000	24.000000	0.000000	18.000000	0.000000	0.000000	0.000000	0.000000	1733433188.130490	0.000000
71.000000	87037.648205	18141.726332	187500.000000	187500.000000	86614.932014	102574.681053	112930.758349	133714.594986	-0.074000	0.768000	0.576000	192.000000	0.000000	0.000000	0.000000	0.000000	0.000000	0.000000	0.000000	0.000000	0.000000	1733433188.133583	0.000000
72.000000	87034.295444	18150.801140	187500.000000	187500.000000	86616.966023	102600.676131	112940.615468	133714.527931	-0.074000	0.768000	0.576000	192.000000	0.000000	0.000000	0.000000	0.000000	0.000000	0.000000	0.000000	0.000000	0.000000	1733433188.137637	0.000000
73.000000	87047.170049	18140.675800	187500.000000	187500.000000	86626.621977	102630.783931	112955.948765	133723.736849	-0.074000	0.768000	0.576000	192.000000	0.000000	0.000000	0.000000	0.000000	0.000000	0.000000	0.000000	0.000000	0.000000	1733433188.141402	0.000000
74.000000	87034.496610	18131.891564	187500.000000	187500.000000	86611.311032	102595.825803	112932.054750	133717.724230	-0.074000	0.768000	0.576000	192.000000	0.000000	0.000000	0.000000	0.000000	0.000000	0.000000	0.000000	0.000000	0.000000	1733433188.145628	0.000000
75.000000	87042.275017	18131.422178	187500.000000	187500.000000	86615.244939	102606.420530	112942.336552	133713.678564	-0.074000	0.768000	0.576000	192.000000	0.000000	0.000000	0.000000	0.000000	0.000000	0.000000	0.000000	0.000000	0.000000	1733433188.150417	0.000000
76.000000	87053.428537	18149.281222	187500.000000	187500.000000	86626.867846	102625.195995	112953.624183	133697.160625	-0.074000	0.768000	0.576000	192.000000	0.000000	0.000000	0.000000	0.000000	0.000000	0.000000	0.000000	0.000000	0.000000	1733433188.154298	0.000000
77.000000	87057.451851	18149.661201	187500.000000	187500.000000	86613.300337	102597.636294	112946.784550	133691.684448	-0.074000	0.768000	0.576000	192.000000	0.000000	0.000000	0.000000	0.000000	0.000000	0.000000	0.000000	0.000000	0.000000	1733433188.158301	0.000000
78.000000	87064.157374	18143.626230	187500.000000	187500.000000	86611.691011	102588.874410	112948.036247	133702.837968	-0.074000	0.768000	0.576000	192.000000	0.000000	0.000000	0.000000	0.000000	0.000000	0.000000	0.000000	0.000000	0.000000	1733433188.161296	0.000000
79.000000	87052.199191	18135.043160	187500.000000	187500.000000	86598.324668	102589.232038	112941.241317	133699.373448	-0.074000	0.768000	0.576000	192.000000	0.000000	0.000000	0.000000	0.000000	0.000000	0.000000	0.000000	0.000000	0.000000	1733433188.165317	0.000000
80.000000	87058.547087	18140.072303	187500.000000	187500.000000	86586.075912	102580.961893	112928.791395	133698.904061	-0.068000	0.766000	0.572000	192.000000	253.000000	224.000000	23.000000	240.000000	17.000000	224.000000	0.000000	0.000000	0.000000	1733433188.169321	0.000000
81.000000	87061.117537	18132.763282	187500.000000	187500.000000	86592.133235	102609.616829	112940.995448	133707.218910	-0.068000	0.766000	0.572000	192.000000	0.000000	0.000000	0.000000	0.000000	0.000000	0.000000	0.000000	0.000000	0.000000	1733433188.173315	0.000000
82.000000	87062.816270	18141.838091	187500.000000	187500.000000	86593.027305	102606.532288	112937.665038	133707.867111	-0.068000	0.766000	0.572000	192.000000	0.000000	0.000000	0.000000	0.000000	0.000000	0.000000	0.000000	0.000000	0.000000	1733433188.178630	0.000000
83.000000	87066.258438	18142.530995	187500.000000	187500.000000	86597.274136	102583.062957	112939.609640	133712.337460	-0.068000	0.766000	0.572000	192.000000	0.000000	0.000000	0.000000	0.000000	0.000000	0.000000	0.000000	0.000000	0.000000	1733433188.182624	0.000000
84.000000	87072.315761	18131.936268	187500.000000	187500.000000	86609.567596	102618.065789	112942.314201	133724.586216	-0.068000	0.766000	0.572000	192.000000	0.000000	0.000000	0.000000	0.000000	0.000000	0.000000	0.000000	0.000000	0.000000	1733433188.186601	0.000000
85.000000	87075.534412	18156.143207	187500.000000	187500.000000	86606.036020	102616.367056	112924.946895	133717.880692	-0.068000	0.766000	0.572000	192.000000	0.000000	0.000000	0.000000	0.000000	0.000000	0.000000	0.000000	0.000000	0.000000	1733433188.189659	0.000000
86.000000	87079.736540	18173.242292	187500.000000	187500.000000	86602.459741	102611.248506	112928.411416	133722.149875	-0.068000	0.766000	0.572000	192.000000	0.000000	0.000000	0.000000	0.000000	0.000000	0.000000	0.000000	0.000000	0.000000	1733433188.193653	0.000000
87.000000	87082.239936	18140.318172	187500.000000	187500.000000	86610.081686	102616.657629	112951.366657	133715.243186	-0.068000	0.766000	0.572000	192.000000	0.000000	0.000000	0.000000	0.000000	0.000000	0.000000	0.000000	0.000000	0.000000	1733433188.197453	0.000000
88.000000	87080.697665	18118.100538	187500.000000	187500.000000	86607.801808	102628.146425	112955.457026	133717.008974	-0.068000	0.766000	0.572000	192.000000	0.000000	0.000000	0.000000	0.000000	0.000000	0.000000	0.000000	0.000000	0.000000	1733433188.201679	0.000000
89.000000	87081.927011	18107.706977	187500.000000	187500.000000	86605.879558	102605.325294	112957.736904	133724.809733	-0.068000	0.766000	0.572000	192.000000	0.000000	0.000000	0.000000	0.000000	0.000000	0.000000	0.000000	0.000000	0.000000	1733433188.206413	0.000000
90.000000	87080.652962	18127.108291	187500.000000	187500.000000	86607.734753	102580.827782	112946.650439	133718.931224	-0.066000	0.766000	0.572000	192.000000	253.000000	240.000000	23.000000	240.000000	17.000000	224.000000	0.000000	0.000000	0.000000	1733433188.210402	0.000000
91.000000	87093.460511	18151.136416	187500.000000	187500.000000	86611.691011	102593.389463	112940.324895	133714.796151	-0.066000	0.766000	0.572000	192.000000	0.000000	0.000000	0.000000	0.000000	0.000000	0.000000	0.000000	0.000000	0.000000	1733433188.214408	0.000000
92.000000	87102.445913	18161.552329	187500.000000	187500.000000	86611.758067	102591.131936	112939.229660	133729.637710	-0.066000	0.766000	0.572000	192.000000	0.000000	0.000000	0.000000	0.000000	0.000000	0.000000	0.000000	0.000000	0.000000	1733433188.217640	0.000000
93.000000	87098.668468	18145.101445	187500.000000	187500.000000	86614.976718	102575.284550	112931.227735	133728.788344	-0.066000	0.766000	0.572000	192.000000	0.000000	0.000000	0.000000	0.000000	0.000000	0.000000	0.000000	0.000000	0.000000	1733433188.221403	0.000000
94.000000	87100.166035	18133.724407	187500.000000	187500.000000	86622.531607	102604.811204	112943.051808	133739.047794	-0.066000	0.766000	0.572000	192.000000	0.000000	0.000000	0.000000	0.000000	0.000000	0.000000	0.000000	0.000000	0.000000	1733433188.225703	0.000000
95.000000	87109.643174	18157.819588	187500.000000	187500.000000	86630.287663	102612.813129	112945.666962	133744.658082	-0.066000	0.766000	0.572000	192.000000	0.000000	0.000000	0.000000	0.000000	0.000000	0.000000	0.000000	0.000000	0.000000	1733433188.229653	0.000000
96.000000	87108.793808	18148.565966	187500.000000	187500.000000	86633.260445	102610.779120	112936.614506	133735.851495	-0.066000	0.766000	0.572000	192.000000	0.000000	0.000000	0.000000	0.000000	0.000000	0.000000	0.000000	0.000000	0.000000	1733433188.234680	0.000000
97.000000	87105.485750	18161.082943	187500.000000	187500.000000	86633.327500	102618.155195	112933.038227	133715.936090	-0.066000	0.766000	0.572000	192.000000	0.000000	0.000000	0.000000	0.000000	0.000000	0.000000	0.000000	0.000000	0.000000	1733433188.239030	0.000000
98.000000	87108.257366	18147.627192	187500.000000	187500.000000	86640.792983	102600.720835	112943.342381	133708.045925	-0.066000	0.766000	0.572000	192.000000	0.000000	0.000000	0.000000	0.000000	0.000000	0.000000	0.000000	0.000000	0.000000	1733433188.243177	0.000000
99.000000	87107.139779	18125.878945	187500.000000	187500.000000	86641.150611	102606.487585	112940.660172	133709.096457	-0.066000	0.766000	0.572000	192.000000	0.000000	0.000000	0.000000	0.000000	0.000000	0.000000	0.000000	0.000000	0.000000	1733433188.245420	0.000000
100.000000	87108.369125	18135.959582	187500.000000	187500.000000	86636.121468	102575.128087	112940.682523	133714.952614	-0.072000	0.772000	0.576000	192.000000	253.000000	192.000000	24.000000	32.000000	18.000000	0.000000	0.000000	0.000000	0.000000	1733433188.249418	0.000000
101.000000	87119.679108	18162.804027	187500.000000	187500.000000	86630.131201	102554.318613	112925.796262	133739.293663	-0.072000	0.772000	0.576000	192.000000	0.000000	0.000000	0.000000	0.000000	0.000000	0.000000	0.000000	0.000000	0.000000	1733433188.253428	0.000000
102.000000	87123.121276	18150.756437	187500.000000	187500.000000	86638.177829	102573.518762	112937.955611	133752.637655	-0.072000	0.772000	0.576000	192.000000	0.000000	0.000000	0.000000	0.000000	0.000000	0.000000	0.000000	0.000000	0.000000	1733433188.259453	0.000000
103.000000	87123.948291	18169.800123	187500.000000	187500.000000	86652.862925	102605.414701	112959.882672	133725.748506	-0.072000	0.772000	0.576000	192.000000	0.000000	0.000000	0.000000	0.000000	0.000000	0.000000	0.000000	0.000000	0.000000	1733433188.262444	0.000000
104.000000	87136.331157	18175.119838	187500.000000	187500.000000	86663.994093	102613.997771	112969.583329	133721.836951	-0.072000	0.772000	0.576000	192.000000	0.000000	0.000000	0.000000	0.000000	0.000000	0.000000	0.000000	0.000000	0.000000	1733433188.266639	0.000000
105.000000	87127.390459	18152.432818	187500.000000	187500.000000	86653.980512	102602.017236	112962.117846	133739.114849	-0.072000	0.772000	0.576000	192.000000	0.000000	0.000000	0.000000	0.000000	0.000000	0.000000	0.000000	0.000000	0.000000	1733433188.269566	0.000000
106.000000	87122.942462	18132.159785	187500.000000	187500.000000	86650.359529	102617.708161	112964.107152	133747.496754	-0.072000	0.772000	0.576000	192.000000	0.000000	0.000000	0.000000	0.000000	0.000000	0.000000	0.000000	0.000000	0.000000	1733433188.273675	0.000000
107.000000	87127.166942	18140.832262	187500.000000	187500.000000	86654.516954	102628.079370	112963.838931	133740.187733	-0.072000	0.772000	0.576000	192.000000	0.000000	0.000000	0.000000	0.000000	0.000000	0.000000	0.000000	0.000000	0.000000	1733433188.277726	0.000000
108.000000	87130.877332	18154.645640	187500.000000	187500.000000	86655.723948	102617.305829	112968.041059	133731.962291	-0.072000	0.772000	0.576000	192.000000	0.000000	0.000000	0.000000	0.000000	0.000000	0.000000	0.000000	0.000000	0.000000	1733433188.281674	0.000000
109.000000	87143.126088	18176.729164	187500.000000	187500.000000	86662.205954	102596.921038	112975.998280	133744.680434	-0.072000	0.772000	0.576000	192.000000	0.000000	0.000000	0.000000	0.000000	0.000000	0.000000	0.000000	0.000000	0.000000	1733433188.285511	0.000000
110.000000	87151.664454	18177.265606	187500.000000	187500.000000	86662.228306	102607.404006	112976.802942	133758.046777	-0.076000	0.772000	0.572000	192.000000	253.000000	160.000000	24.000000	32.000000	17.000000	224.000000	0.000000	0.000000	0.000000	1733433188.289520	0.000000
111.000000	87151.217419	18159.183044	187500.000000	187500.000000	86650.784212	102598.820937	112960.754390	133761.712463	-0.076000	0.772000	0.572000	192.000000	0.000000	0.000000	0.000000	0.000000	0.000000	0.000000	0.000000	0.000000	0.000000	1733433188.294485	0.000000
112.000000	87148.155230	18136.987762	187500.000000	187500.000000	86649.085480	102605.638219	112959.636803	133763.724120	-0.076000	0.772000	0.572000	192.000000	0.000000	0.000000	0.000000	0.000000	0.000000	0.000000	0.000000	0.000000	0.000000	1733433188.297501	0.000000
113.000000	87148.535210	18149.974126	187500.000000	187500.000000	86656.193335	102615.808262	112960.933204	133752.592951	-0.076000	0.772000	0.572000	192.000000	0.000000	0.000000	0.000000	0.000000	0.000000	0.000000	0.000000	0.000000	0.000000	1733433188.301588	0.000000
114.000000	87155.061919	18176.617405	187500.000000	187500.000000	86667.235096	102656.957824	112967.862245	133743.853419	-0.076000	0.772000	0.572000	192.000000	0.000000	0.000000	0.000000	0.000000	0.000000	0.000000	0.000000	0.000000	0.000000	1733433188.305541	0.000000
115.000000	87149.853963	18161.708791	187500.000000	187500.000000	86663.502355	102645.603138	112975.148913	133751.810640	-0.076000	0.772000	0.572000	192.000000	0.000000	0.000000	0.000000	0.000000	0.000000	0.000000	0.000000	0.000000	0.000000	1733433188.309516	0.000000
116.000000	87154.279608	18169.755419	187500.000000	187500.000000	86665.111681	102610.309733	112968.443390	133742.422908	-0.076000	0.772000	0.572000	192.000000	0.000000	0.000000	0.000000	0.000000	0.000000	0.000000	0.000000	0.000000	0.000000	1733433188.313744	0.000000
117.000000	87158.481736	18174.941024	187500.000000	187500.000000	86664.374073	102612.231983	112957.401628	133748.323768	-0.076000	0.772000	0.572000	192.000000	0.000000	0.000000	0.000000	0.000000	0.000000	0.000000	0.000000	0.000000	0.000000	1733433188.317803	0.000000
118.000000	87159.487565	18169.129571	187500.000000	187500.000000	86664.083500	102612.343742	112957.960422	133746.468573	-0.076000	0.772000	0.572000	192.000000	0.000000	0.000000	0.000000	0.000000	0.000000	0.000000	0.000000	0.000000	0.000000	1733433188.323500	0.000000
119.000000	87157.833535	18139.066474	187500.000000	187500.000000	86669.939657	102639.679925	112959.681506	133756.817431	-0.076000	0.772000	0.572000	192.000000	0.000000	0.000000	0.000000	0.000000	0.000000	0.000000	0.000000	0.000000	0.000000	1733433188.325751	0.000000
120.000000	87154.123146	18141.927498	187500.000000	187500.000000	86665.558716	102631.052152	112954.630012	133789.562737	-0.078000	0.772000	0.572000	192.000000	253.000000	144.000000	24.000000	32.000000	17.000000	224.000000	0.000000	0.000000	0.000000	1733433188.329552	0.000000
121.000000	87155.419547	18163.720448	187500.000000	187500.000000	86674.499413	102625.374809	112947.589212	133764.417024	-0.078000	0.772000	0.572000	192.000000	0.000000	0.000000	0.000000	0.000000	0.000000	0.000000	0.000000	0.000000	0.000000	1733433188.333948	0.000000
122.000000	87159.465213	18161.775847	187500.000000	187500.000000	86675.393483	102621.418550	112954.048867	133774.363550	-0.078000	0.772000	0.572000	192.000000	0.000000	0.000000	0.000000	0.000000	0.000000	0.000000	0.000000	0.000000	0.000000	1733433188.337609	0.000000
123.000000	87154.927809	18155.003268	187500.000000	187500.000000	86668.509146	102609.572126	112955.635840	133765.691074	-0.078000	0.772000	0.572000	192.000000	0.000000	0.000000	0.000000	0.000000	0.000000	0.000000	0.000000	0.000000	0.000000	1733433188.341552	0.000000
124.000000	87164.449652	18142.843919	187500.000000	187500.000000	86677.963934	102644.865530	112965.291794	133739.137201	-0.078000	0.772000	0.572000	192.000000	0.000000	0.000000	0.000000	0.000000	0.000000	0.000000	0.000000	0.000000	0.000000	1733433188.345593	0.000000
125.000000	87173.770329	18158.579547	187500.000000	187500.000000	86687.262259	102679.868362	112983.128486	133764.014693	-0.078000	0.772000	0.572000	192.000000	0.000000	0.000000	0.000000	0.000000	0.000000	0.000000	0.000000	0.000000	0.000000	1733433188.350775	0.000000
126.000000	87175.178489	18166.469713	187500.000000	187500.000000	86686.837576	102648.106533	112972.712573	133749.463707	-0.078000	0.772000	0.572000	192.000000	0.000000	0.000000	0.000000	0.000000	0.000000	0.000000	0.000000	0.000000	0.000000	1733433188.353939	0.000000
127.000000	87176.251373	18179.187856	187500.000000	187500.000000	86690.324448	102622.424379	112963.637765	133733.951596	-0.078000	0.772000	0.572000	192.000000	0.000000	0.000000	0.000000	0.000000	0.000000	0.000000	0.000000	0.000000	0.000000	1733433188.357786	0.000000
128.000000	87185.750864	18191.213094	187500.000000	187500.000000	86697.186434	102627.386466	112965.135332	133740.746527	-0.078000	0.772000	0.572000	192.000000	0.000000	0.000000	0.000000	0.000000	0.000000	0.000000	0.000000	0.000000	0.000000	1733433188.361783	0.000000
129.000000	87196.077370	18169.487199	187500.000000	187500.000000	86708.786989	102636.997716	112968.532797	133755.565733	-0.078000	0.772000	0.572000	192.000000	0.000000	0.000000	0.000000	0.000000	0.000000	0.000000	0.000000	0.000000	0.000000	1733433188.365632	0.000000
130.000000	87183.493338	18149.057704	187500.000000	187500.000000	86704.383696	102625.151292	112973.226663	133767.747434	-0.074000	0.774000	0.582000	192.000000	253.000000	176.000000	24.000000	48.000000	18.000000	48.000000	0.000000	0.000000	0.000000	1733433188.369620	0.000000
131.000000	87169.635256	18152.276355	187500.000000	187500.000000	86684.512995	102601.056111	112954.473550	133756.280989	-0.074000	0.774000	0.582000	192.000000	0.000000	0.000000	0.000000	0.000000	0.000000	0.000000	0.000000	0.000000	0.000000	1733433188.373624	0.000000
132.000000	87168.249448	18158.043105	187500.000000	187500.000000	86679.170928	102621.306791	112954.451198	133754.202277	-0.074000	0.774000	0.582000	192.000000	0.000000	0.000000	0.000000	0.000000	0.000000	0.000000	0.000000	0.000000	0.000000	1733433188.378685	0.000000
133.000000	87169.299980	18163.429876	187500.000000	187500.000000	86690.190338	102650.453466	112959.815617	133735.247998	-0.074000	0.774000	0.582000	192.000000	0.000000	0.000000	0.000000	0.000000	0.000000	0.000000	0.000000	0.000000	0.000000	1733433188.381652	0.000000
134.000000	87168.540021	18169.017812	187500.000000	187500.000000	86689.363323	102650.229949	112953.490073	133768.999132	-0.074000	0.774000	0.582000	192.000000	0.000000	0.000000	0.000000	0.000000	0.000000	0.000000	0.000000	0.000000	0.000000	1733433188.384839	0.000000
135.000000	87167.623599	18150.845844	187500.000000	187500.000000	86682.903669	102607.158137	112935.116939	133759.969027	-0.074000	0.774000	0.582000	192.000000	0.000000	0.000000	0.000000	0.000000	0.000000	0.000000	0.000000	0.000000	0.000000	1733433188.389748	0.000000
136.000000	87170.305809	18138.708846	187500.000000	187500.000000	86680.757902	102601.570201	112943.789416	133737.930207	-0.074000	0.774000	0.582000	192.000000	0.000000	0.000000	0.000000	0.000000	0.000000	0.000000	0.000000	0.000000	0.000000	1733433188.393685	0.000000
137.000000	87187.449597	18159.160693	187500.000000	187500.000000	86699.868643	102625.888899	112968.756314	133765.735777	-0.074000	0.774000	0.582000	192.000000	0.000000	0.000000	0.000000	0.000000	0.000000	0.000000	0.000000	0.000000	0.000000	1733433188.397776	0.000000
138.000000	87187.583707	18168.615480	187500.000000	187500.000000	86698.147559	102617.730512	112961.737867	133765.825184	-0.074000	0.774000	0.582000	192.000000	0.000000	0.000000	0.000000	0.000000	0.000000	0.000000	0.000000	0.000000	0.000000	1733433188.401691	0.000000
139.000000	87202.045286	18194.789373	187500.000000	187500.000000	86702.304983	102634.159045	112970.991489	133780.823205	-0.074000	0.774000	0.582000	192.000000	0.000000	0.000000	0.000000	0.000000	0.000000	0.000000	0.000000	0.000000	0.000000	1733433188.404664	0.000000
140.000000	87215.143408	18209.407414	187500.000000	187500.000000	86710.418667	102664.937397	112986.302434	133787.059341	-0.074000	0.770000	0.582000	192.000000	253.000000	176.000000	24.000000	16.000000	18.000000	48.000000	0.000000	0.000000	0.000000	1733433188.408673	0.000000
141.000000	87212.662365	18183.479391	187500.000000	187500.000000	86707.267071	102668.468972	112978.099344	133781.650219	-0.074000	0.770000	0.582000	192.000000	0.000000	0.000000	0.000000	0.000000	0.000000	0.000000	0.000000	0.000000	0.000000	1733433188.412679	0.000000
142.000000	87208.661402	18149.325925	187500.000000	187500.000000	86709.636356	102669.340690	112971.952614	133757.622094	-0.074000	0.770000	0.582000	192.000000	0.000000	0.000000	0.000000	0.000000	0.000000	0.000000	0.000000	0.000000	0.000000	1733433188.417929	0.000000
143.000000	87214.472856	18155.405600	187500.000000	187500.000000	86719.068792	102654.387373	112981.228588	133760.997207	-0.074000	0.770000	0.582000	192.000000	0.000000	0.000000	0.000000	0.000000	0.000000	0.000000	0.000000	0.000000	0.000000	1733433188.421914	0.000000
144.000000	87212.438847	18161.664088	187500.000000	187500.000000	86719.024088	102652.889806	112980.155704	133764.349969	-0.074000	0.770000	0.582000	192.000000	0.000000	0.000000	0.000000	0.000000	0.000000	0.000000	0.000000	0.000000	0.000000	1733433188.425886	0.000000
145.000000	87210.851873	18172.437629	187500.000000	187500.000000	86711.156274	102640.529292	112976.735887	133775.749359	-0.074000	0.770000	0.582000	192.000000	0.000000	0.000000	0.000000	0.000000	0.000000	0.000000	0.000000	0.000000	0.000000	1733433188.429971	0.000000
146.000000	87209.041382	18156.567890	187500.000000	187500.000000	86703.891957	102634.717838	112952.394837	133771.591934	-0.074000	0.770000	0.582000	192.000000	0.000000	0.000000	0.000000	0.000000	0.000000	0.000000	0.000000	0.000000	0.000000	1733433188.432926	0.000000
147.000000	87204.973364	18147.917765	187500.000000	187500.000000	86686.658762	102613.081350	112931.697122	133765.601667	-0.074000	0.770000	0.582000	192.000000	0.000000	0.000000	0.000000	0.000000	0.000000	0.000000	0.000000	0.000000	0.000000	1733433188.437044	0.000000
148.000000	87210.784818	18165.665050	187500.000000	187500.000000	86690.212690	102624.480739	112948.729151	133763.724120	-0.074000	0.770000	0.582000	192.000000	0.000000	0.000000	0.000000	0.000000	0.000000	0.000000	0.000000	0.000000	0.000000	1733433188.440728	0.000000
149.000000	87218.362059	18181.110106	187500.000000	187500.000000	86694.951259	102635.544853	112965.582367	133766.786309	-0.074000	0.770000	0.582000	192.000000	0.000000	0.000000	0.000000	0.000000	0.000000	0.000000	0.000000	0.000000	0.000000	1733433188.445705	0.000000
150.000000	87224.084106	18200.936103	187500.000000	187500.000000	86706.149483	102656.667251	112975.171265	133766.629847	-0.084000	0.772000	0.580000	192.000000	253.000000	96.000000	24.000000	32.000000	18.000000	32.000000	0.000000	0.000000	0.000000	1733433188.449713	0.000000
151.000000	87227.101591	18179.523132	187500.000000	187500.000000	86710.284556	102666.032632	112981.273291	133788.378094	-0.084000	0.772000	0.580000	192.000000	0.000000	0.000000	0.000000	0.000000	0.000000	0.000000	0.000000	0.000000	0.000000	1733433188.453705	0.000000
152.000000	87226.788667	18161.395867	187500.000000	187500.000000	86709.837521	102643.189149	112981.988547	133793.340182	-0.084000	0.772000	0.580000	192.000000	0.000000	0.000000	0.000000	0.000000	0.000000	0.000000	0.000000	0.000000	0.000000	1733433188.457742	0.000000
153.000000	87226.721612	18167.542597	187500.000000	187500.000000	86710.128094	102632.862643	112978.121695	133775.950524	-0.084000	0.772000	0.580000	192.000000	0.000000	0.000000	0.000000	0.000000	0.000000	0.000000	0.000000	0.000000	0.000000	1733433188.460762	0.000000
154.000000	87227.258054	18186.340414	187500.000000	187500.000000	86714.576091	102645.558434	112970.365640	133782.298420	-0.084000	0.772000	0.580000	192.000000	0.000000	0.000000	0.000000	0.000000	0.000000	0.000000	0.000000	0.000000	0.000000	1733433188.464828	0.000000
155.000000	87235.550551	18208.893324	187500.000000	187500.000000	86712.832655	102651.571053	112968.286928	133783.036027	-0.084000	0.772000	0.580000	192.000000	0.000000	0.000000	0.000000	0.000000	0.000000	0.000000	0.000000	0.000000	0.000000	1733433188.468976	0.000000
156.000000	87237.606911	18186.966263	187500.000000	187500.000000	86712.609138	102647.570091	112986.816524	133774.318847	-0.084000	0.772000	0.580000	192.000000	0.000000	0.000000	0.000000	0.000000	0.000000	0.000000	0.000000	0.000000	0.000000	1733433188.473968	0.000000
157.000000	87250.593275	18188.329719	187500.000000	187500.000000	86727.987138	102661.763449	112990.325748	133793.206071	-0.084000	0.772000	0.580000	192.000000	0.000000	0.000000	0.000000	0.000000	0.000000	0.000000	0.000000	0.000000	0.000000	1733433188.478001	0.000000
158.000000	87252.917856	18174.002251	187500.000000	187500.000000	86726.735440	102675.599179	112977.071163	133802.996135	-0.084000	0.772000	0.580000	192.000000	0.000000	0.000000	0.000000	0.000000	0.000000	0.000000	0.000000	0.000000	0.000000	1733433188.481766	0.000000
159.000000	87247.441679	18157.417257	187500.000000	187500.000000	86725.215521	102684.964560	112991.845666	133798.458731	-0.084000	0.772000	0.580000	192.000000	0.000000	0.000000	0.000000	0.000000	0.000000	0.000000	0.000000	0.000000	0.000000	1733433188.485764	0.000000
160.000000	87244.066566	18174.024603	187500.000000	187500.000000	86728.210655	102672.939321	113001.546323	133785.740588	-0.078000	0.774000	0.576000	192.000000	253.000000	144.000000	24.000000	48.000000	18.000000	0.000000	0.000000	0.000000	0.000000	1733433188.488780	0.000000
161.000000	87255.488307	18188.799106	187500.000000	187500.000000	86728.702394	102658.075411	113003.356815	133804.113722	-0.078000	0.774000	0.576000	192.000000	0.000000	0.000000	0.000000	0.000000	0.000000	0.000000	0.000000	0.000000	0.000000	1733433188.492812	0.000000
162.000000	87259.779842	18213.430728	187500.000000	187500.000000	86719.806399	102665.853818	112998.640597	133795.508301	-0.078000	0.774000	0.576000	192.000000	0.000000	0.000000	0.000000	0.000000	0.000000	0.000000	0.000000	0.000000	0.000000	1733433188.496836	0.000000
163.000000	87252.917856	18187.122725	187500.000000	187500.000000	86717.593577	102652.353365	112990.213989	133780.957315	-0.078000	0.774000	0.576000	192.000000	0.000000	0.000000	0.000000	0.000000	0.000000	0.000000	0.000000	0.000000	0.000000	1733433188.500937	0.000000
164.000000	87246.100574	18165.396829	187500.000000	187500.000000	86713.994946	102628.682867	112972.734925	133786.835824	-0.078000	0.774000	0.576000	192.000000	0.000000	0.000000	0.000000	0.000000	0.000000	0.000000	0.000000	0.000000	0.000000	1733433188.505944	0.000000
165.000000	87244.625359	18177.176199	187500.000000	187500.000000	86713.749077	102646.027821	112974.835989	133783.147786	-0.078000	0.774000	0.576000	192.000000	0.000000	0.000000	0.000000	0.000000	0.000000	0.000000	0.000000	0.000000	0.000000	1733433188.510179	0.000000
166.000000	87253.610760	18200.667882	187500.000000	187500.000000	86717.303004	102662.881036	112995.846629	133781.471405	-0.078000	0.774000	0.576000	192.000000	0.000000	0.000000	0.000000	0.000000	0.000000	0.000000	0.000000	0.000000	0.000000	1733433188.514079	0.000000
167.000000	87258.170516	18201.427841	187500.000000	187500.000000	86717.079486	102682.349406	112994.259655	133775.972876	-0.078000	0.774000	0.576000	192.000000	0.000000	0.000000	0.000000	0.000000	0.000000	0.000000	0.000000	0.000000	0.000000	1733433188.517141	0.000000
168.000000	87248.380452	18165.441533	187500.000000	187500.000000	86726.489571	102679.533086	112981.563864	133774.542364	-0.078000	0.774000	0.576000	192.000000	0.000000	0.000000	0.000000	0.000000	0.000000	0.000000	0.000000	0.000000	0.000000	1733433188.520826	0.000000
169.000000	87244.178324	18169.710716	187500.000000	187500.000000	86723.114458	102639.523463	112996.807754	133775.391731	-0.078000	0.774000	0.576000	192.000000	0.000000	0.000000	0.000000	0.000000	0.000000	0.000000	0.000000	0.000000	0.000000	1733433188.524866	0.000000
170.000000	87248.089880	18194.185876	187500.000000	187500.000000	86724.410859	102662.366946	113001.032233	133786.500548	-0.076000	0.774000	0.578000	192.000000	253.000000	160.000000	24.000000	48.000000	18.000000	16.000000	0.000000	0.000000	0.000000	1733433188.528951	0.000000
171.000000	87259.243400	18194.387042	187500.000000	187500.000000	86731.004623	102672.581693	112995.712518	133805.119551	-0.076000	0.774000	0.578000	192.000000	0.000000	0.000000	0.000000	0.000000	0.000000	0.000000	0.000000	0.000000	0.000000	1733433188.534062	0.000000
172.000000	87255.533010	18167.028507	187500.000000	187500.000000	86732.144562	102668.580731	113009.145917	133808.137036	-0.076000	0.774000	0.578000	192.000000	0.000000	0.000000	0.000000	0.000000	0.000000	0.000000	0.000000	0.000000	0.000000	1733433188.538013	0.000000
173.000000	87262.819679	18175.678632	187500.000000	187500.000000	86740.839391	102676.046214	113024.099234	133830.131153	-0.076000	0.774000	0.578000	192.000000	0.000000	0.000000	0.000000	0.000000	0.000000	0.000000	0.000000	0.000000	0.000000	1733433188.541057	0.000000
174.000000	87260.517449	18179.143152	187500.000000	187500.000000	86745.645016	102680.829487	113022.445205	133819.871702	-0.076000	0.774000	0.578000	192.000000	0.000000	0.000000	0.000000	0.000000	0.000000	0.000000	0.000000	0.000000	0.000000	1733433188.545153	0.000000
175.000000	87263.512583	18197.382176	187500.000000	187500.000000	86735.385565	102683.332882	113007.357777	133806.952394	-0.076000	0.774000	0.578000	192.000000	0.000000	0.000000	0.000000	0.000000	0.000000	0.000000	0.000000	0.000000	0.000000	1733433188.549057	0.000000
176.000000	87274.531993	18213.162507	187500.000000	187500.000000	86733.485667	102690.977179	113006.351949	133781.761978	-0.076000	0.774000	0.578000	192.000000	0.000000	0.000000	0.000000	0.000000	0.000000	0.000000	0.000000	0.000000	0.000000	1733433188.552897	0.000000
177.000000	87274.286124	18184.507571	187500.000000	187500.000000	86728.478876	102658.231873	112995.176076	133784.511242	-0.076000	0.774000	0.578000	192.000000	0.000000	0.000000	0.000000	0.000000	0.000000	0.000000	0.000000	0.000000	0.000000	1733433188.556881	0.000000
178.000000	87276.901278	18181.914768	187500.000000	187500.000000	86732.032804	102669.363042	112992.046832	133799.062228	-0.076000	0.774000	0.578000	192.000000	0.000000	0.000000	0.000000	0.000000	0.000000	0.000000	0.000000	0.000000	0.000000	1733433188.561928	0.000000
179.000000	87281.170461	18189.983748	187500.000000	187500.000000	86733.910350	102696.408653	112998.126507	133809.634603	-0.076000	0.774000	0.578000	192.000000	0.000000	0.000000	0.000000	0.000000	0.000000	0.000000	0.000000	0.000000	0.000000	1733433188.565913	0.000000
180.000000	87285.774921	18183.255873	187500.000000	187500.000000	86729.060022	102686.685644	112996.807754	133822.084525	-0.076000	0.774000	0.578000	192.000000	253.000000	160.000000	24.000000	48.000000	18.000000	16.000000	0.000000	0.000000	0.000000	1733433188.568952	0.000000
181.000000	87284.925554	18210.390891	187500.000000	187500.000000	86728.031841	102702.130699	112993.790268	133817.837693	-0.076000	0.774000	0.578000	192.000000	0.000000	0.000000	0.000000	0.000000	0.000000	0.000000	0.000000	0.000000	0.000000	1733433188.573089	0.000000
182.000000	87285.439645	18215.509440	187500.000000	187500.000000	86725.282577	102724.616554	112991.599797	133813.166179	-0.076000	0.774000	0.578000	192.000000	0.000000	0.000000	0.000000	0.000000	0.000000	0.000000	0.000000	0.000000	0.000000	1733433188.577126	0.000000
183.000000	87289.686476	18188.553237	187500.000000	187500.000000	86725.304928	102710.467900	113003.982664	133831.092278	-0.076000	0.774000	0.578000	192.000000	0.000000	0.000000	0.000000	0.000000	0.000000	0.000000	0.000000	0.000000	0.000000	1733433188.581216	0.000000
184.000000	87289.798235	18197.963321	187500.000000	187500.000000	86727.294234	102684.137545	113001.456917	133834.556798	-0.076000	0.774000	0.578000	192.000000	0.000000	0.000000	0.000000	0.000000	0.000000	0.000000	0.000000	0.000000	0.000000	1733433188.585070	0.000000
185.000000	87297.688400	18204.333568	187500.000000	187500.000000	86730.043498	102680.941246	113008.028329	133832.567493	-0.076000	0.774000	0.578000	192.000000	0.000000	0.000000	0.000000	0.000000	0.000000	0.000000	0.000000	0.000000	0.000000	1733433188.589912	0.000000
186.000000	87291.698133	18181.646548	187500.000000	187500.000000	86736.033766	102701.303685	113021.662893	133816.585996	-0.076000	0.774000	0.578000	192.000000	0.000000	0.000000	0.000000	0.000000	0.000000	0.000000	0.000000	0.000000	0.000000	1733433188.593932	0.000000
187.000000	87302.248156	18208.043958	187500.000000	187500.000000	86751.679987	102739.502816	113032.637600	133829.684118	-0.076000	0.774000	0.578000	192.000000	0.000000	0.000000	0.000000	0.000000	0.000000	0.000000	0.000000	0.000000	0.000000	1733433188.596932	0.000000
188.000000	87311.881758	18221.566763	187500.000000	187500.000000	86752.730519	102723.253098	113027.384940	133828.253606	-0.076000	0.774000	0.578000	192.000000	0.000000	0.000000	0.000000	0.000000	0.000000	0.000000	0.000000	0.000000	0.000000	1733433188.601189	0.000000
189.000000	87305.444456	18191.973053	187500.000000	187500.000000	86750.204772	102721.666124	113029.731873	133817.122438	-0.076000	0.774000	0.578000	192.000000	0.000000	0.000000	0.000000	0.000000	0.000000	0.000000	0.000000	0.000000	0.000000	1733433188.604965	0.000000
190.000000	87300.616479	18195.482277	187500.000000	187500.000000	86757.133813	102728.349296	113028.055492	133818.061211	-0.070000	0.774000	0.578000	192.000000	253.000000	208.000000	24.000000	48.000000	18.000000	16.000000	0.000000	0.000000	0.000000	1733433188.609322	0.000000
191.000000	87301.421142	18197.091603	187500.000000	187500.000000	86757.647903	102701.616609	113023.339274	133828.499476	-0.070000	0.774000	0.578000	192.000000	0.000000	0.000000	0.000000	0.000000	0.000000	0.000000	0.000000	0.000000	0.000000	1733433188.613154	0.000000
192.000000	87304.662145	18189.447306	187500.000000	187500.000000	86758.050234	102680.248342	113012.833954	133825.772563	-0.070000	0.774000	0.578000	192.000000	0.000000	0.000000	0.000000	0.000000	0.000000	0.000000	0.000000	0.000000	0.000000	1733433188.618348	0.000000
193.000000	87307.456113	18196.041071	187500.000000	187500.000000	86762.386473	102701.415444	113023.495737	133836.590807	-0.070000	0.774000	0.578000	192.000000	0.000000	0.000000	0.000000	0.000000	0.000000	0.000000	0.000000	0.000000	0.000000	1733433188.622248	0.000000
194.000000	87309.087790	18217.655208	187500.000000	187500.000000	86759.011359	102715.027656	113031.542365	133843.184572	-0.070000	0.774000	0.578000	192.000000	0.000000	0.000000	0.000000	0.000000	0.000000	0.000000	0.000000	0.000000	0.000000	1733433188.624990	0.000000
195.000000	87309.803046	18228.138176	187500.000000	187500.000000	86751.657635	102721.263793	113032.056455	133815.379002	-0.070000	0.774000	0.578000	192.000000	0.000000	0.000000	0.000000	0.000000	0.000000	0.000000	0.000000	0.000000	0.000000	1733433188.627995	0.000000
196.000000	87303.253985	18196.532809	187500.000000	187500.000000	86740.504115	102721.219089	113016.879620	133801.029182	-0.070000	0.774000	0.578000	192.000000	0.000000	0.000000	0.000000	0.000000	0.000000	0.000000	0.000000	0.000000	0.000000	1733433188.633011	0.000000
197.000000	87301.041162	18185.580455	187500.000000	187500.000000	86738.850086	102730.830339	112997.701823	133806.617118	-0.070000	0.774000	0.578000	192.000000	0.000000	0.000000	0.000000	0.000000	0.000000	0.000000	0.000000	0.000000	0.000000	1733433188.636993	0.000000
198.000000	87303.030467	18186.496876	187500.000000	187500.000000	86739.118307	102711.652543	113002.194524	133797.452902	-0.070000	0.774000	0.578000	192.000000	0.000000	0.000000	0.000000	0.000000	0.000000	0.000000	0.000000	0.000000	0.000000	1733433188.640999	0.000000
199.000000	87314.496912	18209.094490	187500.000000	187500.000000	86743.365138	102668.781897	113003.960312	133782.097254	-0.070000	0.774000	0.578000	192.000000	0.000000	0.000000	0.000000	0.000000	0.000000	0.000000	0.000000	0.000000	0.000000	1733433188.645211	0.000000
200.000000	87296.973145	18176.907978	187500.000000	187500.000000	86726.109591	102648.017126	112977.004108	133762.315960	-0.072000	0.766000	0.574000	192.000000	253.000000	192.000000	23.000000	240.000000	17.000000	240.000000	0.000000	0.000000	0.000000	1733433188.650263	0.000000
201.000000	87312.932290	18202.567780	187500.000000	187500.000000	86734.692661	102669.340690	112995.421946	133802.705562	-0.072000	0.766000	0.574000	192.000000	0.000000	0.000000	0.000000	0.000000	0.000000	0.000000	0.000000	0.000000	0.000000	1733433188.653381	0.000000
202.000000	87310.473598	18210.480298	187500.000000	187500.000000	86741.197019	102691.267752	113009.503545	133839.921217	-0.072000	0.766000	0.574000	192.000000	0.000000	0.000000	0.000000	0.000000	0.000000	0.000000	0.000000	0.000000	0.000000	1733433188.657563	0.000000
203.000000	87304.595090	18181.020699	187500.000000	187500.000000	86738.313644	102700.029635	113019.762995	133818.485894	-0.072000	0.766000	0.574000	192.000000	0.000000	0.000000	0.000000	0.000000	0.000000	0.000000	0.000000	0.000000	0.000000	1733433188.661090	0.000000
204.000000	87308.506645	18170.358917	187500.000000	187500.000000	86748.528391	102693.391167	113011.939885	133767.725082	-0.072000	0.766000	0.574000	192.000000	0.000000	0.000000	0.000000	0.000000	0.000000	0.000000	0.000000	0.000000	0.000000	1733433188.665053	0.000000
205.000000	87310.875930	18180.260739	187500.000000	187500.000000	86749.713033	102713.887717	113019.941809	133795.932984	-0.072000	0.766000	0.574000	192.000000	0.000000	0.000000	0.000000	0.000000	0.000000	0.000000	0.000000	0.000000	0.000000	1733433188.669248	0.000000
206.000000	87319.079020	18208.312179	187500.000000	187500.000000	86759.503097	102697.660351	113029.530708	133843.877476	-0.072000	0.766000	0.574000	192.000000	0.000000	0.000000	0.000000	0.000000	0.000000	0.000000	0.000000	0.000000	0.000000	1733433188.673048	0.000000
207.000000	87324.041107	18216.627028	187500.000000	187500.000000	86772.578868	102679.913065	113036.884431	133840.301197	-0.072000	0.766000	0.574000	192.000000	0.000000	0.000000	0.000000	0.000000	0.000000	0.000000	0.000000	0.000000	0.000000	1733433188.677075	0.000000
208.000000	87319.302537	18212.380196	187500.000000	187500.000000	86770.567211	102699.180269	113041.779464	133825.347880	-0.072000	0.766000	0.574000	192.000000	0.000000	0.000000	0.000000	0.000000	0.000000	0.000000	0.000000	0.000000	0.000000	1733433188.680123	0.000000
209.000000	87321.828284	18206.702853	187500.000000	187500.000000	86761.514754	102694.665217	113045.243984	133855.656845	-0.072000	0.766000	0.574000	192.000000	0.000000	0.000000	0.000000	0.000000	0.000000	0.000000	0.000000	0.000000	0.000000	1733433188.684315	0.000000
210.000000	87312.306441	18178.025565	187500.000000	187500.000000	86757.245571	102691.267752	113033.062283	133851.320607	-0.074000	0.770000	0.580000	192.000000	253.000000	176.000000	24.000000	16.000000	18.000000	32.000000	0.000000	0.000000	0.000000	1733433188.689077	0.000000
211.000000	87315.592148	18191.838943	187500.000000	187500.000000	86760.061891	102694.218182	113036.929135	133833.036880	-0.074000	0.770000	0.580000	192.000000	0.000000	0.000000	0.000000	0.000000	0.000000	0.000000	0.000000	0.000000	0.000000	1733433188.693487	0.000000
212.000000	87317.357936	18192.107164	187500.000000	187500.000000	86766.521545	102709.439720	113042.450016	133835.137944	-0.074000	0.770000	0.580000	192.000000	0.000000	0.000000	0.000000	0.000000	0.000000	0.000000	0.000000	0.000000	0.000000	1733433188.697295	0.000000
213.000000	87323.705831	18189.134382	187500.000000	187500.000000	86763.749929	102700.364912	113030.625943	133843.855124	-0.074000	0.770000	0.580000	192.000000	0.000000	0.000000	0.000000	0.000000	0.000000	0.000000	0.000000	0.000000	0.000000	1733433188.701247	0.000000
214.000000	87314.474561	18189.067327	187500.000000	187500.000000	86752.998740	102679.018996	113019.450071	133846.313816	-0.074000	0.770000	0.580000	192.000000	0.000000	0.000000	0.000000	0.000000	0.000000	0.000000	0.000000	0.000000	0.000000	1733433188.705560	0.000000
215.000000	87311.077095	18189.514362	187500.000000	187500.000000	86753.512830	102690.127813	113034.157519	133844.860952	-0.074000	0.770000	0.580000	192.000000	0.000000	0.000000	0.000000	0.000000	0.000000	0.000000	0.000000	0.000000	0.000000	1733433188.708254	0.000000
216.000000	87314.988651	18182.853542	187500.000000	187500.000000	86751.612932	102686.551534	113043.858176	133847.677272	-0.074000	0.770000	0.580000	192.000000	0.000000	0.000000	0.000000	0.000000	0.000000	0.000000	0.000000	0.000000	0.000000	1733433188.712159	0.000000
217.000000	87321.247139	18197.136306	187500.000000	187500.000000	86752.730519	102673.833391	113037.823205	133822.643318	-0.074000	0.770000	0.580000	192.000000	0.000000	0.000000	0.000000	0.000000	0.000000	0.000000	0.000000	0.000000	0.000000	1733433188.717336	0.000000
218.000000	87325.113991	18207.507516	187500.000000	187500.000000	86759.659560	102680.985949	113041.064208	133819.156446	-0.074000	0.770000	0.580000	192.000000	0.000000	0.000000	0.000000	0.000000	0.000000	0.000000	0.000000	0.000000	0.000000	1733433188.721103	0.000000
219.000000	87318.252005	18183.457039	187500.000000	187500.000000	86754.988045	102693.569981	113035.811548	133832.656900	-0.074000	0.770000	0.580000	192.000000	0.000000	0.000000	0.000000	0.000000	0.000000	0.000000	0.000000	0.000000	0.000000	1733433188.725096	0.000000
220.000000	87315.480389	18159.093637	187500.000000	187500.000000	86748.975426	102696.520412	113033.598725	133842.715185	-0.074000	0.770000	0.580000	192.000000	0.000000	0.000000	0.000000	0.000000	0.000000	0.000000	0.000000	0.000000	0.000000	1733433188.729134	0.000000
221.000000	87329.919616	18182.898245	187500.000000	187500.000000	86760.508926	102695.469880	113031.855289	133820.251682	-0.064000	0.768000	0.574000	192.000000	254.000000	0.000000	24.000000	0.000000	17.000000	240.000000	0.000000	0.000000	0.000000	1733433188.733344	0.000000
222.000000	87337.072174	18217.744615	187500.000000	187500.000000	86760.330112	102681.701205	113019.293609	133816.965975	-0.064000	0.768000	0.574000	192.000000	0.000000	0.000000	0.000000	0.000000	0.000000	0.000000	0.000000	0.000000	0.000000	1733433188.736158	0.000000
223.000000	87345.387023	18228.696970	187500.000000	187500.000000	86753.624589	102669.117173	113017.416062	133817.971804	-0.064000	0.768000	0.574000	192.000000	0.000000	0.000000	0.000000	0.000000	0.000000	0.000000	0.000000	0.000000	0.000000	1733433188.740305	0.000000
224.000000	87345.945817	18199.662054	187500.000000	187500.000000	86755.122156	102668.513676	113027.295533	133823.045650	-0.064000	0.768000	0.574000	192.000000	0.000000	0.000000	0.000000	0.000000	0.000000	0.000000	0.000000	0.000000	0.000000	1733433188.745343	0.000000
225.000000	87343.554180	18195.079946	187500.000000	187500.000000	86753.915161	102671.642920	113018.891277	133820.966938	-0.064000	0.768000	0.574000	192.000000	0.000000	0.000000	0.000000	0.000000	0.000000	0.000000	0.000000	0.000000	0.000000	1733433188.749375	0.000000
226.000000	87344.850581	18227.355865	187500.000000	187500.000000	86761.268885	102701.638961	113043.366437	133835.339109	-0.064000	0.768000	0.574000	192.000000	0.000000	0.000000	0.000000	0.000000	0.000000	0.000000	0.000000	0.000000	0.000000	1733433188.753193	0.000000
227.000000	87340.134363	18206.300522	187500.000000	187500.000000	86760.978313	102691.446566	113041.175966	133835.115592	-0.064000	0.768000	0.574000	192.000000	0.000000	0.000000	0.000000	0.000000	0.000000	0.000000	0.000000	0.000000	0.000000	1733433188.757227	0.000000
228.000000	87335.239331	18167.453190	187500.000000	187500.000000	86760.575981	102689.569019	113036.906783	133819.290557	-0.064000	0.768000	0.574000	192.000000	0.000000	0.000000	0.000000	0.000000	0.000000	0.000000	0.000000	0.000000	0.000000	1733433188.760208	0.000000
229.000000	87338.234465	18164.368649	187500.000000	187500.000000	86757.536144	102693.435871	113034.202222	133820.206978	-0.064000	0.768000	0.574000	192.000000	0.000000	0.000000	0.000000	0.000000	0.000000	0.000000	0.000000	0.000000	0.000000	1733433188.764247	0.000000
230.000000	87344.761174	18188.642644	187500.000000	187500.000000	86755.926818	102661.361118	113028.726045	133850.761813	-0.064000	0.768000	0.574000	192.000000	0.000000	0.000000	0.000000	0.000000	0.000000	0.000000	0.000000	0.000000	0.000000	1733433188.768248	0.000000
231.000000	87344.694119	18203.439498	187500.000000	187500.000000	86751.903504	102666.993757	113029.843632	133826.756039	-0.066000	0.766000	0.578000	192.000000	253.000000	240.000000	23.000000	240.000000	18.000000	16.000000	0.000000	0.000000	0.000000	1733433188.773218	0.000000
232.000000	87351.980788	18194.007062	187500.000000	187500.000000	86765.918048	102667.507847	113031.587068	133809.679307	-0.066000	0.766000	0.578000	192.000000	0.000000	0.000000	0.000000	0.000000	0.000000	0.000000	0.000000	0.000000	0.000000	1733433188.777228	0.000000
233.000000	87348.940951	18196.197533	187500.000000	187500.000000	86762.878211	102651.816923	113014.845611	133822.822132	-0.066000	0.766000	0.578000	192.000000	0.000000	0.000000	0.000000	0.000000	0.000000	0.000000	0.000000	0.000000	0.000000	1733433188.781310	0.000000
234.000000	87345.923465	18210.301484	187500.000000	187500.000000	86766.968580	102664.780934	113022.847536	133809.142865	-0.066000	0.766000	0.578000	192.000000	0.000000	0.000000	0.000000	0.000000	0.000000	0.000000	0.000000	0.000000	0.000000	1733433188.784467	0.000000
235.000000	87357.904000	18205.741728	187500.000000	187500.000000	86787.465130	102683.444641	113044.931059	133831.919292	-0.066000	0.766000	0.578000	192.000000	0.000000	0.000000	0.000000	0.000000	0.000000	0.000000	0.000000	0.000000	0.000000	1733433188.788459	0.000000
236.000000	87362.173183	18217.431690	187500.000000	187500.000000	86802.038467	102708.880926	113059.571452	133840.994101	-0.066000	0.766000	0.578000	192.000000	0.000000	0.000000	0.000000	0.000000	0.000000	0.000000	0.000000	0.000000	0.000000	1733433188.792466	0.000000
237.000000	87364.609523	18216.805842	187500.000000	187500.000000	86797.009325	102707.182194	113059.973783	133842.804592	-0.066000	0.766000	0.578000	192.000000	0.000000	0.000000	0.000000	0.000000	0.000000	0.000000	0.000000	0.000000	0.000000	1733433188.796257	0.000000
238.000000	87352.830154	18171.320042	187500.000000	187500.000000	86781.608973	102704.455281	113058.073885	133833.685080	-0.066000	0.766000	0.578000	192.000000	0.000000	0.000000	0.000000	0.000000	0.000000	0.000000	0.000000	0.000000	0.000000	1733433188.801394	0.000000
239.000000	87347.532791	18167.341431	187500.000000	187500.000000	86783.531223	102713.172461	113054.050571	133835.741441	-0.066000	0.766000	0.578000	192.000000	0.000000	0.000000	0.000000	0.000000	0.000000	0.000000	0.000000	0.000000	0.000000	1733433188.805249	0.000000
240.000000	87344.828230	18162.401696	187500.000000	187500.000000	86778.211508	102703.047121	113050.831920	133856.685025	-0.066000	0.766000	0.578000	192.000000	0.000000	0.000000	0.000000	0.000000	0.000000	0.000000	0.000000	0.000000	0.000000	1733433188.809296	0.000000
241.000000	87327.907959	18145.660239	187500.000000	187500.000000	86764.688702	102695.425176	113039.097254	133863.591714	-0.070000	0.768000	0.584000	192.000000	253.000000	208.000000	24.000000	0.000000	18.000000	64.000000	0.000000	0.000000	0.000000	1733433188.812301	0.000000
242.000000	87341.162543	18179.433725	187500.000000	187500.000000	86767.013284	102694.151127	113024.546269	133884.043561	-0.070000	0.768000	0.584000	192.000000	0.000000	0.000000	0.000000	0.000000	0.000000	0.000000	0.000000	0.000000	0.000000	1733433188.816489	0.000000
243.000000	87356.339378	18200.086737	187500.000000	187500.000000	86778.323266	102677.387318	113034.246926	133832.701603	-0.070000	0.768000	0.584000	192.000000	0.000000	0.000000	0.000000	0.000000	0.000000	0.000000	0.000000	0.000000	0.000000	1733433188.820446	0.000000
244.000000	87342.481296	18171.476504	187500.000000	187500.000000	86771.260115	102699.850821	113038.672571	133805.432475	-0.070000	0.768000	0.584000	192.000000	0.000000	0.000000	0.000000	0.000000	0.000000	0.000000	0.000000	0.000000	0.000000	1733433188.824407	0.000000
245.000000	87352.226657	18199.304426	187500.000000	187500.000000	86784.224127	102710.803176	113049.177891	133821.637490	-0.070000	0.768000	0.584000	192.000000	0.000000	0.000000	0.000000	0.000000	0.000000	0.000000	0.000000	0.000000	0.000000	1733433188.828568	0.000000
246.000000	87349.075061	18192.800068	187500.000000	187500.000000	86776.266906	102687.914990	113034.358684	133811.132170	-0.070000	0.768000	0.584000	192.000000	0.000000	0.000000	0.000000	0.000000	0.000000	0.000000	0.000000	0.000000	0.000000	1733433188.833558	0.000000
247.000000	87341.877799	18171.632966	187500.000000	187500.000000	86773.405883	102685.769222	113016.477289	133808.584071	-0.070000	0.768000	0.584000	192.000000	0.000000	0.000000	0.000000	0.000000	0.000000	0.000000	0.000000	0.000000	0.000000	1733433188.837292	0.000000
248.000000	87349.455041	18183.211170	187500.000000	187500.000000	86784.961734	102698.532069	113020.657065	133815.513112	-0.070000	0.768000	0.584000	192.000000	0.000000	0.000000	0.000000	0.000000	0.000000	0.000000	0.000000	0.000000	0.000000	1733433188.840286	0.000000
249.000000	87351.042014	18168.995460	187500.000000	187500.000000	86788.493310	102682.885847	113021.193507	133826.510170	-0.070000	0.768000	0.584000	192.000000	0.000000	0.000000	0.000000	0.000000	0.000000	0.000000	0.000000	0.000000	0.000000	1733433188.844315	0.000000
250.000000	87339.195590	18150.532919	187500.000000	187500.000000	86778.457377	102694.754624	113016.365530	133812.808551	-0.070000	0.768000	0.584000	192.000000	0.000000	0.000000	0.000000	0.000000	0.000000	0.000000	0.000000	0.000000	0.000000	1733433188.848353	0.000000
251.000000	87344.537657	18162.133475	187500.000000	187500.000000	86780.849013	102691.692435	113016.298475	133822.553912	-0.074000	0.772000	0.578000	192.000000	253.000000	176.000000	24.000000	32.000000	18.000000	16.000000	0.000000	0.000000	0.000000	1733433188.852362	0.000000
252.000000	87340.402584	18168.503722	187500.000000	187500.000000	86776.132795	102690.463089	113006.441356	133822.486856	-0.074000	0.772000	0.578000	192.000000	0.000000	0.000000	0.000000	0.000000	0.000000	0.000000	0.000000	0.000000	0.000000	1733433188.856338	0.000000
253.000000	87339.352052	18165.732105	187500.000000	187500.000000	86775.372836	102671.620568	112992.918550	133839.407127	-0.074000	0.772000	0.578000	192.000000	0.000000	0.000000	0.000000	0.000000	0.000000	0.000000	0.000000	0.000000	0.000000	1733433188.861519	0.000000
254.000000	87343.911808	18161.820550	187500.000000	187500.000000	86788.314496	102677.499077	113008.028329	133834.668557	-0.074000	0.772000	0.578000	192.000000	0.000000	0.000000	0.000000	0.000000	0.000000	0.000000	0.000000	0.000000	0.000000	1733433188.865635	0.000000
255.000000	87353.366596	18190.386080	187500.000000	187500.000000	86796.271717	102698.532069	113026.423815	133824.319699	-0.074000	0.772000	0.578000	192.000000	0.000000	0.000000	0.000000	0.000000	0.000000	0.000000	0.000000	0.000000	0.000000	1733433188.868931	0.000000
0.000000	87349.142116	18189.268492	187500.000000	187500.000000	86795.109426	102710.713769	113021.841707	133823.090353	-0.074000	0.772000	0.578000	192.000000	0.000000	0.000000	0.000000	0.000000	0.000000	0.000000	0.000000	0.000000	0.000000	1733433188.872671	0.000000
1.000000	87332.154790	18161.485274	187500.000000	187500.000000	86786.302839	102709.193851	113006.441356	133804.359592	-0.074000	0.772000	0.578000	192.000000	0.000000	0.000000	0.000000	0.000000	0.000000	0.000000	0.000000	0.000000	0.000000	1733433188.876409	0.000000
2.000000	87328.578511	18151.516396	187500.000000	187500.000000	86776.557478	102658.678908	113007.536591	133802.236176	-0.074000	0.772000	0.578000	192.000000	0.000000	0.000000	0.000000	0.000000	0.000000	0.000000	0.000000	0.000000	0.000000	1733433188.880406	0.000000
3.000000	87335.038165	18133.344428	187500.000000	187500.000000	86775.126967	102673.498115	113009.078861	133812.987365	-0.074000	0.772000	0.578000	192.000000	0.000000	0.000000	0.000000	0.000000	0.000000	0.000000	0.000000	0.000000	0.000000	1733433188.884560	0.000000
4.000000	87334.702889	18135.289030	187500.000000	187500.000000	86777.384493	102684.830449	113001.546323	133807.622946	-0.074000	0.772000	0.578000	192.000000	0.000000	0.000000	0.000000	0.000000	0.000000	0.000000	0.000000	0.000000	0.000000	1733433188.888456	0.000000
5.000000	87337.653320	18155.718524	187500.000000	187500.000000	86780.223165	102674.235722	113007.357777	133807.466484	-0.070000	0.770000	0.576000	192.000000	253.000000	208.000000	24.000000	16.000000	18.000000	0.000000	0.000000	0.000000	0.000000	1733433188.893860	0.000000
6.000000	87345.834058	18171.252986	187500.000000	187500.000000	86785.967563	102692.653560	113025.417987	133806.237138	-0.070000	0.770000	0.576000	192.000000	0.000000	0.000000	0.000000	0.000000	0.000000	0.000000	0.000000	0.000000	0.000000	1733433188.896752	0.000000
7.000000	87353.947741	18196.622216	187500.000000	187500.000000	86778.815005	102685.501002	113022.981646	133812.987365	-0.070000	0.770000	0.576000	192.000000	0.000000	0.000000	0.000000	0.000000	0.000000	0.000000	0.000000	0.000000	0.000000	1733433188.900596	0.000000
8.000000	87358.820422	18182.451210	187500.000000	187500.000000	86781.832490	102685.053967	113020.478251	133825.124362	-0.070000	0.770000	0.576000	192.000000	0.000000	0.000000	0.000000	0.000000	0.000000	0.000000	0.000000	0.000000	0.000000	1733433188.904756	0.000000
9.000000	87356.406433	18163.094600	187500.000000	187500.000000	86789.722656	102702.890659	113020.210030	133839.071851	-0.070000	0.770000	0.576000	192.000000	0.000000	0.000000	0.000000	0.000000	0.000000	0.000000	0.000000	0.000000	0.000000	1733433188.908903	0.000000
10.000000	87355.937047	18168.324908	187500.000000	187500.000000	86794.327115	102724.370685	113019.271257	133830.198208	-0.070000	0.770000	0.576000	192.000000	0.000000	0.000000	0.000000	0.000000	0.000000	0.000000	0.000000	0.000000	0.000000	1733433188.912421	0.000000
11.000000	87358.865125	18178.472600	187500.000000	187500.000000	86794.416522	102695.559287	113015.694978	133815.982499	-0.070000	0.770000	0.576000	192.000000	0.000000	0.000000	0.000000	0.000000	0.000000	0.000000	0.000000	0.000000	0.000000	1733433188.917947	0.000000
12.000000	87358.351035	18174.359879	187500.000000	187500.000000	86790.303801	102678.728423	113023.585144	133813.747324	-0.070000	0.770000	0.576000	192.000000	0.000000	0.000000	0.000000	0.000000	0.000000	0.000000	0.000000	0.000000	0.000000	1733433188.920460	0.000000
13.000000	87359.602733	18162.714620	187500.000000	187500.000000	86795.355296	102695.402824	113033.308152	133816.071906	-0.070000	0.770000	0.576000	192.000000	0.000000	0.000000	0.000000	0.000000	0.000000	0.000000	0.000000	0.000000	0.000000	1733433188.923465	0.000000
14.000000	87354.081852	18162.133475	187500.000000	187500.000000	86791.108464	102710.646714	113022.400501	133819.201150	-0.070000	0.770000	0.576000	192.000000	0.000000	0.000000	0.000000	0.000000	0.000000	0.000000	0.000000	0.000000	0.000000	1733433188.928413	0.000000
15.000000	87352.025491	18165.888568	187500.000000	187500.000000	86786.749874	102724.057761	113017.237248	133821.212807	-0.078000	0.774000	0.576000	192.000000	253.000000	144.000000	24.000000	48.000000	18.000000	0.000000	0.000000	0.000000	0.000000	1733433188.932462	0.000000
16.000000	87338.502686	18169.822475	187500.000000	187500.000000	86773.160013	102689.345502	113001.948655	133806.684173	-0.078000	0.774000	0.576000	192.000000	0.000000	0.000000	0.000000	0.000000	0.000000	0.000000	0.000000	0.000000	0.000000	1733433188.936472	0.000000
17.000000	87343.867105	18164.033373	187500.000000	187500.000000	86771.349522	102677.476725	112997.634768	133825.571397	-0.078000	0.774000	0.576000	192.000000	0.000000	0.000000	0.000000	0.000000	0.000000	0.000000	0.000000	0.000000	0.000000	1733433188.940478	0.000000
18.000000	87343.151849	18141.703980	187500.000000	187500.000000	86759.704263	102680.673025	112995.690166	133819.268205	-0.078000	0.774000	0.576000	192.000000	0.000000	0.000000	0.000000	0.000000	0.000000	0.000000	0.000000	0.000000	0.000000	1733433188.944468	0.000000
19.000000	87350.840849	18156.344373	187500.000000	187500.000000	86771.260115	102698.465013	113012.252809	133808.673478	-0.078000	0.774000	0.576000	192.000000	0.000000	0.000000	0.000000	0.000000	0.000000	0.000000	0.000000	0.000000	0.000000	1733433188.948531	0.000000
20.000000	87350.818497	18179.299614	187500.000000	187500.000000	86771.461281	102712.613668	113014.063300	133799.576318	-0.078000	0.774000	0.576000	192.000000	0.000000	0.000000	0.000000	0.000000	0.000000	0.000000	0.000000	0.000000	0.000000	1733433188.952750	0.000000
21.000000	87348.806840	18179.254911	187500.000000	187500.000000	86765.739234	102658.053059	112999.668777	133810.662783	-0.078000	0.774000	0.576000	192.000000	0.000000	0.000000	0.000000	0.000000	0.000000	0.000000	0.000000	0.000000	0.000000	1733433188.956481	0.000000
22.000000	87341.922503	18152.455169	187500.000000	187500.000000	86767.527374	102646.161931	112988.470553	133829.281787	-0.078000	0.774000	0.576000	192.000000	0.000000	0.000000	0.000000	0.000000	0.000000	0.000000	0.000000	0.000000	0.000000	1733433188.960519	0.000000
23.000000	87344.068270	18147.358972	187500.000000	187500.000000	86770.209583	102693.324112	113006.463707	133828.343013	-0.078000	0.774000	0.576000	192.000000	0.000000	0.000000	0.000000	0.000000	0.000000	0.000000	0.000000	0.000000	0.000000	1733433188.964480	0.000000
24.000000	87344.939988	18161.038239	187500.000000	187500.000000	86771.885964	102688.026749	113009.481193	133839.116554	-0.078000	0.774000	0.576000	192.000000	0.000000	0.000000	0.000000	0.000000	0.000000	0.000000	0.000000	0.000000	0.000000	1733433188.968510	0.000000
25.000000	87344.627064	18176.349184	187500.000000	187500.000000	86763.839336	102678.057871	112994.058489	133820.832827	-0.080000	0.766000	0.574000	192.000000	253.000000	128.000000	23.000000	240.000000	17.000000	240.000000	0.000000	0.000000	0.000000	1733433188.972478	0.000000
26.000000	87342.257779	18166.760286	187500.000000	187500.000000	86766.119214	102707.763339	112999.713480	133805.432475	-0.080000	0.766000	0.574000	192.000000	0.000000	0.000000	0.000000	0.000000	0.000000	0.000000	0.000000	0.000000	0.000000	1733433188.976478	0.000000
27.000000	87340.760212	18149.258870	187500.000000	187500.000000	86764.711054	102684.383414	113007.961274	133807.667650	-0.080000	0.766000	0.574000	192.000000	0.000000	0.000000	0.000000	0.000000	0.000000	0.000000	0.000000	0.000000	0.000000	1733433188.979488	0.000000
28.000000	87338.189761	18134.059684	187500.000000	187500.000000	86760.285409	102664.110382	113002.574504	133808.472313	-0.080000	0.766000	0.574000	192.000000	0.000000	0.000000	0.000000	0.000000	0.000000	0.000000	0.000000	0.000000	0.000000	1733433188.984476	0.000000
29.000000	87338.234465	18148.185986	187500.000000	187500.000000	86765.001627	102659.528274	113001.769841	133806.751228	-0.080000	0.766000	0.574000	192.000000	0.000000	0.000000	0.000000	0.000000	0.000000	0.000000	0.000000	0.000000	0.000000	1733433188.988652	0.000000
30.000000	87344.716471	18169.911882	187500.000000	187500.000000	86776.959810	102681.812964	113017.281952	133824.006775	-0.080000	0.766000	0.574000	192.000000	0.000000	0.000000	0.000000	0.000000	0.000000	0.000000	0.000000	0.000000	0.000000	1733433188.992779	0.000000
31.000000	87351.176125	18163.228710	187500.000000	187500.000000	86776.311609	102664.199789	113016.142013	133842.871647	-0.080000	0.766000	0.574000	192.000000	0.000000	0.000000	0.000000	0.000000	0.000000	0.000000	0.000000	0.000000	0.000000	1733433188.996813	0.000000
32.000000	87354.327721	18170.247158	187500.000000	187500.000000	86766.879173	102670.257112	113002.507448	133798.637545	-0.080000	0.766000	0.574000	192.000000	0.000000	0.000000	0.000000	0.000000	0.000000	0.000000	0.000000	0.000000	0.000000	1733433189.001557	0.000000
33.000000	87355.065328	18166.961451	187500.000000	187500.000000	86774.143490	102697.101557	113011.604608	133809.433438	-0.080000	0.766000	0.574000	192.000000	0.000000	0.000000	0.000000	0.000000	0.000000	0.000000	0.000000	0.000000	0.000000	1733433189.004516	0.000000
34.000000	87366.285904	18192.822420	187500.000000	187500.000000	86785.744045	102682.371757	113021.461728	133807.466484	-0.080000	0.766000	0.574000	192.000000	0.000000	0.000000	0.000000	0.000000	0.000000	0.000000	0.000000	0.000000	0.000000	1733433189.007607	0.000000
35.000000	87372.432634	18192.129516	187500.000000	187500.000000	86787.085150	102684.696339	113031.005923	133802.884376	-0.082000	0.770000	0.578000	192.000000	253.000000	112.000000	24.000000	16.000000	18.000000	16.000000	0.000000	0.000000	0.000000	1733433189.012587	0.000000
36.000000	87377.148852	18178.003213	187500.000000	187500.000000	86786.638115	102705.997551	113028.256658	133809.992231	-0.082000	0.770000	0.578000	192.000000	0.000000	0.000000	0.000000	0.000000	0.000000	0.000000	0.000000	0.000000	0.000000	1733433189.016970	0.000000
37.000000	87379.495785	18171.074172	187500.000000	187500.000000	86793.477749	102713.150109	113036.325638	133825.906673	-0.082000	0.770000	0.578000	192.000000	0.000000	0.000000	0.000000	0.000000	0.000000	0.000000	0.000000	0.000000	0.000000	1733433189.020572	0.000000
38.000000	87382.893250	18181.735954	187500.000000	187500.000000	86794.148301	102712.434854	113022.109928	133836.054365	-0.082000	0.770000	0.578000	192.000000	0.000000	0.000000	0.000000	0.000000	0.000000	0.000000	0.000000	0.000000	0.000000	1733433189.024840	0.000000
39.000000	87375.405416	18182.540617	187500.000000	187500.000000	86780.290220	102710.333790	113011.716367	133838.066022	-0.082000	0.770000	0.578000	192.000000	0.000000	0.000000	0.000000	0.000000	0.000000	0.000000	0.000000	0.000000	0.000000	1733433189.027663	0.000000
40.000000	87373.818442	18177.019736	187500.000000	187500.000000	86777.809176	102684.875153	113015.426757	133822.084525	-0.082000	0.770000	0.578000	192.000000	0.000000	0.000000	0.000000	0.000000	0.000000	0.000000	0.000000	0.000000	0.000000	1733433189.031820	0.000000
41.000000	87379.428730	18177.064440	187500.000000	187500.000000	86778.479729	102698.308551	113030.603591	133821.816304	-0.082000	0.770000	0.578000	192.000000	0.000000	0.000000	0.000000	0.000000	0.000000	0.000000	0.000000	0.000000	0.000000	1733433189.035873	0.000000
42.000000	87377.148852	18175.611577	187500.000000	187500.000000	86777.987990	102707.293952	113038.985495	133841.932874	-0.082000	0.770000	0.578000	192.000000	0.000000	0.000000	0.000000	0.000000	0.000000	0.000000	0.000000	0.000000	0.000000	1733433189.040623	0.000000
43.000000	87379.674599	18178.986690	187500.000000	187500.000000	86778.412673	102713.306572	113048.686153	133842.603426	-0.082000	0.770000	0.578000	192.000000	0.000000	0.000000	0.000000	0.000000	0.000000	0.000000	0.000000	0.000000	0.000000	1733433189.044618	0.000000
44.000000	87389.598774	18205.361748	187500.000000	187500.000000	86774.009380	102734.518377	113060.778446	133843.497496	-0.082000	0.770000	0.578000	192.000000	0.000000	0.000000	0.000000	0.000000	0.000000	0.000000	0.000000	0.000000	0.000000	1733433189.048630	0.000000
45.000000	87397.690105	18219.711568	187500.000000	187500.000000	86759.391339	102712.188984	113050.451940	133854.293389	-0.074000	0.770000	0.582000	192.000000	253.000000	176.000000	24.000000	16.000000	18.000000	48.000000	0.000000	0.000000	0.000000	1733433189.052656	0.000000
46.000000	87381.552146	18198.142135	187500.000000	187500.000000	86737.218408	102683.511696	113032.794062	133849.979502	-0.074000	0.770000	0.582000	192.000000	0.000000	0.000000	0.000000	0.000000	0.000000	0.000000	0.000000	0.000000	0.000000	1733433189.055617	0.000000
47.000000	87378.065274	18189.201437	187500.000000	187500.000000	86736.681966	102688.496135	113043.031161	133863.211735	-0.074000	0.770000	0.582000	192.000000	0.000000	0.000000	0.000000	0.000000	0.000000	0.000000	0.000000	0.000000	0.000000	1733433189.059626	0.000000
48.000000	87374.444291	18172.772905	187500.000000	187500.000000	86733.262149	102733.177272	113042.025333	133852.728767	-0.074000	0.770000	0.582000	192.000000	0.000000	0.000000	0.000000	0.000000	0.000000	0.000000	0.000000	0.000000	0.000000	1733433189.063892	0.000000
49.000000	87376.768872	18171.789428	187500.000000	187500.000000	86736.167876	102690.708958	113028.144899	133850.694758	-0.074000	0.770000	0.582000	192.000000	0.000000	0.000000	0.000000	0.000000	0.000000	0.000000	0.000000	0.000000	0.000000	1733433189.067903	0.000000
50.000000	87380.255744	18182.495914	187500.000000	187500.000000	86732.725708	102683.645807	113033.643429	133843.072813	-0.074000	0.770000	0.582000	192.000000	0.000000	0.000000	0.000000	0.000000	0.000000	0.000000	0.000000	0.000000	0.000000	1733433189.072767	0.000000
51.000000	87371.717378	18182.652376	187500.000000	187500.000000	86723.807362	102697.123909	113040.930097	133823.671499	-0.074000	0.770000	0.582000	192.000000	0.000000	0.000000	0.000000	0.000000	0.000000	0.000000	0.000000	0.000000	0.000000	1733433189.076962	0.000000
52.000000	87383.787320	18193.895303	187500.000000	187500.000000	86730.870513	102718.760397	113048.552042	133832.165162	-0.074000	0.770000	0.582000	192.000000	0.000000	0.000000	0.000000	0.000000	0.000000	0.000000	0.000000	0.000000	0.000000	1733433189.080688	0.000000
53.000000	87388.436483	18195.348167	187500.000000	187500.000000	86730.065850	102715.251173	113035.297458	133851.946455	-0.074000	0.770000	0.582000	192.000000	0.000000	0.000000	0.000000	0.000000	0.000000	0.000000	0.000000	0.000000	0.000000	1733433189.083940	0.000000
54.000000	87395.678448	18199.147963	187500.000000	187500.000000	86735.229103	102700.253153	113037.644391	133862.719996	-0.074000	0.770000	0.582000	192.000000	0.000000	0.000000	0.000000	0.000000	0.000000	0.000000	0.000000	0.000000	0.000000	1733433189.087656	0.000000
55.000000	87403.434503	18198.924446	187500.000000	187500.000000	86749.020129	102725.577679	113069.607385	133856.014473	-0.078000	0.768000	0.582000	192.000000	253.000000	144.000000	24.000000	0.000000	18.000000	48.000000	0.000000	0.000000	0.000000	1733433189.091719	0.000000
56.000000	87400.081742	18213.453080	187500.000000	187500.000000	86747.075528	102747.236520	113075.374135	133887.686895	-0.078000	0.768000	0.582000	192.000000	0.000000	0.000000	0.000000	0.000000	0.000000	0.000000	0.000000	0.000000	0.000000	1733433189.096695	0.000000
57.000000	87395.857262	18189.559065	187500.000000	187500.000000	86732.010452	102736.440627	113057.895071	133881.048427	-0.078000	0.768000	0.582000	192.000000	0.000000	0.000000	0.000000	0.000000	0.000000	0.000000	0.000000	0.000000	0.000000	1733433189.100696	0.000000
58.000000	87395.320820	18174.493989	187500.000000	187500.000000	86727.763620	102706.064606	113048.976725	133832.992176	-0.078000	0.768000	0.582000	192.000000	0.000000	0.000000	0.000000	0.000000	0.000000	0.000000	0.000000	0.000000	0.000000	1733433189.104717	0.000000
59.000000	87394.784378	18173.510513	187500.000000	187500.000000	86719.806399	102700.901353	113048.976725	133822.218635	-0.078000	0.768000	0.582000	192.000000	0.000000	0.000000	0.000000	0.000000	0.000000	0.000000	0.000000	0.000000	0.000000	1733433189.108832	0.000000
60.000000	87398.695934	18190.363728	187500.000000	187500.000000	86722.086277	102709.059740	113050.362533	133834.668557	-0.078000	0.768000	0.582000	192.000000	0.000000	0.000000	0.000000	0.000000	0.000000	0.000000	0.000000	0.000000	0.000000	1733433189.111927	0.000000
61.000000	87396.997201	18195.526981	187500.000000	187500.000000	86719.068792	102704.388226	113040.706580	133835.741441	-0.078000	0.768000	0.582000	192.000000	0.000000	0.000000	0.000000	0.000000	0.000000	0.000000	0.000000	0.000000	0.000000	1733433189.116218	0.000000
62.000000	87395.924317	18208.490993	187500.000000	187500.000000	86717.459466	102707.606877	113038.091426	133824.789086	-0.078000	0.768000	0.582000	192.000000	0.000000	0.000000	0.000000	0.000000	0.000000	0.000000	0.000000	0.000000	0.000000	1733433189.119843	0.000000
63.000000	87396.147835	18192.777716	187500.000000	187500.000000	86716.386582	102708.076263	113031.318847	133827.471295	-0.078000	0.768000	0.582000	192.000000	0.000000	0.000000	0.000000	0.000000	0.000000	0.000000	0.000000	0.000000	0.000000	1733433189.123697	0.000000
64.000000	87390.448140	18175.768039	187500.000000	187500.000000	86722.443905	102696.810984	113026.937905	133854.315740	-0.078000	0.768000	0.582000	192.000000	0.000000	0.000000	0.000000	0.000000	0.000000	0.000000	0.000000	0.000000	0.000000	1733433189.128723	0.000000
65.000000	87385.687218	18178.025565	187500.000000	187500.000000	86728.568283	102725.488272	113025.038007	133850.605351	-0.078000	0.770000	0.584000	192.000000	253.000000	144.000000	24.000000	16.000000	18.000000	64.000000	0.000000	0.000000	0.000000	1733433189.133857	0.000000
66.000000	87401.601660	18207.865144	187500.000000	187500.000000	86741.353481	102728.997496	113035.364513	133837.462525	-0.078000	0.770000	0.584000	192.000000	0.000000	0.000000	0.000000	0.000000	0.000000	0.000000	0.000000	0.000000	0.000000	1733433189.136797	0.000000
67.000000	87410.005916	18211.597885	187500.000000	187500.000000	86741.442888	102686.238609	113030.938867	133853.220505	-0.078000	0.770000	0.584000	192.000000	0.000000	0.000000	0.000000	0.000000	0.000000	0.000000	0.000000	0.000000	0.000000	1733433189.139758	0.000000
68.000000	87406.228472	18185.736917	187500.000000	187500.000000	86738.581865	102702.242458	113032.190565	133846.000891	-0.078000	0.770000	0.584000	192.000000	0.000000	0.000000	0.000000	0.000000	0.000000	0.000000	0.000000	0.000000	0.000000	1733433189.143720	0.000000
69.000000	87401.467550	18169.107219	187500.000000	187500.000000	86749.377757	102716.346409	113045.087522	133837.820153	-0.078000	0.770000	0.584000	192.000000	0.000000	0.000000	0.000000	0.000000	0.000000	0.000000	0.000000	0.000000	0.000000	1733433189.148033	0.000000
70.000000	87401.512253	18178.472600	187500.000000	187500.000000	86742.336958	102682.863496	113034.716312	133837.686043	-0.078000	0.770000	0.584000	192.000000	0.000000	0.000000	0.000000	0.000000	0.000000	0.000000	0.000000	0.000000	0.000000	1733433189.152038	0.000000
71.000000	87406.139065	18196.331644	187500.000000	187500.000000	86737.240760	102681.455336	113036.258583	133860.328360	-0.078000	0.770000	0.584000	192.000000	0.000000	0.000000	0.000000	0.000000	0.000000	0.000000	0.000000	0.000000	0.000000	1733433189.156842	0.000000
72.000000	87393.331515	18185.491048	187500.000000	187500.000000	86727.070716	102686.618589	113027.027312	133852.035862	-0.078000	0.770000	0.584000	192.000000	0.000000	0.000000	0.000000	0.000000	0.000000	0.000000	0.000000	0.000000	0.000000	1733433189.161014	0.000000
73.000000	87396.952498	18194.387042	187500.000000	187500.000000	86735.027937	102719.989743	113031.117681	133846.492630	-0.078000	0.770000	0.584000	192.000000	0.000000	0.000000	0.000000	0.000000	0.000000	0.000000	0.000000	0.000000	0.000000	1733433189.163774	0.000000
74.000000	87412.554015	18226.081815	187500.000000	187500.000000	86751.545876	102742.117970	113045.311039	133849.040729	-0.078000	0.770000	0.584000	192.000000	0.000000	0.000000	0.000000	0.000000	0.000000	0.000000	0.000000	0.000000	0.000000	1733433189.168072	0.000000
75.000000	87407.457817	18212.648417	187500.000000	187500.000000	86739.878266	102723.789540	113028.368417	133837.417822	-0.078000	0.770000	0.578000	192.000000	253.000000	144.000000	24.000000	16.000000	18.000000	16.000000	0.000000	0.000000	0.000000	1733433189.171783	0.000000
76.000000	87401.020515	18206.792260	187500.000000	187500.000000	86738.157182	102734.071342	113043.679362	133853.622836	-0.078000	0.770000	0.578000	192.000000	0.000000	0.000000	0.000000	0.000000	0.000000	0.000000	0.000000	0.000000	0.000000	1733433189.175842	0.000000
77.000000	87391.677486	18186.005138	187500.000000	187500.000000	86729.998795	102708.433891	113029.441301	133843.497496	-0.078000	0.770000	0.578000	192.000000	0.000000	0.000000	0.000000	0.000000	0.000000	0.000000	0.000000	0.000000	0.000000	1733433189.179796	0.000000
78.000000	87397.421884	18152.924556	187500.000000	187500.000000	86740.034728	102697.392130	113030.491833	133857.154412	-0.078000	0.770000	0.578000	192.000000	0.000000	0.000000	0.000000	0.000000	0.000000	0.000000	0.000000	0.000000	0.000000	1733433189.183806	0.000000
79.000000	87411.816408	18173.510513	187500.000000	187500.000000	86751.143545	102694.151127	113033.017580	133865.625723	-0.078000	0.770000	0.578000	192.000000	0.000000	0.000000	0.000000	0.000000	0.000000	0.000000	0.000000	0.000000	0.000000	1733433189.189139	0.000000
80.000000	87414.945652	18189.424955	187500.000000	187500.000000	86756.127984	102701.817775	113034.738664	133868.643209	-0.078000	0.770000	0.578000	192.000000	0.000000	0.000000	0.000000	0.000000	0.000000	0.000000	0.000000	0.000000	0.000000	1733433189.192056	0.000000
81.000000	87416.242053	18194.811725	187500.000000	187500.000000	86747.321397	102710.266734	113037.666743	133876.756892	-0.078000	0.770000	0.578000	192.000000	0.000000	0.000000	0.000000	0.000000	0.000000	0.000000	0.000000	0.000000	0.000000	1733433189.195974	0.000000
82.000000	87421.248844	18219.935086	187500.000000	187500.000000	86740.906446	102724.393037	113045.311039	133887.865709	-0.078000	0.770000	0.578000	192.000000	0.000000	0.000000	0.000000	0.000000	0.000000	0.000000	0.000000	0.000000	0.000000	1733433189.200046	0.000000
83.000000	87417.024364	18235.067217	187500.000000	187500.000000	86736.413745	102725.845900	113026.736739	133883.283601	-0.078000	0.770000	0.578000	192.000000	0.000000	0.000000	0.000000	0.000000	0.000000	0.000000	0.000000	0.000000	0.000000	1733433189.203900	0.000000
84.000000	87423.349908	18192.777716	187500.000000	187500.000000	86746.539086	102726.874081	113010.285856	133851.834697	-0.078000	0.770000	0.578000	192.000000	0.000000	0.000000	0.000000	0.000000	0.000000	0.000000	0.000000	0.000000	0.000000	1733433189.207814	0.000000
85.000000	87430.994204	18188.307367	187500.000000	187500.000000	86753.155202	102725.443569	113030.491833	133852.348787	-0.080000	0.772000	0.580000	192.000000	253.000000	128.000000	24.000000	32.000000	18.000000	32.000000	0.000000	0.000000	0.000000	1733433189.211821	0.000000
86.000000	87433.877579	18187.614463	187500.000000	187500.000000	86741.219371	102686.797403	113024.568620	133851.812345	-0.080000	0.772000	0.580000	192.000000	0.000000	0.000000	0.000000	0.000000	0.000000	0.000000	0.000000	0.000000	0.000000	1733433189.217081	0.000000
87.000000	87440.650158	18195.504629	187500.000000	187500.000000	86749.578923	102702.488327	113050.004905	133858.294351	-0.080000	0.772000	0.580000	192.000000	0.000000	0.000000	0.000000	0.000000	0.000000	0.000000	0.000000	0.000000	0.000000	1733433189.219847	0.000000
88.000000	87438.035004	18191.458963	187500.000000	187500.000000	86752.886981	102740.463941	113062.432475	133864.105804	-0.080000	0.772000	0.580000	192.000000	0.000000	0.000000	0.000000	0.000000	0.000000	0.000000	0.000000	0.000000	0.000000	1733433189.223837	0.000000
89.000000	87439.443164	18199.550295	187500.000000	187500.000000	86757.938475	102739.659278	113066.165217	133879.841433	-0.080000	0.772000	0.580000	192.000000	0.000000	0.000000	0.000000	0.000000	0.000000	0.000000	0.000000	0.000000	0.000000	1733433189.227942	0.000000
90.000000	87434.570484	18209.563876	187500.000000	187500.000000	86747.746080	102710.467900	113049.893147	133847.386700	-0.080000	0.772000	0.580000	192.000000	0.000000	0.000000	0.000000	0.000000	0.000000	0.000000	0.000000	0.000000	0.000000	1733433189.232141	0.000000
91.000000	87437.096231	18229.300467	187500.000000	187500.000000	86738.134830	102710.020865	113040.684228	133856.841488	-0.080000	0.772000	0.580000	192.000000	0.000000	0.000000	0.000000	0.000000	0.000000	0.000000	0.000000	0.000000	0.000000	1733433189.236210	0.000000
92.000000	87446.998053	18240.833967	187500.000000	187500.000000	86736.033766	102725.331810	113043.791121	133870.408996	-0.080000	0.772000	0.580000	192.000000	0.000000	0.000000	0.000000	0.000000	0.000000	0.000000	0.000000	0.000000	0.000000	1733433189.240210	0.000000
93.000000	87449.389690	18216.068234	187500.000000	187500.000000	86737.933664	102736.351220	113048.663801	133863.882287	-0.080000	0.772000	0.580000	192.000000	0.000000	0.000000	0.000000	0.000000	0.000000	0.000000	0.000000	0.000000	0.000000	1733433189.244872	0.000000
94.000000	87447.109812	18193.180048	187500.000000	187500.000000	86745.846182	102756.579549	113051.211900	133868.464395	-0.080000	0.772000	0.580000	192.000000	0.000000	0.000000	0.000000	0.000000	0.000000	0.000000	0.000000	0.000000	0.000000	1733433189.247897	0.000000
95.000000	87446.930998	18204.624141	187500.000000	187500.000000	86748.617798	102742.520302	113053.827054	133882.545994	-0.072000	0.774000	0.578000	192.000000	253.000000	192.000000	24.000000	48.000000	18.000000	16.000000	0.000000	0.000000	0.000000	1733433189.251174	0.000000
96.000000	87440.270178	18213.520135	187500.000000	187500.000000	86742.336958	102736.082999	113047.166234	133859.255476	-0.072000	0.774000	0.578000	192.000000	0.000000	0.000000	0.000000	0.000000	0.000000	0.000000	0.000000	0.000000	0.000000	1733433189.255898	0.000000
97.000000	87438.124411	18215.241219	187500.000000	187500.000000	86734.491495	102725.130644	113043.567603	133867.905601	-0.072000	0.774000	0.578000	192.000000	0.000000	0.000000	0.000000	0.000000	0.000000	0.000000	0.000000	0.000000	0.000000	1733433189.259946	0.000000
98.000000	87442.840629	18215.330626	187500.000000	187500.000000	86744.907408	102725.555328	113038.270240	133874.320552	-0.072000	0.774000	0.578000	192.000000	0.000000	0.000000	0.000000	0.000000	0.000000	0.000000	0.000000	0.000000	0.000000	1733433189.264030	0.000000
99.000000	87438.996129	18186.966263	187500.000000	187500.000000	86744.393318	102724.437740	113043.880527	133890.324401	-0.072000	0.774000	0.578000	192.000000	0.000000	0.000000	0.000000	0.000000	0.000000	0.000000	0.000000	0.000000	0.000000	1733433189.268134	0.000000
100.000000	87432.178847	18180.148981	187500.000000	187500.000000	86738.827734	102717.575755	113048.440283	133874.611124	-0.072000	0.774000	0.578000	192.000000	0.000000	0.000000	0.000000	0.000000	0.000000	0.000000	0.000000	0.000000	0.000000	1733433189.272246	0.000000
101.000000	87428.691975	18210.927333	187500.000000	187500.000000	86740.459411	102728.259889	113047.680324	133874.052331	-0.072000	0.774000	0.578000	192.000000	0.000000	0.000000	0.000000	0.000000	0.000000	0.000000	0.000000	0.000000	0.000000	1733433189.275158	0.000000
102.000000	87430.189542	18191.213094	187500.000000	187500.000000	86736.413745	102724.214223	113049.088484	133873.337075	-0.072000	0.774000	0.578000	192.000000	0.000000	0.000000	0.000000	0.000000	0.000000	0.000000	0.000000	0.000000	0.000000	1733433189.279954	0.000000
103.000000	87433.721117	18184.552274	187500.000000	187500.000000	86736.346690	102738.251118	113063.862987	133905.747104	-0.072000	0.774000	0.578000	192.000000	0.000000	0.000000	0.000000	0.000000	0.000000	0.000000	0.000000	0.000000	0.000000	1733433189.284165	0.000000
104.000000	87435.129277	18191.771888	187500.000000	187500.000000	86745.175629	102752.220959	113066.209920	133909.949232	-0.072000	0.774000	0.578000	192.000000	0.000000	0.000000	0.000000	0.000000	0.000000	0.000000	0.000000	0.000000	0.000000	1733433189.287925	0.000000
105.000000	87450.887257	18202.321911	187500.000000	187500.000000	86762.386473	102767.509552	113075.709412	133871.660694	-0.074000	0.776000	0.578000	192.000000	253.000000	176.000000	24.000000	64.000000	18.000000	16.000000	0.000000	0.000000	0.000000	1733433189.291974	0.000000
106.000000	87455.648179	18214.011873	187500.000000	187500.000000	86763.347598	102744.397848	113069.339164	133867.749139	-0.074000	0.776000	0.578000	192.000000	0.000000	0.000000	0.000000	0.000000	0.000000	0.000000	0.000000	0.000000	0.000000	1733433189.295956	0.000000
107.000000	87458.442147	18225.210097	187500.000000	187500.000000	86746.919065	102715.586450	113043.701714	133872.867688	-0.074000	0.776000	0.578000	192.000000	0.000000	0.000000	0.000000	0.000000	0.000000	0.000000	0.000000	0.000000	0.000000	1733433189.299055	0.000000
108.000000	87460.833783	18196.644568	187500.000000	187500.000000	86736.458449	102707.182194	113047.769731	133883.462415	-0.074000	0.776000	0.578000	192.000000	0.000000	0.000000	0.000000	0.000000	0.000000	0.000000	0.000000	0.000000	0.000000	1733433189.303002	0.000000
109.000000	87449.657911	18182.451210	187500.000000	187500.000000	86747.164935	102712.971295	113058.766789	133861.065967	-0.074000	0.776000	0.578000	192.000000	0.000000	0.000000	0.000000	0.000000	0.000000	0.000000	0.000000	0.000000	0.000000	1733433189.307276	0.000000
110.000000	87444.561713	18187.636815	187500.000000	187500.000000	86744.728594	102711.272563	113050.362533	133861.021264	-0.074000	0.776000	0.578000	192.000000	0.000000	0.000000	0.000000	0.000000	0.000000	0.000000	0.000000	0.000000	0.000000	1733433189.312192	0.000000
111.000000	87449.076766	18186.742745	187500.000000	187500.000000	86743.409841	102722.806063	113046.942716	133863.055272	-0.074000	0.776000	0.578000	192.000000	0.000000	0.000000	0.000000	0.000000	0.000000	0.000000	0.000000	0.000000	0.000000	1733433189.315971	0.000000
112.000000	87454.910571	18221.387949	187500.000000	187500.000000	86743.163972	102740.195720	113047.523862	133878.299162	-0.074000	0.776000	0.578000	192.000000	0.000000	0.000000	0.000000	0.000000	0.000000	0.000000	0.000000	0.000000	0.000000	1733433189.320035	0.000000
113.000000	87460.185583	18201.852525	187500.000000	187500.000000	86743.789821	102762.770982	113060.040839	133860.082490	-0.074000	0.776000	0.578000	192.000000	0.000000	0.000000	0.000000	0.000000	0.000000	0.000000	0.000000	0.000000	0.000000	1733433189.324021	0.000000
114.000000	87458.576257	18175.633928	187500.000000	187500.000000	86746.829658	102725.555328	113073.094257	133842.893999	-0.074000	0.776000	0.578000	192.000000	0.000000	0.000000	0.000000	0.000000	0.000000	0.000000	0.000000	0.000000	0.000000	1733433189.328024	0.000000
115.000000	87467.271086	18197.024548	187500.000000	187500.000000	86754.608065	102743.481427	113086.281787	133875.974581	-0.078000	0.768000	0.574000	192.000000	253.000000	144.000000	24.000000	0.000000	17.000000	240.000000	0.000000	0.000000	0.000000	1733433189.331045	0.000000
116.000000	87472.926077	18227.869955	187500.000000	187500.000000	86760.486574	102730.495063	113086.237083	133873.493537	-0.078000	0.768000	0.574000	192.000000	0.000000	0.000000	0.000000	0.000000	0.000000	0.000000	0.000000	0.000000	0.000000	1733433189.335235	0.000000
117.000000	87469.126280	18215.241219	187500.000000	187500.000000	86759.816022	102726.807025	113070.635566	133876.153395	-0.078000	0.768000	0.574000	192.000000	0.000000	0.000000	0.000000	0.000000	0.000000	0.000000	0.000000	0.000000	0.000000	1733433189.339300	0.000000
118.000000	87471.428510	18209.742690	187500.000000	187500.000000	86759.838374	102734.652488	113075.798819	133884.781168	-0.078000	0.768000	0.574000	192.000000	0.000000	0.000000	0.000000	0.000000	0.000000	0.000000	0.000000	0.000000	0.000000	1733433189.344311	0.000000
119.000000	87474.736568	18202.165449	187500.000000	187500.000000	86763.772281	102736.082999	113084.895979	133894.973564	-0.078000	0.768000	0.574000	192.000000	0.000000	0.000000	0.000000	0.000000	0.000000	0.000000	0.000000	0.000000	0.000000	1733433189.348074	0.000000
120.000000	87475.809452	18211.553182	187500.000000	187500.000000	86765.962752	102750.566930	113090.014528	133895.241784	-0.078000	0.768000	0.574000	192.000000	0.000000	0.000000	0.000000	0.000000	0.000000	0.000000	0.000000	0.000000	0.000000	1733433189.352074	0.000000
121.000000	87474.848327	18216.895249	187500.000000	187500.000000	86767.057987	102732.819645	113081.364403	133897.409904	-0.078000	0.768000	0.574000	192.000000	0.000000	0.000000	0.000000	0.000000	0.000000	0.000000	0.000000	0.000000	0.000000	1733433189.356067	0.000000
122.000000	87473.551926	18196.935141	187500.000000	187500.000000	86765.538068	102722.090807	113087.175856	133883.574174	-0.078000	0.768000	0.574000	192.000000	0.000000	0.000000	0.000000	0.000000	0.000000	0.000000	0.000000	0.000000	0.000000	1733433189.359094	0.000000
123.000000	87472.523746	18205.562914	187500.000000	187500.000000	86765.135737	102726.851729	113087.824057	133879.975543	-0.078000	0.768000	0.574000	192.000000	0.000000	0.000000	0.000000	0.000000	0.000000	0.000000	0.000000	0.000000	0.000000	1733433189.363065	0.000000
124.000000	87469.796833	18201.897228	187500.000000	187500.000000	86768.555554	102745.157807	113081.207941	133872.733578	-0.078000	0.768000	0.574000	192.000000	0.000000	0.000000	0.000000	0.000000	0.000000	0.000000	0.000000	0.000000	0.000000	1733433189.368523	0.000000
125.000000	87466.980513	18208.490993	187500.000000	187500.000000	86766.476842	102733.713714	113079.933891	133883.820043	-0.076000	0.766000	0.576000	192.000000	253.000000	160.000000	23.000000	240.000000	18.000000	0.000000	0.000000	0.000000	0.000000	1733433189.372245	0.000000
126.000000	87462.577219	18188.866161	187500.000000	187500.000000	86752.082318	102707.852746	113065.047629	133896.560537	-0.076000	0.766000	0.576000	192.000000	0.000000	0.000000	0.000000	0.000000	0.000000	0.000000	0.000000	0.000000	0.000000	1733433189.376310	0.000000
127.000000	87459.000940	18182.227693	187500.000000	187500.000000	86742.202847	102703.583563	113056.933946	133893.386590	-0.076000	0.766000	0.576000	192.000000	0.000000	0.000000	0.000000	0.000000	0.000000	0.000000	0.000000	0.000000	0.000000	1733433189.380302	0.000000
128.000000	87464.007731	18194.968187	187500.000000	187500.000000	86748.371929	102720.682647	113065.092333	133881.294296	-0.076000	0.766000	0.576000	192.000000	0.000000	0.000000	0.000000	0.000000	0.000000	0.000000	0.000000	0.000000	0.000000	1733433189.383097	0.000000
129.000000	87468.321618	18187.703870	187500.000000	187500.000000	86749.511868	102706.466938	113057.515092	133875.236973	-0.076000	0.766000	0.576000	192.000000	0.000000	0.000000	0.000000	0.000000	0.000000	0.000000	0.000000	0.000000	0.000000	1733433189.387092	0.000000
130.000000	87464.901801	18192.174219	187500.000000	187500.000000	86752.819926	102728.192833	113067.416914	133851.879400	-0.076000	0.766000	0.576000	192.000000	0.000000	0.000000	0.000000	0.000000	0.000000	0.000000	0.000000	0.000000	0.000000	1733433189.391079	0.000000
131.000000	87460.744376	18179.120800	187500.000000	187500.000000	86752.127022	102731.456188	113082.258473	133850.381833	-0.076000	0.766000	0.576000	192.000000	0.000000	0.000000	0.000000	0.000000	0.000000	0.000000	0.000000	0.000000	0.000000	1733433189.396117	0.000000
132.000000	87461.146708	18175.857446	187500.000000	187500.000000	86749.355405	102733.289031	113073.071906	133864.239915	-0.076000	0.766000	0.576000	192.000000	0.000000	0.000000	0.000000	0.000000	0.000000	0.000000	0.000000	0.000000	0.000000	1733433189.400130	0.000000
133.000000	87465.617057	18181.914768	187500.000000	187500.000000	86750.338882	102718.693342	113072.736630	133882.791863	-0.076000	0.766000	0.576000	192.000000	0.000000	0.000000	0.000000	0.000000	0.000000	0.000000	0.000000	0.000000	0.000000	1733433189.404222	0.000000
134.000000	87481.106815	18228.495804	187500.000000	187500.000000	86762.118252	102729.600993	113092.540275	133882.344828	-0.076000	0.766000	0.576000	192.000000	0.000000	0.000000	0.000000	0.000000	0.000000	0.000000	0.000000	0.000000	0.000000	1733433189.407255	0.000000
135.000000	87482.403217	18230.194536	187500.000000	187500.000000	86757.782013	102732.730238	113095.289540	133871.057197	-0.076000	0.772000	0.576000	192.000000	253.000000	160.000000	24.000000	32.000000	18.000000	0.000000	0.000000	0.000000	0.000000	1733433189.411302	0.000000
136.000000	87467.025216	18174.672803	187500.000000	187500.000000	86742.046385	102699.314380	113076.201150	133859.367235	-0.076000	0.772000	0.576000	192.000000	0.000000	0.000000	0.000000	0.000000	0.000000	0.000000	0.000000	0.000000	0.000000	1733433189.415385	0.000000
137.000000	87463.136013	18153.706867	187500.000000	187500.000000	86748.751908	102719.520357	113079.732726	133862.876459	-0.076000	0.772000	0.576000	192.000000	0.000000	0.000000	0.000000	0.000000	0.000000	0.000000	0.000000	0.000000	0.000000	1733433189.419361	0.000000
138.000000	87470.154461	18174.136361	187500.000000	187500.000000	86755.077452	102735.233633	113080.671499	133877.919183	-0.076000	0.772000	0.576000	192.000000	0.000000	0.000000	0.000000	0.000000	0.000000	0.000000	0.000000	0.000000	0.000000	1733433189.423144	0.000000
139.000000	87460.029120	18172.102353	187500.000000	187500.000000	86741.956978	102717.687514	113072.937795	133873.493537	-0.076000	0.772000	0.576000	192.000000	0.000000	0.000000	0.000000	0.000000	0.000000	0.000000	0.000000	0.000000	0.000000	1733433189.428171	0.000000
140.000000	87458.665664	18166.916748	187500.000000	187500.000000	86732.725708	102716.279354	113065.852292	133870.006665	-0.076000	0.772000	0.576000	192.000000	0.000000	0.000000	0.000000	0.000000	0.000000	0.000000	0.000000	0.000000	0.000000	1733433189.432155	0.000000
141.000000	87463.672455	18171.945890	187500.000000	187500.000000	86725.573149	102699.962580	113067.461618	133853.041691	-0.076000	0.772000	0.576000	192.000000	0.000000	0.000000	0.000000	0.000000	0.000000	0.000000	0.000000	0.000000	0.000000	1733433189.435186	0.000000
142.000000	87471.897897	18190.989577	187500.000000	187500.000000	86732.524542	102728.684572	113079.688022	133870.029017	-0.076000	0.772000	0.576000	192.000000	0.000000	0.000000	0.000000	0.000000	0.000000	0.000000	0.000000	0.000000	0.000000	1733433189.439344	0.000000
143.000000	87473.820147	18189.246141	187500.000000	187500.000000	86743.298083	102716.279354	113073.563644	133864.530488	-0.076000	0.772000	0.576000	192.000000	0.000000	0.000000	0.000000	0.000000	0.000000	0.000000	0.000000	0.000000	0.000000	1733433189.443397	0.000000
144.000000	87470.892068	18209.452118	187500.000000	187500.000000	86745.890885	102704.701150	113053.000039	133852.617008	-0.076000	0.772000	0.576000	192.000000	0.000000	0.000000	0.000000	0.000000	0.000000	0.000000	0.000000	0.000000	0.000000	1733433189.447456	0.000000
145.000000	87481.442092	18238.263516	187500.000000	187500.000000	86751.903504	102721.263793	113059.683211	133857.802613	-0.074000	0.770000	0.582000	192.000000	253.000000	176.000000	24.000000	16.000000	18.000000	48.000000	0.000000	0.000000	0.000000	1733433189.452436	0.000000
146.000000	87484.303115	18204.400623	187500.000000	187500.000000	86762.565286	102722.604897	113087.488781	133877.136871	-0.074000	0.770000	0.582000	192.000000	0.000000	0.000000	0.000000	0.000000	0.000000	0.000000	0.000000	0.000000	0.000000	1733433189.456181	0.000000
147.000000	87477.754054	18174.851617	187500.000000	187500.000000	86764.733406	102732.305554	113089.947473	133900.114465	-0.074000	0.770000	0.582000	192.000000	0.000000	0.000000	0.000000	0.000000	0.000000	0.000000	0.000000	0.000000	0.000000	1733433189.460228	0.000000
148.000000	87474.423644	18178.003213	187500.000000	187500.000000	86760.061891	102743.727296	113075.798819	133888.759779	-0.074000	0.770000	0.582000	192.000000	0.000000	0.000000	0.000000	0.000000	0.000000	0.000000	0.000000	0.000000	0.000000	1733433189.463257	0.000000
149.000000	87469.997998	18169.666012	187500.000000	187500.000000	86755.323321	102732.126740	113069.942662	133860.596581	-0.074000	0.770000	0.582000	192.000000	0.000000	0.000000	0.000000	0.000000	0.000000	0.000000	0.000000	0.000000	0.000000	1733433189.467499	0.000000
150.000000	87464.588876	18181.981824	187500.000000	187500.000000	86737.061946	102680.807135	113047.032123	133844.570380	-0.074000	0.770000	0.582000	192.000000	0.000000	0.000000	0.000000	0.000000	0.000000	0.000000	0.000000	0.000000	0.000000	1733433189.471247	0.000000
151.000000	87468.142804	18204.132402	187500.000000	187500.000000	86733.172743	102680.650673	113043.589955	133853.689892	-0.074000	0.770000	0.582000	192.000000	0.000000	0.000000	0.000000	0.000000	0.000000	0.000000	0.000000	0.000000	0.000000	1733433189.475290	0.000000
152.000000	87469.439205	18158.154864	187500.000000	187500.000000	86732.435135	102692.273580	113043.455844	133846.805554	-0.074000	0.770000	0.582000	192.000000	0.000000	0.000000	0.000000	0.000000	0.000000	0.000000	0.000000	0.000000	0.000000	1733433189.479412	0.000000
153.000000	87472.836670	18169.151922	187500.000000	187500.000000	86731.094030	102709.596182	113032.548193	133850.471240	-0.074000	0.770000	0.582000	192.000000	0.000000	0.000000	0.000000	0.000000	0.000000	0.000000	0.000000	0.000000	0.000000	1733433189.484432	0.000000
154.000000	87473.261353	18175.633928	187500.000000	187500.000000	86724.120286	102703.427101	113032.458786	133872.197136	-0.074000	0.770000	0.582000	192.000000	0.000000	0.000000	0.000000	0.000000	0.000000	0.000000	0.000000	0.000000	0.000000	1733433189.488346	0.000000
155.000000	87469.506260	18165.732105	187500.000000	187500.000000	86726.198998	102697.682702	113033.934001	133848.414880	-0.070000	0.768000	0.574000	192.000000	253.000000	208.000000	24.000000	0.000000	17.000000	240.000000	0.000000	0.000000	0.000000	1733433189.491254	0.000000
156.000000	87465.974684	18166.939100	187500.000000	187500.000000	86717.057135	102694.464051	113016.745510	133823.000946	-0.070000	0.768000	0.574000	192.000000	0.000000	0.000000	0.000000	0.000000	0.000000	0.000000	0.000000	0.000000	0.000000	1733433189.495291	0.000000
157.000000	87468.656894	18189.648472	187500.000000	187500.000000	86716.855969	102699.672008	113010.039986	133826.912502	-0.070000	0.768000	0.574000	192.000000	0.000000	0.000000	0.000000	0.000000	0.000000	0.000000	0.000000	0.000000	0.000000	1733433189.499298	0.000000
158.000000	87471.026179	18199.326777	187500.000000	187500.000000	86717.347707	102697.548592	113001.769841	133845.307987	-0.070000	0.768000	0.574000	192.000000	0.000000	0.000000	0.000000	0.000000	0.000000	0.000000	0.000000	0.000000	0.000000	1733433189.503238	0.000000
159.000000	87473.194298	18184.686385	187500.000000	187500.000000	86718.375888	102702.354217	113027.004960	133861.870630	-0.070000	0.768000	0.574000	192.000000	0.000000	0.000000	0.000000	0.000000	0.000000	0.000000	0.000000	0.000000	0.000000	1733433189.507268	0.000000
160.000000	87468.142804	18188.732051	187500.000000	187500.000000	86717.258300	102706.332827	113024.523917	133848.571342	-0.070000	0.768000	0.574000	192.000000	0.000000	0.000000	0.000000	0.000000	0.000000	0.000000	0.000000	0.000000	0.000000	1733433189.512436	0.000000
161.000000	87463.963027	18177.734992	187500.000000	187500.000000	86705.233062	102690.910124	113009.704710	133851.253551	-0.070000	0.768000	0.574000	192.000000	0.000000	0.000000	0.000000	0.000000	0.000000	0.000000	0.000000	0.000000	0.000000	1733433189.516450	0.000000
162.000000	87468.880411	18163.876911	187500.000000	187500.000000	86698.192262	102702.063644	113004.407347	133887.932764	-0.070000	0.768000	0.574000	192.000000	0.000000	0.000000	0.000000	0.000000	0.000000	0.000000	0.000000	0.000000	0.000000	1733433189.519516	0.000000
163.000000	87474.356589	18153.326887	187500.000000	187500.000000	86702.215576	102712.881888	113000.831068	133885.116444	-0.070000	0.768000	0.574000	192.000000	0.000000	0.000000	0.000000	0.000000	0.000000	0.000000	0.000000	0.000000	0.000000	1733433189.523684	0.000000
164.000000	87471.652028	18159.495969	187500.000000	187500.000000	86699.645126	102712.971295	112999.221742	133856.841488	-0.070000	0.768000	0.574000	192.000000	0.000000	0.000000	0.000000	0.000000	0.000000	0.000000	0.000000	0.000000	0.000000	1733433189.527307	0.000000
165.000000	87478.871641	18177.645585	187500.000000	187500.000000	86710.664536	102716.033484	113004.072071	133856.774432	-0.076000	0.772000	0.576000	192.000000	253.000000	160.000000	24.000000	32.000000	18.000000	0.000000	0.000000	0.000000	0.000000	1733433189.531282	0.000000
166.000000	87491.343914	18213.564839	187500.000000	187500.000000	86707.579995	102709.126795	113000.875771	133879.170880	-0.076000	0.772000	0.576000	192.000000	0.000000	0.000000	0.000000	0.000000	0.000000	0.000000	0.000000	0.000000	0.000000	1733433189.535285	0.000000
167.000000	87495.031952	18205.920542	187500.000000	187500.000000	86703.802550	102717.665162	113002.283931	133860.954208	-0.076000	0.772000	0.576000	192.000000	0.000000	0.000000	0.000000	0.000000	0.000000	0.000000	0.000000	0.000000	0.000000	1733433189.540328	0.000000
168.000000	87491.612135	18196.242237	187500.000000	187500.000000	86710.999812	102724.661258	113016.030254	133861.825927	-0.076000	0.772000	0.576000	192.000000	0.000000	0.000000	0.000000	0.000000	0.000000	0.000000	0.000000	0.000000	0.000000	1733433189.543332	0.000000
169.000000	87503.011525	18196.264588	187500.000000	187500.000000	86722.555664	102745.224863	113028.480176	133880.981372	-0.076000	0.772000	0.576000	192.000000	0.000000	0.000000	0.000000	0.000000	0.000000	0.000000	0.000000	0.000000	0.000000	1733433189.546359	0.000000
170.000000	87499.658763	18169.017812	187500.000000	187500.000000	86711.044515	102740.463941	113025.015655	133873.359427	-0.076000	0.772000	0.576000	192.000000	0.000000	0.000000	0.000000	0.000000	0.000000	0.000000	0.000000	0.000000	0.000000	1733433189.551549	0.000000
171.000000	87489.712237	18166.469713	187500.000000	187500.000000	86703.802550	102747.482389	113008.967103	133860.484822	-0.076000	0.772000	0.576000	192.000000	0.000000	0.000000	0.000000	0.000000	0.000000	0.000000	0.000000	0.000000	0.000000	1733433189.555490	0.000000
172.000000	87490.785121	18174.359879	187500.000000	187500.000000	86706.618870	102757.183046	113014.867963	133861.803575	-0.076000	0.772000	0.576000	192.000000	0.000000	0.000000	0.000000	0.000000	0.000000	0.000000	0.000000	0.000000	0.000000	1733433189.559662	0.000000
173.000000	87488.907574	18182.741783	187500.000000	187500.000000	86696.247661	102765.632005	112996.472477	133862.943514	-0.076000	0.772000	0.576000	192.000000	0.000000	0.000000	0.000000	0.000000	0.000000	0.000000	0.000000	0.000000	0.000000	1733433189.563598	0.000000
174.000000	87495.300173	18195.191705	187500.000000	187500.000000	86694.906556	102723.141339	112987.643538	133861.289485	-0.076000	0.772000	0.576000	192.000000	0.000000	0.000000	0.000000	0.000000	0.000000	0.000000	0.000000	0.000000	0.000000	1733433189.568460	0.000000
175.000000	87499.815226	18205.741728	187500.000000	187500.000000	86696.471178	102712.188984	113008.073033	133866.788014	-0.072000	0.776000	0.572000	192.000000	253.000000	192.000000	24.000000	64.000000	17.000000	224.000000	0.000000	0.000000	0.000000	1733433189.571441	0.000000
176.000000	87495.590746	18206.971074	187500.000000	187500.000000	86684.960030	102706.355179	113001.725137	133877.963886	-0.072000	0.776000	0.572000	192.000000	0.000000	0.000000	0.000000	0.000000	0.000000	0.000000	0.000000	0.000000	0.000000	1733433189.574447	0.000000
177.000000	87488.728760	18198.119783	187500.000000	187500.000000	86678.746245	102704.276467	112999.042928	133863.792880	-0.072000	0.776000	0.572000	192.000000	0.000000	0.000000	0.000000	0.000000	0.000000	0.000000	0.000000	0.000000	0.000000	1733433189.579455	0.000000
178.000000	87490.852176	18181.892417	187500.000000	187500.000000	86679.036817	102718.447473	112992.717384	133886.189328	-0.072000	0.776000	0.572000	192.000000	0.000000	0.000000	0.000000	0.000000	0.000000	0.000000	0.000000	0.000000	0.000000	1733433189.583599	0.000000
179.000000	87499.189377	18177.980861	187500.000000	187500.000000	86689.318620	102763.776811	113005.256713	133874.968752	-0.072000	0.776000	0.572000	192.000000	0.000000	0.000000	0.000000	0.000000	0.000000	0.000000	0.000000	0.000000	0.000000	1733433189.587546	0.000000
180.000000	87499.167025	18170.493027	187500.000000	187500.000000	86689.877413	102765.676709	113015.583219	133860.708339	-0.072000	0.776000	0.572000	192.000000	0.000000	0.000000	0.000000	0.000000	0.000000	0.000000	0.000000	0.000000	0.000000	1733433189.591584	0.000000
181.000000	87496.529519	18164.614518	187500.000000	187500.000000	86682.054303	102714.826490	113016.544344	133879.774377	-0.072000	0.776000	0.572000	192.000000	0.000000	0.000000	0.000000	0.000000	0.000000	0.000000	0.000000	0.000000	0.000000	1733433189.595757	0.000000
182.000000	87492.930888	18159.853597	187500.000000	187500.000000	86674.030027	102689.300798	113000.093460	133869.313761	-0.072000	0.776000	0.572000	192.000000	0.000000	0.000000	0.000000	0.000000	0.000000	0.000000	0.000000	0.000000	0.000000	1733433189.599435	0.000000
183.000000	87490.941583	18161.775847	187500.000000	187500.000000	86666.899820	102701.393092	112989.297568	133853.712243	-0.072000	0.776000	0.572000	192.000000	0.000000	0.000000	0.000000	0.000000	0.000000	0.000000	0.000000	0.000000	0.000000	1733433189.602401	0.000000
184.000000	87489.600478	18169.800123	187500.000000	187500.000000	86663.390596	102712.747778	112986.570655	133847.185534	-0.072000	0.776000	0.572000	192.000000	0.000000	0.000000	0.000000	0.000000	0.000000	0.000000	0.000000	0.000000	0.000000	1733433189.607443	0.000000
185.000000	87509.068848	18209.921504	187500.000000	187500.000000	86678.120396	102717.888679	112989.498733	133873.739406	-0.072000	0.776000	0.572000	192.000000	0.000000	0.000000	0.000000	0.000000	0.000000	0.000000	0.000000	0.000000	0.000000	1733433189.611473	0.000000
186.000000	87516.109647	18221.119728	187500.000000	187500.000000	86686.949335	102741.112142	112985.520123	133866.340979	-0.072000	0.772000	0.576000	192.000000	253.000000	192.000000	24.000000	32.000000	18.000000	0.000000	0.000000	0.000000	0.000000	1733433189.615476	0.000000
187.000000	87516.981365	18193.515324	187500.000000	187500.000000	86690.771483	102722.224918	112995.198428	133871.951267	-0.072000	0.772000	0.576000	192.000000	0.000000	0.000000	0.000000	0.000000	0.000000	0.000000	0.000000	0.000000	0.000000	1733433189.619648	0.000000
188.000000	87507.459522	18170.202454	187500.000000	187500.000000	86677.449844	102713.351275	112993.879675	133890.190290	-0.072000	0.772000	0.576000	192.000000	0.000000	0.000000	0.000000	0.000000	0.000000	0.000000	0.000000	0.000000	0.000000	1733433189.623668	0.000000
189.000000	87504.486740	18162.580509	187500.000000	187500.000000	86671.079596	102723.677781	112982.547341	133898.192215	-0.072000	0.772000	0.576000	192.000000	0.000000	0.000000	0.000000	0.000000	0.000000	0.000000	0.000000	0.000000	0.000000	1733433189.627722	0.000000
190.000000	87507.437170	18184.552274	187500.000000	187500.000000	86689.586841	102753.562063	112997.679472	133878.768549	-0.072000	0.772000	0.576000	192.000000	0.000000	0.000000	0.000000	0.000000	0.000000	0.000000	0.000000	0.000000	0.000000	1733433189.630761	0.000000
191.000000	87512.801589	18209.586228	187500.000000	187500.000000	86699.734533	102770.996424	113016.656103	133851.946455	-0.072000	0.772000	0.576000	192.000000	0.000000	0.000000	0.000000	0.000000	0.000000	0.000000	0.000000	0.000000	0.000000	1733433189.634613	0.000000
192.000000	87517.428400	18190.564894	187500.000000	187500.000000	86697.611117	102724.415389	113014.085652	133870.453700	-0.072000	0.772000	0.576000	192.000000	0.000000	0.000000	0.000000	0.000000	0.000000	0.000000	0.000000	0.000000	0.000000	1733433189.639453	0.000000
193.000000	87520.647051	18179.590187	187500.000000	187500.000000	86695.018315	102705.394054	113003.580332	133881.718979	-0.072000	0.772000	0.576000	192.000000	0.000000	0.000000	0.000000	0.000000	0.000000	0.000000	0.000000	0.000000	0.000000	1733433189.643459	0.000000
194.000000	87507.012487	18167.363783	187500.000000	187500.000000	86683.954201	102712.993647	112985.520123	133866.452738	-0.072000	0.772000	0.576000	192.000000	0.000000	0.000000	0.000000	0.000000	0.000000	0.000000	0.000000	0.000000	0.000000	1733433189.647514	0.000000
195.000000	87510.901691	18173.756382	187500.000000	187500.000000	86687.597536	102718.805101	112988.939940	133859.031958	-0.072000	0.772000	0.576000	192.000000	0.000000	0.000000	0.000000	0.000000	0.000000	0.000000	0.000000	0.000000	0.000000	1733433189.651479	0.000000
196.000000	87511.259319	18174.717507	187500.000000	187500.000000	86686.234079	102707.919801	112993.410289	133860.328360	-0.080000	0.772000	0.576000	192.000000	253.000000	128.000000	24.000000	32.000000	18.000000	0.000000	0.000000	0.000000	0.000000	1733433189.655772	0.000000
197.000000	87514.433266	18188.150905	187500.000000	187500.000000	86686.502300	102742.319136	112991.510390	133871.370121	-0.080000	0.772000	0.576000	192.000000	0.000000	0.000000	0.000000	0.000000	0.000000	0.000000	0.000000	0.000000	0.000000	1733433189.658771	0.000000
198.000000	87517.227235	18230.239240	187500.000000	187500.000000	86696.605289	102745.381325	112999.892294	133868.263229	-0.080000	0.772000	0.576000	192.000000	0.000000	0.000000	0.000000	0.000000	0.000000	0.000000	0.000000	0.000000	0.000000	1733433189.663748	0.000000
199.000000	87514.790894	18172.862312	187500.000000	187500.000000	86692.492568	102714.021827	112995.466649	133876.421616	-0.080000	0.772000	0.576000	192.000000	0.000000	0.000000	0.000000	0.000000	0.000000	0.000000	0.000000	0.000000	0.000000	1733433189.667841	0.000000
200.000000	87522.792819	18155.070323	187500.000000	187500.000000	86697.678172	102714.155938	113004.072071	133904.160131	-0.080000	0.772000	0.576000	192.000000	0.000000	0.000000	0.000000	0.000000	0.000000	0.000000	0.000000	0.000000	0.000000	1733433189.670691	0.000000
201.000000	87520.848217	18165.441533	187500.000000	187500.000000	86705.322469	102723.677781	113004.429699	133893.073665	-0.080000	0.772000	0.576000	192.000000	0.000000	0.000000	0.000000	0.000000	0.000000	0.000000	0.000000	0.000000	0.000000	1733433189.674518	0.000000
202.000000	87523.910406	18174.851617	187500.000000	187500.000000	86702.930832	102723.498967	112993.946730	133896.046447	-0.080000	0.772000	0.576000	192.000000	0.000000	0.000000	0.000000	0.000000	0.000000	0.000000	0.000000	0.000000	0.000000	1733433189.679561	0.000000
203.000000	87528.514865	18177.556178	187500.000000	187500.000000	86692.537271	102719.743874	112985.341309	133897.096979	-0.080000	0.772000	0.576000	192.000000	0.000000	0.000000	0.000000	0.000000	0.000000	0.000000	0.000000	0.000000	0.000000	1733433189.683793	0.000000
204.000000	87527.106706	18193.247103	187500.000000	187500.000000	86694.772446	102739.212243	112983.262597	133888.715075	-0.080000	0.772000	0.576000	192.000000	0.000000	0.000000	0.000000	0.000000	0.000000	0.000000	0.000000	0.000000	0.000000	1733433189.687576	0.000000
205.000000	87542.909389	18226.797071	187500.000000	187500.000000	86708.094085	102742.274432	113002.641559	133892.112540	-0.080000	0.772000	0.576000	192.000000	0.000000	0.000000	0.000000	0.000000	0.000000	0.000000	0.000000	0.000000	0.000000	1733433189.691888	0.000000
206.000000	87535.019223	18189.670824	187500.000000	187500.000000	86704.540158	102720.950868	113002.686262	133880.489633	-0.080000	0.774000	0.570000	192.000000	253.000000	128.000000	24.000000	48.000000	17.000000	208.000000	0.000000	0.000000	0.000000	1733433189.694689	0.000000
207.000000	87526.123229	18154.600937	187500.000000	187500.000000	86706.171835	102741.246252	113006.173135	133880.333171	-0.080000	0.774000	0.570000	192.000000	0.000000	0.000000	0.000000	0.000000	0.000000	0.000000	0.000000	0.000000	0.000000	1733433189.698815	0.000000
208.000000	87539.847200	18183.747611	187500.000000	187500.000000	86722.555664	102769.655319	113022.020521	133865.022226	-0.080000	0.774000	0.570000	192.000000	0.000000	0.000000	0.000000	0.000000	0.000000	0.000000	0.000000	0.000000	0.000000	1733433189.702799	0.000000
209.000000	87535.801534	18179.612539	187500.000000	187500.000000	86707.647050	102709.506775	113012.275161	133862.451775	-0.080000	0.774000	0.570000	192.000000	0.000000	0.000000	0.000000	0.000000	0.000000	0.000000	0.000000	0.000000	0.000000	1733433189.707890	0.000000
210.000000	87523.753944	18166.447361	187500.000000	187500.000000	86698.974573	102706.154013	112998.797059	133860.618932	-0.080000	0.774000	0.570000	192.000000	0.000000	0.000000	0.000000	0.000000	0.000000	0.000000	0.000000	0.000000	0.000000	1733433189.711596	0.000000
211.000000	87521.004679	18169.308385	187500.000000	187500.000000	86695.353591	102731.702057	112991.219818	133859.702511	-0.080000	0.774000	0.570000	192.000000	0.000000	0.000000	0.000000	0.000000	0.000000	0.000000	0.000000	0.000000	0.000000	1733433189.715605	0.000000
212.000000	87515.550854	18166.827341	187500.000000	187500.000000	86686.457597	102720.302668	112979.261634	133860.708339	-0.080000	0.774000	0.570000	192.000000	0.000000	0.000000	0.000000	0.000000	0.000000	0.000000	0.000000	0.000000	0.000000	1733433189.718595	0.000000
213.000000	87513.896825	18154.533881	187500.000000	187500.000000	86693.453693	102731.187967	112991.733908	133868.084415	-0.080000	0.774000	0.570000	192.000000	0.000000	0.000000	0.000000	0.000000	0.000000	0.000000	0.000000	0.000000	0.000000	1733433189.722618	0.000000
214.000000	87524.759772	18186.675690	187500.000000	187500.000000	86705.948318	102740.486293	113007.380129	133889.184462	-0.080000	0.774000	0.570000	192.000000	0.000000	0.000000	0.000000	0.000000	0.000000	0.000000	0.000000	0.000000	0.000000	1733433189.726623	0.000000
215.000000	87533.812229	18187.748574	187500.000000	187500.000000	86704.674268	102721.710828	113013.795079	133887.798654	-0.080000	0.774000	0.570000	192.000000	0.000000	0.000000	0.000000	0.000000	0.000000	0.000000	0.000000	0.000000	0.000000	1733433189.730663	0.000000
216.000000	87527.821961	18168.146094	187500.000000	187500.000000	86698.684001	102728.841034	113018.153670	133900.114465	-0.082000	0.766000	0.572000	192.000000	253.000000	112.000000	23.000000	240.000000	17.000000	224.000000	0.000000	0.000000	0.000000	1733433189.734744	0.000000
217.000000	87521.719935	18164.502760	187500.000000	187500.000000	86694.101893	102730.584470	113016.521992	133915.805389	-0.082000	0.766000	0.572000	192.000000	0.000000	0.000000	0.000000	0.000000	0.000000	0.000000	0.000000	0.000000	0.000000	1733433189.739810	0.000000
218.000000	87527.553740	18178.114972	187500.000000	187500.000000	86702.841425	102755.149037	113026.535574	133899.667430	-0.082000	0.766000	0.572000	192.000000	0.000000	0.000000	0.000000	0.000000	0.000000	0.000000	0.000000	0.000000	0.000000	1733433189.743814	0.000000
219.000000	87531.197075	18187.010966	187500.000000	187500.000000	86700.583899	102756.646604	113018.623056	133897.432255	-0.082000	0.766000	0.572000	192.000000	0.000000	0.000000	0.000000	0.000000	0.000000	0.000000	0.000000	0.000000	0.000000	1733433189.746920	0.000000
220.000000	87534.080450	18200.891399	187500.000000	187500.000000	86695.107722	102742.922633	113004.742623	133889.855014	-0.082000	0.766000	0.572000	192.000000	0.000000	0.000000	0.000000	0.000000	0.000000	0.000000	0.000000	0.000000	0.000000	1733433189.750703	0.000000
221.000000	87539.064889	18204.825307	187500.000000	187500.000000	86699.466312	102747.303575	112998.730004	133882.456587	-0.082000	0.766000	0.572000	192.000000	0.000000	0.000000	0.000000	0.000000	0.000000	0.000000	0.000000	0.000000	0.000000	1733433189.754676	0.000000
222.000000	87521.786990	18156.299669	187500.000000	187500.000000	86699.019277	102741.268604	113004.206181	133889.385627	-0.082000	0.766000	0.572000	192.000000	0.000000	0.000000	0.000000	0.000000	0.000000	0.000000	0.000000	0.000000	0.000000	1733433189.758636	0.000000
223.000000	87515.193226	18139.021771	187500.000000	187500.000000	86697.007620	102716.771092	113005.860210	133880.109653	-0.082000	0.766000	0.572000	192.000000	0.000000	0.000000	0.000000	0.000000	0.000000	0.000000	0.000000	0.000000	0.000000	1733433189.762680	0.000000
224.000000	87529.386583	18154.265661	187500.000000	187500.000000	86708.809341	102718.156900	113016.030254	133883.618877	-0.082000	0.766000	0.572000	192.000000	0.000000	0.000000	0.000000	0.000000	0.000000	0.000000	0.000000	0.000000	0.000000	1733433189.767804	0.000000
225.000000	87541.031842	18168.190797	187500.000000	187500.000000	86729.238835	102746.074229	113026.110891	133914.687802	-0.082000	0.766000	0.572000	192.000000	0.000000	0.000000	0.000000	0.000000	0.000000	0.000000	0.000000	0.000000	0.000000	1733433189.771665	0.000000
226.000000	87540.785973	18188.575588	187500.000000	187500.000000	86733.351556	102747.527092	113020.232382	133900.650907	-0.078000	0.770000	0.574000	192.000000	253.000000	144.000000	24.000000	16.000000	17.000000	240.000000	0.000000	0.000000	0.000000	1733433189.774708	0.000000
227.000000	87542.954092	18204.154754	187500.000000	187500.000000	86736.078469	102742.922633	113004.586161	133887.575136	-0.078000	0.770000	0.574000	192.000000	0.000000	0.000000	0.000000	0.000000	0.000000	0.000000	0.000000	0.000000	0.000000	1733433189.778889	0.000000
228.000000	87550.307816	18198.432708	187500.000000	187500.000000	86733.999757	102754.523188	113011.157574	133870.610162	-0.078000	0.770000	0.574000	192.000000	0.000000	0.000000	0.000000	0.000000	0.000000	0.000000	0.000000	0.000000	0.000000	1733433189.782981	0.000000
229.000000	87550.531334	18206.479336	187500.000000	187500.000000	86731.317548	102744.509607	113013.884486	133873.739406	-0.078000	0.770000	0.574000	192.000000	0.000000	0.000000	0.000000	0.000000	0.000000	0.000000	0.000000	0.000000	0.000000	1733433189.786940	0.000000
230.000000	87552.788860	18194.744670	187500.000000	187500.000000	86737.978368	102737.915842	113006.240190	133878.097996	-0.078000	0.770000	0.574000	192.000000	0.000000	0.000000	0.000000	0.000000	0.000000	0.000000	0.000000	0.000000	0.000000	1733433189.790871	0.000000
231.000000	87548.922008	18179.411373	187500.000000	187500.000000	86738.783030	102734.898357	113017.483117	133875.236973	-0.078000	0.770000	0.574000	192.000000	0.000000	0.000000	0.000000	0.000000	0.000000	0.000000	0.000000	0.000000	0.000000	1733433189.795743	0.000000
232.000000	87541.031842	18182.540617	187500.000000	187500.000000	86732.993929	102730.495063	113013.750376	133875.348732	-0.078000	0.770000	0.574000	192.000000	0.000000	0.000000	0.000000	0.000000	0.000000	0.000000	0.000000	0.000000	0.000000	1733433189.799990	0.000000
233.000000	87536.226217	18186.899207	187500.000000	187500.000000	86725.327280	102720.481482	112996.159553	133873.426482	-0.078000	0.770000	0.574000	192.000000	0.000000	0.000000	0.000000	0.000000	0.000000	0.000000	0.000000	0.000000	0.000000	1733433189.802752	0.000000
234.000000	87538.215523	18178.539655	187500.000000	187500.000000	86730.222312	102735.367743	112997.791230	133891.017305	-0.078000	0.770000	0.574000	192.000000	0.000000	0.000000	0.000000	0.000000	0.000000	0.000000	0.000000	0.000000	0.000000	1733433189.806755	0.000000
235.000000	87540.182476	18186.005138	187500.000000	187500.000000	86741.644054	102743.682592	113008.609475	133898.415732	-0.078000	0.770000	0.574000	192.000000	0.000000	0.000000	0.000000	0.000000	0.000000	0.000000	0.000000	0.000000	0.000000	1733433189.810755	0.000000
236.000000	87540.473049	18171.968242	187500.000000	187500.000000	86742.113440	102756.646604	113014.912667	133901.790846	-0.072000	0.774000	0.572000	192.000000	253.000000	192.000000	24.000000	48.000000	17.000000	224.000000	0.000000	0.000000	0.000000	1733433189.814764	0.000000
237.000000	87538.796668	18153.840977	187500.000000	187500.000000	86738.201885	102754.210264	113004.183829	133911.513854	-0.072000	0.774000	0.572000	192.000000	0.000000	0.000000	0.000000	0.000000	0.000000	0.000000	0.000000	0.000000	0.000000	1733433189.818943	0.000000
238.000000	87538.282578	18156.567890	187500.000000	187500.000000	86738.581865	102746.454209	112986.593006	133913.123180	-0.072000	0.774000	0.572000	192.000000	0.000000	0.000000	0.000000	0.000000	0.000000	0.000000	0.000000	0.000000	0.000000	1733433189.823969	0.000000
239.000000	87536.382680	18152.365762	187500.000000	187500.000000	86742.739289	102724.840072	113001.613379	133910.038639	-0.072000	0.774000	0.572000	192.000000	0.000000	0.000000	0.000000	0.000000	0.000000	0.000000	0.000000	0.000000	0.000000	1733433189.827863	0.000000
240.000000	87541.009491	18158.154864	187500.000000	187500.000000	86747.991949	102729.332772	113012.833954	133918.487599	-0.072000	0.774000	0.572000	192.000000	0.000000	0.000000	0.000000	0.000000	0.000000	0.000000	0.000000	0.000000	0.000000	1733433189.830948	0.000000
241.000000	87546.485668	18184.820495	187500.000000	187500.000000	86750.316531	102733.110217	113016.276123	133892.850148	-0.072000	0.774000	0.572000	192.000000	0.000000	0.000000	0.000000	0.000000	0.000000	0.000000	0.000000	0.000000	0.000000	1733433189.834779	0.000000
242.000000	87562.310703	18219.532754	187500.000000	187500.000000	86764.621647	102716.234650	113028.480176	133893.699514	-0.072000	0.774000	0.572000	192.000000	0.000000	0.000000	0.000000	0.000000	0.000000	0.000000	0.000000	0.000000	0.000000	1733433189.838831	0.000000
243.000000	87561.841316	18215.062405	187500.000000	187500.000000	86765.649827	102725.667086	113031.654123	133914.710154	-0.072000	0.774000	0.572000	192.000000	0.000000	0.000000	0.000000	0.000000	0.000000	0.000000	0.000000	0.000000	0.000000	1733433189.842752	0.000000
244.000000	87559.226162	18182.562969	187500.000000	187500.000000	86765.113385	102742.006212	113040.304248	133928.322366	-0.072000	0.774000	0.572000	192.000000	0.000000	0.000000	0.000000	0.000000	0.000000	0.000000	0.000000	0.000000	0.000000	1733433189.846753	0.000000
245.000000	87549.503154	18154.712695	187500.000000	187500.000000	86756.709129	102735.323040	113025.015655	133902.126122	-0.072000	0.774000	0.572000	192.000000	0.000000	0.000000	0.000000	0.000000	0.000000	0.000000	0.000000	0.000000	0.000000	1733433189.851041	0.000000
246.000000	87551.581866	18171.610614	187500.000000	187500.000000	86752.551705	102725.555328	113016.633751	133893.408941	-0.076000	0.772000	0.574000	192.000000	253.000000	160.000000	24.000000	32.000000	17.000000	240.000000	0.000000	0.000000	0.000000	1733433189.855799	0.000000
247.000000	87555.985159	18188.687347	187500.000000	187500.000000	86757.469089	102729.712752	113021.081748	133889.787959	-0.076000	0.772000	0.574000	192.000000	0.000000	0.000000	0.000000	0.000000	0.000000	0.000000	0.000000	0.000000	0.000000	1733433189.859100	0.000000
248.000000	87553.258247	18178.629062	187500.000000	187500.000000	86750.048310	102725.421217	113024.590972	133907.915224	-0.076000	0.772000	0.574000	192.000000	0.000000	0.000000	0.000000	0.000000	0.000000	0.000000	0.000000	0.000000	0.000000	1733433189.863137	0.000000
249.000000	87554.085261	18176.751515	187500.000000	187500.000000	86748.796612	102739.100485	113034.001056	133918.509950	-0.076000	0.772000	0.574000	192.000000	0.000000	0.000000	0.000000	0.000000	0.000000	0.000000	0.000000	0.000000	0.000000	1733433189.867044	0.000000
250.000000	87554.509944	18186.698042	187500.000000	187500.000000	86751.456469	102721.710828	113025.015655	133909.144570	-0.076000	0.772000	0.574000	192.000000	0.000000	0.000000	0.000000	0.000000	0.000000	0.000000	0.000000	0.000000	0.000000	1733433189.871008	0.000000
251.000000	87552.855915	18183.389984	187500.000000	187500.000000	86755.323321	102728.393999	113027.653161	133884.803520	-0.076000	0.772000	0.574000	192.000000	0.000000	0.000000	0.000000	0.000000	0.000000	0.000000	0.000000	0.000000	0.000000	1733433189.874892	0.000000
252.000000	87552.520639	18169.040164	187500.000000	187500.000000	86765.806289	102723.275450	113047.412103	133891.732561	-0.076000	0.772000	0.574000	192.000000	0.000000	0.000000	0.000000	0.000000	0.000000	0.000000	0.000000	0.000000	0.000000	1733433189.879835	0.000000
253.000000	87557.527430	18174.002251	187500.000000	187500.000000	86763.347598	102729.556290	113054.631717	133909.077514	-0.076000	0.772000	0.574000	192.000000	0.000000	0.000000	0.000000	0.000000	0.000000	0.000000	0.000000	0.000000	0.000000	1733433189.883151	0.000000
254.000000	87559.248514	18172.482332	187500.000000	187500.000000	86754.496307	102734.160749	113038.493757	133906.194139	-0.076000	0.772000	0.574000	192.000000	0.000000	0.000000	0.000000	0.000000	0.000000	0.000000	0.000000	0.000000	0.000000	1733433189.885831	0.000000
255.000000	87557.661540	18172.661146	187500.000000	187500.000000	86759.704263	102737.178235	113039.834862	133903.511930	-0.076000	0.772000	0.574000	192.000000	0.000000	0.000000	0.000000	0.000000	0.000000	0.000000	0.000000	0.000000	0.000000	1733433189.890849	0.000000
0.000000	87561.953075	18168.548425	187500.000000	187500.000000	86770.276638	102738.564043	113057.939775	133916.073610	-0.072000	0.776000	0.572000	192.000000	253.000000	192.000000	24.000000	64.000000	17.000000	224.000000	0.000000	0.000000	0.000000	1733433189.894842	0.000000
1.000000	87572.860726	18193.716490	187500.000000	187500.000000	86778.099749	102754.389078	113058.543272	133924.008480	-0.072000	0.776000	0.572000	192.000000	0.000000	0.000000	0.000000	0.000000	0.000000	0.000000	0.000000	0.000000	0.000000	1733433189.898984	0.000000
2.000000	87568.882116	18197.605693	187500.000000	187500.000000	86766.432138	102749.181121	113045.154577	133916.006555	-0.072000	0.776000	0.572000	192.000000	0.000000	0.000000	0.000000	0.000000	0.000000	0.000000	0.000000	0.000000	0.000000	1733433189.903090	0.000000
3.000000	87557.281561	18183.412335	187500.000000	187500.000000	86756.753833	102722.157862	113043.455844	133917.749991	-0.072000	0.776000	0.572000	192.000000	0.000000	0.000000	0.000000	0.000000	0.000000	0.000000	0.000000	0.000000	0.000000	1733433189.907106	0.000000
4.000000	87557.661540	18182.495914	187500.000000	187500.000000	86752.886981	102704.410577	113045.132225	133914.553692	-0.072000	0.776000	0.572000	192.000000	0.000000	0.000000	0.000000	0.000000	0.000000	0.000000	0.000000	0.000000	0.000000	1733433189.911175	0.000000
5.000000	87564.769395	18206.680501	187500.000000	187500.000000	86752.283484	102717.575755	113046.719199	133912.698497	-0.072000	0.776000	0.572000	192.000000	0.000000	0.000000	0.000000	0.000000	0.000000	0.000000	0.000000	0.000000	0.000000	1733433189.913901	0.000000
6.000000	87574.537107	18198.991501	187500.000000	187500.000000	86762.051196	102742.162674	113054.542310	133921.281567	-0.072000	0.776000	0.572000	192.000000	0.000000	0.000000	0.000000	0.000000	0.000000	0.000000	0.000000	0.000000	0.000000	1733433189.918985	0.000000
7.000000	87569.284447	18188.262664	187500.000000	187500.000000	86769.941362	102753.316194	113052.865929	133925.237826	-0.072000	0.776000	0.572000	192.000000	0.000000	0.000000	0.000000	0.000000	0.000000	0.000000	0.000000	0.000000	0.000000	1733433189.922886	0.000000
8.000000	87577.778110	18191.324853	187500.000000	187500.000000	86779.664371	102744.643717	113054.229385	133941.912227	-0.072000	0.776000	0.572000	192.000000	0.000000	0.000000	0.000000	0.000000	0.000000	0.000000	0.000000	0.000000	0.000000	1733433189.926880	0.000000
9.000000	87575.230011	18190.430783	187500.000000	187500.000000	86779.664371	102746.968299	113058.386810	133940.369957	-0.072000	0.776000	0.572000	192.000000	0.000000	0.000000	0.000000	0.000000	0.000000	0.000000	0.000000	0.000000	0.000000	1733433189.930922	0.000000
10.000000	87576.794633	18189.760231	187500.000000	187500.000000	86786.034618	102752.913863	113081.140885	133948.505992	-0.072000	0.772000	0.568000	192.000000	253.000000	192.000000	24.000000	32.000000	17.000000	192.000000	0.000000	0.000000	0.000000	1733433189.934953	0.000000
11.000000	87579.365084	18187.234484	187500.000000	187500.000000	86781.251345	102738.407581	113079.956243	133948.304826	-0.072000	0.772000	0.568000	192.000000	0.000000	0.000000	0.000000	0.000000	0.000000	0.000000	0.000000	0.000000	0.000000	1733433189.939056	0.000000
12.000000	87576.660523	18189.648472	187500.000000	187500.000000	86779.530261	102761.720450	113077.430496	133921.393325	-0.072000	0.772000	0.568000	192.000000	0.000000	0.000000	0.000000	0.000000	0.000000	0.000000	0.000000	0.000000	0.000000	1733433189.942155	0.000000
13.000000	87587.367009	18221.387949	187500.000000	187500.000000	86784.581755	102741.782694	113075.821170	133922.287395	-0.072000	0.772000	0.568000	192.000000	0.000000	0.000000	0.000000	0.000000	0.000000	0.000000	0.000000	0.000000	0.000000	1733433189.946129	0.000000
14.000000	87593.893718	18227.400568	187500.000000	187500.000000	86782.301877	102740.396886	113070.702621	133926.981262	-0.072000	0.772000	0.568000	192.000000	0.000000	0.000000	0.000000	0.000000	0.000000	0.000000	0.000000	0.000000	0.000000	1733433189.951169	0.000000
15.000000	87587.143491	18195.370519	187500.000000	187500.000000	86769.717845	102720.302668	113054.676420	133910.575081	-0.072000	0.772000	0.568000	192.000000	0.000000	0.000000	0.000000	0.000000	0.000000	0.000000	0.000000	0.000000	0.000000	1733433189.954920	0.000000
16.000000	87583.053122	18194.632911	187500.000000	187500.000000	86770.008417	102733.020810	113069.160350	133920.923939	-0.072000	0.772000	0.568000	192.000000	0.000000	0.000000	0.000000	0.000000	0.000000	0.000000	0.000000	0.000000	0.000000	1733433189.958960	0.000000
17.000000	87583.410750	18208.312179	187500.000000	187500.000000	86768.756720	102734.451322	113067.752191	133918.778171	-0.072000	0.772000	0.568000	192.000000	0.000000	0.000000	0.000000	0.000000	0.000000	0.000000	0.000000	0.000000	0.000000	1733433189.962982	0.000000
18.000000	87586.294125	18210.390891	187500.000000	187500.000000	86777.183327	102752.735049	113074.480066	133924.187294	-0.072000	0.772000	0.568000	192.000000	0.000000	0.000000	0.000000	0.000000	0.000000	0.000000	0.000000	0.000000	0.000000	1733433189.967140	0.000000
19.000000	87581.242631	18195.370519	187500.000000	187500.000000	86782.056008	102732.439665	113077.899883	133944.125050	-0.072000	0.772000	0.568000	192.000000	0.000000	0.000000	0.000000	0.000000	0.000000	0.000000	0.000000	0.000000	0.000000	1733433189.969982	0.000000
20.000000	87570.290276	18187.793277	187500.000000	187500.000000	86785.252307	102719.140377	113074.122438	133931.116334	-0.076000	0.772000	0.570000	192.000000	253.000000	160.000000	24.000000	32.000000	17.000000	208.000000	0.000000	0.000000	0.000000	1733433189.974352	0.000000
21.000000	87570.089110	18179.947815	187500.000000	187500.000000	86785.833452	102732.931403	113081.744383	133930.065802	-0.076000	0.772000	0.570000	192.000000	0.000000	0.000000	0.000000	0.000000	0.000000	0.000000	0.000000	0.000000	0.000000	1733433189.979226	0.000000
22.000000	87582.181404	18203.618312	187500.000000	187500.000000	86791.108464	102727.187005	113080.224464	133919.426372	-0.076000	0.772000	0.570000	192.000000	0.000000	0.000000	0.000000	0.000000	0.000000	0.000000	0.000000	0.000000	0.000000	1733433189.983240	0.000000
23.000000	87588.238727	18212.938990	187500.000000	187500.000000	86800.160921	102756.758363	113078.972766	133932.166866	-0.076000	0.772000	0.570000	192.000000	0.000000	0.000000	0.000000	0.000000	0.000000	0.000000	0.000000	0.000000	0.000000	1733433189.987339	0.000000
24.000000	87587.948154	18220.695045	187500.000000	187500.000000	86809.325136	102765.117915	113080.336223	133939.900570	-0.076000	0.772000	0.570000	192.000000	0.000000	0.000000	0.000000	0.000000	0.000000	0.000000	0.000000	0.000000	0.000000	1733433189.990210	0.000000
25.000000	87592.440855	18208.915676	187500.000000	187500.000000	86821.193912	102781.434689	113089.791011	133950.227076	-0.076000	0.772000	0.570000	192.000000	0.000000	0.000000	0.000000	0.000000	0.000000	0.000000	0.000000	0.000000	0.000000	1733433189.993992	0.000000
26.000000	87590.429198	18207.172240	187500.000000	187500.000000	86821.640947	102777.031395	113078.950415	133961.984093	-0.076000	0.772000	0.570000	192.000000	0.000000	0.000000	0.000000	0.000000	0.000000	0.000000	0.000000	0.000000	0.000000	1733433189.997993	0.000000
27.000000	87573.196003	18198.879742	187500.000000	187500.000000	86780.178461	102704.947019	113043.232327	133931.228093	-0.076000	0.772000	0.570000	192.000000	0.000000	0.000000	0.000000	0.000000	0.000000	0.000000	0.000000	0.000000	0.000000	1733433190.002031	0.000000
28.000000	87570.357331	18179.411373	187500.000000	187500.000000	86775.618705	102692.452394	113039.879565	133945.980244	-0.076000	0.772000	0.570000	192.000000	0.000000	0.000000	0.000000	0.000000	0.000000	0.000000	0.000000	0.000000	0.000000	1733433190.007016	0.000000
29.000000	87579.298029	18174.941024	187500.000000	187500.000000	86781.519566	102716.569926	113054.922289	133925.863674	-0.076000	0.772000	0.570000	192.000000	0.000000	0.000000	0.000000	0.000000	0.000000	0.000000	0.000000	0.000000	0.000000	1733433190.011260	0.000000
30.000000	87589.132796	18207.015777	187500.000000	187500.000000	86790.437912	102733.557252	113077.072868	133919.359317	-0.064000	0.770000	0.572000	192.000000	254.000000	0.000000	24.000000	16.000000	17.000000	224.000000	0.000000	0.000000	0.000000	1733433190.015237	0.000000
31.000000	87583.589564	18196.421051	187500.000000	187500.000000	86795.668220	102744.911938	113076.223502	133911.893834	-0.064000	0.770000	0.572000	192.000000	0.000000	0.000000	0.000000	0.000000	0.000000	0.000000	0.000000	0.000000	0.000000	1733433190.018355	0.000000
32.000000	87588.372837	18197.091603	187500.000000	187500.000000	86791.913127	102750.209302	113083.085487	133913.793732	-0.064000	0.770000	0.572000	192.000000	0.000000	0.000000	0.000000	0.000000	0.000000	0.000000	0.000000	0.000000	0.000000	1733433190.022509	0.000000
33.000000	87587.121139	18199.952626	187500.000000	187500.000000	86786.861633	102754.143209	113072.513112	133914.665450	-0.064000	0.770000	0.572000	192.000000	0.000000	0.000000	0.000000	0.000000	0.000000	0.000000	0.000000	0.000000	0.000000	1733433190.026047	0.000000
34.000000	87586.048256	18215.576496	187500.000000	187500.000000	86788.493310	102723.387208	113066.701659	133914.754857	-0.064000	0.770000	0.572000	192.000000	0.000000	0.000000	0.000000	0.000000	0.000000	0.000000	0.000000	0.000000	0.000000	1733433190.030015	0.000000
35.000000	87583.813081	18206.904019	187500.000000	187500.000000	86778.122101	102691.826545	113040.617173	133908.809293	-0.064000	0.770000	0.572000	192.000000	0.000000	0.000000	0.000000	0.000000	0.000000	0.000000	0.000000	0.000000	0.000000	1733433190.035213	0.000000
36.000000	87586.852918	18211.731996	187500.000000	187500.000000	86779.440854	102697.414481	113033.486966	133911.670317	-0.064000	0.770000	0.572000	192.000000	0.000000	0.000000	0.000000	0.000000	0.000000	0.000000	0.000000	0.000000	0.000000	1733433190.039035	0.000000
37.000000	87586.361180	18191.928350	187500.000000	187500.000000	86800.630307	102742.676764	113061.583109	133921.661546	-0.064000	0.770000	0.572000	192.000000	0.000000	0.000000	0.000000	0.000000	0.000000	0.000000	0.000000	0.000000	0.000000	1733433190.043105	0.000000
38.000000	87586.025904	18188.553237	187500.000000	187500.000000	86813.303746	102752.511531	113090.014528	133936.436050	-0.064000	0.770000	0.572000	192.000000	0.000000	0.000000	0.000000	0.000000	0.000000	0.000000	0.000000	0.000000	0.000000	1733433190.046100	0.000000
39.000000	87593.893718	18209.519173	187500.000000	187500.000000	86809.727467	102724.817720	113083.376060	133943.521553	-0.064000	0.770000	0.572000	192.000000	0.000000	0.000000	0.000000	0.000000	0.000000	0.000000	0.000000	0.000000	0.000000	1733433190.050072	0.000000
40.000000	87600.465131	18215.867068	187500.000000	187500.000000	86814.309575	102733.244328	113089.522790	133940.660529	-0.074000	0.766000	0.580000	192.000000	253.000000	176.000000	23.000000	240.000000	18.000000	32.000000	0.000000	0.000000	0.000000	1733433190.056681	0.000000
41.000000	87599.235785	18208.960379	187500.000000	187500.000000	86820.635119	102755.149037	113095.490705	133941.241675	-0.074000	0.766000	0.580000	192.000000	0.000000	0.000000	0.000000	0.000000	0.000000	0.000000	0.000000	0.000000	0.000000	1733433190.058273	0.000000
42.000000	87600.755704	18206.144059	187500.000000	187500.000000	86824.479619	102775.198552	113098.105860	133960.330064	-0.074000	0.766000	0.580000	192.000000	0.000000	0.000000	0.000000	0.000000	0.000000	0.000000	0.000000	0.000000	0.000000	1733433190.063330	0.000000
43.000000	87606.790675	18208.021606	187500.000000	187500.000000	86829.084078	102764.804991	113102.352691	133957.692558	-0.074000	0.766000	0.580000	192.000000	0.000000	0.000000	0.000000	0.000000	0.000000	0.000000	0.000000	0.000000	0.000000	1733433190.067140	0.000000
44.000000	87612.713887	18213.564839	187500.000000	187500.000000	86832.123915	102746.185988	113107.515944	133972.824689	-0.074000	0.766000	0.580000	192.000000	0.000000	0.000000	0.000000	0.000000	0.000000	0.000000	0.000000	0.000000	0.000000	1733433190.071133	0.000000
45.000000	87605.315459	18201.249027	187500.000000	187500.000000	86837.376575	102760.111125	113109.706415	133985.498129	-0.074000	0.766000	0.580000	192.000000	0.000000	0.000000	0.000000	0.000000	0.000000	0.000000	0.000000	0.000000	0.000000	1733433190.074125	0.000000
46.000000	87584.304820	18183.635853	187500.000000	187500.000000	86830.514590	102763.687404	113103.984368	133962.185259	-0.074000	0.766000	0.580000	192.000000	0.000000	0.000000	0.000000	0.000000	0.000000	0.000000	0.000000	0.000000	0.000000	1733433190.078120	0.000000
47.000000	87578.068683	18195.974016	187500.000000	187500.000000	86816.455342	102742.497950	113087.824057	133944.683843	-0.074000	0.766000	0.580000	192.000000	0.000000	0.000000	0.000000	0.000000	0.000000	0.000000	0.000000	0.000000	0.000000	1733433190.082118	0.000000
48.000000	87595.994782	18228.249935	187500.000000	187500.000000	86827.742973	102755.350203	113097.167086	133949.087137	-0.074000	0.766000	0.580000	192.000000	0.000000	0.000000	0.000000	0.000000	0.000000	0.000000	0.000000	0.000000	0.000000	1733433190.086163	0.000000
49.000000	87601.426256	18239.314048	187500.000000	187500.000000	86837.309520	102773.723337	113114.377929	133948.237771	-0.074000	0.766000	0.580000	192.000000	0.000000	0.000000	0.000000	0.000000	0.000000	0.000000	0.000000	0.000000	0.000000	1733433190.090324	0.000000
50.000000	87610.813989	18241.281002	187500.000000	187500.000000	86847.099584	102803.406454	113122.290447	133972.891745	-0.086000	0.772000	0.580000	192.000000	253.000000	80.000000	24.000000	32.000000	18.000000	32.000000	0.000000	0.000000	0.000000	1733433190.095315	0.000000
51.000000	87607.483579	18214.704778	187500.000000	187500.000000	86839.879971	102802.087701	113099.849296	133953.244561	-0.086000	0.772000	0.580000	192.000000	0.000000	0.000000	0.000000	0.000000	0.000000	0.000000	0.000000	0.000000	0.000000	1733433190.098563	0.000000
52.000000	87593.267869	18201.785469	187500.000000	187500.000000	86816.656508	102744.375496	113103.470278	133927.651814	-0.086000	0.772000	0.580000	192.000000	0.000000	0.000000	0.000000	0.000000	0.000000	0.000000	0.000000	0.000000	0.000000	1733433190.102369	0.000000
53.000000	87598.654640	18211.843754	187500.000000	187500.000000	86817.081191	102725.130644	113114.489688	133933.195047	-0.086000	0.772000	0.580000	192.000000	0.000000	0.000000	0.000000	0.000000	0.000000	0.000000	0.000000	0.000000	0.000000	1733433190.106143	0.000000
54.000000	87604.063762	18214.168336	187500.000000	187500.000000	86824.077287	102761.563988	113123.899773	133948.126012	-0.086000	0.772000	0.580000	192.000000	0.000000	0.000000	0.000000	0.000000	0.000000	0.000000	0.000000	0.000000	0.000000	1733433190.110132	0.000000
55.000000	87607.796503	18219.376292	187500.000000	187500.000000	86825.217226	102758.747668	113118.781223	133959.950085	-0.086000	0.772000	0.580000	192.000000	0.000000	0.000000	0.000000	0.000000	0.000000	0.000000	0.000000	0.000000	0.000000	1733433190.114125	0.000000
56.000000	87600.196910	18212.894286	187500.000000	187500.000000	86819.964566	102754.165561	113104.811383	133940.571122	-0.086000	0.772000	0.580000	192.000000	0.000000	0.000000	0.000000	0.000000	0.000000	0.000000	0.000000	0.000000	0.000000	1733433190.118218	0.000000
57.000000	87597.872329	18206.077004	187500.000000	187500.000000	86820.165732	102769.454154	113102.844429	133946.874314	-0.086000	0.772000	0.580000	192.000000	0.000000	0.000000	0.000000	0.000000	0.000000	0.000000	0.000000	0.000000	0.000000	1733433190.123154	0.000000
58.000000	87601.917994	18210.972036	187500.000000	187500.000000	86833.241502	102807.094491	113112.366272	133960.687692	-0.086000	0.772000	0.580000	192.000000	0.000000	0.000000	0.000000	0.000000	0.000000	0.000000	0.000000	0.000000	0.000000	1733433190.126364	0.000000
59.000000	87611.439837	18230.619220	187500.000000	187500.000000	86834.627311	102782.395814	113130.471186	133990.415512	-0.086000	0.772000	0.580000	192.000000	0.000000	0.000000	0.000000	0.000000	0.000000	0.000000	0.000000	0.000000	0.000000	1733433190.130298	0.000000
60.000000	87614.278509	18229.501632	187500.000000	187500.000000	86827.921787	102753.718526	113126.380816	133972.154137	-0.084000	0.772000	0.574000	192.000000	253.000000	96.000000	24.000000	32.000000	17.000000	240.000000	0.000000	0.000000	0.000000	1733433190.134426	0.000000
61.000000	87608.087076	18213.877763	187500.000000	187500.000000	86826.223055	102751.885683	113122.581020	133940.951102	-0.084000	0.772000	0.574000	192.000000	0.000000	0.000000	0.000000	0.000000	0.000000	0.000000	0.000000	0.000000	0.000000	1733433190.138479	0.000000
62.000000	87609.808160	18230.373350	187500.000000	187500.000000	86819.092848	102756.020755	113120.256438	133943.812125	-0.084000	0.772000	0.574000	192.000000	0.000000	0.000000	0.000000	0.000000	0.000000	0.000000	0.000000	0.000000	0.000000	1733433190.142432	0.000000
63.000000	87614.770247	18252.456874	187500.000000	187500.000000	86810.576834	102747.147113	113108.164145	133946.136707	-0.084000	0.772000	0.574000	192.000000	0.000000	0.000000	0.000000	0.000000	0.000000	0.000000	0.000000	0.000000	0.000000	1733433190.146198	0.000000
64.000000	87598.587584	18196.733975	187500.000000	187500.000000	86795.645868	102744.755476	113098.128211	133937.643044	-0.084000	0.772000	0.574000	192.000000	0.000000	0.000000	0.000000	0.000000	0.000000	0.000000	0.000000	0.000000	0.000000	1733433190.151590	0.000000
65.000000	87606.410695	18198.320949	187500.000000	187500.000000	86798.193967	102754.254967	113095.066022	133951.031739	-0.084000	0.772000	0.574000	192.000000	0.000000	0.000000	0.000000	0.000000	0.000000	0.000000	0.000000	0.000000	0.000000	1733433190.154216	0.000000
66.000000	87614.792599	18220.359769	187500.000000	187500.000000	86799.490368	102762.838037	113101.749194	133953.423375	-0.084000	0.772000	0.574000	192.000000	0.000000	0.000000	0.000000	0.000000	0.000000	0.000000	0.000000	0.000000	0.000000	1733433190.157244	0.000000
67.000000	87615.239634	18222.997275	187500.000000	187500.000000	86804.944194	102758.524151	113122.089281	133943.208628	-0.084000	0.772000	0.574000	192.000000	0.000000	0.000000	0.000000	0.000000	0.000000	0.000000	0.000000	0.000000	0.000000	1733433190.162250	0.000000
68.000000	87613.518550	18238.956420	187500.000000	187500.000000	86799.937403	102754.702002	113127.297238	133954.853887	-0.084000	0.772000	0.574000	192.000000	0.000000	0.000000	0.000000	0.000000	0.000000	0.000000	0.000000	0.000000	0.000000	1733433190.166401	0.000000
69.000000	87618.011250	18247.472435	187500.000000	187500.000000	86800.742066	102775.466773	113132.214622	133964.375730	-0.084000	0.772000	0.574000	192.000000	0.000000	0.000000	0.000000	0.000000	0.000000	0.000000	0.000000	0.000000	0.000000	1733433190.170230	0.000000
70.000000	87621.386364	18231.401531	187500.000000	187500.000000	86806.978203	102789.324855	113129.443005	133967.370864	-0.078000	0.772000	0.576000	192.000000	253.000000	144.000000	24.000000	32.000000	18.000000	0.000000	0.000000	0.000000	0.000000	1733433190.174374	0.000000
71.000000	87625.856713	18254.356772	187500.000000	187500.000000	86819.159903	102786.128555	113136.595563	133980.759559	-0.078000	0.772000	0.576000	192.000000	0.000000	0.000000	0.000000	0.000000	0.000000	0.000000	0.000000	0.000000	0.000000	1733433190.179465	0.000000
72.000000	87617.586567	18248.925298	187500.000000	187500.000000	86817.282357	102785.659168	113139.635401	133964.934524	-0.078000	0.772000	0.576000	192.000000	0.000000	0.000000	0.000000	0.000000	0.000000	0.000000	0.000000	0.000000	0.000000	1733433190.182474	0.000000
73.000000	87613.719715	18208.133365	187500.000000	187500.000000	86808.833397	102782.239352	113127.632514	133996.048152	-0.078000	0.772000	0.576000	192.000000	0.000000	0.000000	0.000000	0.000000	0.000000	0.000000	0.000000	0.000000	0.000000	1733433190.186279	0.000000
74.000000	87605.851901	18200.198495	187500.000000	187500.000000	86809.772171	102776.763174	113122.916296	133988.962649	-0.078000	0.772000	0.576000	192.000000	0.000000	0.000000	0.000000	0.000000	0.000000	0.000000	0.000000	0.000000	0.000000	1733433190.190269	0.000000
75.000000	87606.947137	18224.696007	187500.000000	187500.000000	86814.711906	102791.090642	113138.562517	133960.017140	-0.078000	0.772000	0.576000	192.000000	0.000000	0.000000	0.000000	0.000000	0.000000	0.000000	0.000000	0.000000	0.000000	1733433190.194273	0.000000
76.000000	87607.528282	18244.522005	187500.000000	187500.000000	86805.748857	102774.058613	113132.795767	133956.507916	-0.078000	0.772000	0.576000	192.000000	0.000000	0.000000	0.000000	0.000000	0.000000	0.000000	0.000000	0.000000	0.000000	1733433190.198323	0.000000
77.000000	87615.798428	18242.040961	187500.000000	187500.000000	86812.901415	102791.627084	113148.307878	133961.492355	-0.078000	0.772000	0.576000	192.000000	0.000000	0.000000	0.000000	0.000000	0.000000	0.000000	0.000000	0.000000	0.000000	1733433190.202331	0.000000
78.000000	87628.985957	18225.523022	187500.000000	187500.000000	86829.844037	102819.946744	113158.187349	133978.144405	-0.078000	0.772000	0.576000	192.000000	0.000000	0.000000	0.000000	0.000000	0.000000	0.000000	0.000000	0.000000	0.000000	1733433190.207309	0.000000
79.000000	87620.022907	18235.871880	187500.000000	187500.000000	86818.712869	102786.039148	113135.008590	133986.839233	-0.078000	0.772000	0.576000	192.000000	0.000000	0.000000	0.000000	0.000000	0.000000	0.000000	0.000000	0.000000	0.000000	1733433190.210311	0.000000
80.000000	87621.811047	18242.666810	187500.000000	187500.000000	86806.754685	102771.666976	113133.108691	133988.157986	-0.086000	0.772000	0.574000	192.000000	253.000000	80.000000	24.000000	32.000000	17.000000	240.000000	0.000000	0.000000	0.000000	1733433190.213550	0.000000
81.000000	87610.344602	18202.120745	187500.000000	187500.000000	86795.712923	102757.004232	113118.513002	133982.011256	-0.086000	0.772000	0.574000	192.000000	0.000000	0.000000	0.000000	0.000000	0.000000	0.000000	0.000000	0.000000	0.000000	1733433190.218502	0.000000
82.000000	87618.234768	18205.719376	187500.000000	187500.000000	86799.445665	102778.372500	113123.698607	133987.666248	-0.086000	0.772000	0.574000	192.000000	0.000000	0.000000	0.000000	0.000000	0.000000	0.000000	0.000000	0.000000	0.000000	1733433190.222583	0.000000
83.000000	87631.534056	18231.267420	187500.000000	187500.000000	86817.215302	102790.040110	113136.774377	133990.929602	-0.086000	0.772000	0.574000	192.000000	0.000000	0.000000	0.000000	0.000000	0.000000	0.000000	0.000000	0.000000	0.000000	1733433190.226567	0.000000
84.000000	87630.707041	18239.582269	187500.000000	187500.000000	86814.689555	102779.937122	113136.528508	133990.057884	-0.086000	0.772000	0.574000	192.000000	0.000000	0.000000	0.000000	0.000000	0.000000	0.000000	0.000000	0.000000	0.000000	1733433190.230399	0.000000
85.000000	87632.428125	18248.165339	187500.000000	187500.000000	86821.439781	102811.095454	113156.533320	133983.419416	-0.086000	0.772000	0.574000	192.000000	0.000000	0.000000	0.000000	0.000000	0.000000	0.000000	0.000000	0.000000	0.000000	1733433190.234452	0.000000
86.000000	87621.922806	18214.078929	187500.000000	187500.000000	86810.845054	102812.905945	113150.297183	133973.852870	-0.086000	0.772000	0.574000	192.000000	0.000000	0.000000	0.000000	0.000000	0.000000	0.000000	0.000000	0.000000	0.000000	1733433190.237458	0.000000
87.000000	87615.865483	18194.655263	187500.000000	187500.000000	86805.078304	102791.001235	113146.653848	133978.099701	-0.086000	0.772000	0.574000	192.000000	0.000000	0.000000	0.000000	0.000000	0.000000	0.000000	0.000000	0.000000	0.000000	1733433190.241446	0.000000
88.000000	87625.722602	18220.158603	187500.000000	187500.000000	86816.500046	102810.938991	113166.569253	133985.140501	-0.086000	0.772000	0.574000	192.000000	0.000000	0.000000	0.000000	0.000000	0.000000	0.000000	0.000000	0.000000	0.000000	1733433190.246474	0.000000
89.000000	87635.110335	18251.272231	187500.000000	187500.000000	86824.993709	102810.894288	113173.990032	133988.850890	-0.086000	0.772000	0.574000	192.000000	0.000000	0.000000	0.000000	0.000000	0.000000	0.000000	0.000000	0.000000	0.000000	1733433190.250423	0.000000
90.000000	87626.907245	18231.043903	187500.000000	187500.000000	86826.424220	102813.442387	113159.774322	133992.874204	-0.090000	0.770000	0.572000	192.000000	253.000000	48.000000	24.000000	16.000000	17.000000	224.000000	0.000000	0.000000	0.000000	1733433190.254606	0.000000
91.000000	87625.499085	18223.310199	187500.000000	187500.000000	86825.932482	102805.082834	113156.600375	134001.032591	-0.090000	0.770000	0.572000	192.000000	0.000000	0.000000	0.000000	0.000000	0.000000	0.000000	0.000000	0.000000	0.000000	1733433190.258574	0.000000
92.000000	87614.278509	18215.084757	187500.000000	187500.000000	86807.179368	102784.854506	113150.475997	134004.810036	-0.090000	0.770000	0.572000	192.000000	0.000000	0.000000	0.000000	0.000000	0.000000	0.000000	0.000000	0.000000	0.000000	1733433190.261659	0.000000
93.000000	87606.880082	18219.868031	187500.000000	187500.000000	86794.975316	102781.747613	113137.802558	133989.119111	-0.090000	0.770000	0.572000	192.000000	0.000000	0.000000	0.000000	0.000000	0.000000	0.000000	0.000000	0.000000	0.000000	1733433190.265682	0.000000
94.000000	87604.868425	18230.239240	187500.000000	187500.000000	86782.503043	102763.955625	113120.591714	133987.107454	-0.090000	0.770000	0.572000	192.000000	0.000000	0.000000	0.000000	0.000000	0.000000	0.000000	0.000000	0.000000	0.000000	1733433190.269608	0.000000
95.000000	87619.017079	18226.439443	187500.000000	187500.000000	86797.836339	102767.129572	113125.151470	133988.962649	-0.090000	0.770000	0.572000	192.000000	0.000000	0.000000	0.000000	0.000000	0.000000	0.000000	0.000000	0.000000	0.000000	1733433190.274424	0.000000
96.000000	87621.766343	18194.632911	187500.000000	187500.000000	86800.004458	102758.702965	113144.888061	133981.228945	-0.090000	0.770000	0.572000	192.000000	0.000000	0.000000	0.000000	0.000000	0.000000	0.000000	0.000000	0.000000	0.000000	1733433190.278449	0.000000
97.000000	87624.582663	18201.204324	187500.000000	187500.000000	86799.199796	102758.166523	113156.175692	133965.426262	-0.090000	0.770000	0.572000	192.000000	0.000000	0.000000	0.000000	0.000000	0.000000	0.000000	0.000000	0.000000	0.000000	1733433190.282426	0.000000
98.000000	87627.689556	18209.407414	187500.000000	187500.000000	86799.959755	102770.616444	113150.096017	133975.082216	-0.090000	0.770000	0.572000	192.000000	0.000000	0.000000	0.000000	0.000000	0.000000	0.000000	0.000000	0.000000	0.000000	1733433190.286484	0.000000
99.000000	87632.092849	18219.979789	187500.000000	187500.000000	86800.160921	102790.822421	113142.854052	133994.863510	-0.090000	0.770000	0.572000	192.000000	0.000000	0.000000	0.000000	0.000000	0.000000	0.000000	0.000000	0.000000	0.000000	1733433190.289435	0.000000
100.000000	87634.193913	18224.450138	187500.000000	187500.000000	86807.157017	102800.724244	113147.190290	133994.304716	-0.080000	0.770000	0.570000	192.000000	253.000000	128.000000	24.000000	16.000000	17.000000	208.000000	0.000000	0.000000	0.000000	1733433190.293735	0.000000
101.000000	87630.215303	18238.107054	187500.000000	187500.000000	86802.776075	102782.552276	113145.156282	133990.795492	-0.080000	0.770000	0.570000	192.000000	0.000000	0.000000	0.000000	0.000000	0.000000	0.000000	0.000000	0.000000	0.000000	1733433190.297673	0.000000
102.000000	87636.071460	18251.831025	187500.000000	187500.000000	86798.618650	102787.246142	113151.146549	134004.988850	-0.080000	0.770000	0.570000	192.000000	0.000000	0.000000	0.000000	0.000000	0.000000	0.000000	0.000000	0.000000	0.000000	1733433190.301767	0.000000
103.000000	87647.448498	18253.865034	187500.000000	187500.000000	86811.336793	102815.856375	113165.183445	133999.110341	-0.080000	0.770000	0.570000	192.000000	0.000000	0.000000	0.000000	0.000000	0.000000	0.000000	0.000000	0.000000	0.000000	1733433190.306642	0.000000
104.000000	87636.674957	18233.122615	187500.000000	187500.000000	86803.200758	102819.477358	113152.822930	133982.480643	-0.080000	0.770000	0.570000	192.000000	0.000000	0.000000	0.000000	0.000000	0.000000	0.000000	0.000000	0.000000	0.000000	1733433190.310469	0.000000
105.000000	87644.498067	18218.146946	187500.000000	187500.000000	86814.980127	102799.383140	113161.093075	133990.504919	-0.080000	0.770000	0.570000	192.000000	0.000000	0.000000	0.000000	0.000000	0.000000	0.000000	0.000000	0.000000	0.000000	1733433190.314482	0.000000
106.000000	87653.662283	18237.794130	187500.000000	187500.000000	86822.736183	102786.687349	113179.265044	134006.754638	-0.080000	0.770000	0.570000	192.000000	0.000000	0.000000	0.000000	0.000000	0.000000	0.000000	0.000000	0.000000	0.000000	1733433190.317680	0.000000
107.000000	87637.367861	18238.487034	187500.000000	187500.000000	86800.362086	102783.513401	113153.985221	133982.525347	-0.080000	0.770000	0.570000	192.000000	0.000000	0.000000	0.000000	0.000000	0.000000	0.000000	0.000000	0.000000	0.000000	1733433190.321509	0.000000
108.000000	87627.801314	18228.115824	187500.000000	187500.000000	86793.947136	102782.664035	113142.608183	133988.917945	-0.080000	0.770000	0.570000	192.000000	0.000000	0.000000	0.000000	0.000000	0.000000	0.000000	0.000000	0.000000	0.000000	1733433190.325794	0.000000
109.000000	87637.390213	18206.904019	187500.000000	187500.000000	86794.908261	102797.259724	113152.889985	134018.131675	-0.080000	0.770000	0.570000	192.000000	0.000000	0.000000	0.000000	0.000000	0.000000	0.000000	0.000000	0.000000	0.000000	1733433190.330603	0.000000
110.000000	87638.463096	18203.506554	187500.000000	187500.000000	86799.937403	102783.066366	113153.784055	133999.915004	-0.074000	0.768000	0.572000	192.000000	253.000000	176.000000	24.000000	0.000000	17.000000	224.000000	0.000000	0.000000	0.000000	1733433190.334936	0.000000
111.000000	87633.501009	18215.732958	187500.000000	187500.000000	86801.300860	102774.729165	113149.179596	133987.062751	-0.074000	0.768000	0.572000	192.000000	0.000000	0.000000	0.000000	0.000000	0.000000	0.000000	0.000000	0.000000	0.000000	1733433190.338710	0.000000
112.000000	87632.428125	18235.961287	187500.000000	187500.000000	86805.368877	102809.396721	113159.930785	133993.254184	-0.074000	0.768000	0.572000	192.000000	0.000000	0.000000	0.000000	0.000000	0.000000	0.000000	0.000000	0.000000	0.000000	1733433190.342533	0.000000
113.000000	87636.004405	18240.588098	187500.000000	187500.000000	86806.665278	102810.827233	113170.816084	134012.767257	-0.074000	0.768000	0.572000	192.000000	0.000000	0.000000	0.000000	0.000000	0.000000	0.000000	0.000000	0.000000	0.000000	1733433190.345544	0.000000
114.000000	87641.257064	18230.149833	187500.000000	187500.000000	86800.250328	102777.701947	113156.108636	134007.760466	-0.074000	0.768000	0.572000	192.000000	0.000000	0.000000	0.000000	0.000000	0.000000	0.000000	0.000000	0.000000	0.000000	1733433190.349541	0.000000
115.000000	87648.879009	18231.557993	187500.000000	187500.000000	86802.597261	102771.175238	113141.378837	134003.424228	-0.074000	0.768000	0.572000	192.000000	0.000000	0.000000	0.000000	0.000000	0.000000	0.000000	0.000000	0.000000	0.000000	1733433190.353556	0.000000
116.000000	87651.672977	18243.717342	187500.000000	187500.000000	86806.687630	102776.517305	113168.692669	133985.878108	-0.074000	0.768000	0.572000	192.000000	0.000000	0.000000	0.000000	0.000000	0.000000	0.000000	0.000000	0.000000	0.000000	1733433190.357585	0.000000
117.000000	87655.830402	18224.003103	187500.000000	187500.000000	86806.262947	102789.727186	113177.923939	133989.007352	-0.074000	0.768000	0.572000	192.000000	0.000000	0.000000	0.000000	0.000000	0.000000	0.000000	0.000000	0.000000	0.000000	1733433190.361550	0.000000
118.000000	87651.985902	18223.466661	187500.000000	187500.000000	86799.557424	102788.587247	113170.525512	133990.639030	-0.074000	0.768000	0.572000	192.000000	0.000000	0.000000	0.000000	0.000000	0.000000	0.000000	0.000000	0.000000	0.000000	1733433190.366609	0.000000
119.000000	87650.935370	18226.238278	187500.000000	187500.000000	86801.747894	102801.171279	113171.956023	133994.081198	-0.074000	0.768000	0.572000	192.000000	0.000000	0.000000	0.000000	0.000000	0.000000	0.000000	0.000000	0.000000	0.000000	1733433190.369835	0.000000
120.000000	87645.459192	18232.161490	187500.000000	187500.000000	86796.942269	102790.665959	113159.595509	133999.512672	-0.080000	0.764000	0.568000	192.000000	253.000000	128.000000	23.000000	224.000000	17.000000	192.000000	0.000000	0.000000	0.000000	1733433190.373889	0.000000
121.000000	87645.213323	18225.746539	187500.000000	187500.000000	86800.160921	102788.319026	113151.995915	134014.398934	-0.080000	0.764000	0.568000	192.000000	0.000000	0.000000	0.000000	0.000000	0.000000	0.000000	0.000000	0.000000	0.000000	1733433190.377836	0.000000
122.000000	87643.514591	18209.899153	187500.000000	187500.000000	86800.272679	102767.822476	113148.576099	134018.332841	-0.080000	0.764000	0.568000	192.000000	0.000000	0.000000	0.000000	0.000000	0.000000	0.000000	0.000000	0.000000	0.000000	1733433190.381602	0.000000
123.000000	87657.260914	18225.478318	187500.000000	187500.000000	86815.337755	102795.046901	113163.350602	133994.550585	-0.080000	0.764000	0.568000	192.000000	0.000000	0.000000	0.000000	0.000000	0.000000	0.000000	0.000000	0.000000	0.000000	1733433190.385632	0.000000
124.000000	87659.518440	18231.267420	187500.000000	187500.000000	86817.997613	102820.214965	113166.904529	133990.728437	-0.080000	0.764000	0.568000	192.000000	0.000000	0.000000	0.000000	0.000000	0.000000	0.000000	0.000000	0.000000	0.000000	1733433190.390625	0.000000
125.000000	87666.849812	18234.731941	187500.000000	187500.000000	86819.472828	102797.483241	113171.553692	133997.165739	-0.080000	0.764000	0.568000	192.000000	0.000000	0.000000	0.000000	0.000000	0.000000	0.000000	0.000000	0.000000	0.000000	1733433190.394633	0.000000
126.000000	87676.304600	18268.885406	187500.000000	187500.000000	86821.685651	102811.341323	113186.462305	134015.650632	-0.080000	0.764000	0.568000	192.000000	0.000000	0.000000	0.000000	0.000000	0.000000	0.000000	0.000000	0.000000	0.000000	1733433190.397602	0.000000
127.000000	87671.409568	18245.863109	187500.000000	187500.000000	86816.835322	102819.477358	113187.177561	134012.029649	-0.080000	0.764000	0.568000	192.000000	0.000000	0.000000	0.000000	0.000000	0.000000	0.000000	0.000000	0.000000	0.000000	1733433190.401958	0.000000
128.000000	87664.525230	18238.867013	187500.000000	187500.000000	86810.196854	102812.794186	113174.839398	134004.698277	-0.080000	0.764000	0.568000	192.000000	0.000000	0.000000	0.000000	0.000000	0.000000	0.000000	0.000000	0.000000	0.000000	1733433190.405632	0.000000
129.000000	87661.954780	18242.845624	187500.000000	187500.000000	86802.574909	102782.686386	113159.796674	133998.059809	-0.080000	0.764000	0.568000	192.000000	0.000000	0.000000	0.000000	0.000000	0.000000	0.000000	0.000000	0.000000	0.000000	1733433190.409924	0.000000
130.000000	87661.150117	18241.683333	187500.000000	187500.000000	86800.853825	102802.892363	113159.953136	134014.756562	-0.080000	0.772000	0.570000	192.000000	253.000000	128.000000	24.000000	32.000000	17.000000	208.000000	0.000000	0.000000	0.000000	1733433190.414048	0.000000
131.000000	87653.125841	18223.198440	187500.000000	187500.000000	86797.724580	102780.674729	113155.505139	134029.911045	-0.080000	0.772000	0.570000	192.000000	0.000000	0.000000	0.000000	0.000000	0.000000	0.000000	0.000000	0.000000	0.000000	1733433190.418868	0.000000
132.000000	87643.939274	18199.684405	187500.000000	187500.000000	86795.534110	102768.962415	113151.370067	133995.645821	-0.080000	0.772000	0.570000	192.000000	0.000000	0.000000	0.000000	0.000000	0.000000	0.000000	0.000000	0.000000	0.000000	1733433190.422649	0.000000
133.000000	87649.706024	18200.310254	187500.000000	187500.000000	86800.965583	102777.545485	113149.760741	133980.759559	-0.080000	0.772000	0.570000	192.000000	0.000000	0.000000	0.000000	0.000000	0.000000	0.000000	0.000000	0.000000	0.000000	1733433190.425669	0.000000
134.000000	87661.261876	18230.306295	187500.000000	187500.000000	86815.874197	102803.339398	113167.373916	134011.292042	-0.080000	0.772000	0.570000	192.000000	0.000000	0.000000	0.000000	0.000000	0.000000	0.000000	0.000000	0.000000	0.000000	1733433190.429682	0.000000
135.000000	87675.902268	18255.094380	187500.000000	187500.000000	86824.680784	102813.241221	113170.190235	134017.684641	-0.080000	0.772000	0.570000	192.000000	0.000000	0.000000	0.000000	0.000000	0.000000	0.000000	0.000000	0.000000	0.000000	1733433190.434005	0.000000
136.000000	87674.270591	18265.353830	187500.000000	187500.000000	86828.815857	102834.251861	113172.581872	133992.248355	-0.080000	0.772000	0.570000	192.000000	0.000000	0.000000	0.000000	0.000000	0.000000	0.000000	0.000000	0.000000	0.000000	1733433190.437701	0.000000
137.000000	87670.336684	18237.548260	187500.000000	187500.000000	86827.005366	102821.444311	113181.097887	134002.552510	-0.080000	0.772000	0.570000	192.000000	0.000000	0.000000	0.000000	0.000000	0.000000	0.000000	0.000000	0.000000	0.000000	1733433190.441782	0.000000
138.000000	87668.906172	18221.812632	187500.000000	187500.000000	86824.926653	102814.023532	113173.319480	134003.692449	-0.080000	0.772000	0.570000	192.000000	0.000000	0.000000	0.000000	0.000000	0.000000	0.000000	0.000000	0.000000	0.000000	1733433190.445747	0.000000
139.000000	87681.736074	18253.865034	187500.000000	187500.000000	86839.231770	102843.460780	113180.069706	134005.055905	-0.080000	0.772000	0.570000	192.000000	0.000000	0.000000	0.000000	0.000000	0.000000	0.000000	0.000000	0.000000	0.000000	1733433190.451001	0.000000
140.000000	87674.807033	18252.523929	187500.000000	187500.000000	86834.068517	102840.130370	113168.424448	134003.580690	-0.080000	0.772000	0.570000	192.000000	0.000000	0.000000	0.000000	0.000000	0.000000	0.000000	0.000000	0.000000	0.000000	1733433190.453943	0.000000
141.000000	87675.142309	18241.325705	187500.000000	187500.000000	86832.347433	102833.380143	113171.844264	134012.297870	-0.082000	0.768000	0.574000	192.000000	253.000000	112.000000	24.000000	0.000000	17.000000	240.000000	0.000000	0.000000	0.000000	1733433190.457728	0.000000
142.000000	87675.902268	18232.832042	187500.000000	187500.000000	86833.867351	102840.353887	113168.379744	134009.079219	-0.082000	0.768000	0.574000	192.000000	0.000000	0.000000	0.000000	0.000000	0.000000	0.000000	0.000000	0.000000	0.000000	1733433190.461712	0.000000
143.000000	87668.257972	18236.542432	187500.000000	187500.000000	86833.800296	102838.051657	113168.111523	134014.309527	-0.082000	0.768000	0.574000	192.000000	0.000000	0.000000	0.000000	0.000000	0.000000	0.000000	0.000000	0.000000	0.000000	1733433190.465746	0.000000
144.000000	87673.734149	18249.394685	187500.000000	187500.000000	86829.352299	102819.097378	113171.039602	134030.156914	-0.082000	0.768000	0.574000	192.000000	0.000000	0.000000	0.000000	0.000000	0.000000	0.000000	0.000000	0.000000	0.000000	1733433190.469773	0.000000
145.000000	87677.511594	18239.828138	187500.000000	187500.000000	86835.096697	102808.368541	113171.441933	134048.686510	-0.082000	0.768000	0.574000	192.000000	0.000000	0.000000	0.000000	0.000000	0.000000	0.000000	0.000000	0.000000	0.000000	1733433190.474194	0.000000
146.000000	87677.556297	18230.418054	187500.000000	187500.000000	86838.337700	102821.734884	113165.965756	134056.129641	-0.082000	0.768000	0.574000	192.000000	0.000000	0.000000	0.000000	0.000000	0.000000	0.000000	0.000000	0.000000	0.000000	1733433190.477921	0.000000
147.000000	87687.346362	18235.067217	187500.000000	187500.000000	86850.184125	102823.187747	113181.723736	134016.879978	-0.082000	0.768000	0.574000	192.000000	0.000000	0.000000	0.000000	0.000000	0.000000	0.000000	0.000000	0.000000	0.000000	1733433190.480971	0.000000
148.000000	87691.906117	18255.899043	187500.000000	187500.000000	86863.282247	102843.550187	113200.879181	133996.808111	-0.082000	0.768000	0.574000	192.000000	0.000000	0.000000	0.000000	0.000000	0.000000	0.000000	0.000000	0.000000	0.000000	1733433190.485022	0.000000
149.000000	87693.336629	18252.814502	187500.000000	187500.000000	86871.820613	102823.143044	113200.052166	134005.726457	-0.082000	0.768000	0.574000	192.000000	0.000000	0.000000	0.000000	0.000000	0.000000	0.000000	0.000000	0.000000	0.000000	1733433190.489790	0.000000
150.000000	87689.335667	18244.879633	187500.000000	187500.000000	86863.103433	102823.411265	113200.767422	134051.726347	-0.082000	0.768000	0.574000	192.000000	0.000000	0.000000	0.000000	0.000000	0.000000	0.000000	0.000000	0.000000	0.000000	1733433190.493738	0.000000
151.000000	87688.463949	18264.705630	187500.000000	187500.000000	86859.281285	102844.645422	113200.029814	134068.624266	-0.078000	0.764000	0.568000	192.000000	253.000000	144.000000	23.000000	224.000000	17.000000	192.000000	0.000000	0.000000	0.000000	1733433190.497775	0.000000
152.000000	87685.357056	18266.806694	187500.000000	187500.000000	86861.516459	102871.847495	113196.744108	134033.040289	-0.078000	0.764000	0.568000	192.000000	0.000000	0.000000	0.000000	0.000000	0.000000	0.000000	0.000000	0.000000	0.000000	1733433190.501814	0.000000
153.000000	87676.014027	18248.768836	187500.000000	187500.000000	86847.837192	102837.425809	113181.656680	133999.467969	-0.078000	0.764000	0.568000	192.000000	0.000000	0.000000	0.000000	0.000000	0.000000	0.000000	0.000000	0.000000	0.000000	1733433190.505803	0.000000
154.000000	87681.736074	18233.189670	187500.000000	187500.000000	86852.195782	102823.903003	113193.167829	134003.938318	-0.078000	0.764000	0.568000	192.000000	0.000000	0.000000	0.000000	0.000000	0.000000	0.000000	0.000000	0.000000	0.000000	1733433190.508870	0.000000
155.000000	87691.101455	18238.285868	187500.000000	187500.000000	86862.768157	102838.722210	113215.564277	134020.523312	-0.078000	0.764000	0.568000	192.000000	0.000000	0.000000	0.000000	0.000000	0.000000	0.000000	0.000000	0.000000	0.000000	1733433190.513058	0.000000
156.000000	87693.023705	18250.713438	187500.000000	187500.000000	86858.342511	102839.571576	113207.003559	134052.598065	-0.078000	0.764000	0.568000	192.000000	0.000000	0.000000	0.000000	0.000000	0.000000	0.000000	0.000000	0.000000	0.000000	1733433190.518163	0.000000
157.000000	87696.801149	18267.074915	187500.000000	187500.000000	86839.924674	102840.957384	113187.646948	134055.503792	-0.078000	0.764000	0.568000	192.000000	0.000000	0.000000	0.000000	0.000000	0.000000	0.000000	0.000000	0.000000	0.000000	1733433190.521845	0.000000
158.000000	87697.561109	18260.928185	187500.000000	187500.000000	86846.361976	102821.690181	113185.858808	134040.215199	-0.078000	0.764000	0.568000	192.000000	0.000000	0.000000	0.000000	0.000000	0.000000	0.000000	0.000000	0.000000	0.000000	1733433190.525885	0.000000
159.000000	87699.483359	18268.997165	187500.000000	187500.000000	86849.401814	102850.881559	113202.510858	134024.166647	-0.078000	0.764000	0.568000	192.000000	0.000000	0.000000	0.000000	0.000000	0.000000	0.000000	0.000000	0.000000	0.000000	1733433190.529794	0.000000
160.000000	87706.926490	18283.794020	187500.000000	187500.000000	86851.905209	102888.119565	113216.972437	134027.832333	-0.078000	0.764000	0.568000	192.000000	0.000000	0.000000	0.000000	0.000000	0.000000	0.000000	0.000000	0.000000	0.000000	1733433190.533043	0.000000
161.000000	87705.115998	18256.033153	187500.000000	187500.000000	86847.613674	102867.287739	113222.403910	134058.811850	-0.076000	0.770000	0.566000	192.000000	253.000000	160.000000	24.000000	16.000000	17.000000	176.000000	0.000000	0.000000	0.000000	1733433190.536802	0.000000
162.000000	87699.438655	18239.001124	187500.000000	187500.000000	86838.181238	102835.481207	113204.589570	134045.467859	-0.076000	0.770000	0.566000	192.000000	0.000000	0.000000	0.000000	0.000000	0.000000	0.000000	0.000000	0.000000	0.000000	1733433190.540832	0.000000
163.000000	87693.627202	18242.309182	187500.000000	187500.000000	86837.443630	102846.165341	113200.812125	134029.195789	-0.076000	0.770000	0.566000	192.000000	0.000000	0.000000	0.000000	0.000000	0.000000	0.000000	0.000000	0.000000	0.000000	1733433190.545816	0.000000
164.000000	87698.946917	18252.635688	187500.000000	187500.000000	86837.376575	102842.745524	113201.214457	134020.903292	-0.076000	0.770000	0.566000	192.000000	0.000000	0.000000	0.000000	0.000000	0.000000	0.000000	0.000000	0.000000	0.000000	1733433190.549864	0.000000
165.000000	87704.110170	18277.781400	187500.000000	187500.000000	86834.962587	102842.298489	113190.373861	134026.558283	-0.076000	0.770000	0.566000	192.000000	0.000000	0.000000	0.000000	0.000000	0.000000	0.000000	0.000000	0.000000	0.000000	1733433190.554015	0.000000
166.000000	87702.836120	18281.894121	187500.000000	187500.000000	86843.702119	102860.716326	113206.020082	134033.979062	-0.076000	0.770000	0.566000	192.000000	0.000000	0.000000	0.000000	0.000000	0.000000	0.000000	0.000000	0.000000	0.000000	1733433190.558092	0.000000
167.000000	87699.282193	18275.501522	187500.000000	187500.000000	86845.333796	102869.835838	113209.886934	134036.214237	-0.076000	0.770000	0.566000	192.000000	0.000000	0.000000	0.000000	0.000000	0.000000	0.000000	0.000000	0.000000	0.000000	1733433190.561004	0.000000
168.000000	87696.264708	18276.082668	187500.000000	187500.000000	86841.422241	102858.168227	113197.816992	134043.277388	-0.076000	0.770000	0.566000	192.000000	0.000000	0.000000	0.000000	0.000000	0.000000	0.000000	0.000000	0.000000	0.000000	1733433190.565525	0.000000
169.000000	87698.633993	18285.045717	187500.000000	187500.000000	86847.792488	102852.200312	113189.748012	134035.119001	-0.076000	0.770000	0.566000	192.000000	0.000000	0.000000	0.000000	0.000000	0.000000	0.000000	0.000000	0.000000	0.000000	1733433190.569086	0.000000
170.000000	87694.498920	18254.848511	187500.000000	187500.000000	86846.920770	102847.484094	113182.818971	134038.404708	-0.076000	0.770000	0.566000	192.000000	0.000000	0.000000	0.000000	0.000000	0.000000	0.000000	0.000000	0.000000	0.000000	1733433190.573870	0.000000
171.000000	87686.876975	18240.610449	187500.000000	187500.000000	86838.382404	102833.402495	113176.538131	134030.492190	-0.076000	0.774000	0.572000	192.000000	253.000000	160.000000	24.000000	48.000000	17.000000	224.000000	0.000000	0.000000	0.000000	1733433190.577867	0.000000
172.000000	87680.350266	18237.861185	187500.000000	187500.000000	86828.055898	102836.151759	113171.888968	134016.343536	-0.076000	0.774000	0.572000	192.000000	0.000000	0.000000	0.000000	0.000000	0.000000	0.000000	0.000000	0.000000	0.000000	1733433190.581878	0.000000
173.000000	87694.141292	18267.924281	187500.000000	187500.000000	86836.929540	102825.244108	113184.495352	134018.466952	-0.076000	0.774000	0.572000	192.000000	0.000000	0.000000	0.000000	0.000000	0.000000	0.000000	0.000000	0.000000	0.000000	1733433190.586037	0.000000
174.000000	87703.149045	18277.356717	187500.000000	187500.000000	86839.723508	102831.301431	113182.371936	134051.547533	-0.076000	0.774000	0.572000	192.000000	0.000000	0.000000	0.000000	0.000000	0.000000	0.000000	0.000000	0.000000	0.000000	1733433190.588904	0.000000
175.000000	87697.471702	18250.624031	187500.000000	187500.000000	86840.863447	102860.023422	113177.812180	134050.921685	-0.076000	0.774000	0.572000	192.000000	0.000000	0.000000	0.000000	0.000000	0.000000	0.000000	0.000000	0.000000	0.000000	1733433190.592982	0.000000
176.000000	87701.696181	18240.677505	187500.000000	187500.000000	86848.686558	102856.625957	113168.960889	134055.772013	-0.076000	0.774000	0.572000	192.000000	0.000000	0.000000	0.000000	0.000000	0.000000	0.000000	0.000000	0.000000	0.000000	1733433190.596941	0.000000
177.000000	87701.338554	18243.247955	187500.000000	187500.000000	86848.328930	102837.537567	113177.856884	134046.719557	-0.076000	0.774000	0.572000	192.000000	0.000000	0.000000	0.000000	0.000000	0.000000	0.000000	0.000000	0.000000	0.000000	1733433190.601076	0.000000
178.000000	87697.918737	18249.215871	187500.000000	187500.000000	86848.597151	102857.788248	113181.589625	134041.466897	-0.076000	0.774000	0.572000	192.000000	0.000000	0.000000	0.000000	0.000000	0.000000	0.000000	0.000000	0.000000	0.000000	1733433190.606055	0.000000
179.000000	87699.237490	18251.853377	187500.000000	187500.000000	86854.967398	102867.310091	113197.884047	134023.764315	-0.076000	0.774000	0.572000	192.000000	0.000000	0.000000	0.000000	0.000000	0.000000	0.000000	0.000000	0.000000	0.000000	1733433190.610152	0.000000
180.000000	87700.690353	18261.397572	187500.000000	187500.000000	86860.734148	102829.759160	113199.560428	134020.143332	-0.076000	0.774000	0.572000	192.000000	0.000000	0.000000	0.000000	0.000000	0.000000	0.000000	0.000000	0.000000	0.000000	1733433190.613145	0.000000
181.000000	87701.115036	18273.020479	187500.000000	187500.000000	86866.791471	102840.935032	113204.075480	134049.200600	-0.076000	0.774000	0.568000	192.000000	253.000000	160.000000	24.000000	48.000000	17.000000	192.000000	0.000000	0.000000	0.000000	1733433190.617249	0.000000
182.000000	87705.786551	18289.404308	187500.000000	187500.000000	86862.209363	102849.585158	113208.299960	134055.570847	-0.076000	0.774000	0.568000	192.000000	0.000000	0.000000	0.000000	0.000000	0.000000	0.000000	0.000000	0.000000	0.000000	1733433190.620942	0.000000
183.000000	87712.916757	18272.864017	187500.000000	187500.000000	86863.550468	102853.183788	113199.359262	134055.615551	-0.076000	0.774000	0.568000	192.000000	0.000000	0.000000	0.000000	0.000000	0.000000	0.000000	0.000000	0.000000	0.000000	1733433190.624999	0.000000
184.000000	87710.234548	18274.629804	187500.000000	187500.000000	86871.485337	102870.864018	113205.796564	134055.190868	-0.076000	0.774000	0.568000	192.000000	0.000000	0.000000	0.000000	0.000000	0.000000	0.000000	0.000000	0.000000	0.000000	1733433190.629982	0.000000
185.000000	87712.223853	18296.333348	187500.000000	187500.000000	86877.095625	102864.091440	113207.651759	134036.281292	-0.076000	0.774000	0.568000	192.000000	0.000000	0.000000	0.000000	0.000000	0.000000	0.000000	0.000000	0.000000	0.000000	1733433190.634122	0.000000
186.000000	87712.670888	18258.536548	187500.000000	187500.000000	86880.694256	102874.753222	113203.740204	134025.552455	-0.076000	0.774000	0.568000	192.000000	0.000000	0.000000	0.000000	0.000000	0.000000	0.000000	0.000000	0.000000	0.000000	1733433190.638232	0.000000
187.000000	87709.988679	18231.625048	187500.000000	187500.000000	86881.297753	102854.524893	113215.229000	134048.150068	-0.076000	0.774000	0.568000	192.000000	0.000000	0.000000	0.000000	0.000000	0.000000	0.000000	0.000000	0.000000	0.000000	1733433190.641202	0.000000
188.000000	87711.307432	18260.324688	187500.000000	187500.000000	86878.861413	102843.438428	113216.190125	134048.530048	-0.076000	0.774000	0.568000	192.000000	0.000000	0.000000	0.000000	0.000000	0.000000	0.000000	0.000000	0.000000	0.000000	1733433190.645200	0.000000
189.000000	87715.867187	18263.677450	187500.000000	187500.000000	86877.565012	102854.703707	113211.160983	134047.278350	-0.076000	0.774000	0.568000	192.000000	0.000000	0.000000	0.000000	0.000000	0.000000	0.000000	0.000000	0.000000	0.000000	1733433190.649087	0.000000
190.000000	87722.259786	18270.405325	187500.000000	187500.000000	86880.202518	102856.201274	113220.325198	134068.646618	-0.076000	0.774000	0.568000	192.000000	0.000000	0.000000	0.000000	0.000000	0.000000	0.000000	0.000000	0.000000	0.000000	1733433190.653045	0.000000
191.000000	87717.118885	18261.062296	187500.000000	187500.000000	86880.314276	102855.888350	113221.621599	134071.172365	-0.070000	0.778000	0.566000	192.000000	253.000000	208.000000	24.000000	80.000000	17.000000	176.000000	0.000000	0.000000	0.000000	1733433190.657032	0.000000
192.000000	87723.198560	18272.305223	187500.000000	187500.000000	86893.278288	102868.673547	113235.278515	134065.070339	-0.070000	0.778000	0.566000	192.000000	0.000000	0.000000	0.000000	0.000000	0.000000	0.000000	0.000000	0.000000	0.000000	1733433190.661986	0.000000
193.000000	87716.269519	18284.419869	187500.000000	187500.000000	86894.150006	102879.625902	113227.120129	134055.190868	-0.070000	0.778000	0.566000	192.000000	0.000000	0.000000	0.000000	0.000000	0.000000	0.000000	0.000000	0.000000	0.000000	1733433190.666052	0.000000
194.000000	87723.198560	18313.521840	187500.000000	187500.000000	86904.320050	102864.583178	113223.745015	134051.502830	-0.070000	0.778000	0.566000	192.000000	0.000000	0.000000	0.000000	0.000000	0.000000	0.000000	0.000000	0.000000	0.000000	1733433190.669017	0.000000
195.000000	87727.244225	18312.091328	187500.000000	187500.000000	86903.984774	102858.615262	113213.820841	134050.273484	-0.070000	0.778000	0.566000	192.000000	0.000000	0.000000	0.000000	0.000000	0.000000	0.000000	0.000000	0.000000	0.000000	1733433190.673344	0.000000
196.000000	87722.975042	18283.749316	187500.000000	187500.000000	86904.275346	102875.982568	113212.993826	134051.636940	-0.070000	0.778000	0.566000	192.000000	0.000000	0.000000	0.000000	0.000000	0.000000	0.000000	0.000000	0.000000	0.000000	1733433190.677226	0.000000
197.000000	87724.070278	18257.038982	187500.000000	187500.000000	86909.639765	102901.307094	113220.749881	134066.634961	-0.070000	0.778000	0.566000	192.000000	0.000000	0.000000	0.000000	0.000000	0.000000	0.000000	0.000000	0.000000	0.000000	1733433190.681237	0.000000
198.000000	87732.206313	18271.902892	187500.000000	187500.000000	86910.355021	102866.661890	113221.889820	134103.180063	-0.070000	0.778000	0.566000	192.000000	0.000000	0.000000	0.000000	0.000000	0.000000	0.000000	0.000000	0.000000	0.000000	1733433190.685304	0.000000
199.000000	87738.375394	18274.853322	187500.000000	187500.000000	86908.723343	102850.635690	113216.100719	134080.940077	-0.070000	0.778000	0.566000	192.000000	0.000000	0.000000	0.000000	0.000000	0.000000	0.000000	0.000000	0.000000	0.000000	1733433190.690051	0.000000
200.000000	87728.898255	18277.088496	187500.000000	187500.000000	86913.908948	102884.945617	113243.973344	134067.909010	-0.070000	0.778000	0.566000	192.000000	0.000000	0.000000	0.000000	0.000000	0.000000	0.000000	0.000000	0.000000	0.000000	1733433190.694052	0.000000
201.000000	87728.853551	18287.616168	187500.000000	187500.000000	86914.847721	102901.016522	113249.047190	134074.279258	-0.076000	0.772000	0.572000	192.000000	253.000000	160.000000	24.000000	32.000000	17.000000	224.000000	0.000000	0.000000	0.000000	1733433190.697095	0.000000
202.000000	87726.596025	18279.234264	187500.000000	187500.000000	86907.762218	102905.241001	113235.904364	134071.418234	-0.076000	0.772000	0.572000	192.000000	0.000000	0.000000	0.000000	0.000000	0.000000	0.000000	0.000000	0.000000	0.000000	1733433190.701095	0.000000
203.000000	87725.947824	18274.026307	187500.000000	187500.000000	86906.085838	102883.045719	113240.218251	134076.827356	-0.076000	0.772000	0.572000	192.000000	0.000000	0.000000	0.000000	0.000000	0.000000	0.000000	0.000000	0.000000	0.000000	1733433190.705100	0.000000
204.000000	87723.131504	18255.697877	187500.000000	187500.000000	86903.604794	102872.249826	113231.635181	134080.940077	-0.076000	0.772000	0.572000	192.000000	0.000000	0.000000	0.000000	0.000000	0.000000	0.000000	0.000000	0.000000	0.000000	1733433190.709285	0.000000
205.000000	87719.018783	18264.929147	187500.000000	187500.000000	86893.099474	102882.442222	113227.410701	134074.614534	-0.076000	0.772000	0.572000	192.000000	0.000000	0.000000	0.000000	0.000000	0.000000	0.000000	0.000000	0.000000	0.000000	1733433190.713088	0.000000
206.000000	87733.569769	18302.144802	187500.000000	187500.000000	86902.777779	102900.793004	113238.094835	134061.024673	-0.076000	0.772000	0.572000	192.000000	0.000000	0.000000	0.000000	0.000000	0.000000	0.000000	0.000000	0.000000	0.000000	1733433190.717326	0.000000
207.000000	87722.371545	18261.218758	187500.000000	187500.000000	86887.243317	102861.185713	113219.252314	134058.588333	-0.076000	0.772000	0.572000	192.000000	0.000000	0.000000	0.000000	0.000000	0.000000	0.000000	0.000000	0.000000	0.000000	1733433190.722197	0.000000
208.000000	87732.116906	18255.675525	187500.000000	187500.000000	86902.911890	102889.192449	113241.201728	134077.900240	-0.076000	0.772000	0.572000	192.000000	0.000000	0.000000	0.000000	0.000000	0.000000	0.000000	0.000000	0.000000	0.000000	1733433190.725116	0.000000
209.000000	87739.045946	18289.940749	187500.000000	187500.000000	86923.341384	102924.955240	113255.149216	134079.867194	-0.076000	0.772000	0.572000	192.000000	0.000000	0.000000	0.000000	0.000000	0.000000	0.000000	0.000000	0.000000	0.000000	1733433190.729121	0.000000
210.000000	87743.851572	18324.965933	187500.000000	187500.000000	86927.699975	102943.820112	113239.972382	134072.312304	-0.076000	0.772000	0.572000	192.000000	0.000000	0.000000	0.000000	0.000000	0.000000	0.000000	0.000000	0.000000	0.000000	1733433190.733340	0.000000
211.000000	87743.292778	18291.214799	187500.000000	187500.000000	86921.732059	102913.555850	113237.714855	134061.784632	-0.078000	0.770000	0.574000	192.000000	253.000000	144.000000	24.000000	16.000000	17.000000	240.000000	0.000000	0.000000	0.000000	1733433190.737112	0.000000
212.000000	87741.862266	18270.785304	187500.000000	187500.000000	86923.028460	102878.128335	113247.817844	134070.121833	-0.078000	0.770000	0.574000	192.000000	0.000000	0.000000	0.000000	0.000000	0.000000	0.000000	0.000000	0.000000	0.000000	1733433190.741118	0.000000
213.000000	87735.357909	18284.553979	187500.000000	187500.000000	86912.344326	102883.001016	113237.468986	134079.330752	-0.078000	0.770000	0.574000	192.000000	0.000000	0.000000	0.000000	0.000000	0.000000	0.000000	0.000000	0.000000	0.000000	1733433190.745436	0.000000
214.000000	87739.828258	18267.656060	187500.000000	187500.000000	86905.996431	102882.263408	113227.745977	134087.600897	-0.078000	0.770000	0.574000	192.000000	0.000000	0.000000	0.000000	0.000000	0.000000	0.000000	0.000000	0.000000	0.000000	1733433190.749216	0.000000
215.000000	87736.453144	18251.004011	187500.000000	187500.000000	86915.384163	102902.916420	113243.727475	134093.881737	-0.078000	0.770000	0.574000	192.000000	0.000000	0.000000	0.000000	0.000000	0.000000	0.000000	0.000000	0.000000	0.000000	1733433190.753199	0.000000
216.000000	87748.746604	18268.103095	187500.000000	187500.000000	86933.913759	102916.014542	113253.405780	134087.265621	-0.078000	0.770000	0.574000	192.000000	0.000000	0.000000	0.000000	0.000000	0.000000	0.000000	0.000000	0.000000	0.000000	1733433190.757505	0.000000
217.000000	87727.177170	18262.962194	187500.000000	187500.000000	86899.782646	102871.355757	113218.380596	134055.548496	-0.078000	0.770000	0.574000	192.000000	0.000000	0.000000	0.000000	0.000000	0.000000	0.000000	0.000000	0.000000	0.000000	1733433190.761491	0.000000
218.000000	87735.804944	18281.067107	187500.000000	187500.000000	86901.481378	102885.035024	113219.162908	134056.800193	-0.078000	0.770000	0.574000	192.000000	0.000000	0.000000	0.000000	0.000000	0.000000	0.000000	0.000000	0.000000	0.000000	1733433190.765153	0.000000
219.000000	87739.492981	18289.203142	187500.000000	187500.000000	86905.728210	102892.925190	113220.705178	134063.997455	-0.078000	0.770000	0.574000	192.000000	0.000000	0.000000	0.000000	0.000000	0.000000	0.000000	0.000000	0.000000	0.000000	1733433190.769194	0.000000
220.000000	87727.355984	18275.769743	187500.000000	187500.000000	86901.034343	102885.124431	113208.657588	134074.055740	-0.078000	0.770000	0.574000	192.000000	0.000000	0.000000	0.000000	0.000000	0.000000	0.000000	0.000000	0.000000	0.000000	1733433190.774200	0.000000
221.000000	87732.139257	18274.428639	187500.000000	187500.000000	86902.710724	102905.285705	113220.392253	134064.980932	-0.074000	0.758000	0.570000	192.000000	253.000000	176.000000	23.000000	176.000000	17.000000	208.000000	0.000000	0.000000	0.000000	1733433190.777169	0.000000
222.000000	87735.156743	18282.743488	187500.000000	187500.000000	86907.628108	102898.200202	113213.954951	134062.790461	-0.074000	0.758000	0.570000	192.000000	0.000000	0.000000	0.000000	0.000000	0.000000	0.000000	0.000000	0.000000	0.000000	1733433190.780171	0.000000
223.000000	87739.336519	18275.970909	187500.000000	187500.000000	86911.047925	102872.830972	113204.187239	134056.174345	-0.074000	0.758000	0.570000	192.000000	0.000000	0.000000	0.000000	0.000000	0.000000	0.000000	0.000000	0.000000	0.000000	1733433190.785451	0.000000
224.000000	87738.442449	18283.794020	187500.000000	187500.000000	86920.525065	102884.587989	113217.352416	134078.213165	-0.074000	0.758000	0.570000	192.000000	0.000000	0.000000	0.000000	0.000000	0.000000	0.000000	0.000000	0.000000	0.000000	1733433190.789255	0.000000
225.000000	87743.359833	18307.688034	187500.000000	187500.000000	86926.314166	102886.778460	113222.046283	134092.160653	-0.074000	0.758000	0.570000	192.000000	0.000000	0.000000	0.000000	0.000000	0.000000	0.000000	0.000000	0.000000	0.000000	1733433190.793452	0.000000
226.000000	87743.337481	18285.649214	187500.000000	187500.000000	86917.664041	102899.831879	113227.433053	134094.284069	-0.074000	0.758000	0.570000	192.000000	0.000000	0.000000	0.000000	0.000000	0.000000	0.000000	0.000000	0.000000	0.000000	1733433190.797469	0.000000
227.000000	87743.650406	18250.065237	187500.000000	187500.000000	86919.854512	102912.080635	113224.124995	134084.941040	-0.074000	0.758000	0.570000	192.000000	0.000000	0.000000	0.000000	0.000000	0.000000	0.000000	0.000000	0.000000	0.000000	1733433190.801520	0.000000
228.000000	87747.427851	18248.254746	187500.000000	187500.000000	86929.152838	102919.590821	113222.828594	134091.825377	-0.074000	0.758000	0.570000	192.000000	0.000000	0.000000	0.000000	0.000000	0.000000	0.000000	0.000000	0.000000	0.000000	1733433190.806336	0.000000
229.000000	87744.566827	18263.275118	187500.000000	187500.000000	86920.480361	102895.048606	113205.774213	134090.037237	-0.074000	0.758000	0.570000	192.000000	0.000000	0.000000	0.000000	0.000000	0.000000	0.000000	0.000000	0.000000	0.000000	1733433190.809258	0.000000
230.000000	87746.422022	18272.864017	187500.000000	187500.000000	86922.201445	102889.661835	113215.296056	134069.808909	-0.074000	0.758000	0.570000	192.000000	0.000000	0.000000	0.000000	0.000000	0.000000	0.000000	0.000000	0.000000	0.000000	1733433190.813257	0.000000
231.000000	87742.979854	18261.777551	187500.000000	187500.000000	86917.731096	102904.704559	113233.803300	134057.336635	-0.074000	0.768000	0.572000	192.000000	253.000000	176.000000	24.000000	0.000000	17.000000	224.000000	0.000000	0.000000	0.000000	1733433190.817231	0.000000
232.000000	87750.892371	18283.615206	187500.000000	187500.000000	86918.558111	102915.209879	113243.839233	134072.155842	-0.074000	0.768000	0.572000	192.000000	0.000000	0.000000	0.000000	0.000000	0.000000	0.000000	0.000000	0.000000	0.000000	1733433190.821226	0.000000
233.000000	87754.692168	18289.560770	187500.000000	187500.000000	86924.280158	102918.070903	113246.722608	134077.386150	-0.074000	0.768000	0.572000	192.000000	0.000000	0.000000	0.000000	0.000000	0.000000	0.000000	0.000000	0.000000	0.000000	1733433190.825480	0.000000
234.000000	87744.544476	18283.034060	187500.000000	187500.000000	86917.686393	102928.687981	113243.347495	134088.629078	-0.074000	0.768000	0.572000	192.000000	0.000000	0.000000	0.000000	0.000000	0.000000	0.000000	0.000000	0.000000	0.000000	1733433190.829429	0.000000
235.000000	87749.394804	18299.283779	187500.000000	187500.000000	86912.769009	102916.014542	113239.435940	134104.118836	-0.074000	0.768000	0.572000	192.000000	0.000000	0.000000	0.000000	0.000000	0.000000	0.000000	0.000000	0.000000	0.000000	1733433190.833480	0.000000
236.000000	87750.512391	18302.234209	187500.000000	187500.000000	86915.630032	102925.402275	113221.174565	134075.218031	-0.074000	0.768000	0.572000	192.000000	0.000000	0.000000	0.000000	0.000000	0.000000	0.000000	0.000000	0.000000	0.000000	1733433190.836322	0.000000
237.000000	87747.293740	18298.814392	187500.000000	187500.000000	86912.813713	102886.599646	113224.169698	134074.391016	-0.074000	0.768000	0.572000	192.000000	0.000000	0.000000	0.000000	0.000000	0.000000	0.000000	0.000000	0.000000	0.000000	1733433190.840312	0.000000
238.000000	87749.797136	18287.303244	187500.000000	187500.000000	86922.268501	102897.909629	113242.811053	134086.796234	-0.074000	0.768000	0.572000	192.000000	0.000000	0.000000	0.000000	0.000000	0.000000	0.000000	0.000000	0.000000	0.000000	1733433190.845265	0.000000
239.000000	87757.284970	18284.866903	187500.000000	187500.000000	86929.063431	102891.405271	113232.484547	134112.143113	-0.074000	0.768000	0.572000	192.000000	0.000000	0.000000	0.000000	0.000000	0.000000	0.000000	0.000000	0.000000	0.000000	1733433190.849465	0.000000
240.000000	87749.841839	18257.038982	187500.000000	187500.000000	86922.156742	102910.091330	113241.939335	134124.861255	-0.074000	0.768000	0.572000	192.000000	0.000000	0.000000	0.000000	0.000000	0.000000	0.000000	0.000000	0.000000	0.000000	1733433190.853311	0.000000
241.000000	87754.423947	18279.904816	187500.000000	187500.000000	86923.721364	102897.999036	113247.191995	134138.741689	-0.076000	0.768000	0.576000	192.000000	253.000000	160.000000	24.000000	0.000000	18.000000	0.000000	0.000000	0.000000	0.000000	1733433190.857312	0.000000
242.000000	87763.007017	18333.101968	187500.000000	187500.000000	86930.940977	102904.436338	113249.784797	134103.425932	-0.076000	0.768000	0.576000	192.000000	0.000000	0.000000	0.000000	0.000000	0.000000	0.000000	0.000000	0.000000	0.000000	1733433190.860522	0.000000
243.000000	87764.348121	18324.809471	187500.000000	187500.000000	86935.858361	102917.601516	113261.586518	134083.845804	-0.076000	0.768000	0.576000	192.000000	0.000000	0.000000	0.000000	0.000000	0.000000	0.000000	0.000000	0.000000	0.000000	1733433190.864525	0.000000
244.000000	87769.332560	18293.561732	187500.000000	187500.000000	86939.814620	102961.522694	113268.984946	134083.823452	-0.076000	0.768000	0.576000	192.000000	0.000000	0.000000	0.000000	0.000000	0.000000	0.000000	0.000000	0.000000	0.000000	1733433190.868834	0.000000
245.000000	87775.434586	18313.700654	187500.000000	187500.000000	86950.610513	102953.431362	113267.397972	134107.516302	-0.076000	0.768000	0.576000	192.000000	0.000000	0.000000	0.000000	0.000000	0.000000	0.000000	0.000000	0.000000	0.000000	1733433190.873497	0.000000
246.000000	87764.951618	18296.221590	187500.000000	187500.000000	86947.816545	102908.034969	113247.817844	134115.808799	-0.076000	0.768000	0.576000	192.000000	0.000000	0.000000	0.000000	0.000000	0.000000	0.000000	0.000000	0.000000	0.000000	1733433190.878317	0.000000
247.000000	87759.810717	18289.672528	187500.000000	187500.000000	86940.999262	102887.270199	113237.044303	134109.416200	-0.076000	0.768000	0.576000	192.000000	0.000000	0.000000	0.000000	0.000000	0.000000	0.000000	0.000000	0.000000	0.000000	1733433190.882332	0.000000
248.000000	87765.353950	18296.668624	187500.000000	187500.000000	86948.688263	102901.754129	113237.983076	134116.926386	-0.076000	0.768000	0.576000	192.000000	0.000000	0.000000	0.000000	0.000000	0.000000	0.000000	0.000000	0.000000	0.000000	1733433190.885370	0.000000
249.000000	87765.666874	18296.780383	187500.000000	187500.000000	86955.639655	102931.392542	113245.314449	134103.336525	-0.076000	0.768000	0.576000	192.000000	0.000000	0.000000	0.000000	0.000000	0.000000	0.000000	0.000000	0.000000	0.000000	1733433190.888353	0.000000
250.000000	87769.466671	18313.052453	187500.000000	187500.000000	86958.746548	102926.184586	113257.652611	134099.022639	-0.076000	0.768000	0.576000	192.000000	0.000000	0.000000	0.000000	0.000000	0.000000	0.000000	0.000000	0.000000	0.000000	1733433190.892373	0.000000
251.000000	87775.792214	18317.612209	187500.000000	187500.000000	86962.836917	102923.815301	113263.240548	134118.625119	-0.084000	0.770000	0.572000	192.000000	253.000000	96.000000	24.000000	16.000000	17.000000	224.000000	0.000000	0.000000	0.000000	1733433190.896498	0.000000
252.000000	87767.075034	18303.441203	187500.000000	187500.000000	86955.684359	102930.207900	113253.182263	134110.712601	-0.084000	0.770000	0.572000	192.000000	0.000000	0.000000	0.000000	0.000000	0.000000	0.000000	0.000000	0.000000	0.000000	1733433190.900702	0.000000
253.000000	87766.739758	18296.422755	187500.000000	187500.000000	86957.651312	102939.461522	113254.009277	134102.330697	-0.084000	0.770000	0.572000	192.000000	0.000000	0.000000	0.000000	0.000000	0.000000	0.000000	0.000000	0.000000	0.000000	1733433190.905710	0.000000
254.000000	87769.846650	18323.647180	187500.000000	187500.000000	86964.289780	102942.367249	113263.218196	134105.661107	-0.084000	0.770000	0.572000	192.000000	0.000000	0.000000	0.000000	0.000000	0.000000	0.000000	0.000000	0.000000	0.000000	1733433190.909694	0.000000
255.000000	87773.132357	18318.238058	187500.000000	187500.000000	86964.848574	102909.197260	113255.104513	134105.415238	-0.084000	0.770000	0.572000	192.000000	0.000000	0.000000	0.000000	0.000000	0.000000	0.000000	0.000000	0.000000	0.000000	1733433190.912436	0.000000
0.000000	87767.767938	18284.464572	187500.000000	187500.000000	86956.377263	102900.189507	113257.697315	134100.073171	-0.084000	0.770000	0.572000	192.000000	0.000000	0.000000	0.000000	0.000000	0.000000	0.000000	0.000000	0.000000	0.000000	1733433190.916651	0.000000
1.000000	87771.880659	18298.702633	187500.000000	187500.000000	86958.299513	102915.053417	113265.431019	134109.036220	-0.084000	0.770000	0.572000	192.000000	0.000000	0.000000	0.000000	0.000000	0.000000	0.000000	0.000000	0.000000	0.000000	1733433190.920480	0.000000
2.000000	87748.500734	18286.722098	187500.000000	187500.000000	86945.246094	102914.651086	113253.025800	134113.394810	-0.084000	0.770000	0.572000	192.000000	0.000000	0.000000	0.000000	0.000000	0.000000	0.000000	0.000000	0.000000	0.000000	1733433190.924459	0.000000
3.000000	87760.727139	18299.462593	187500.000000	187500.000000	86957.047815	102946.010583	113255.104513	134127.141133	-0.084000	0.770000	0.572000	192.000000	0.000000	0.000000	0.000000	0.000000	0.000000	0.000000	0.000000	0.000000	0.000000	1733433190.928456	0.000000
4.000000	87764.571639	18300.960159	187500.000000	187500.000000	86962.881620	102931.504301	113261.005373	134128.281072	-0.084000	0.770000	0.572000	192.000000	0.000000	0.000000	0.000000	0.000000	0.000000	0.000000	0.000000	0.000000	0.000000	1733433190.933419	0.000000
5.000000	87763.968142	18297.853267	187500.000000	187500.000000	86966.927286	102913.086464	113254.590422	134107.292784	-0.082000	0.768000	0.572000	192.000000	253.000000	112.000000	24.000000	0.000000	17.000000	224.000000	0.000000	0.000000	0.000000	1733433190.937426	0.000000
6.000000	87772.148880	18318.282761	187500.000000	187500.000000	86969.296571	102913.757016	113259.843082	134108.678592	-0.082000	0.768000	0.572000	192.000000	0.000000	0.000000	0.000000	0.000000	0.000000	0.000000	0.000000	0.000000	0.000000	1733433190.940580	0.000000
7.000000	87773.959371	18296.914494	187500.000000	187500.000000	86970.592972	102922.496548	113261.519463	134104.118836	-0.082000	0.768000	0.572000	192.000000	0.000000	0.000000	0.000000	0.000000	0.000000	0.000000	0.000000	0.000000	0.000000	1733433190.944757	0.000000
8.000000	87795.126473	18306.905723	187500.000000	187500.000000	86992.967068	102959.555740	113284.050022	134134.360747	-0.082000	0.768000	0.572000	192.000000	0.000000	0.000000	0.000000	0.000000	0.000000	0.000000	0.000000	0.000000	0.000000	1733433190.948683	0.000000
9.000000	87787.348066	18309.789098	187500.000000	187500.000000	86989.279030	102929.224423	113274.349365	134116.144075	-0.082000	0.768000	0.572000	192.000000	0.000000	0.000000	0.000000	0.000000	0.000000	0.000000	0.000000	0.000000	0.000000	1733433190.952468	0.000000
10.000000	87784.710560	18301.429546	187500.000000	187500.000000	86982.864080	102932.286612	113273.298833	134113.864197	-0.082000	0.768000	0.572000	192.000000	0.000000	0.000000	0.000000	0.000000	0.000000	0.000000	0.000000	0.000000	0.000000	1733433190.956480	0.000000
11.000000	87784.442339	18314.706482	187500.000000	187500.000000	86988.407312	102961.768563	113278.685603	134131.432668	-0.082000	0.768000	0.572000	192.000000	0.000000	0.000000	0.000000	0.000000	0.000000	0.000000	0.000000	0.000000	0.000000	1733433190.961444	0.000000
12.000000	87783.324752	18320.964971	187500.000000	187500.000000	86981.768844	102933.270089	113263.173492	134135.366575	-0.082000	0.768000	0.572000	192.000000	0.000000	0.000000	0.000000	0.000000	0.000000	0.000000	0.000000	0.000000	0.000000	1733433190.965486	0.000000
13.000000	87789.136206	18328.743378	187500.000000	187500.000000	86987.625001	102933.940641	113275.154027	134119.385078	-0.082000	0.768000	0.572000	192.000000	0.000000	0.000000	0.000000	0.000000	0.000000	0.000000	0.000000	0.000000	0.000000	1733433190.968486	0.000000
14.000000	87798.389828	18337.549965	187500.000000	187500.000000	87005.528749	102950.592691	113297.505772	134150.275189	-0.082000	0.768000	0.572000	192.000000	0.000000	0.000000	0.000000	0.000000	0.000000	0.000000	0.000000	0.000000	0.000000	1733433190.972445	0.000000
15.000000	87793.271279	18322.686055	187500.000000	187500.000000	87000.879586	102961.433287	113293.907141	134158.522982	-0.086000	0.768000	0.572000	192.000000	253.000000	80.000000	24.000000	0.000000	17.000000	224.000000	0.000000	0.000000	0.000000	1733433190.976660	0.000000
16.000000	87801.876700	18334.040741	187500.000000	187500.000000	87015.251758	102974.576113	113307.049967	134142.429726	-0.086000	0.768000	0.572000	192.000000	0.000000	0.000000	0.000000	0.000000	0.000000	0.000000	0.000000	0.000000	0.000000	1733433190.980687	0.000000
17.000000	87798.523938	18340.589802	187500.000000	187500.000000	87001.416028	102973.279711	113309.553362	134138.317005	-0.086000	0.768000	0.572000	192.000000	0.000000	0.000000	0.000000	0.000000	0.000000	0.000000	0.000000	0.000000	0.000000	1733433190.984957	0.000000
18.000000	87803.798950	18344.054323	187500.000000	187500.000000	87009.529711	102987.651883	113324.104348	134142.496782	-0.086000	0.768000	0.572000	192.000000	0.000000	0.000000	0.000000	0.000000	0.000000	0.000000	0.000000	0.000000	0.000000	1733433190.989744	0.000000
19.000000	87803.083694	18362.941547	187500.000000	187500.000000	87012.234272	102983.673273	113314.426042	134146.207171	-0.086000	0.768000	0.572000	192.000000	0.000000	0.000000	0.000000	0.000000	0.000000	0.000000	0.000000	0.000000	0.000000	1733433190.992498	0.000000
20.000000	87794.657087	18334.599535	187500.000000	187500.000000	87005.528749	102977.392432	113305.194772	134140.842753	-0.086000	0.768000	0.572000	192.000000	0.000000	0.000000	0.000000	0.000000	0.000000	0.000000	0.000000	0.000000	0.000000	1733433190.996482	0.000000
21.000000	87806.794084	18352.704448	187500.000000	187500.000000	87015.207054	102993.373930	113306.558228	134160.199363	-0.086000	0.768000	0.572000	192.000000	0.000000	0.000000	0.000000	0.000000	0.000000	0.000000	0.000000	0.000000	0.000000	1733433191.000833	0.000000
22.000000	87813.007869	18353.173834	187500.000000	187500.000000	87023.499551	102981.505153	113319.008150	134153.784413	-0.086000	0.768000	0.572000	192.000000	0.000000	0.000000	0.000000	0.000000	0.000000	0.000000	0.000000	0.000000	0.000000	1733433191.004490	0.000000
23.000000	87803.642488	18325.994113	187500.000000	187500.000000	87014.268281	102970.821020	113330.876926	134149.202305	-0.086000	0.768000	0.572000	192.000000	0.000000	0.000000	0.000000	0.000000	0.000000	0.000000	0.000000	0.000000	0.000000	1733433191.008546	0.000000
24.000000	87803.441322	18320.450881	187500.000000	187500.000000	87015.207054	102975.470182	113322.696188	134145.983654	-0.086000	0.768000	0.572000	192.000000	0.000000	0.000000	0.000000	0.000000	0.000000	0.000000	0.000000	0.000000	0.000000	1733433191.012530	0.000000
25.000000	87808.448113	18349.083465	187500.000000	187500.000000	87017.442228	102977.235970	113325.333694	134148.777622	-0.078000	0.772000	0.578000	192.000000	253.000000	144.000000	24.000000	32.000000	18.000000	16.000000	0.000000	0.000000	0.000000	1733433191.017536	0.000000
26.000000	87817.053535	18369.311794	187500.000000	187500.000000	87018.984499	102996.145546	113317.667045	134155.840773	-0.078000	0.772000	0.578000	192.000000	0.000000	0.000000	0.000000	0.000000	0.000000	0.000000	0.000000	0.000000	0.000000	1733433191.020664	0.000000
27.000000	87821.076849	18341.640334	187500.000000	187500.000000	87023.901883	102996.704340	113326.719502	134177.812538	-0.078000	0.772000	0.578000	192.000000	0.000000	0.000000	0.000000	0.000000	0.000000	0.000000	0.000000	0.000000	0.000000	1733433191.024778	0.000000
28.000000	87818.327584	18334.130148	187500.000000	187500.000000	87030.383889	102984.299121	113342.835110	134162.479241	-0.078000	0.772000	0.578000	192.000000	0.000000	0.000000	0.000000	0.000000	0.000000	0.000000	0.000000	0.000000	0.000000	1733433191.028830	0.000000
29.000000	87820.853331	18361.913367	187500.000000	187500.000000	87025.980595	102967.222389	113332.441548	134162.076910	-0.078000	0.772000	0.578000	192.000000	0.000000	0.000000	0.000000	0.000000	0.000000	0.000000	0.000000	0.000000	0.000000	1733433191.032842	0.000000
30.000000	87820.920386	18358.538253	187500.000000	187500.000000	87027.433458	102980.052290	113323.500851	134177.834890	-0.078000	0.772000	0.578000	192.000000	0.000000	0.000000	0.000000	0.000000	0.000000	0.000000	0.000000	0.000000	0.000000	1733433191.036545	0.000000
31.000000	87825.882474	18352.927965	187500.000000	187500.000000	87043.414956	103006.427348	113332.463900	134169.944724	-0.078000	0.772000	0.578000	192.000000	0.000000	0.000000	0.000000	0.000000	0.000000	0.000000	0.000000	0.000000	0.000000	1733433191.040606	0.000000
32.000000	87827.692965	18360.348744	187500.000000	187500.000000	87051.171011	102976.990101	113337.425987	134184.719227	-0.078000	0.772000	0.578000	192.000000	0.000000	0.000000	0.000000	0.000000	0.000000	0.000000	0.000000	0.000000	0.000000	1733433191.045603	0.000000
33.000000	87824.876645	18352.659744	187500.000000	187500.000000	87045.516020	102972.095069	113344.936174	134180.517099	-0.078000	0.772000	0.578000	192.000000	0.000000	0.000000	0.000000	0.000000	0.000000	0.000000	0.000000	0.000000	0.000000	1733433191.048575	0.000000
34.000000	87825.055459	18365.713163	187500.000000	187500.000000	87038.877551	102980.544028	113343.863290	134157.897134	-0.078000	0.772000	0.578000	192.000000	0.000000	0.000000	0.000000	0.000000	0.000000	0.000000	0.000000	0.000000	0.000000	1733433191.052618	0.000000
35.000000	87835.337262	18359.097047	187500.000000	187500.000000	87052.668578	102996.279656	113346.277278	134165.116747	-0.078000	0.770000	0.582000	192.000000	253.000000	144.000000	24.000000	16.000000	18.000000	48.000000	0.000000	0.000000	0.000000	1733433191.056620	0.000000
36.000000	87826.955357	18340.008657	187500.000000	187500.000000	87040.889208	102995.162069	113340.331714	134172.626933	-0.078000	0.770000	0.582000	192.000000	0.000000	0.000000	0.000000	0.000000	0.000000	0.000000	0.000000	0.000000	0.000000	1733433191.060758	0.000000
37.000000	87828.028241	18351.408047	187500.000000	187500.000000	87035.435383	102999.453604	113341.114025	134163.462718	-0.078000	0.770000	0.582000	192.000000	0.000000	0.000000	0.000000	0.000000	0.000000	0.000000	0.000000	0.000000	0.000000	1733433191.064864	0.000000
38.000000	87826.485971	18358.359439	187500.000000	187500.000000	87032.887284	102987.450717	113333.983819	134167.843660	-0.078000	0.770000	0.582000	192.000000	0.000000	0.000000	0.000000	0.000000	0.000000	0.000000	0.000000	0.000000	0.000000	1733433191.068664	0.000000
39.000000	87828.430573	18376.933739	187500.000000	187500.000000	87039.861028	102997.084319	113343.930345	134177.432558	-0.078000	0.770000	0.582000	192.000000	0.000000	0.000000	0.000000	0.000000	0.000000	0.000000	0.000000	0.000000	0.000000	1733433191.073584	0.000000
40.000000	87831.604520	18363.030954	187500.000000	187500.000000	87042.073851	102979.135868	113334.453205	134182.551108	-0.078000	0.770000	0.582000	192.000000	0.000000	0.000000	0.000000	0.000000	0.000000	0.000000	0.000000	0.000000	0.000000	1733433191.076648	0.000000
41.000000	87831.425706	18337.214689	187500.000000	187500.000000	87036.642377	102973.592636	113320.192792	134183.400474	-0.078000	0.770000	0.582000	192.000000	0.000000	0.000000	0.000000	0.000000	0.000000	0.000000	0.000000	0.000000	0.000000	1733433191.080646	0.000000
42.000000	87837.572436	18373.759791	187500.000000	187500.000000	87044.912522	102987.517773	113350.680572	134164.177974	-0.078000	0.770000	0.582000	192.000000	0.000000	0.000000	0.000000	0.000000	0.000000	0.000000	0.000000	0.000000	0.000000	1733433191.084678	0.000000
43.000000	87841.081660	18367.568358	187500.000000	187500.000000	87043.973749	102998.090148	113363.555177	134164.535602	-0.078000	0.770000	0.582000	192.000000	0.000000	0.000000	0.000000	0.000000	0.000000	0.000000	0.000000	0.000000	0.000000	1733433191.088665	0.000000
44.000000	87838.108878	18328.855136	187500.000000	187500.000000	87046.052461	103001.509965	113369.992479	134170.727035	-0.078000	0.770000	0.582000	192.000000	0.000000	0.000000	0.000000	0.000000	0.000000	0.000000	0.000000	0.000000	0.000000	1733433191.094922	0.000000
45.000000	87830.866913	18344.568413	187500.000000	187500.000000	87033.803705	102980.991063	113359.643621	134168.268343	-0.084000	0.772000	0.582000	192.000000	253.000000	96.000000	24.000000	32.000000	18.000000	48.000000	0.000000	0.000000	0.000000	1733433191.097740	0.000000
46.000000	87853.196305	18373.491570	187500.000000	187500.000000	87046.879476	102992.323398	113374.574587	134186.909698	-0.084000	0.772000	0.582000	192.000000	0.000000	0.000000	0.000000	0.000000	0.000000	0.000000	0.000000	0.000000	0.000000	1733433191.100839	0.000000
47.000000	87845.373195	18372.195169	187500.000000	187500.000000	87050.455755	103022.900584	113372.093543	134188.474320	-0.084000	0.772000	0.582000	192.000000	0.000000	0.000000	0.000000	0.000000	0.000000	0.000000	0.000000	0.000000	0.000000	1733433191.104818	0.000000
48.000000	87842.176895	18358.180625	187500.000000	187500.000000	87046.566552	103027.661506	113362.348182	134176.583192	-0.084000	0.772000	0.582000	192.000000	0.000000	0.000000	0.000000	0.000000	0.000000	0.000000	0.000000	0.000000	0.000000	1733433191.108917	0.000000
49.000000	87838.041823	18348.792893	187500.000000	187500.000000	87041.805630	102999.543011	113367.578491	134174.370369	-0.084000	0.772000	0.582000	192.000000	0.000000	0.000000	0.000000	0.000000	0.000000	0.000000	0.000000	0.000000	0.000000	1733433191.112661	0.000000
50.000000	87855.677349	18362.650974	187500.000000	187500.000000	87056.177802	102999.833584	113379.827247	134194.688105	-0.084000	0.772000	0.582000	192.000000	0.000000	0.000000	0.000000	0.000000	0.000000	0.000000	0.000000	0.000000	0.000000	1733433191.117314	0.000000
51.000000	87856.392605	18369.021221	187500.000000	187500.000000	87065.118499	102991.451680	113381.190703	134205.483998	-0.084000	0.772000	0.582000	192.000000	0.000000	0.000000	0.000000	0.000000	0.000000	0.000000	0.000000	0.000000	0.000000	1733433191.120668	0.000000
52.000000	87858.940704	18385.963844	187500.000000	187500.000000	87076.786110	102998.492479	113386.957453	134203.472341	-0.084000	0.772000	0.582000	192.000000	0.000000	0.000000	0.000000	0.000000	0.000000	0.000000	0.000000	0.000000	0.000000	1733433191.124717	0.000000
53.000000	87853.486878	18370.362326	187500.000000	187500.000000	87074.930915	103006.762625	113370.238348	134194.755160	-0.084000	0.772000	0.582000	192.000000	0.000000	0.000000	0.000000	0.000000	0.000000	0.000000	0.000000	0.000000	0.000000	1733433191.128728	0.000000
54.000000	87848.368329	18370.608195	187500.000000	187500.000000	87081.971715	103016.686799	113378.620252	134194.017553	-0.084000	0.772000	0.582000	192.000000	0.000000	0.000000	0.000000	0.000000	0.000000	0.000000	0.000000	0.000000	0.000000	1733433191.131869	0.000000
55.000000	87847.474259	18350.983364	187500.000000	187500.000000	87077.031979	103029.337886	113382.442401	134192.117654	-0.074000	0.768000	0.578000	192.000000	253.000000	176.000000	24.000000	0.000000	18.000000	16.000000	0.000000	0.000000	0.000000	1733433191.135744	0.000000
56.000000	87854.604465	18360.527558	187500.000000	187500.000000	87081.524680	103027.259174	113379.491970	134199.337268	-0.074000	0.768000	0.578000	192.000000	0.000000	0.000000	0.000000	0.000000	0.000000	0.000000	0.000000	0.000000	0.000000	1733433191.141013	0.000000
57.000000	87864.506288	18371.435210	187500.000000	187500.000000	87087.872575	103023.615840	113395.965206	134231.769649	-0.074000	0.768000	0.578000	192.000000	0.000000	0.000000	0.000000	0.000000	0.000000	0.000000	0.000000	0.000000	0.000000	1733433191.144930	0.000000
58.000000	87864.215715	18367.993041	187500.000000	187500.000000	87089.727770	102986.981331	113390.600787	134232.708422	-0.074000	0.768000	0.578000	192.000000	0.000000	0.000000	0.000000	0.000000	0.000000	0.000000	0.000000	0.000000	0.000000	1733433191.148740	0.000000
59.000000	87864.282771	18359.991117	187500.000000	187500.000000	87089.683067	102988.590656	113371.445342	134188.004933	-0.074000	0.768000	0.578000	192.000000	0.000000	0.000000	0.000000	0.000000	0.000000	0.000000	0.000000	0.000000	0.000000	1733433191.152723	0.000000
60.000000	87869.490727	18381.605253	187500.000000	187500.000000	87103.451741	103021.134796	113401.195514	134211.630727	-0.074000	0.768000	0.578000	192.000000	0.000000	0.000000	0.000000	0.000000	0.000000	0.000000	0.000000	0.000000	0.000000	1733433191.156751	0.000000
61.000000	87871.569439	18422.374835	187500.000000	187500.000000	87098.109674	103003.342808	113398.356843	134209.127332	-0.074000	0.768000	0.578000	192.000000	0.000000	0.000000	0.000000	0.000000	0.000000	0.000000	0.000000	0.000000	0.000000	1733433191.159751	0.000000
62.000000	87865.579172	18383.840428	187500.000000	187500.000000	87091.426503	103000.437081	113392.388927	134199.337268	-0.074000	0.768000	0.578000	192.000000	0.000000	0.000000	0.000000	0.000000	0.000000	0.000000	0.000000	0.000000	0.000000	1733433191.163744	0.000000
63.000000	87864.819213	18356.571300	187500.000000	187500.000000	87098.132026	103026.856843	113402.044881	134218.917396	-0.074000	0.768000	0.578000	192.000000	0.000000	0.000000	0.000000	0.000000	0.000000	0.000000	0.000000	0.000000	0.000000	1733433191.168776	0.000000
64.000000	87859.208925	18353.822035	187500.000000	187500.000000	87092.275869	103017.871442	113397.574532	134230.339137	-0.074000	0.768000	0.578000	192.000000	0.000000	0.000000	0.000000	0.000000	0.000000	0.000000	0.000000	0.000000	0.000000	1733433191.172753	0.000000
65.000000	87859.007759	18358.806474	187500.000000	187500.000000	87092.722904	103004.750968	113396.054613	134225.421754	-0.078000	0.766000	0.582000	192.000000	253.000000	144.000000	23.000000	240.000000	18.000000	48.000000	0.000000	0.000000	0.000000	1733433191.177611	0.000000
66.000000	87860.617085	18360.818131	187500.000000	187500.000000	87106.558634	103015.569212	113403.296578	134236.776440	-0.078000	0.766000	0.582000	192.000000	0.000000	0.000000	0.000000	0.000000	0.000000	0.000000	0.000000	0.000000	0.000000	1733433191.180885	0.000000
67.000000	87860.997064	18370.161160	187500.000000	187500.000000	87102.177692	103013.423444	113400.368500	134240.196257	-0.078000	0.766000	0.582000	192.000000	0.000000	0.000000	0.000000	0.000000	0.000000	0.000000	0.000000	0.000000	0.000000	1733433191.184154	0.000000
68.000000	87871.614143	18397.430288	187500.000000	187500.000000	87104.591680	103014.295162	113414.159526	134222.068992	-0.078000	0.766000	0.582000	192.000000	0.000000	0.000000	0.000000	0.000000	0.000000	0.000000	0.000000	0.000000	0.000000	1733433191.188441	0.000000
69.000000	87867.635532	18386.947320	187500.000000	187500.000000	87098.132026	103017.916145	113405.330587	134202.578271	-0.078000	0.766000	0.582000	192.000000	0.000000	0.000000	0.000000	0.000000	0.000000	0.000000	0.000000	0.000000	0.000000	1733433191.191797	0.000000
70.000000	87872.351750	18395.396280	187500.000000	187500.000000	87096.947384	102996.972561	113398.468602	134205.506349	-0.078000	0.766000	0.582000	192.000000	0.000000	0.000000	0.000000	0.000000	0.000000	0.000000	0.000000	0.000000	0.000000	1733433191.195785	0.000000
71.000000	87883.974658	18410.975446	187500.000000	187500.000000	87109.062029	103007.991971	113417.467584	134214.648213	-0.078000	0.766000	0.582000	192.000000	0.000000	0.000000	0.000000	0.000000	0.000000	0.000000	0.000000	0.000000	0.000000	1733433191.201100	0.000000
72.000000	87878.990219	18388.623701	187500.000000	187500.000000	87100.233090	103015.412750	113403.475392	134216.324594	-0.078000	0.766000	0.582000	192.000000	0.000000	0.000000	0.000000	0.000000	0.000000	0.000000	0.000000	0.000000	0.000000	1733433191.204792	0.000000
73.000000	87868.462547	18353.330297	187500.000000	187500.000000	87096.723866	103009.154261	113385.571645	134224.438277	-0.078000	0.766000	0.582000	192.000000	0.000000	0.000000	0.000000	0.000000	0.000000	0.000000	0.000000	0.000000	0.000000	1733433191.208822	0.000000
74.000000	87863.567515	18369.334146	187500.000000	187500.000000	87108.704401	103023.079398	113391.763078	134226.248768	-0.078000	0.766000	0.582000	192.000000	0.000000	0.000000	0.000000	0.000000	0.000000	0.000000	0.000000	0.000000	0.000000	1733433191.211811	0.000000
75.000000	87859.901829	18372.038707	187500.000000	187500.000000	87097.439122	103009.646000	113388.365613	134216.369297	-0.086000	0.768000	0.576000	192.000000	253.000000	80.000000	24.000000	0.000000	18.000000	0.000000	0.000000	0.000000	0.000000	1733433191.215835	0.000000
76.000000	87871.390625	18382.231102	187500.000000	187500.000000	87103.988183	103043.866520	113422.943762	134215.765800	-0.086000	0.768000	0.576000	192.000000	0.000000	0.000000	0.000000	0.000000	0.000000	0.000000	0.000000	0.000000	0.000000	1733433191.219865	0.000000
77.000000	87874.653980	18387.170838	187500.000000	187500.000000	87104.166997	103045.900529	113427.257648	134213.083591	-0.086000	0.768000	0.576000	192.000000	0.000000	0.000000	0.000000	0.000000	0.000000	0.000000	0.000000	0.000000	0.000000	1733433191.223955	0.000000
78.000000	87870.720073	18371.278747	187500.000000	187500.000000	87096.880328	103023.146453	113418.182840	134223.566559	-0.086000	0.768000	0.576000	192.000000	0.000000	0.000000	0.000000	0.000000	0.000000	0.000000	0.000000	0.000000	0.000000	1733433191.229029	0.000000
79.000000	87867.970809	18373.335108	187500.000000	187500.000000	87094.645154	103005.488575	113402.782488	134201.438332	-0.086000	0.768000	0.576000	192.000000	0.000000	0.000000	0.000000	0.000000	0.000000	0.000000	0.000000	0.000000	0.000000	1733433191.233191	0.000000
80.000000	87876.687989	18402.459431	187500.000000	187500.000000	87090.353619	103008.617819	113408.437480	134217.397477	-0.086000	0.768000	0.576000	192.000000	0.000000	0.000000	0.000000	0.000000	0.000000	0.000000	0.000000	0.000000	0.000000	1733433191.235945	0.000000
81.000000	87879.526660	18405.342806	187500.000000	187500.000000	87086.062084	103015.703322	113406.068195	134224.035945	-0.086000	0.768000	0.576000	192.000000	0.000000	0.000000	0.000000	0.000000	0.000000	0.000000	0.000000	0.000000	0.000000	1733433191.239872	0.000000
82.000000	87883.974658	18398.167896	187500.000000	187500.000000	87090.755950	103024.018171	113402.827192	134224.997070	-0.086000	0.768000	0.576000	192.000000	0.000000	0.000000	0.000000	0.000000	0.000000	0.000000	0.000000	0.000000	0.000000	1733433191.243865	0.000000
83.000000	87881.337152	18397.810268	187500.000000	187500.000000	87091.627668	103016.910317	113405.151773	134211.362506	-0.086000	0.768000	0.576000	192.000000	0.000000	0.000000	0.000000	0.000000	0.000000	0.000000	0.000000	0.000000	0.000000	1733433191.247889	0.000000
84.000000	87890.389608	18406.795669	187500.000000	187500.000000	87099.786055	103017.357351	113417.177012	134228.439239	-0.086000	0.768000	0.576000	192.000000	0.000000	0.000000	0.000000	0.000000	0.000000	0.000000	0.000000	0.000000	0.000000	1733433191.251881	0.000000
85.000000	87890.881347	18407.957960	187500.000000	187500.000000	87098.512006	103015.792729	113411.812593	134249.069899	-0.082000	0.766000	0.572000	192.000000	253.000000	112.000000	23.000000	240.000000	17.000000	224.000000	0.000000	0.000000	0.000000	1733433191.256875	0.000000
86.000000	87889.763759	18405.163992	187500.000000	187500.000000	87107.832683	103033.964698	113408.079852	134248.108774	-0.082000	0.766000	0.572000	192.000000	0.000000	0.000000	0.000000	0.000000	0.000000	0.000000	0.000000	0.000000	0.000000	1733433191.260909	0.000000
87.000000	87887.774454	18399.978387	187500.000000	187500.000000	87115.812256	103065.368899	113426.162413	134238.788097	-0.082000	0.766000	0.572000	192.000000	0.000000	0.000000	0.000000	0.000000	0.000000	0.000000	0.000000	0.000000	0.000000	1733433191.264178	0.000000
88.000000	87881.046579	18389.763640	187500.000000	187500.000000	87115.946366	103033.338849	113434.879593	134234.205989	-0.082000	0.766000	0.572000	192.000000	0.000000	0.000000	0.000000	0.000000	0.000000	0.000000	0.000000	0.000000	0.000000	1733433191.268239	0.000000
89.000000	87877.179727	18392.535256	187500.000000	187500.000000	87113.711192	103006.404997	113434.879593	134230.920283	-0.082000	0.766000	0.572000	192.000000	0.000000	0.000000	0.000000	0.000000	0.000000	0.000000	0.000000	0.000000	0.000000	1733433191.272018	0.000000
90.000000	87885.606335	18385.494457	187500.000000	187500.000000	87119.030907	103029.382590	113434.298448	134234.608321	-0.082000	0.766000	0.572000	192.000000	0.000000	0.000000	0.000000	0.000000	0.000000	0.000000	0.000000	0.000000	0.000000	1733433191.276218	0.000000
91.000000	87876.620934	18360.706372	187500.000000	187500.000000	87117.443933	103043.575948	113437.226526	134226.226416	-0.082000	0.766000	0.572000	192.000000	0.000000	0.000000	0.000000	0.000000	0.000000	0.000000	0.000000	0.000000	0.000000	1733433191.279977	0.000000
92.000000	87874.586925	18365.690811	187500.000000	187500.000000	87108.503235	103041.899567	113429.381064	134231.814352	-0.082000	0.766000	0.572000	192.000000	0.000000	0.000000	0.000000	0.000000	0.000000	0.000000	0.000000	0.000000	0.000000	1733433191.284238	0.000000
93.000000	87889.495538	18384.063945	187500.000000	187500.000000	87109.643174	103035.663430	113433.829061	134251.886219	-0.082000	0.766000	0.572000	192.000000	0.000000	0.000000	0.000000	0.000000	0.000000	0.000000	0.000000	0.000000	0.000000	1733433191.288928	0.000000
94.000000	87889.026152	18403.822887	187500.000000	187500.000000	87107.720924	103019.167843	113435.125462	134256.267161	-0.082000	0.766000	0.572000	192.000000	0.000000	0.000000	0.000000	0.000000	0.000000	0.000000	0.000000	0.000000	0.000000	1733433191.291936	0.000000
95.000000	87887.103902	18415.579905	187500.000000	187500.000000	87106.245709	103019.793692	113430.208079	134230.897931	-0.078000	0.770000	0.576000	192.000000	253.000000	144.000000	24.000000	16.000000	18.000000	0.000000	0.000000	0.000000	0.000000	1733433191.295966	0.000000
96.000000	87901.856053	18422.240725	187500.000000	187500.000000	87118.449762	103039.038544	113437.539451	134236.508219	-0.078000	0.770000	0.576000	192.000000	0.000000	0.000000	0.000000	0.000000	0.000000	0.000000	0.000000	0.000000	0.000000	1733433191.299954	0.000000
97.000000	87900.514948	18392.445849	187500.000000	187500.000000	87119.075611	103035.819892	113444.803768	134253.987283	-0.078000	0.770000	0.576000	192.000000	0.000000	0.000000	0.000000	0.000000	0.000000	0.000000	0.000000	0.000000	0.000000	1733433191.304166	0.000000
98.000000	87893.161225	18393.876361	187500.000000	187500.000000	87114.448799	103042.838340	113438.321762	134259.284646	-0.078000	0.770000	0.576000	192.000000	0.000000	0.000000	0.000000	0.000000	0.000000	0.000000	0.000000	0.000000	0.000000	1733433191.308190	0.000000
99.000000	87895.597565	18410.684873	187500.000000	187500.000000	87113.733544	103035.819892	113421.982637	134235.658853	-0.078000	0.770000	0.576000	192.000000	0.000000	0.000000	0.000000	0.000000	0.000000	0.000000	0.000000	0.000000	0.000000	1733433191.312169	0.000000
100.000000	87906.996954	18417.748024	187500.000000	187500.000000	87117.153361	103030.790750	113430.923334	134255.998940	-0.078000	0.770000	0.576000	192.000000	0.000000	0.000000	0.000000	0.000000	0.000000	0.000000	0.000000	0.000000	0.000000	1733433191.317301	0.000000
101.000000	87897.720980	18381.873474	187500.000000	187500.000000	87120.014384	103054.818875	113437.494747	134241.917341	-0.078000	0.770000	0.576000	192.000000	0.000000	0.000000	0.000000	0.000000	0.000000	0.000000	0.000000	0.000000	0.000000	1733433191.320112	0.000000
102.000000	87891.551899	18371.502265	187500.000000	187500.000000	87115.588738	103023.012343	113417.668750	134238.609283	-0.078000	0.770000	0.576000	192.000000	0.000000	0.000000	0.000000	0.000000	0.000000	0.000000	0.000000	0.000000	0.000000	1733433191.324019	0.000000
103.000000	87888.690876	18386.612044	187500.000000	187500.000000	87107.519759	103002.985180	113402.067232	134235.591797	-0.078000	0.770000	0.576000	192.000000	0.000000	0.000000	0.000000	0.000000	0.000000	0.000000	0.000000	0.000000	0.000000	1733433191.328018	0.000000
104.000000	87884.086416	18374.475047	187500.000000	187500.000000	87104.099942	102989.238857	113420.552125	134224.952367	-0.078000	0.770000	0.576000	192.000000	0.000000	0.000000	0.000000	0.000000	0.000000	0.000000	0.000000	0.000000	0.000000	1733433191.332017	0.000000
105.000000	87887.394474	18374.922082	187500.000000	187500.000000	87113.062991	103008.148433	113430.252782	134221.487847	-0.078000	0.770000	0.576000	192.000000	0.000000	0.000000	0.000000	0.000000	0.000000	0.000000	0.000000	0.000000	0.000000	1733433191.336058	0.000000
106.000000	87884.108768	18392.647015	187500.000000	187500.000000	87102.311802	102999.766529	113419.300427	134237.670510	-0.084000	0.774000	0.588000	192.000000	253.000000	96.000000	24.000000	48.000000	18.000000	96.000000	0.000000	0.000000	0.000000	1733433191.340053	0.000000
107.000000	87893.116521	18391.372966	187500.000000	187500.000000	87106.312764	102995.430290	113415.902962	134242.297321	-0.084000	0.774000	0.588000	192.000000	0.000000	0.000000	0.000000	0.000000	0.000000	0.000000	0.000000	0.000000	0.000000	1733433191.345315	0.000000
108.000000	87900.425541	18409.634341	187500.000000	187500.000000	87116.728677	103009.869517	113416.864087	134233.937768	-0.084000	0.774000	0.588000	192.000000	0.000000	0.000000	0.000000	0.000000	0.000000	0.000000	0.000000	0.000000	0.000000	1733433191.348229	0.000000
109.000000	87906.415809	18423.090091	187500.000000	187500.000000	87120.528474	103042.704230	113425.693026	134225.667623	-0.084000	0.774000	0.588000	192.000000	0.000000	0.000000	0.000000	0.000000	0.000000	0.000000	0.000000	0.000000	0.000000	1733433191.352260	0.000000
110.000000	87902.101922	18422.777167	187500.000000	187500.000000	87117.354526	103011.635305	113422.764948	134221.912530	-0.084000	0.774000	0.588000	192.000000	0.000000	0.000000	0.000000	0.000000	0.000000	0.000000	0.000000	0.000000	0.000000	1733433191.356208	0.000000
111.000000	87887.483881	18384.399221	187500.000000	187500.000000	87115.119352	103013.848128	113420.462718	134224.438277	-0.084000	0.774000	0.588000	192.000000	0.000000	0.000000	0.000000	0.000000	0.000000	0.000000	0.000000	0.000000	0.000000	1733433191.360336	0.000000
112.000000	87897.028076	18396.849143	187500.000000	187500.000000	87124.931768	103044.000631	113429.761044	134232.082573	-0.084000	0.774000	0.588000	192.000000	0.000000	0.000000	0.000000	0.000000	0.000000	0.000000	0.000000	0.000000	0.000000	1733433191.364047	0.000000
113.000000	87896.893966	18400.872457	187500.000000	187500.000000	87122.584834	103030.120198	113416.685273	134226.785210	-0.084000	0.774000	0.588000	192.000000	0.000000	0.000000	0.000000	0.000000	0.000000	0.000000	0.000000	0.000000	0.000000	1733433191.368244	0.000000
114.000000	87897.743332	18393.384623	187500.000000	187500.000000	87119.276776	103005.756796	113419.747462	134239.570408	-0.084000	0.774000	0.588000	192.000000	0.000000	0.000000	0.000000	0.000000	0.000000	0.000000	0.000000	0.000000	0.000000	1733433191.372073	0.000000
115.000000	87904.247690	18428.767434	187500.000000	187500.000000	87127.703384	103007.366122	113435.527794	134249.136954	-0.084000	0.774000	0.588000	192.000000	0.000000	0.000000	0.000000	0.000000	0.000000	0.000000	0.000000	0.000000	0.000000	1733433191.375073	0.000000
116.000000	87897.408056	18409.030844	187500.000000	187500.000000	87123.478904	103011.724712	113431.303314	134238.832800	-0.084000	0.770000	0.584000	192.000000	253.000000	96.000000	24.000000	16.000000	18.000000	64.000000	0.000000	0.000000	0.000000	1733433191.380099	0.000000
117.000000	87891.775416	18395.619797	187500.000000	187500.000000	87122.607186	103037.160997	113443.708532	134247.259408	-0.084000	0.770000	0.584000	192.000000	0.000000	0.000000	0.000000	0.000000	0.000000	0.000000	0.000000	0.000000	0.000000	1733433191.384170	0.000000
118.000000	87898.257422	18405.521620	187500.000000	187500.000000	87128.284529	103041.139608	113447.351867	134253.249675	-0.084000	0.770000	0.584000	192.000000	0.000000	0.000000	0.000000	0.000000	0.000000	0.000000	0.000000	0.000000	0.000000	1733433191.388216	0.000000
119.000000	87893.451797	18407.041539	187500.000000	187500.000000	87124.060050	103035.149340	113435.952477	134237.335233	-0.084000	0.770000	0.584000	192.000000	0.000000	0.000000	0.000000	0.000000	0.000000	0.000000	0.000000	0.000000	0.000000	1733433191.392265	0.000000
120.000000	87885.025190	18379.705355	187500.000000	187500.000000	87122.875407	103039.418523	113429.738692	134247.415870	-0.084000	0.770000	0.584000	192.000000	0.000000	0.000000	0.000000	0.000000	0.000000	0.000000	0.000000	0.000000	0.000000	1733433191.396343	0.000000
121.000000	87892.781245	18369.200035	187500.000000	187500.000000	87131.100849	103064.139553	113433.918468	134240.196257	-0.084000	0.770000	0.584000	192.000000	0.000000	0.000000	0.000000	0.000000	0.000000	0.000000	0.000000	0.000000	0.000000	1733433191.400124	0.000000
122.000000	87898.346829	18382.096992	187500.000000	187500.000000	87137.292282	103086.938332	113440.020494	134238.475172	-0.084000	0.770000	0.584000	192.000000	0.000000	0.000000	0.000000	0.000000	0.000000	0.000000	0.000000	0.000000	0.000000	1733433191.403110	0.000000
123.000000	87909.075667	18410.774280	187500.000000	187500.000000	87147.216457	103083.540867	113462.215777	134262.324484	-0.084000	0.770000	0.584000	192.000000	0.000000	0.000000	0.000000	0.000000	0.000000	0.000000	0.000000	0.000000	0.000000	1733433191.408108	0.000000
124.000000	87910.439123	18421.905449	187500.000000	187500.000000	87139.952140	103054.505951	113454.727942	134251.416832	-0.084000	0.770000	0.584000	192.000000	0.000000	0.000000	0.000000	0.000000	0.000000	0.000000	0.000000	0.000000	0.000000	1733433191.412119	0.000000
125.000000	87904.381800	18435.741178	187500.000000	187500.000000	87127.457515	103015.300991	113426.475337	134219.342079	-0.084000	0.770000	0.584000	192.000000	0.000000	0.000000	0.000000	0.000000	0.000000	0.000000	0.000000	0.000000	0.000000	1733433191.416417	0.000000
126.000000	87902.548957	18404.851068	187500.000000	187500.000000	87123.054221	103020.263078	113429.604582	134218.515065	-0.076000	0.770000	0.578000	192.000000	253.000000	160.000000	24.000000	16.000000	18.000000	16.000000	0.000000	0.000000	0.000000	1733433191.420179	0.000000
127.000000	87912.987222	18401.252437	187500.000000	187500.000000	87136.867599	103037.876253	113451.285774	134237.670510	-0.076000	0.770000	0.578000	192.000000	0.000000	0.000000	0.000000	0.000000	0.000000	0.000000	0.000000	0.000000	0.000000	1733433191.424189	0.000000
128.000000	87911.668469	18380.510018	187500.000000	187500.000000	87137.471096	103063.156076	113455.286736	134247.661739	-0.076000	0.770000	0.578000	192.000000	0.000000	0.000000	0.000000	0.000000	0.000000	0.000000	0.000000	0.000000	0.000000	1733433191.428256	0.000000
129.000000	87906.929899	18372.262224	187500.000000	187500.000000	87131.458477	103065.301843	113433.069102	134250.612170	-0.076000	0.770000	0.578000	192.000000	0.000000	0.000000	0.000000	0.000000	0.000000	0.000000	0.000000	0.000000	0.000000	1733433191.431370	0.000000
130.000000	87910.886158	18396.267998	187500.000000	187500.000000	87133.380727	103075.024852	113454.504425	134252.400309	-0.076000	0.770000	0.578000	192.000000	0.000000	0.000000	0.000000	0.000000	0.000000	0.000000	0.000000	0.000000	0.000000	1733433191.436273	0.000000
131.000000	87917.502274	18405.946303	187500.000000	187500.000000	87138.834553	103062.194951	113473.592815	134279.848251	-0.076000	0.770000	0.578000	192.000000	0.000000	0.000000	0.000000	0.000000	0.000000	0.000000	0.000000	0.000000	0.000000	1733433191.440180	0.000000
132.000000	87915.356507	18398.570227	187500.000000	187500.000000	87128.798619	103048.694497	113464.406248	134293.438112	-0.076000	0.770000	0.578000	192.000000	0.000000	0.000000	0.000000	0.000000	0.000000	0.000000	0.000000	0.000000	0.000000	1733433191.444197	0.000000
133.000000	87916.429390	18437.238745	187500.000000	187500.000000	87129.759744	103052.941329	113464.339192	134248.824030	-0.076000	0.770000	0.578000	192.000000	0.000000	0.000000	0.000000	0.000000	0.000000	0.000000	0.000000	0.000000	0.000000	1733433191.448209	0.000000
134.000000	87908.762742	18411.422481	187500.000000	187500.000000	87124.954119	103057.881064	113452.313954	134228.059259	-0.076000	0.770000	0.578000	192.000000	0.000000	0.000000	0.000000	0.000000	0.000000	0.000000	0.000000	0.000000	0.000000	1733433191.452210	0.000000
135.000000	87900.447893	18369.088277	187500.000000	187500.000000	87123.881236	103039.932613	113434.097282	134248.466402	-0.076000	0.770000	0.578000	192.000000	0.000000	0.000000	0.000000	0.000000	0.000000	0.000000	0.000000	0.000000	0.000000	1733433191.455208	0.000000
136.000000	87902.213681	18376.397297	187500.000000	187500.000000	87129.558579	103045.766419	113445.116692	134245.359510	-0.078000	0.768000	0.578000	192.000000	253.000000	144.000000	24.000000	0.000000	18.000000	16.000000	0.000000	0.000000	0.000000	1733433191.459293	0.000000
137.000000	87903.979469	18387.506114	187500.000000	187500.000000	87125.267044	103052.449590	113460.204120	134235.256521	-0.078000	0.768000	0.578000	192.000000	0.000000	0.000000	0.000000	0.000000	0.000000	0.000000	0.000000	0.000000	0.000000	1733433191.463303	0.000000
138.000000	87907.846321	18394.748079	187500.000000	187500.000000	87122.249558	103066.017099	113458.058352	134239.346890	-0.078000	0.768000	0.578000	192.000000	0.000000	0.000000	0.000000	0.000000	0.000000	0.000000	0.000000	0.000000	0.000000	1733433191.468590	0.000000
139.000000	87915.535321	18414.328207	187500.000000	187500.000000	87134.945349	103115.839138	113459.041829	134233.982472	-0.078000	0.768000	0.578000	192.000000	0.000000	0.000000	0.000000	0.000000	0.000000	0.000000	0.000000	0.000000	0.000000	1733433191.472249	0.000000
140.000000	87907.421637	18414.574076	187500.000000	187500.000000	87136.912303	103081.909189	113461.880501	134234.608321	-0.078000	0.768000	0.578000	192.000000	0.000000	0.000000	0.000000	0.000000	0.000000	0.000000	0.000000	0.000000	0.000000	1733433191.476224	0.000000
141.000000	87905.432332	18410.617818	187500.000000	187500.000000	87127.613977	103027.102712	113452.559823	134246.454745	-0.078000	0.768000	0.578000	192.000000	0.000000	0.000000	0.000000	0.000000	0.000000	0.000000	0.000000	0.000000	0.000000	1733433191.480255	0.000000
142.000000	87907.131065	18420.854917	187500.000000	187500.000000	87119.567349	103007.679046	113435.371332	134235.636501	-0.078000	0.768000	0.578000	192.000000	0.000000	0.000000	0.000000	0.000000	0.000000	0.000000	0.000000	0.000000	0.000000	1733433191.483553	0.000000
143.000000	87904.202986	18417.435100	187500.000000	187500.000000	87115.342869	103017.916145	113427.525869	134231.367318	-0.078000	0.768000	0.578000	192.000000	0.000000	0.000000	0.000000	0.000000	0.000000	0.000000	0.000000	0.000000	0.000000	1733433191.487245	0.000000
144.000000	87906.706382	18380.599425	187500.000000	187500.000000	87125.177637	103037.831549	113444.736713	134241.135030	-0.078000	0.768000	0.578000	192.000000	0.000000	0.000000	0.000000	0.000000	0.000000	0.000000	0.000000	0.000000	0.000000	1733433191.491274	0.000000
145.000000	87905.231167	18371.055230	187500.000000	187500.000000	87140.533285	103067.648776	113463.780399	134266.012522	-0.078000	0.768000	0.578000	192.000000	0.000000	0.000000	0.000000	0.000000	0.000000	0.000000	0.000000	0.000000	0.000000	1733433191.495641	0.000000
146.000000	87906.125236	18384.958015	187500.000000	187500.000000	87135.906474	103077.818820	113458.795960	134282.195184	-0.080000	0.766000	0.578000	192.000000	253.000000	128.000000	23.000000	240.000000	18.000000	16.000000	0.000000	0.000000	0.000000	1733433191.500439	0.000000
147.000000	87910.930861	18395.351576	187500.000000	187500.000000	87141.695576	103082.088003	113459.846492	134244.264274	-0.080000	0.766000	0.578000	192.000000	0.000000	0.000000	0.000000	0.000000	0.000000	0.000000	0.000000	0.000000	0.000000	1733433191.504493	0.000000
148.000000	87919.871559	18412.227143	187500.000000	187500.000000	87155.374844	103106.451405	113467.088457	134245.135992	-0.080000	0.766000	0.578000	192.000000	0.000000	0.000000	0.000000	0.000000	0.000000	0.000000	0.000000	0.000000	0.000000	1733433191.507457	0.000000
149.000000	87915.356507	18422.777167	187500.000000	187500.000000	87143.997806	103090.179335	113472.184655	134246.588856	-0.080000	0.766000	0.578000	192.000000	0.000000	0.000000	0.000000	0.000000	0.000000	0.000000	0.000000	0.000000	0.000000	1733433191.511326	0.000000
150.000000	87923.805466	18426.129928	187500.000000	187500.000000	87141.986149	103092.235695	113478.219626	134250.746280	-0.080000	0.766000	0.578000	192.000000	0.000000	0.000000	0.000000	0.000000	0.000000	0.000000	0.000000	0.000000	0.000000	1733433191.515309	0.000000
151.000000	87923.693707	18415.691664	187500.000000	187500.000000	87140.645044	103077.260027	113476.587948	134265.118452	-0.080000	0.766000	0.578000	192.000000	0.000000	0.000000	0.000000	0.000000	0.000000	0.000000	0.000000	0.000000	0.000000	1733433191.519287	0.000000
152.000000	87929.549864	18425.906411	187500.000000	187500.000000	87142.254370	103069.459268	113470.754143	134265.654894	-0.080000	0.766000	0.578000	192.000000	0.000000	0.000000	0.000000	0.000000	0.000000	0.000000	0.000000	0.000000	0.000000	1733433191.524323	0.000000
153.000000	87931.449763	18393.205809	187500.000000	187500.000000	87143.461364	103078.735242	113477.325556	134276.629600	-0.080000	0.766000	0.578000	192.000000	0.000000	0.000000	0.000000	0.000000	0.000000	0.000000	0.000000	0.000000	0.000000	1733433191.528328	0.000000
154.000000	87925.660661	18383.214579	187500.000000	187500.000000	87142.097907	103069.302806	113466.149684	134262.100966	-0.080000	0.766000	0.578000	192.000000	0.000000	0.000000	0.000000	0.000000	0.000000	0.000000	0.000000	0.000000	0.000000	1733433191.532404	0.000000
155.000000	87923.403135	18393.630492	187500.000000	187500.000000	87136.174695	103071.739146	113466.350849	134231.412021	-0.080000	0.766000	0.578000	192.000000	0.000000	0.000000	0.000000	0.000000	0.000000	0.000000	0.000000	0.000000	0.000000	1733433191.535419	0.000000
156.000000	87918.709268	18423.715940	187500.000000	187500.000000	87142.299073	103092.526268	113483.248768	134251.260370	-0.076000	0.764000	0.578000	192.000000	253.000000	160.000000	23.000000	224.000000	18.000000	16.000000	0.000000	0.000000	0.000000	1733433191.539495	0.000000
157.000000	87928.476981	18413.612951	187500.000000	187500.000000	87146.948236	103096.616637	113490.915417	134281.055246	-0.076000	0.764000	0.578000	192.000000	0.000000	0.000000	0.000000	0.000000	0.000000	0.000000	0.000000	0.000000	0.000000	1733433191.543666	0.000000
158.000000	87920.944443	18407.913257	187500.000000	187500.000000	87144.333082	103053.857750	113472.139951	134255.551905	-0.076000	0.764000	0.578000	192.000000	0.000000	0.000000	0.000000	0.000000	0.000000	0.000000	0.000000	0.000000	0.000000	1733433191.547619	0.000000
159.000000	87919.536283	18411.891867	187500.000000	187500.000000	87146.747070	103073.907265	113476.051507	134247.818202	-0.076000	0.764000	0.578000	192.000000	0.000000	0.000000	0.000000	0.000000	0.000000	0.000000	0.000000	0.000000	0.000000	1733433191.551510	0.000000
160.000000	87922.933748	18385.114477	187500.000000	187500.000000	87151.642102	103085.753689	113501.934827	134260.089309	-0.076000	0.764000	0.578000	192.000000	0.000000	0.000000	0.000000	0.000000	0.000000	0.000000	0.000000	0.000000	0.000000	1733433191.556340	0.000000
161.000000	87918.016364	18390.098916	187500.000000	187500.000000	87147.864657	103060.697384	113490.110754	134249.494582	-0.076000	0.764000	0.578000	192.000000	0.000000	0.000000	0.000000	0.000000	0.000000	0.000000	0.000000	0.000000	0.000000	1733433191.560370	0.000000
162.000000	87918.932786	18404.493440	187500.000000	187500.000000	87140.801506	103065.078326	113485.238073	134254.255504	-0.076000	0.764000	0.578000	192.000000	0.000000	0.000000	0.000000	0.000000	0.000000	0.000000	0.000000	0.000000	0.000000	1733433191.563371	0.000000
163.000000	87915.490617	18404.046405	187500.000000	187500.000000	87140.689747	103092.235695	113486.489771	134251.595646	-0.076000	0.764000	0.578000	192.000000	0.000000	0.000000	0.000000	0.000000	0.000000	0.000000	0.000000	0.000000	0.000000	1733433191.567478	0.000000
164.000000	87923.112562	18411.064853	187500.000000	187500.000000	87138.074593	103082.378576	113475.313899	134258.077652	-0.076000	0.764000	0.578000	192.000000	0.000000	0.000000	0.000000	0.000000	0.000000	0.000000	0.000000	0.000000	0.000000	1733433191.571445	0.000000
165.000000	87927.582911	18418.977370	187500.000000	187500.000000	87146.791774	103085.284303	113486.623882	134266.995998	-0.076000	0.764000	0.578000	192.000000	0.000000	0.000000	0.000000	0.000000	0.000000	0.000000	0.000000	0.000000	0.000000	1733433191.575603	0.000000
166.000000	87913.344850	18424.855879	187500.000000	187500.000000	87134.051279	103077.237675	113468.653079	134232.574312	-0.086000	0.764000	0.580000	192.000000	253.000000	80.000000	23.000000	224.000000	18.000000	32.000000	0.000000	0.000000	0.000000	1733433191.579546	0.000000
167.000000	87921.525588	18434.712998	187500.000000	187500.000000	87140.801506	103080.456326	113479.046640	134242.252617	-0.086000	0.764000	0.580000	192.000000	0.000000	0.000000	0.000000	0.000000	0.000000	0.000000	0.000000	0.000000	0.000000	1733433191.584687	0.000000
168.000000	87923.872521	18410.774280	187500.000000	187500.000000	87141.829686	103073.259064	113466.060277	134269.409987	-0.086000	0.764000	0.580000	192.000000	0.000000	0.000000	0.000000	0.000000	0.000000	0.000000	0.000000	0.000000	0.000000	1733433191.588477	0.000000
169.000000	87914.842417	18378.341899	187500.000000	187500.000000	87147.305864	103088.994692	113485.707460	134278.305981	-0.086000	0.764000	0.580000	192.000000	0.000000	0.000000	0.000000	0.000000	0.000000	0.000000	0.000000	0.000000	0.000000	1733433191.591425	0.000000
170.000000	87915.892949	18374.430343	187500.000000	187500.000000	87155.039567	103082.982073	113497.352719	134267.733606	-0.086000	0.764000	0.580000	192.000000	0.000000	0.000000	0.000000	0.000000	0.000000	0.000000	0.000000	0.000000	0.000000	1733433191.595428	0.000000
171.000000	87925.347737	18394.681024	187500.000000	187500.000000	87155.665416	103078.712890	113496.838629	134268.471213	-0.086000	0.764000	0.580000	192.000000	0.000000	0.000000	0.000000	0.000000	0.000000	0.000000	0.000000	0.000000	0.000000	1733433191.599751	0.000000
172.000000	87930.756859	18413.791765	187500.000000	187500.000000	87156.224210	103092.280399	113496.548056	134260.782213	-0.086000	0.764000	0.580000	192.000000	0.000000	0.000000	0.000000	0.000000	0.000000	0.000000	0.000000	0.000000	0.000000	1733433191.603455	0.000000
173.000000	87926.331213	18427.403978	187500.000000	187500.000000	87157.006521	103112.844004	113499.520838	134272.606286	-0.086000	0.764000	0.580000	192.000000	0.000000	0.000000	0.000000	0.000000	0.000000	0.000000	0.000000	0.000000	0.000000	1733433191.607456	0.000000
174.000000	87929.259292	18429.795614	187500.000000	187500.000000	87148.535210	103081.082175	113481.728850	134266.660722	-0.086000	0.764000	0.580000	192.000000	0.000000	0.000000	0.000000	0.000000	0.000000	0.000000	0.000000	0.000000	0.000000	1733433191.612536	0.000000
175.000000	87929.505161	18433.640115	187500.000000	187500.000000	87148.155230	103057.881064	113476.744411	134248.287588	-0.086000	0.764000	0.580000	192.000000	0.000000	0.000000	0.000000	0.000000	0.000000	0.000000	0.000000	0.000000	0.000000	1733433191.616652	0.000000
176.000000	87931.382708	18410.684873	187500.000000	187500.000000	87147.797602	103058.752782	113467.759009	134246.410042	-0.086000	0.764000	0.574000	192.000000	253.000000	80.000000	23.000000	224.000000	17.000000	240.000000	0.000000	0.000000	0.000000	1733433191.619696	0.000000
177.000000	87926.688841	18397.519695	187500.000000	187500.000000	87148.155230	103072.834381	113469.211873	134253.294379	-0.086000	0.764000	0.574000	192.000000	0.000000	0.000000	0.000000	0.000000	0.000000	0.000000	0.000000	0.000000	0.000000	1733433191.623748	0.000000
178.000000	87920.095077	18396.759736	187500.000000	187500.000000	87148.512858	103087.385367	113473.950443	134247.482925	-0.086000	0.764000	0.574000	192.000000	0.000000	0.000000	0.000000	0.000000	0.000000	0.000000	0.000000	0.000000	0.000000	1733433191.629483	0.000000
179.000000	87911.266138	18393.719899	187500.000000	187500.000000	87126.496390	103057.948119	113464.316841	134258.837612	-0.086000	0.764000	0.574000	192.000000	0.000000	0.000000	0.000000	0.000000	0.000000	0.000000	0.000000	0.000000	0.000000	1733433191.631447	0.000000
180.000000	87906.572271	18383.259283	187500.000000	187500.000000	87121.601358	103062.373765	113460.986431	134252.154440	-0.086000	0.764000	0.574000	192.000000	0.000000	0.000000	0.000000	0.000000	0.000000	0.000000	0.000000	0.000000	0.000000	1733433191.635458	0.000000
181.000000	87916.027059	18412.651826	187500.000000	187500.000000	87143.684881	103103.053940	113480.343041	134247.326463	-0.086000	0.764000	0.574000	192.000000	0.000000	0.000000	0.000000	0.000000	0.000000	0.000000	0.000000	0.000000	0.000000	1733433191.640521	0.000000
182.000000	87922.933748	18413.165917	187500.000000	187500.000000	87156.380672	103097.845983	113490.937768	134260.446937	-0.086000	0.764000	0.574000	192.000000	0.000000	0.000000	0.000000	0.000000	0.000000	0.000000	0.000000	0.000000	0.000000	1733433191.643543	0.000000
183.000000	87912.182559	18386.746155	187500.000000	187500.000000	87143.126088	103055.690593	113476.185617	134255.887181	-0.086000	0.764000	0.574000	192.000000	0.000000	0.000000	0.000000	0.000000	0.000000	0.000000	0.000000	0.000000	0.000000	1733433191.647497	0.000000
184.000000	87916.876425	18396.424460	187500.000000	187500.000000	87151.843268	103058.216340	113477.102039	134276.607248	-0.086000	0.764000	0.574000	192.000000	0.000000	0.000000	0.000000	0.000000	0.000000	0.000000	0.000000	0.000000	0.000000	1733433191.651505	0.000000
185.000000	87914.931824	18409.880210	187500.000000	187500.000000	87157.520611	103065.748878	113475.425658	134274.774405	-0.086000	0.764000	0.574000	192.000000	0.000000	0.000000	0.000000	0.000000	0.000000	0.000000	0.000000	0.000000	0.000000	1733433191.655796	0.000000
186.000000	87918.999841	18401.475954	187500.000000	187500.000000	87155.017216	103076.410660	113483.785210	134263.822051	-0.080000	0.762000	0.568000	192.000000	253.000000	128.000000	23.000000	208.000000	17.000000	192.000000	0.000000	0.000000	0.000000	1733433191.659695	0.000000
187.000000	87927.247635	18390.545951	187500.000000	187500.000000	87165.187259	103103.925658	113505.086423	134261.206896	-0.080000	0.762000	0.568000	192.000000	0.000000	0.000000	0.000000	0.000000	0.000000	0.000000	0.000000	0.000000	0.000000	1733433191.663762	0.000000
188.000000	87925.750068	18412.316550	187500.000000	187500.000000	87156.134803	103112.732245	113509.713234	134259.575219	-0.080000	0.762000	0.568000	192.000000	0.000000	0.000000	0.000000	0.000000	0.000000	0.000000	0.000000	0.000000	0.000000	1733433191.667767	0.000000
189.000000	87917.189350	18396.491515	187500.000000	187500.000000	87141.494410	103063.558407	113495.341062	134243.169039	-0.080000	0.762000	0.568000	192.000000	0.000000	0.000000	0.000000	0.000000	0.000000	0.000000	0.000000	0.000000	0.000000	1733433191.671515	0.000000
190.000000	87917.189350	18390.881227	187500.000000	187500.000000	87150.435108	103093.263876	113503.007710	134264.604362	-0.080000	0.762000	0.568000	192.000000	0.000000	0.000000	0.000000	0.000000	0.000000	0.000000	0.000000	0.000000	0.000000	1733433191.674543	0.000000
191.000000	87916.362335	18403.286446	187500.000000	187500.000000	87144.668358	103098.449480	113493.619978	134259.016425	-0.080000	0.762000	0.568000	192.000000	0.000000	0.000000	0.000000	0.000000	0.000000	0.000000	0.000000	0.000000	0.000000	1733433191.679550	0.000000
192.000000	87909.947385	18382.521675	187500.000000	187500.000000	87131.994919	103040.647869	113477.772591	134243.012576	-0.080000	0.762000	0.568000	192.000000	0.000000	0.000000	0.000000	0.000000	0.000000	0.000000	0.000000	0.000000	0.000000	1733433191.683833	0.000000
193.000000	87911.668469	18399.039614	187500.000000	187500.000000	87139.460401	103033.003573	113477.124390	134253.272027	-0.080000	0.762000	0.568000	192.000000	0.000000	0.000000	0.000000	0.000000	0.000000	0.000000	0.000000	0.000000	0.000000	1733433191.687636	0.000000
194.000000	87914.283623	18400.179553	187500.000000	187500.000000	87146.903532	103050.437933	113471.581158	134249.963969	-0.080000	0.762000	0.568000	192.000000	0.000000	0.000000	0.000000	0.000000	0.000000	0.000000	0.000000	0.000000	0.000000	1733433191.691741	0.000000
195.000000	87913.747181	18388.176666	187500.000000	187500.000000	87136.487619	103053.745991	113474.017498	134274.394426	-0.080000	0.762000	0.568000	192.000000	0.000000	0.000000	0.000000	0.000000	0.000000	0.000000	0.000000	0.000000	0.000000	1733433191.695820	0.000000
196.000000	87910.930861	18369.669422	187500.000000	187500.000000	87135.370032	103083.183239	113489.596664	134278.127167	-0.076000	0.766000	0.576000	192.000000	253.000000	160.000000	23.000000	240.000000	18.000000	0.000000	0.000000	0.000000	0.000000	1733433191.699706	0.000000
197.000000	87913.769533	18390.076565	187500.000000	187500.000000	87136.018233	103049.342698	113479.381916	134234.988300	-0.076000	0.766000	0.576000	192.000000	0.000000	0.000000	0.000000	0.000000	0.000000	0.000000	0.000000	0.000000	0.000000	1733433191.702598	0.000000
198.000000	87924.632481	18408.717919	187500.000000	187500.000000	87153.452593	103055.265910	113503.074766	134236.262350	-0.076000	0.766000	0.576000	192.000000	0.000000	0.000000	0.000000	0.000000	0.000000	0.000000	0.000000	0.000000	0.000000	1733433191.706600	0.000000
199.000000	87932.276777	18414.574076	187500.000000	187500.000000	87159.688730	103072.588512	113510.607303	134243.481963	-0.076000	0.766000	0.576000	192.000000	0.000000	0.000000	0.000000	0.000000	0.000000	0.000000	0.000000	0.000000	0.000000	1733433191.711559	0.000000
200.000000	87933.126144	18400.134850	187500.000000	187500.000000	87162.505050	103091.207515	113519.436243	134262.145670	-0.076000	0.766000	0.576000	192.000000	0.000000	0.000000	0.000000	0.000000	0.000000	0.000000	0.000000	0.000000	0.000000	1733433191.715599	0.000000
201.000000	87927.806428	18399.531352	187500.000000	187500.000000	87154.726643	103109.223021	113516.083481	134302.803493	-0.076000	0.766000	0.576000	192.000000	0.000000	0.000000	0.000000	0.000000	0.000000	0.000000	0.000000	0.000000	0.000000	1733433191.719656	0.000000
202.000000	87912.383725	18387.304948	187500.000000	187500.000000	87146.836477	103085.261951	113493.776440	134267.532440	-0.076000	0.766000	0.576000	192.000000	0.000000	0.000000	0.000000	0.000000	0.000000	0.000000	0.000000	0.000000	0.000000	1733433191.723686	0.000000
203.000000	87920.430353	18409.857858	187500.000000	187500.000000	87152.335006	103067.492314	113484.455762	134241.872637	-0.076000	0.766000	0.576000	192.000000	0.000000	0.000000	0.000000	0.000000	0.000000	0.000000	0.000000	0.000000	0.000000	1733433191.727722	0.000000
204.000000	87924.319556	18421.100786	187500.000000	187500.000000	87147.015291	103068.833419	113494.804620	134253.160268	-0.076000	0.766000	0.576000	192.000000	0.000000	0.000000	0.000000	0.000000	0.000000	0.000000	0.000000	0.000000	0.000000	1733433191.730895	0.000000
205.000000	87914.574196	18383.281634	187500.000000	187500.000000	87132.956044	103071.716794	113500.392556	134247.102946	-0.076000	0.766000	0.576000	192.000000	0.000000	0.000000	0.000000	0.000000	0.000000	0.000000	0.000000	0.000000	0.000000	1733433191.735704	0.000000
206.000000	87894.725847	18359.141750	187500.000000	187500.000000	87117.510988	103026.096884	113487.853228	134234.764783	-0.078000	0.774000	0.586000	192.000000	253.000000	144.000000	24.000000	48.000000	18.000000	80.000000	0.000000	0.000000	0.000000	1733433191.739648	0.000000
207.000000	87901.543129	18380.733535	187500.000000	187500.000000	87117.578044	103042.212491	113485.081611	134229.132143	-0.078000	0.774000	0.586000	192.000000	0.000000	0.000000	0.000000	0.000000	0.000000	0.000000	0.000000	0.000000	0.000000	1733433191.743640	0.000000
208.000000	87909.276832	18382.454620	187500.000000	187500.000000	87118.047430	103040.670221	113461.634631	134226.896969	-0.078000	0.774000	0.586000	192.000000	0.000000	0.000000	0.000000	0.000000	0.000000	0.000000	0.000000	0.000000	0.000000	1733433191.747684	0.000000
209.000000	87918.217530	18384.041594	187500.000000	187500.000000	87130.296186	103054.438896	113502.873600	134253.428489	-0.078000	0.774000	0.586000	192.000000	0.000000	0.000000	0.000000	0.000000	0.000000	0.000000	0.000000	0.000000	0.000000	1733433191.751693	0.000000
210.000000	87915.200045	18393.183457	187500.000000	187500.000000	87137.381689	103079.919884	113513.222458	134273.723873	-0.078000	0.774000	0.586000	192.000000	0.000000	0.000000	0.000000	0.000000	0.000000	0.000000	0.000000	0.000000	0.000000	1733433191.755684	0.000000
211.000000	87917.055239	18420.497289	187500.000000	187500.000000	87138.812201	103080.501030	113501.219571	134256.267161	-0.078000	0.774000	0.586000	192.000000	0.000000	0.000000	0.000000	0.000000	0.000000	0.000000	0.000000	0.000000	0.000000	1733433191.758749	0.000000
212.000000	87923.291376	18403.733480	187500.000000	187500.000000	87138.879256	103055.601186	113489.082574	134253.540248	-0.078000	0.774000	0.586000	192.000000	0.000000	0.000000	0.000000	0.000000	0.000000	0.000000	0.000000	0.000000	0.000000	1733433191.762928	0.000000
213.000000	87926.442972	18373.066887	187500.000000	187500.000000	87147.752899	103055.042393	113510.026158	134262.212725	-0.078000	0.774000	0.586000	192.000000	0.000000	0.000000	0.000000	0.000000	0.000000	0.000000	0.000000	0.000000	0.000000	1733433191.768236	0.000000
214.000000	87921.123257	18384.779201	187500.000000	187500.000000	87139.840381	103059.423335	113519.592705	134275.489661	-0.078000	0.774000	0.586000	192.000000	0.000000	0.000000	0.000000	0.000000	0.000000	0.000000	0.000000	0.000000	0.000000	1733433191.771725	0.000000
215.000000	87917.166998	18382.298157	187500.000000	187500.000000	87125.915244	103043.397134	113511.300208	134247.684091	-0.078000	0.774000	0.586000	192.000000	0.000000	0.000000	0.000000	0.000000	0.000000	0.000000	0.000000	0.000000	0.000000	1733433191.775652	0.000000
216.000000	87908.472169	18376.665518	187500.000000	187500.000000	87112.861826	103037.652735	113492.345928	134243.727832	-0.078000	0.772000	0.586000	192.000000	253.000000	144.000000	24.000000	32.000000	18.000000	80.000000	0.000000	0.000000	0.000000	1733433191.779692	0.000000
217.000000	87906.818140	18363.053306	187500.000000	187500.000000	87117.868616	103045.967584	113497.755050	134226.584044	-0.078000	0.772000	0.586000	192.000000	0.000000	0.000000	0.000000	0.000000	0.000000	0.000000	0.000000	0.000000	0.000000	1733433191.783868	0.000000
218.000000	87907.287527	18370.541140	187500.000000	187500.000000	87121.936634	103061.569102	113506.539286	134228.483943	-0.078000	0.772000	0.586000	192.000000	0.000000	0.000000	0.000000	0.000000	0.000000	0.000000	0.000000	0.000000	0.000000	1733433191.786725	0.000000
219.000000	87900.112617	18392.982291	187500.000000	187500.000000	87119.187369	103061.569102	113505.242885	134240.911512	-0.078000	0.772000	0.586000	192.000000	0.000000	0.000000	0.000000	0.000000	0.000000	0.000000	0.000000	0.000000	0.000000	1733433191.790725	0.000000
220.000000	87901.118446	18373.156294	187500.000000	187500.000000	87112.079515	103030.142549	113491.474210	134253.830821	-0.078000	0.772000	0.586000	192.000000	0.000000	0.000000	0.000000	0.000000	0.000000	0.000000	0.000000	0.000000	0.000000	1733433191.795103	0.000000
221.000000	87911.512007	18386.746155	187500.000000	187500.000000	87120.640233	103043.620651	113502.180696	134246.946483	-0.078000	0.772000	0.586000	192.000000	0.000000	0.000000	0.000000	0.000000	0.000000	0.000000	0.000000	0.000000	0.000000	1733433191.799812	0.000000
222.000000	87924.833646	18409.366120	187500.000000	187500.000000	87127.748087	103053.745991	113503.387690	134254.479021	-0.078000	0.772000	0.586000	192.000000	0.000000	0.000000	0.000000	0.000000	0.000000	0.000000	0.000000	0.000000	0.000000	1733433191.803905	0.000000
223.000000	87923.581949	18374.385640	187500.000000	187500.000000	87130.877332	103038.815026	113516.441109	134253.674359	-0.078000	0.772000	0.586000	192.000000	0.000000	0.000000	0.000000	0.000000	0.000000	0.000000	0.000000	0.000000	0.000000	1733433191.807056	0.000000
224.000000	87922.039678	18378.967748	187500.000000	187500.000000	87135.995881	103058.216340	113531.528536	134276.003751	-0.078000	0.772000	0.586000	192.000000	0.000000	0.000000	0.000000	0.000000	0.000000	0.000000	0.000000	0.000000	0.000000	1733433191.810812	0.000000
225.000000	87917.926957	18378.788934	187500.000000	187500.000000	87127.144590	103037.228052	113519.324484	134259.038777	-0.078000	0.772000	0.586000	192.000000	0.000000	0.000000	0.000000	0.000000	0.000000	0.000000	0.000000	0.000000	0.000000	1733433191.814768	0.000000
226.000000	87914.574196	18371.681079	187500.000000	187500.000000	87122.093096	103036.535148	113508.036853	134251.483888	-0.076000	0.770000	0.580000	192.000000	253.000000	160.000000	24.000000	16.000000	18.000000	32.000000	0.000000	0.000000	0.000000	1733433191.818770	0.000000
227.000000	87916.876425	18397.340882	187500.000000	187500.000000	87130.162076	103051.399058	113506.226362	134250.187486	-0.076000	0.770000	0.580000	192.000000	0.000000	0.000000	0.000000	0.000000	0.000000	0.000000	0.000000	0.000000	0.000000	1733433191.822799	0.000000
228.000000	87927.426449	18410.796632	187500.000000	187500.000000	87143.550771	103059.937425	113523.414853	134268.202992	-0.076000	0.770000	0.580000	192.000000	0.000000	0.000000	0.000000	0.000000	0.000000	0.000000	0.000000	0.000000	0.000000	1733433191.827758	0.000000
229.000000	87908.360411	18357.666535	187500.000000	187500.000000	87126.876369	103068.878122	113504.862905	134246.901780	-0.076000	0.770000	0.580000	192.000000	0.000000	0.000000	0.000000	0.000000	0.000000	0.000000	0.000000	0.000000	0.000000	1733433191.831908	0.000000
230.000000	87902.683068	18341.215651	187500.000000	187500.000000	87112.124218	103028.086189	113481.862960	134243.079632	-0.076000	0.770000	0.580000	192.000000	0.000000	0.000000	0.000000	0.000000	0.000000	0.000000	0.000000	0.000000	0.000000	1733433191.834918	0.000000
231.000000	87912.450780	18361.958070	187500.000000	187500.000000	87123.031869	103019.234898	113500.079632	134222.739544	-0.076000	0.770000	0.580000	192.000000	0.000000	0.000000	0.000000	0.000000	0.000000	0.000000	0.000000	0.000000	0.000000	1733433191.838920	0.000000
232.000000	87920.452704	18370.317622	187500.000000	187500.000000	87130.966739	103037.652735	113518.452766	134230.361489	-0.076000	0.770000	0.580000	192.000000	0.000000	0.000000	0.000000	0.000000	0.000000	0.000000	0.000000	0.000000	0.000000	1733433191.843021	0.000000
233.000000	87921.525588	18372.083410	187500.000000	187500.000000	87127.099887	103042.704230	113524.823013	134235.792963	-0.076000	0.770000	0.580000	192.000000	0.000000	0.000000	0.000000	0.000000	0.000000	0.000000	0.000000	0.000000	0.000000	1733433191.846889	0.000000
234.000000	87921.771457	18397.340882	187500.000000	187500.000000	87129.513875	103052.538997	113522.006693	134233.155457	-0.076000	0.770000	0.580000	192.000000	0.000000	0.000000	0.000000	0.000000	0.000000	0.000000	0.000000	0.000000	0.000000	1733433191.851007	0.000000
235.000000	87920.944443	18400.134850	187500.000000	187500.000000	87131.637291	103061.904378	113523.079577	134234.094230	-0.076000	0.770000	0.580000	192.000000	0.000000	0.000000	0.000000	0.000000	0.000000	0.000000	0.000000	0.000000	0.000000	1733433191.855801	0.000000
236.000000	87923.201969	18389.920102	187500.000000	187500.000000	87138.186352	103047.107523	113521.514955	134243.325501	-0.078000	0.774000	0.576000	192.000000	253.000000	144.000000	24.000000	48.000000	18.000000	0.000000	0.000000	0.000000	0.000000	1733433191.859852	0.000000
237.000000	87923.671356	18376.576111	187500.000000	187500.000000	87137.225227	103047.956890	113526.722911	134252.713234	-0.078000	0.774000	0.576000	192.000000	0.000000	0.000000	0.000000	0.000000	0.000000	0.000000	0.000000	0.000000	0.000000	1733433191.862810	0.000000
238.000000	87914.954175	18352.324468	187500.000000	187500.000000	87139.058070	103041.854863	113517.603399	134262.592705	-0.078000	0.774000	0.576000	192.000000	0.000000	0.000000	0.000000	0.000000	0.000000	0.000000	0.000000	0.000000	0.000000	1733433191.866802	0.000000
239.000000	87908.606280	18353.151483	187500.000000	187500.000000	87132.061974	103041.206663	113505.175830	134272.919211	-0.078000	0.774000	0.576000	192.000000	0.000000	0.000000	0.000000	0.000000	0.000000	0.000000	0.000000	0.000000	0.000000	1733433191.870890	0.000000
240.000000	87912.987222	18365.534349	187500.000000	187500.000000	87142.835515	103059.244521	113516.374054	134299.786007	-0.078000	0.774000	0.576000	192.000000	0.000000	0.000000	0.000000	0.000000	0.000000	0.000000	0.000000	0.000000	0.000000	1733433191.874905	0.000000
241.000000	87913.791885	18372.016355	187500.000000	187500.000000	87155.240733	103049.499160	113516.932847	134270.594629	-0.078000	0.774000	0.576000	192.000000	0.000000	0.000000	0.000000	0.000000	0.000000	0.000000	0.000000	0.000000	0.000000	1733433191.879036	0.000000
242.000000	87913.300146	18373.446867	187500.000000	187500.000000	87148.110527	103045.274680	113520.173850	134234.094230	-0.078000	0.774000	0.576000	192.000000	0.000000	0.000000	0.000000	0.000000	0.000000	0.000000	0.000000	0.000000	0.000000	1733433191.883866	0.000000
243.000000	87918.418696	18387.372003	187500.000000	187500.000000	87146.635311	103063.536056	113536.937658	134231.099097	-0.078000	0.774000	0.576000	192.000000	0.000000	0.000000	0.000000	0.000000	0.000000	0.000000	0.000000	0.000000	0.000000	1733433191.887857	0.000000
244.000000	87915.758838	18380.241797	187500.000000	187500.000000	87138.164000	103048.158055	113522.565487	134243.459611	-0.078000	0.774000	0.576000	192.000000	0.000000	0.000000	0.000000	0.000000	0.000000	0.000000	0.000000	0.000000	0.000000	1733433191.890879	0.000000
245.000000	87929.326347	18391.842352	187500.000000	187500.000000	87154.123146	103056.249387	113536.043589	134259.061129	-0.078000	0.774000	0.576000	192.000000	0.000000	0.000000	0.000000	0.000000	0.000000	0.000000	0.000000	0.000000	0.000000	1733433191.894898	0.000000
246.000000	87922.106734	18371.792838	187500.000000	187500.000000	87140.756803	103070.286282	113529.382769	134256.848306	-0.076000	0.776000	0.580000	192.000000	253.000000	160.000000	24.000000	64.000000	18.000000	32.000000	0.000000	0.000000	0.000000	1733433191.899087	0.000000
247.000000	87919.379821	18358.784122	187500.000000	187500.000000	87139.259236	103073.214361	113514.787080	134268.046530	-0.076000	0.776000	0.580000	192.000000	0.000000	0.000000	0.000000	0.000000	0.000000	0.000000	0.000000	0.000000	0.000000	1733433191.902875	0.000000
248.000000	87921.503236	18375.235006	187500.000000	187500.000000	87148.244637	103064.184256	113517.089309	134288.408969	-0.076000	0.776000	0.580000	192.000000	0.000000	0.000000	0.000000	0.000000	0.000000	0.000000	0.000000	0.000000	0.000000	1733433191.906943	0.000000
249.000000	87917.971661	18370.094105	187500.000000	187500.000000	87144.489544	103072.253236	113535.507147	134289.392446	-0.076000	0.776000	0.580000	192.000000	0.000000	0.000000	0.000000	0.000000	0.000000	0.000000	0.000000	0.000000	0.000000	1733433191.912043	0.000000
250.000000	87911.199082	18352.972669	187500.000000	187500.000000	87134.565369	103044.067686	113558.216519	134259.530516	-0.076000	0.776000	0.580000	192.000000	0.000000	0.000000	0.000000	0.000000	0.000000	0.000000	0.000000	0.000000	0.000000	1733433191.915242	0.000000
251.000000	87916.876425	18371.882245	187500.000000	187500.000000	87142.276721	103041.273718	113520.531478	134249.405175	-0.076000	0.776000	0.580000	192.000000	0.000000	0.000000	0.000000	0.000000	0.000000	0.000000	0.000000	0.000000	0.000000	1733433191.918322	0.000000
252.000000	87917.099943	18374.944434	187500.000000	187500.000000	87120.483770	103037.138645	113499.565542	134265.789004	-0.076000	0.776000	0.580000	192.000000	0.000000	0.000000	0.000000	0.000000	0.000000	0.000000	0.000000	0.000000	0.000000	1733433191.922888	0.000000
253.000000	87912.070800	18362.092181	187500.000000	187500.000000	87118.382706	103041.005497	113509.377958	134254.344911	-0.076000	0.776000	0.580000	192.000000	0.000000	0.000000	0.000000	0.000000	0.000000	0.000000	0.000000	0.000000	0.000000	1733433191.926926	0.000000
254.000000	87922.442010	18373.156294	187500.000000	187500.000000	87135.101811	103052.918977	113522.789004	134241.425603	-0.076000	0.776000	0.580000	192.000000	0.000000	0.000000	0.000000	0.000000	0.000000	0.000000	0.000000	0.000000	0.000000	1733433191.930926	0.000000
255.000000	87936.836533	18385.114477	187500.000000	187500.000000	87146.992939	103068.162867	113524.018350	134254.859001	-0.076000	0.776000	0.580000	192.000000	0.000000	0.000000	0.000000	0.000000	0.000000	0.000000	0.000000	0.000000	0.000000	1733433191.934920	0.000000
0.000000	87928.767553	18376.911387	187500.000000	187500.000000	87151.820916	103067.313500	113536.870603	134266.593667	-0.082000	0.776000	0.578000	192.000000	253.000000	112.000000	24.000000	64.000000	18.000000	16.000000	0.000000	0.000000	0.000000	1733433191.940010	0.000000
1.000000	87924.028984	18383.773373	187500.000000	187500.000000	87146.523553	103065.637119	113540.111606	134248.108774	-0.082000	0.776000	0.578000	192.000000	0.000000	0.000000	0.000000	0.000000	0.000000	0.000000	0.000000	0.000000	0.000000	1733433191.942943	0.000000
2.000000	87915.937652	18380.621777	187500.000000	187500.000000	87135.124163	103068.006404	113530.120376	134250.634521	-0.082000	0.776000	0.578000	192.000000	0.000000	0.000000	0.000000	0.000000	0.000000	0.000000	0.000000	0.000000	0.000000	1733433191.947061	0.000000
3.000000	87916.027059	18374.162123	187500.000000	187500.000000	87128.530398	103061.792619	113527.348760	134240.799754	-0.082000	0.776000	0.578000	192.000000	0.000000	0.000000	0.000000	0.000000	0.000000	0.000000	0.000000	0.000000	0.000000	1733433191.951145	0.000000
4.000000	87912.964870	18358.404143	187500.000000	187500.000000	87130.743221	103048.292166	113516.195240	134237.201123	-0.082000	0.776000	0.578000	192.000000	0.000000	0.000000	0.000000	0.000000	0.000000	0.000000	0.000000	0.000000	0.000000	1733433191.955107	0.000000
5.000000	87912.674297	18358.225329	187500.000000	187500.000000	87129.245654	103055.042393	113508.170963	134243.616074	-0.082000	0.776000	0.578000	192.000000	0.000000	0.000000	0.000000	0.000000	0.000000	0.000000	0.000000	0.000000	0.000000	1733433191.959177	0.000000
6.000000	87914.685954	18364.550872	187500.000000	187500.000000	87125.624672	103060.630329	113515.770556	134246.320635	-0.082000	0.776000	0.578000	192.000000	0.000000	0.000000	0.000000	0.000000	0.000000	0.000000	0.000000	0.000000	0.000000	1733433191.963339	0.000000
7.000000	87915.132989	18382.275806	187500.000000	187500.000000	87120.081439	103045.297032	113514.854135	134229.802695	-0.082000	0.776000	0.578000	192.000000	0.000000	0.000000	0.000000	0.000000	0.000000	0.000000	0.000000	0.000000	0.000000	1733433191.967986	0.000000
8.000000	87905.186463	18357.800646	187500.000000	187500.000000	87115.678145	103046.526378	113495.586931	134210.222567	-0.082000	0.776000	0.578000	192.000000	0.000000	0.000000	0.000000	0.000000	0.000000	0.000000	0.000000	0.000000	0.000000	1733433191.971102	0.000000
9.000000	87911.512007	18345.261317	187500.000000	187500.000000	87131.391422	103066.486486	113511.322559	134240.911512	-0.082000	0.776000	0.578000	192.000000	0.000000	0.000000	0.000000	0.000000	0.000000	0.000000	0.000000	0.000000	0.000000	1733433191.973989	0.000000
10.000000	87914.976527	18341.081541	187500.000000	187500.000000	87137.716965	103068.296977	113514.965894	134258.032949	-0.078000	0.770000	0.574000	192.000000	253.000000	144.000000	24.000000	16.000000	17.000000	240.000000	0.000000	0.000000	0.000000	1733433191.979019	0.000000
11.000000	87915.937652	18357.018335	187500.000000	187500.000000	87148.646968	103053.723640	113532.288496	134273.366245	-0.078000	0.770000	0.574000	192.000000	0.000000	0.000000	0.000000	0.000000	0.000000	0.000000	0.000000	0.000000	0.000000	1733433191.983248	0.000000
12.000000	87917.099943	18376.240835	187500.000000	187500.000000	87146.143573	103058.864541	113534.702484	134244.800716	-0.078000	0.770000	0.574000	192.000000	0.000000	0.000000	0.000000	0.000000	0.000000	0.000000	0.000000	0.000000	0.000000	1733433191.987011	0.000000
13.000000	87911.668469	18386.813210	187500.000000	187500.000000	87138.745146	103062.798448	113518.765690	134250.589818	-0.078000	0.770000	0.574000	192.000000	0.000000	0.000000	0.000000	0.000000	0.000000	0.000000	0.000000	0.000000	0.000000	1733433191.991282	0.000000
14.000000	87917.457571	18363.925024	187500.000000	187500.000000	87147.059995	103081.775079	113541.586821	134275.534365	-0.078000	0.770000	0.574000	192.000000	0.000000	0.000000	0.000000	0.000000	0.000000	0.000000	0.000000	0.000000	0.000000	1733433191.995342	0.000000
15.000000	87917.301109	18353.486759	187500.000000	187500.000000	87151.955027	103062.798448	113542.704408	134268.247696	-0.078000	0.770000	0.574000	192.000000	0.000000	0.000000	0.000000	0.000000	0.000000	0.000000	0.000000	0.000000	0.000000	1733433191.999309	0.000000
16.000000	87914.887120	18356.548948	187500.000000	187500.000000	87147.529381	103054.058916	113546.124225	134244.331329	-0.078000	0.770000	0.574000	192.000000	0.000000	0.000000	0.000000	0.000000	0.000000	0.000000	0.000000	0.000000	0.000000	1733433192.002259	0.000000
17.000000	87908.583928	18350.446922	187500.000000	187500.000000	87137.001710	103052.963680	113533.070807	134248.287588	-0.078000	0.770000	0.574000	192.000000	0.000000	0.000000	0.000000	0.000000	0.000000	0.000000	0.000000	0.000000	0.000000	1733433192.007150	0.000000
18.000000	87897.005725	18329.793910	187500.000000	187500.000000	87125.311747	103035.238747	113523.347798	134255.373091	-0.078000	0.770000	0.574000	192.000000	0.000000	0.000000	0.000000	0.000000	0.000000	0.000000	0.000000	0.000000	0.000000	1733433192.011080	0.000000
19.000000	87895.128178	18334.666590	187500.000000	187500.000000	87110.693706	103023.280564	113510.853173	134249.896914	-0.078000	0.770000	0.574000	192.000000	0.000000	0.000000	0.000000	0.000000	0.000000	0.000000	0.000000	0.000000	0.000000	1733433192.015080	0.000000
20.000000	87905.499387	18362.494512	187500.000000	187500.000000	87121.444895	103054.573006	113522.118452	134251.305074	-0.084000	0.772000	0.568000	192.000000	253.000000	96.000000	24.000000	32.000000	17.000000	192.000000	0.000000	0.000000	0.000000	1733433192.019065	0.000000
21.000000	87902.995992	18351.519805	187500.000000	187500.000000	87126.608148	103066.642948	113529.829804	134266.995998	-0.084000	0.772000	0.568000	192.000000	0.000000	0.000000	0.000000	0.000000	0.000000	0.000000	0.000000	0.000000	0.000000	1733433192.022080	0.000000
22.000000	87894.412922	18345.887166	187500.000000	187500.000000	87116.303994	103048.985070	113532.489661	134252.623827	-0.084000	0.772000	0.568000	192.000000	0.000000	0.000000	0.000000	0.000000	0.000000	0.000000	0.000000	0.000000	0.000000	1733433192.026069	0.000000
23.000000	87901.945460	18354.492587	187500.000000	187500.000000	87120.953157	103048.806256	113522.923115	134242.543190	-0.084000	0.772000	0.568000	192.000000	0.000000	0.000000	0.000000	0.000000	0.000000	0.000000	0.000000	0.000000	0.000000	1733433192.030138	0.000000
24.000000	87914.127161	18375.235006	187500.000000	187500.000000	87137.247579	103076.477716	113528.645161	134249.472231	-0.084000	0.772000	0.568000	192.000000	0.000000	0.000000	0.000000	0.000000	0.000000	0.000000	0.000000	0.000000	0.000000	1733433192.034186	0.000000
25.000000	87922.330251	18377.917216	187500.000000	187500.000000	87139.415698	103065.212436	113541.653877	134261.966856	-0.084000	0.772000	0.568000	192.000000	0.000000	0.000000	0.000000	0.000000	0.000000	0.000000	0.000000	0.000000	0.000000	1733433192.039138	0.000000
26.000000	87922.464361	18346.088331	187500.000000	187500.000000	87143.751936	103056.137628	113545.163100	134255.887181	-0.084000	0.772000	0.568000	192.000000	0.000000	0.000000	0.000000	0.000000	0.000000	0.000000	0.000000	0.000000	0.000000	1733433192.043323	0.000000
27.000000	87922.620824	18351.922137	187500.000000	187500.000000	87140.466230	103057.434029	113538.614039	134263.486774	-0.084000	0.772000	0.568000	192.000000	0.000000	0.000000	0.000000	0.000000	0.000000	0.000000	0.000000	0.000000	0.000000	1733433192.047247	0.000000
28.000000	87926.219455	18369.200035	187500.000000	187500.000000	87137.806372	103065.279492	113540.044551	134267.398330	-0.084000	0.772000	0.568000	192.000000	0.000000	0.000000	0.000000	0.000000	0.000000	0.000000	0.000000	0.000000	0.000000	1733433192.050321	0.000000
29.000000	87930.153362	18410.349597	187500.000000	187500.000000	87138.767497	103101.332855	113527.639333	134246.834725	-0.084000	0.772000	0.568000	192.000000	0.000000	0.000000	0.000000	0.000000	0.000000	0.000000	0.000000	0.000000	0.000000	1733433192.054542	0.000000
30.000000	87918.932786	18390.478896	187500.000000	187500.000000	87129.692689	103087.653588	113527.237001	134234.876541	-0.082000	0.772000	0.570000	192.000000	253.000000	112.000000	24.000000	32.000000	17.000000	208.000000	0.000000	0.000000	0.000000	1733433192.058298	0.000000
31.000000	87905.298222	18335.203032	187500.000000	187500.000000	87128.508047	103047.554558	113533.786062	134243.034928	-0.082000	0.772000	0.570000	192.000000	0.000000	0.000000	0.000000	0.000000	0.000000	0.000000	0.000000	0.000000	0.000000	1733433192.062125	0.000000
32.000000	87906.795789	18335.605363	187500.000000	187500.000000	87129.089192	103047.152227	113523.616019	134237.759917	-0.082000	0.772000	0.570000	192.000000	0.000000	0.000000	0.000000	0.000000	0.000000	0.000000	0.000000	0.000000	0.000000	1733433192.067151	0.000000
33.000000	87901.610184	18340.522747	187500.000000	187500.000000	87124.663547	103065.972396	113511.836649	134238.966911	-0.082000	0.772000	0.570000	192.000000	0.000000	0.000000	0.000000	0.000000	0.000000	0.000000	0.000000	0.000000	0.000000	1733433192.071121	0.000000
34.000000	87903.286565	18344.322544	187500.000000	187500.000000	87129.424468	103043.643003	113513.468327	134252.824992	-0.082000	0.772000	0.570000	192.000000	0.000000	0.000000	0.000000	0.000000	0.000000	0.000000	0.000000	0.000000	0.000000	1733433192.075163	0.000000
35.000000	87898.302126	18345.931869	187500.000000	187500.000000	87121.221378	103023.973468	113516.374054	134254.657835	-0.082000	0.772000	0.570000	192.000000	0.000000	0.000000	0.000000	0.000000	0.000000	0.000000	0.000000	0.000000	0.000000	1733433192.078176	0.000000
36.000000	87902.325440	18364.170893	187500.000000	187500.000000	87116.147532	103046.548730	113521.671417	134259.530516	-0.082000	0.772000	0.570000	192.000000	0.000000	0.000000	0.000000	0.000000	0.000000	0.000000	0.000000	0.000000	0.000000	1733433192.082268	0.000000
37.000000	87901.543129	18358.739419	187500.000000	187500.000000	87116.952195	103027.192119	113511.233152	134268.292399	-0.082000	0.772000	0.570000	192.000000	0.000000	0.000000	0.000000	0.000000	0.000000	0.000000	0.000000	0.000000	0.000000	1733433192.086519	0.000000
38.000000	87889.830815	18363.433285	187500.000000	187500.000000	87123.769477	103034.501139	113518.653931	134277.367208	-0.082000	0.772000	0.570000	192.000000	0.000000	0.000000	0.000000	0.000000	0.000000	0.000000	0.000000	0.000000	0.000000	1733433192.090524	0.000000
39.000000	87897.139835	18354.581994	187500.000000	187500.000000	87127.502218	103046.436971	113525.158289	134276.160213	-0.082000	0.772000	0.570000	192.000000	0.000000	0.000000	0.000000	0.000000	0.000000	0.000000	0.000000	0.000000	0.000000	1733433192.095387	0.000000
40.000000	87900.224376	18350.290459	187500.000000	187500.000000	87132.732526	103040.849035	113535.149519	134256.602437	-0.082000	0.768000	0.566000	192.000000	253.000000	112.000000	24.000000	0.000000	17.000000	176.000000	0.000000	0.000000	0.000000	1733433192.099489	0.000000
41.000000	87892.937707	18340.612154	187500.000000	187500.000000	87133.090154	103041.385477	113538.546984	134236.642329	-0.082000	0.768000	0.566000	192.000000	0.000000	0.000000	0.000000	0.000000	0.000000	0.000000	0.000000	0.000000	0.000000	1733433192.103188	0.000000
42.000000	87890.747236	18315.645256	187500.000000	187500.000000	87140.801506	103070.330986	113534.434263	134244.823068	-0.082000	0.768000	0.566000	192.000000	0.000000	0.000000	0.000000	0.000000	0.000000	0.000000	0.000000	0.000000	0.000000	1733433192.106213	0.000000
43.000000	87894.189405	18325.815299	187500.000000	187500.000000	87146.814125	103067.604073	113534.546022	134256.468327	-0.082000	0.768000	0.566000	192.000000	0.000000	0.000000	0.000000	0.000000	0.000000	0.000000	0.000000	0.000000	0.000000	1733433192.110218	0.000000
44.000000	87896.424579	18340.858023	187500.000000	187500.000000	87135.906474	103047.934538	113511.434318	134244.264274	-0.082000	0.768000	0.566000	192.000000	0.000000	0.000000	0.000000	0.000000	0.000000	0.000000	0.000000	0.000000	0.000000	1733433192.114408	0.000000
45.000000	87892.043637	18334.152500	187500.000000	187500.000000	87132.285492	103036.266927	113516.038777	134220.616129	-0.082000	0.768000	0.566000	192.000000	0.000000	0.000000	0.000000	0.000000	0.000000	0.000000	0.000000	0.000000	0.000000	1733433192.118338	0.000000
46.000000	87898.100960	18339.852195	187500.000000	187500.000000	87147.462326	103059.959776	113543.330257	134245.314806	-0.082000	0.768000	0.566000	192.000000	0.000000	0.000000	0.000000	0.000000	0.000000	0.000000	0.000000	0.000000	0.000000	1733433192.123344	0.000000
47.000000	87910.036792	18390.009509	187500.000000	187500.000000	87149.518686	103034.165863	113535.775368	134253.137917	-0.082000	0.768000	0.566000	192.000000	0.000000	0.000000	0.000000	0.000000	0.000000	0.000000	0.000000	0.000000	0.000000	1733433192.127480	0.000000
48.000000	87902.861882	18362.628622	187500.000000	187500.000000	87142.455535	103030.880157	113529.494528	134226.896969	-0.082000	0.768000	0.566000	192.000000	0.000000	0.000000	0.000000	0.000000	0.000000	0.000000	0.000000	0.000000	0.000000	1733433192.131256	0.000000
49.000000	87897.765684	18323.647180	187500.000000	187500.000000	87142.813163	103044.693535	113530.679170	134241.693824	-0.082000	0.768000	0.566000	192.000000	0.000000	0.000000	0.000000	0.000000	0.000000	0.000000	0.000000	0.000000	0.000000	1733433192.134265	0.000000
50.000000	87904.515911	18339.628677	187500.000000	187500.000000	87149.853963	103049.074477	113531.595591	134252.087385	-0.086000	0.772000	0.564000	192.000000	253.000000	80.000000	24.000000	32.000000	17.000000	160.000000	0.000000	0.000000	0.000000	1733433192.138298	0.000000
51.000000	87899.553823	18342.087369	187500.000000	187500.000000	87149.541038	103040.960794	113528.533403	134245.806545	-0.086000	0.772000	0.564000	192.000000	0.000000	0.000000	0.000000	0.000000	0.000000	0.000000	0.000000	0.000000	0.000000	1733433192.142341	0.000000
52.000000	87903.308916	18347.965878	187500.000000	187500.000000	87150.748032	103048.850959	113534.993057	134247.080594	-0.086000	0.772000	0.564000	192.000000	0.000000	0.000000	0.000000	0.000000	0.000000	0.000000	0.000000	0.000000	0.000000	1733433192.146315	0.000000
53.000000	87905.968774	18360.885186	187500.000000	187500.000000	87151.887971	103065.950044	113538.122301	134242.498486	-0.086000	0.772000	0.564000	192.000000	0.000000	0.000000	0.000000	0.000000	0.000000	0.000000	0.000000	0.000000	0.000000	1733433192.150347	0.000000
54.000000	87900.425541	18364.819093	187500.000000	187500.000000	87146.344739	103077.707061	113532.333199	134233.155457	-0.086000	0.772000	0.564000	192.000000	0.000000	0.000000	0.000000	0.000000	0.000000	0.000000	0.000000	0.000000	0.000000	1733433192.155404	0.000000
55.000000	87902.347791	18390.411841	187500.000000	187500.000000	87142.500239	103053.678936	113516.888144	134242.431431	-0.086000	0.772000	0.564000	192.000000	0.000000	0.000000	0.000000	0.000000	0.000000	0.000000	0.000000	0.000000	0.000000	1733433192.158538	0.000000
56.000000	87895.888137	18344.277840	187500.000000	187500.000000	87136.040585	103013.155224	113522.923115	134240.240960	-0.086000	0.772000	0.564000	192.000000	0.000000	0.000000	0.000000	0.000000	0.000000	0.000000	0.000000	0.000000	0.000000	1733433192.162578	0.000000
57.000000	87890.210794	18315.108814	187500.000000	187500.000000	87130.944387	103010.204793	113517.223420	134242.900818	-0.086000	0.772000	0.564000	192.000000	0.000000	0.000000	0.000000	0.000000	0.000000	0.000000	0.000000	0.000000	0.000000	1733433192.166672	0.000000
58.000000	87889.808463	18320.629695	187500.000000	187500.000000	87138.476925	103036.311631	113525.694731	134241.135030	-0.086000	0.772000	0.564000	192.000000	0.000000	0.000000	0.000000	0.000000	0.000000	0.000000	0.000000	0.000000	0.000000	1733433192.170317	0.000000
59.000000	87878.811405	18314.438261	187500.000000	187500.000000	87127.792791	103015.077474	113521.894934	134249.673396	-0.086000	0.772000	0.564000	192.000000	0.000000	0.000000	0.000000	0.000000	0.000000	0.000000	0.000000	0.000000	0.000000	1733433192.174307	0.000000
60.000000	87888.646172	18326.955238	187500.000000	187500.000000	87135.884122	103042.190140	113537.675266	134255.551905	-0.084000	0.774000	0.568000	192.000000	253.000000	96.000000	24.000000	48.000000	17.000000	192.000000	0.000000	0.000000	0.000000	1733433192.179326	0.000000
61.000000	87891.507195	18347.049456	187500.000000	187500.000000	87139.348643	103063.357242	113548.046475	134248.578161	-0.084000	0.774000	0.568000	192.000000	0.000000	0.000000	0.000000	0.000000	0.000000	0.000000	0.000000	0.000000	0.000000	1733433192.183349	0.000000
62.000000	87886.299239	18346.915346	187500.000000	187500.000000	87136.152343	103048.873311	113543.956106	134245.895951	-0.084000	0.774000	0.568000	192.000000	0.000000	0.000000	0.000000	0.000000	0.000000	0.000000	0.000000	0.000000	0.000000	1733433192.186325	0.000000
63.000000	87887.863861	18338.712256	187500.000000	187500.000000	87142.768460	103062.172599	113545.319563	134234.697728	-0.084000	0.774000	0.568000	192.000000	0.000000	0.000000	0.000000	0.000000	0.000000	0.000000	0.000000	0.000000	0.000000	1733433192.190538	0.000000
64.000000	87893.094169	18332.878450	187500.000000	187500.000000	87152.536172	103059.311576	113549.946374	134250.813335	-0.084000	0.774000	0.568000	192.000000	0.000000	0.000000	0.000000	0.000000	0.000000	0.000000	0.000000	0.000000	0.000000	1733433192.194529	0.000000
65.000000	87900.984335	18347.384733	187500.000000	187500.000000	87159.174640	103044.805294	113555.422551	134254.836649	-0.084000	0.774000	0.568000	192.000000	0.000000	0.000000	0.000000	0.000000	0.000000	0.000000	0.000000	0.000000	0.000000	1733433192.198999	0.000000
66.000000	87896.290469	18368.171855	187500.000000	187500.000000	87149.965721	103052.471942	113552.405066	134238.229303	-0.084000	0.774000	0.568000	192.000000	0.000000	0.000000	0.000000	0.000000	0.000000	0.000000	0.000000	0.000000	0.000000	1733433192.202654	0.000000
67.000000	87894.278812	18333.146671	187500.000000	187500.000000	87138.543980	103046.392268	113539.217536	134230.875579	-0.084000	0.774000	0.568000	192.000000	0.000000	0.000000	0.000000	0.000000	0.000000	0.000000	0.000000	0.000000	0.000000	1733433192.206560	0.000000
68.000000	87888.757931	18322.663703	187500.000000	187500.000000	87133.425430	103029.673163	113538.323467	134245.203047	-0.084000	0.774000	0.568000	192.000000	0.000000	0.000000	0.000000	0.000000	0.000000	0.000000	0.000000	0.000000	0.000000	1733433192.211414	0.000000
69.000000	87891.462492	18336.611192	187500.000000	187500.000000	87134.431259	103041.854863	113542.413836	134235.703556	-0.084000	0.774000	0.568000	192.000000	0.000000	0.000000	0.000000	0.000000	0.000000	0.000000	0.000000	0.000000	0.000000	1733433192.214403	0.000000
70.000000	87896.156358	18345.149558	187500.000000	187500.000000	87135.437087	103037.384514	113539.463406	134239.905684	-0.084000	0.768000	0.566000	192.000000	253.000000	96.000000	24.000000	0.000000	17.000000	176.000000	0.000000	0.000000	0.000000	1733433192.218486	0.000000
71.000000	87890.300201	18341.796797	187500.000000	187500.000000	87132.084326	103049.633270	113534.456615	134255.864830	-0.084000	0.768000	0.566000	192.000000	0.000000	0.000000	0.000000	0.000000	0.000000	0.000000	0.000000	0.000000	0.000000	1733433192.222481	0.000000
72.000000	87891.574251	18374.028012	187500.000000	187500.000000	87129.580930	103076.634178	113507.992149	134240.755050	-0.084000	0.768000	0.566000	192.000000	0.000000	0.000000	0.000000	0.000000	0.000000	0.000000	0.000000	0.000000	0.000000	1733433192.226458	0.000000
73.000000	87893.205928	18361.980422	187500.000000	187500.000000	87122.495427	103028.957907	113517.648103	134245.828896	-0.084000	0.768000	0.566000	192.000000	0.000000	0.000000	0.000000	0.000000	0.000000	0.000000	0.000000	0.000000	0.000000	1733433192.230566	0.000000
74.000000	87877.582059	18303.351796	187500.000000	187500.000000	87110.470189	102999.386549	113530.209783	134218.582120	-0.084000	0.768000	0.566000	192.000000	0.000000	0.000000	0.000000	0.000000	0.000000	0.000000	0.000000	0.000000	0.000000	1733433192.234660	0.000000
75.000000	87878.163204	18305.050529	187500.000000	187500.000000	87126.809314	103021.514776	113537.675266	134216.391649	-0.084000	0.768000	0.566000	192.000000	0.000000	0.000000	0.000000	0.000000	0.000000	0.000000	0.000000	0.000000	0.000000	1733433192.239714	0.000000
76.000000	87878.386721	18311.309017	187500.000000	187500.000000	87133.760707	103035.596375	113554.126150	134239.726870	-0.084000	0.768000	0.566000	192.000000	0.000000	0.000000	0.000000	0.000000	0.000000	0.000000	0.000000	0.000000	0.000000	1733433192.242704	0.000000
77.000000	87879.079625	18333.772520	187500.000000	187500.000000	87142.567294	103063.625462	113563.133903	134236.888198	-0.084000	0.768000	0.566000	192.000000	0.000000	0.000000	0.000000	0.000000	0.000000	0.000000	0.000000	0.000000	0.000000	1733433192.246467	0.000000
78.000000	87883.326457	18343.696695	187500.000000	187500.000000	87137.672262	103039.396171	113554.774350	134231.166152	-0.084000	0.768000	0.566000	192.000000	0.000000	0.000000	0.000000	0.000000	0.000000	0.000000	0.000000	0.000000	0.000000	1733433192.250552	0.000000
79.000000	87881.828890	18347.787064	187500.000000	187500.000000	87141.717928	103054.416544	113542.324429	134234.049527	-0.084000	0.768000	0.566000	192.000000	0.000000	0.000000	0.000000	0.000000	0.000000	0.000000	0.000000	0.000000	0.000000	1733433192.254483	0.000000
80.000000	87878.699646	18337.907593	187500.000000	187500.000000	87130.430297	103035.216395	113526.074711	134248.332292	-0.084000	0.768000	0.566000	192.000000	0.000000	0.000000	0.000000	0.000000	0.000000	0.000000	0.000000	0.000000	0.000000	1733433192.258480	0.000000
81.000000	87872.530564	18320.853212	187500.000000	187500.000000	87115.633442	103005.399168	113521.827879	134255.820126	-0.084000	0.764000	0.566000	192.000000	253.000000	96.000000	23.000000	224.000000	17.000000	176.000000	0.000000	0.000000	0.000000	1733433192.262448	0.000000
82.000000	87867.568477	18310.750223	187500.000000	187500.000000	87109.419657	103004.125119	113534.188394	134235.457687	-0.084000	0.764000	0.566000	192.000000	0.000000	0.000000	0.000000	0.000000	0.000000	0.000000	0.000000	0.000000	0.000000	1733433192.267776	0.000000
83.000000	87868.283733	18318.439224	187500.000000	187500.000000	87106.960965	103005.689741	113538.681094	134217.911567	-0.084000	0.764000	0.566000	192.000000	0.000000	0.000000	0.000000	0.000000	0.000000	0.000000	0.000000	0.000000	0.000000	1733433192.270553	0.000000
84.000000	87875.145718	18328.542212	187500.000000	187500.000000	87107.296241	102992.658674	113530.343894	134229.020384	-0.084000	0.764000	0.566000	192.000000	0.000000	0.000000	0.000000	0.000000	0.000000	0.000000	0.000000	0.000000	0.000000	1733433192.274744	0.000000
85.000000	87874.385759	18328.676323	187500.000000	187500.000000	87110.917224	102991.943418	113527.706388	134197.616183	-0.084000	0.764000	0.566000	192.000000	0.000000	0.000000	0.000000	0.000000	0.000000	0.000000	0.000000	0.000000	0.000000	1733433192.278693	0.000000
86.000000	87873.357579	18324.541250	187500.000000	187500.000000	87105.709267	102991.563438	113533.875469	134195.649230	-0.084000	0.764000	0.566000	192.000000	0.000000	0.000000	0.000000	0.000000	0.000000	0.000000	0.000000	0.000000	0.000000	1733433192.282756	0.000000
87.000000	87868.708416	18328.050474	187500.000000	187500.000000	87094.488692	102998.760700	113526.924077	134214.491751	-0.084000	0.764000	0.566000	192.000000	0.000000	0.000000	0.000000	0.000000	0.000000	0.000000	0.000000	0.000000	0.000000	1733433192.286471	0.000000
88.000000	87860.102994	18306.168116	187500.000000	187500.000000	87092.387628	102993.016302	113523.817184	134212.591852	-0.084000	0.764000	0.566000	192.000000	0.000000	0.000000	0.000000	0.000000	0.000000	0.000000	0.000000	0.000000	0.000000	1733433192.290479	0.000000
89.000000	87854.783279	18304.491735	187500.000000	187500.000000	87097.461474	102990.669369	113542.637353	134221.912530	-0.084000	0.764000	0.566000	192.000000	0.000000	0.000000	0.000000	0.000000	0.000000	0.000000	0.000000	0.000000	0.000000	1733433192.294503	0.000000
90.000000	87856.906695	18313.678302	187500.000000	187500.000000	87097.260308	103009.780110	113528.935734	134226.718155	-0.084000	0.764000	0.566000	192.000000	0.000000	0.000000	0.000000	0.000000	0.000000	0.000000	0.000000	0.000000	0.000000	1733433192.297591	0.000000
91.000000	87861.935837	18311.152555	187500.000000	187500.000000	87104.703439	102980.275807	113533.361379	134227.992204	-0.080000	0.768000	0.574000	192.000000	253.000000	128.000000	24.000000	0.000000	17.000000	240.000000	0.000000	0.000000	0.000000	1733433192.302865	0.000000
92.000000	87860.326512	18298.680281	187500.000000	187500.000000	87106.089247	102970.530447	113535.417740	134227.701632	-0.080000	0.768000	0.574000	192.000000	0.000000	0.000000	0.000000	0.000000	0.000000	0.000000	0.000000	0.000000	0.000000	1733433192.306674	0.000000
93.000000	87863.321646	18301.876581	187500.000000	187500.000000	87107.944442	102978.465316	113529.047493	134221.599605	-0.080000	0.768000	0.574000	192.000000	0.000000	0.000000	0.000000	0.000000	0.000000	0.000000	0.000000	0.000000	0.000000	1733433192.310722	0.000000
94.000000	87872.977599	18327.022293	187500.000000	187500.000000	87108.413828	102975.716052	113529.226307	134221.577254	-0.080000	0.768000	0.574000	192.000000	0.000000	0.000000	0.000000	0.000000	0.000000	0.000000	0.000000	0.000000	0.000000	1733433192.314552	0.000000
95.000000	87858.091337	18303.374148	187500.000000	187500.000000	87099.339020	102978.264150	113526.164118	134210.289623	-0.080000	0.768000	0.574000	192.000000	0.000000	0.000000	0.000000	0.000000	0.000000	0.000000	0.000000	0.000000	0.000000	1733433192.318570	0.000000
96.000000	87862.069948	18298.724985	187500.000000	187500.000000	87112.012459	102999.319494	113542.860871	134220.482018	-0.080000	0.768000	0.574000	192.000000	0.000000	0.000000	0.000000	0.000000	0.000000	0.000000	0.000000	0.000000	0.000000	1733433192.322550	0.000000
97.000000	87870.205983	18317.969837	187500.000000	187500.000000	87113.107695	103019.525471	113553.254432	134245.381861	-0.080000	0.768000	0.574000	192.000000	0.000000	0.000000	0.000000	0.000000	0.000000	0.000000	0.000000	0.000000	0.000000	1733433192.325553	0.000000
98.000000	87870.563611	18352.391523	187500.000000	187500.000000	87103.183520	103015.546860	113555.981345	134250.858039	-0.080000	0.768000	0.574000	192.000000	0.000000	0.000000	0.000000	0.000000	0.000000	0.000000	0.000000	0.000000	0.000000	1733433192.329633	0.000000
99.000000	87869.088396	18313.946523	187500.000000	187500.000000	87106.670392	102975.671348	113543.978458	134229.065088	-0.080000	0.768000	0.574000	192.000000	0.000000	0.000000	0.000000	0.000000	0.000000	0.000000	0.000000	0.000000	0.000000	1733433192.334541	0.000000
100.000000	87871.770605	18297.897970	187500.000000	187500.000000	87106.536282	102975.179610	113542.927926	134242.409079	-0.080000	0.768000	0.574000	192.000000	0.000000	0.000000	0.000000	0.000000	0.000000	0.000000	0.000000	0.000000	0.000000	1733433192.338661	0.000000
101.000000	87863.455756	18294.522857	187500.000000	187500.000000	87106.960965	102983.717976	113540.536289	134238.497524	-0.080000	0.766000	0.582000	192.000000	253.000000	128.000000	23.000000	240.000000	18.000000	48.000000	0.000000	0.000000	0.000000	1733433192.342813	0.000000
102.000000	87868.529602	18315.600552	187500.000000	187500.000000	87116.393401	102991.183459	113536.758844	134234.720079	-0.080000	0.766000	0.582000	192.000000	0.000000	0.000000	0.000000	0.000000	0.000000	0.000000	0.000000	0.000000	0.000000	1733433192.346952	0.000000
103.000000	87878.721998	18330.106834	187500.000000	187500.000000	87118.449762	103001.845241	113547.040647	134202.958250	-0.080000	0.766000	0.582000	192.000000	0.000000	0.000000	0.000000	0.000000	0.000000	0.000000	0.000000	0.000000	0.000000	1733433192.350627	0.000000
104.000000	87873.894021	18336.767654	187500.000000	187500.000000	87114.493503	102985.461412	113560.362287	134208.657945	-0.080000	0.766000	0.582000	192.000000	0.000000	0.000000	0.000000	0.000000	0.000000	0.000000	0.000000	0.000000	0.000000	1733433192.353853	0.000000
105.000000	87877.023265	18319.154479	187500.000000	187500.000000	87110.000802	102970.485743	113538.502281	134228.238073	-0.080000	0.766000	0.582000	192.000000	0.000000	0.000000	0.000000	0.000000	0.000000	0.000000	0.000000	0.000000	0.000000	1733433192.357597	0.000000
106.000000	87873.134061	18308.671511	187500.000000	187500.000000	87112.370087	102964.271958	113532.579068	134220.012631	-0.080000	0.766000	0.582000	192.000000	0.000000	0.000000	0.000000	0.000000	0.000000	0.000000	0.000000	0.000000	0.000000	1733433192.362632	0.000000
107.000000	87871.949419	18312.448956	187500.000000	187500.000000	87113.152398	102967.959996	113550.192243	134219.766762	-0.080000	0.766000	0.582000	192.000000	0.000000	0.000000	0.000000	0.000000	0.000000	0.000000	0.000000	0.000000	0.000000	1733433192.366936	0.000000
108.000000	87876.889155	18325.725892	187500.000000	187500.000000	87118.405058	102986.869572	113550.505167	134212.793018	-0.080000	0.766000	0.582000	192.000000	0.000000	0.000000	0.000000	0.000000	0.000000	0.000000	0.000000	0.000000	0.000000	1733433192.370646	0.000000
109.000000	87884.399341	18345.462483	187500.000000	187500.000000	87125.669375	102974.956092	113543.218499	134216.615166	-0.080000	0.766000	0.582000	192.000000	0.000000	0.000000	0.000000	0.000000	0.000000	0.000000	0.000000	0.000000	0.000000	1733433192.374731	0.000000
110.000000	87887.036847	18350.201052	187500.000000	187500.000000	87125.758782	102974.374947	113552.874452	134220.839646	-0.080000	0.766000	0.582000	192.000000	0.000000	0.000000	0.000000	0.000000	0.000000	0.000000	0.000000	0.000000	0.000000	1733433192.377797	0.000000
111.000000	87881.225393	18338.578145	187500.000000	187500.000000	87119.477942	102990.714072	113552.896804	134233.446030	-0.082000	0.776000	0.584000	192.000000	253.000000	112.000000	24.000000	64.000000	18.000000	64.000000	0.000000	0.000000	0.000000	1733433192.381903	0.000000
112.000000	87881.448910	18322.350779	187500.000000	187500.000000	87120.126143	102982.846258	113561.971612	134255.686016	-0.082000	0.776000	0.584000	192.000000	0.000000	0.000000	0.000000	0.000000	0.000000	0.000000	0.000000	0.000000	0.000000	1733433192.385807	0.000000
113.000000	87878.856108	18318.841555	187500.000000	187500.000000	87118.628576	103006.427348	113559.222348	134240.889161	-0.082000	0.776000	0.584000	192.000000	0.000000	0.000000	0.000000	0.000000	0.000000	0.000000	0.000000	0.000000	0.000000	1733433192.390668	0.000000
114.000000	87882.097111	18315.757014	187500.000000	187500.000000	87114.962890	102968.518790	113541.855042	134221.800771	-0.082000	0.776000	0.584000	192.000000	0.000000	0.000000	0.000000	0.000000	0.000000	0.000000	0.000000	0.000000	0.000000	1733433192.394665	0.000000
115.000000	87874.721035	18307.956255	187500.000000	187500.000000	87111.364259	102958.639319	113545.498377	134216.324594	-0.082000	0.776000	0.584000	192.000000	0.000000	0.000000	0.000000	0.000000	0.000000	0.000000	0.000000	0.000000	0.000000	1733433192.397798	0.000000
116.000000	87879.817233	18324.451843	187500.000000	187500.000000	87123.009518	102970.776316	113554.126150	134234.921245	-0.082000	0.776000	0.584000	192.000000	0.000000	0.000000	0.000000	0.000000	0.000000	0.000000	0.000000	0.000000	0.000000	1733433192.401707	0.000000
117.000000	87883.259402	18356.660707	187500.000000	187500.000000	87133.380727	103009.780110	113567.358383	134252.333254	-0.082000	0.776000	0.584000	192.000000	0.000000	0.000000	0.000000	0.000000	0.000000	0.000000	0.000000	0.000000	0.000000	1733433192.406742	0.000000
118.000000	87879.481957	18328.564564	187500.000000	187500.000000	87115.544035	102990.110575	113567.336031	134244.063108	-0.082000	0.776000	0.584000	192.000000	0.000000	0.000000	0.000000	0.000000	0.000000	0.000000	0.000000	0.000000	0.000000	1733433192.410860	0.000000
119.000000	87863.768681	18299.216723	187500.000000	187500.000000	87102.736485	102968.541142	113554.304964	134240.062146	-0.082000	0.776000	0.584000	192.000000	0.000000	0.000000	0.000000	0.000000	0.000000	0.000000	0.000000	0.000000	0.000000	1733433192.414926	0.000000
120.000000	87855.833811	18310.683168	187500.000000	187500.000000	87095.583927	102974.732575	113539.664571	134233.066050	-0.082000	0.776000	0.584000	192.000000	0.000000	0.000000	0.000000	0.000000	0.000000	0.000000	0.000000	0.000000	0.000000	1733433192.417989	0.000000
121.000000	87853.889209	18334.197203	187500.000000	187500.000000	87097.327363	102989.194153	113525.940600	134253.227324	-0.082000	0.774000	0.578000	192.000000	253.000000	112.000000	24.000000	48.000000	18.000000	16.000000	0.000000	0.000000	0.000000	1733433192.422114	0.000000
122.000000	87844.724994	18314.594724	187500.000000	187500.000000	87087.224375	103007.656694	113511.724891	134244.085460	-0.082000	0.774000	0.578000	192.000000	0.000000	0.000000	0.000000	0.000000	0.000000	0.000000	0.000000	0.000000	0.000000	1733433192.425943	0.000000
123.000000	87850.916427	18306.950427	187500.000000	187500.000000	87097.305011	102979.158220	113545.207804	134230.562655	-0.082000	0.774000	0.578000	192.000000	0.000000	0.000000	0.000000	0.000000	0.000000	0.000000	0.000000	0.000000	0.000000	1733433192.429727	0.000000
124.000000	87861.220582	18316.807546	187500.000000	187500.000000	87106.335116	102997.285485	113564.765580	134214.581158	-0.082000	0.774000	0.578000	192.000000	0.000000	0.000000	0.000000	0.000000	0.000000	0.000000	0.000000	0.000000	0.000000	1733433192.434904	0.000000
125.000000	87865.936800	18317.500450	187500.000000	187500.000000	87113.152398	103000.682950	113560.161121	134208.456780	-0.082000	0.774000	0.578000	192.000000	0.000000	0.000000	0.000000	0.000000	0.000000	0.000000	0.000000	0.000000	0.000000	1733433192.438719	0.000000
126.000000	87865.690931	18317.008712	187500.000000	187500.000000	87114.381744	102976.453659	113559.579976	134213.776495	-0.082000	0.774000	0.578000	192.000000	0.000000	0.000000	0.000000	0.000000	0.000000	0.000000	0.000000	0.000000	0.000000	1733433192.442772	0.000000
127.000000	87866.808518	18315.935828	187500.000000	187500.000000	87107.497407	102976.990101	113551.198071	134215.229358	-0.082000	0.774000	0.578000	192.000000	0.000000	0.000000	0.000000	0.000000	0.000000	0.000000	0.000000	0.000000	0.000000	1733433192.445800	0.000000
128.000000	87864.238067	18318.372168	187500.000000	187500.000000	87101.127160	102986.310778	113548.314696	134218.537416	-0.082000	0.774000	0.578000	192.000000	0.000000	0.000000	0.000000	0.000000	0.000000	0.000000	0.000000	0.000000	0.000000	1733433192.449795	0.000000
129.000000	87862.427576	18323.311904	187500.000000	187500.000000	87093.907546	102980.476973	113540.357475	134226.047602	-0.082000	0.774000	0.578000	192.000000	0.000000	0.000000	0.000000	0.000000	0.000000	0.000000	0.000000	0.000000	0.000000	1733433192.453951	0.000000
130.000000	87859.544201	18327.961067	187500.000000	187500.000000	87094.511043	102994.849145	113536.580031	134220.414963	-0.082000	0.774000	0.578000	192.000000	0.000000	0.000000	0.000000	0.000000	0.000000	0.000000	0.000000	0.000000	0.000000	1733433192.457820	0.000000
131.000000	87859.857125	18336.991171	187500.000000	187500.000000	87098.221433	102983.427403	113538.234060	134213.128294	-0.080000	0.774000	0.572000	192.000000	253.000000	128.000000	24.000000	48.000000	17.000000	224.000000	0.000000	0.000000	0.000000	1733433192.463061	0.000000
132.000000	87871.167108	18378.476009	187500.000000	187500.000000	87095.494520	102994.916200	113532.802586	134231.792001	-0.080000	0.774000	0.572000	192.000000	0.000000	0.000000	0.000000	0.000000	0.000000	0.000000	0.000000	0.000000	0.000000	1733433192.466787	0.000000
133.000000	87870.876535	18331.425587	187500.000000	187500.000000	87092.097055	103016.418578	113533.316676	134255.082518	-0.080000	0.774000	0.572000	192.000000	0.000000	0.000000	0.000000	0.000000	0.000000	0.000000	0.000000	0.000000	0.000000	1733433192.470802	0.000000
134.000000	87865.109785	18291.281854	187500.000000	187500.000000	87101.037753	102982.332168	113546.370095	134231.657890	-0.080000	0.774000	0.572000	192.000000	0.000000	0.000000	0.000000	0.000000	0.000000	0.000000	0.000000	0.000000	0.000000	1733433192.473800	0.000000
135.000000	87864.171012	18295.640444	187500.000000	187500.000000	87092.588793	102954.124266	113531.595591	134218.045678	-0.080000	0.774000	0.572000	192.000000	0.000000	0.000000	0.000000	0.000000	0.000000	0.000000	0.000000	0.000000	0.000000	1733433192.477825	0.000000
136.000000	87861.086471	18321.277895	187500.000000	187500.000000	87075.914392	102959.846313	113516.865792	134230.473248	-0.080000	0.774000	0.572000	192.000000	0.000000	0.000000	0.000000	0.000000	0.000000	0.000000	0.000000	0.000000	0.000000	1733433192.481805	0.000000
137.000000	87867.076739	18322.931924	187500.000000	187500.000000	87080.921183	102957.320566	113536.580031	134226.382879	-0.080000	0.774000	0.572000	192.000000	0.000000	0.000000	0.000000	0.000000	0.000000	0.000000	0.000000	0.000000	0.000000	1733433192.485828	0.000000
138.000000	87859.298332	18304.134107	187500.000000	187500.000000	87075.981447	102937.427513	113539.821033	134221.845474	-0.080000	0.774000	0.572000	192.000000	0.000000	0.000000	0.000000	0.000000	0.000000	0.000000	0.000000	0.000000	0.000000	1733433192.490918	0.000000
139.000000	87848.278922	18280.485961	187500.000000	187500.000000	87083.871613	102948.335165	113535.060112	134228.238073	-0.080000	0.774000	0.572000	192.000000	0.000000	0.000000	0.000000	0.000000	0.000000	0.000000	0.000000	0.000000	0.000000	1733433192.495066	0.000000
140.000000	87858.761890	18293.047642	187500.000000	187500.000000	87096.165072	102966.440078	113539.217536	134240.799754	-0.080000	0.774000	0.572000	192.000000	0.000000	0.000000	0.000000	0.000000	0.000000	0.000000	0.000000	0.000000	0.000000	1733433192.498138	0.000000
141.000000	87862.047596	18309.386767	187500.000000	187500.000000	87087.537299	102950.145656	113521.067920	134219.163265	-0.080000	0.764000	0.570000	192.000000	253.000000	128.000000	23.000000	224.000000	17.000000	208.000000	0.000000	0.000000	0.000000	1733433192.502122	0.000000
142.000000	87857.353730	18304.134107	187500.000000	187500.000000	87080.809424	102970.150467	113522.543135	134240.419774	-0.080000	0.764000	0.570000	192.000000	0.000000	0.000000	0.000000	0.000000	0.000000	0.000000	0.000000	0.000000	0.000000	1733433192.505890	0.000000
143.000000	87849.195343	18299.730813	187500.000000	187500.000000	87072.919258	102972.765621	113524.219516	134234.585969	-0.080000	0.764000	0.570000	192.000000	0.000000	0.000000	0.000000	0.000000	0.000000	0.000000	0.000000	0.000000	0.000000	1733433192.509832	0.000000
144.000000	87850.759965	18294.589912	187500.000000	187500.000000	87077.970752	102961.433287	113529.293362	134198.845529	-0.080000	0.764000	0.570000	192.000000	0.000000	0.000000	0.000000	0.000000	0.000000	0.000000	0.000000	0.000000	0.000000	1733433192.513833	0.000000
145.000000	87866.048558	18331.067959	187500.000000	187500.000000	87081.524680	102977.258322	113532.735530	134209.484960	-0.080000	0.764000	0.570000	192.000000	0.000000	0.000000	0.000000	0.000000	0.000000	0.000000	0.000000	0.000000	0.000000	1733433192.517856	0.000000
146.000000	87871.122404	18317.969837	187500.000000	187500.000000	87077.076683	102943.216615	113524.599495	134234.027175	-0.080000	0.764000	0.570000	192.000000	0.000000	0.000000	0.000000	0.000000	0.000000	0.000000	0.000000	0.000000	0.000000	1733433192.522881	0.000000
147.000000	87866.562649	18286.319767	187500.000000	187500.000000	87076.003799	102934.432380	113533.629600	134251.997978	-0.080000	0.764000	0.570000	192.000000	0.000000	0.000000	0.000000	0.000000	0.000000	0.000000	0.000000	0.000000	0.000000	1733433192.526082	0.000000
148.000000	87866.964980	18295.707499	187500.000000	187500.000000	87073.410997	102952.760810	113539.821033	134227.947501	-0.080000	0.764000	0.570000	192.000000	0.000000	0.000000	0.000000	0.000000	0.000000	0.000000	0.000000	0.000000	0.000000	1733433192.530042	0.000000
149.000000	87856.571419	18281.692956	187500.000000	187500.000000	87065.140851	102981.102822	113527.326408	134198.376143	-0.080000	0.764000	0.570000	192.000000	0.000000	0.000000	0.000000	0.000000	0.000000	0.000000	0.000000	0.000000	0.000000	1733433192.534144	0.000000
150.000000	87857.398433	18274.987432	187500.000000	187500.000000	87056.580133	102946.301156	113509.824992	134199.739599	-0.080000	0.764000	0.570000	192.000000	0.000000	0.000000	0.000000	0.000000	0.000000	0.000000	0.000000	0.000000	0.000000	1733433192.538122	0.000000
151.000000	87862.896963	18291.952406	187500.000000	187500.000000	87046.454793	102929.962031	113504.237056	134225.332347	-0.086000	0.766000	0.570000	192.000000	253.000000	80.000000	23.000000	240.000000	17.000000	208.000000	0.000000	0.000000	0.000000	1733433192.541913	0.000000
152.000000	87864.483936	18307.866848	187500.000000	187500.000000	87042.900865	102927.033952	113506.606341	134228.238073	-0.086000	0.766000	0.570000	192.000000	0.000000	0.000000	0.000000	0.000000	0.000000	0.000000	0.000000	0.000000	0.000000	1733433192.545887	0.000000
153.000000	87863.053425	18311.040796	187500.000000	187500.000000	87040.039842	102917.847385	113505.287588	134202.846492	-0.086000	0.766000	0.570000	192.000000	0.000000	0.000000	0.000000	0.000000	0.000000	0.000000	0.000000	0.000000	0.000000	1733433192.550950	0.000000
154.000000	87854.358596	18288.398479	187500.000000	187500.000000	87034.362499	102925.826958	113501.756013	134185.188614	-0.086000	0.766000	0.570000	192.000000	0.000000	0.000000	0.000000	0.000000	0.000000	0.000000	0.000000	0.000000	0.000000	1733433192.553926	0.000000
155.000000	87851.631683	18271.858188	187500.000000	187500.000000	87033.177857	102917.355647	113491.340100	134191.111826	-0.086000	0.766000	0.570000	192.000000	0.000000	0.000000	0.000000	0.000000	0.000000	0.000000	0.000000	0.000000	0.000000	1733433192.558146	0.000000
156.000000	87851.095241	18290.834819	187500.000000	187500.000000	87032.350842	102910.359551	113498.872638	134202.421809	-0.086000	0.766000	0.570000	192.000000	0.000000	0.000000	0.000000	0.000000	0.000000	0.000000	0.000000	0.000000	0.000000	1733433192.562079	0.000000
157.000000	87863.008721	18298.501468	187500.000000	187500.000000	87035.904769	102935.907595	113510.517896	134220.057335	-0.086000	0.766000	0.570000	192.000000	0.000000	0.000000	0.000000	0.000000	0.000000	0.000000	0.000000	0.000000	0.000000	1733433192.566191	0.000000
158.000000	87864.886268	18300.267255	187500.000000	187500.000000	87034.094278	102933.359496	113495.922207	134220.638480	-0.086000	0.766000	0.570000	192.000000	0.000000	0.000000	0.000000	0.000000	0.000000	0.000000	0.000000	0.000000	0.000000	1733433192.569957	0.000000
159.000000	87856.124384	18295.707499	187500.000000	187500.000000	87036.150639	102934.030048	113496.033966	134202.019477	-0.086000	0.766000	0.570000	192.000000	0.000000	0.000000	0.000000	0.000000	0.000000	0.000000	0.000000	0.000000	0.000000	1733433192.573938	0.000000
160.000000	87859.298332	18310.996093	187500.000000	187500.000000	87035.077755	102892.120527	113498.470306	134193.391704	-0.086000	0.766000	0.570000	192.000000	0.000000	0.000000	0.000000	0.000000	0.000000	0.000000	0.000000	0.000000	0.000000	1733433192.578952	0.000000
161.000000	87860.952361	18323.133090	187500.000000	187500.000000	87030.339185	102895.450937	113487.093268	134191.894137	-0.086000	0.778000	0.572000	192.000000	253.000000	80.000000	24.000000	80.000000	17.000000	224.000000	0.000000	0.000000	0.000000	1733433192.582205	0.000000
162.000000	87861.488803	18300.557828	187500.000000	187500.000000	87035.658900	102926.765731	113483.114658	134220.549073	-0.086000	0.778000	0.572000	192.000000	0.000000	0.000000	0.000000	0.000000	0.000000	0.000000	0.000000	0.000000	0.000000	1733433192.585937	0.000000
163.000000	87859.968884	18288.957273	187500.000000	187500.000000	87043.996101	102932.644240	113489.060222	134223.633614	-0.086000	0.778000	0.572000	192.000000	0.000000	0.000000	0.000000	0.000000	0.000000	0.000000	0.000000	0.000000	0.000000	1733433192.590010	0.000000
164.000000	87859.074814	18289.270197	187500.000000	187500.000000	87051.953322	102918.428531	113508.148612	134225.555864	-0.086000	0.778000	0.572000	192.000000	0.000000	0.000000	0.000000	0.000000	0.000000	0.000000	0.000000	0.000000	0.000000	1733433192.594029	0.000000
165.000000	87861.175878	18304.312921	187500.000000	187500.000000	87050.299293	102940.802627	113507.925094	134200.946593	-0.086000	0.778000	0.572000	192.000000	0.000000	0.000000	0.000000	0.000000	0.000000	0.000000	0.000000	0.000000	0.000000	1733433192.598264	0.000000
166.000000	87859.588904	18303.865886	187500.000000	187500.000000	87045.560723	102930.185548	113496.816277	134209.350849	-0.086000	0.778000	0.572000	192.000000	0.000000	0.000000	0.000000	0.000000	0.000000	0.000000	0.000000	0.000000	0.000000	1733433192.602219	0.000000
167.000000	87850.692910	18286.096249	187500.000000	187500.000000	87038.206999	102902.916420	113489.283739	134207.316841	-0.086000	0.778000	0.572000	192.000000	0.000000	0.000000	0.000000	0.000000	0.000000	0.000000	0.000000	0.000000	0.000000	1733433192.606023	0.000000
168.000000	87848.815364	18273.869845	187500.000000	187500.000000	87036.441211	102909.286667	113488.210856	134204.388762	-0.086000	0.778000	0.572000	192.000000	0.000000	0.000000	0.000000	0.000000	0.000000	0.000000	0.000000	0.000000	0.000000	1733433192.609253	0.000000
169.000000	87848.748308	18290.343081	187500.000000	187500.000000	87041.336243	102919.546118	113484.969853	134215.139951	-0.086000	0.778000	0.572000	192.000000	0.000000	0.000000	0.000000	0.000000	0.000000	0.000000	0.000000	0.000000	0.000000	1733433192.613954	0.000000
170.000000	87854.716224	18277.736697	187500.000000	187500.000000	87046.924179	102935.862891	113497.084498	134244.711309	-0.086000	0.778000	0.572000	192.000000	0.000000	0.000000	0.000000	0.000000	0.000000	0.000000	0.000000	0.000000	0.000000	1733433192.618031	0.000000
171.000000	87844.009738	18255.206139	187500.000000	187500.000000	87043.996101	102924.239984	113492.278873	134204.925204	-0.080000	0.774000	0.566000	192.000000	253.000000	128.000000	24.000000	48.000000	17.000000	176.000000	0.000000	0.000000	0.000000	1733433192.622012	0.000000
172.000000	87857.845468	18285.671566	187500.000000	187500.000000	87056.557781	102932.353667	113500.727832	134213.575329	-0.080000	0.774000	0.566000	192.000000	0.000000	0.000000	0.000000	0.000000	0.000000	0.000000	0.000000	0.000000	0.000000	1733433192.626062	0.000000
173.000000	87865.601524	18299.663758	187500.000000	187500.000000	87058.345921	102942.322545	113493.731736	134221.331384	-0.080000	0.774000	0.566000	192.000000	0.000000	0.000000	0.000000	0.000000	0.000000	0.000000	0.000000	0.000000	0.000000	1733433192.630000	0.000000
174.000000	87856.683178	18278.250787	187500.000000	187500.000000	87052.981502	102897.216725	113490.736603	134209.775532	-0.080000	0.774000	0.566000	192.000000	0.000000	0.000000	0.000000	0.000000	0.000000	0.000000	0.000000	0.000000	0.000000	1733433192.634134	0.000000
175.000000	87855.275018	18275.613281	187500.000000	187500.000000	87061.139889	102888.521896	113503.924132	134200.521910	-0.080000	0.774000	0.566000	192.000000	0.000000	0.000000	0.000000	0.000000	0.000000	0.000000	0.000000	0.000000	0.000000	1733433192.637184	0.000000
176.000000	87848.748308	18270.070049	187500.000000	187500.000000	87057.541258	102902.201164	113511.054338	134220.929053	-0.080000	0.774000	0.566000	192.000000	0.000000	0.000000	0.000000	0.000000	0.000000	0.000000	0.000000	0.000000	0.000000	1733433192.641085	0.000000
177.000000	87853.129250	18281.849418	187500.000000	187500.000000	87057.653017	102917.288592	113507.880391	134222.426620	-0.080000	0.774000	0.566000	192.000000	0.000000	0.000000	0.000000	0.000000	0.000000	0.000000	0.000000	0.000000	0.000000	1733433192.646269	0.000000
178.000000	87850.536448	18269.824179	187500.000000	187500.000000	87056.043691	102907.520879	113494.067013	134222.001937	-0.080000	0.774000	0.566000	192.000000	0.000000	0.000000	0.000000	0.000000	0.000000	0.000000	0.000000	0.000000	0.000000	1733433192.650088	0.000000
179.000000	87846.982520	18282.564674	187500.000000	187500.000000	87054.836697	102921.200147	113489.507257	134228.059259	-0.080000	0.774000	0.566000	192.000000	0.000000	0.000000	0.000000	0.000000	0.000000	0.000000	0.000000	0.000000	0.000000	1733433192.654069	0.000000
180.000000	87859.968884	18312.627770	187500.000000	187500.000000	87061.139889	102948.357516	113506.919266	134234.787135	-0.080000	0.774000	0.566000	192.000000	0.000000	0.000000	0.000000	0.000000	0.000000	0.000000	0.000000	0.000000	0.000000	1733433192.658049	0.000000
181.000000	87859.030111	18288.800810	187500.000000	187500.000000	87059.687026	102920.775464	113504.080594	134242.319672	-0.088000	0.776000	0.574000	192.000000	253.000000	64.000000	24.000000	64.000000	17.000000	240.000000	0.000000	0.000000	0.000000	1733433192.662026	0.000000
182.000000	87844.546180	18237.928240	187500.000000	187500.000000	87046.499496	102905.039836	113484.992204	134204.254652	-0.088000	0.776000	0.574000	192.000000	0.000000	0.000000	0.000000	0.000000	0.000000	0.000000	0.000000	0.000000	0.000000	1733433192.665086	0.000000
183.000000	87838.690023	18248.500615	187500.000000	187500.000000	87042.029147	102890.533553	113475.962100	134209.842588	-0.088000	0.776000	0.574000	192.000000	0.000000	0.000000	0.000000	0.000000	0.000000	0.000000	0.000000	0.000000	0.000000	1733433192.669102	0.000000
184.000000	87848.256570	18267.410191	187500.000000	187500.000000	87050.343996	102902.089405	113482.712326	134213.351812	-0.088000	0.776000	0.574000	192.000000	0.000000	0.000000	0.000000	0.000000	0.000000	0.000000	0.000000	0.000000	0.000000	1733433192.674062	0.000000
185.000000	87844.680291	18255.116732	187500.000000	187500.000000	87062.793918	102884.587989	113480.968890	134182.282887	-0.088000	0.776000	0.574000	192.000000	0.000000	0.000000	0.000000	0.000000	0.000000	0.000000	0.000000	0.000000	0.000000	1733433192.678299	0.000000
186.000000	87853.352768	18279.167209	187500.000000	187500.000000	87059.262342	102889.505373	113481.147704	134184.853337	-0.088000	0.776000	0.574000	192.000000	0.000000	0.000000	0.000000	0.000000	0.000000	0.000000	0.000000	0.000000	0.000000	1733433192.682196	0.000000
187.000000	87853.732747	18285.090421	187500.000000	187500.000000	87053.875572	102890.198277	113475.492713	134196.051561	-0.088000	0.776000	0.574000	192.000000	0.000000	0.000000	0.000000	0.000000	0.000000	0.000000	0.000000	0.000000	0.000000	1733433192.686296	0.000000
188.000000	87855.297369	18300.758994	187500.000000	187500.000000	87058.211810	102914.986362	113479.314861	134198.376143	-0.088000	0.776000	0.574000	192.000000	0.000000	0.000000	0.000000	0.000000	0.000000	0.000000	0.000000	0.000000	0.000000	1733433192.689267	0.000000
189.000000	87866.540297	18282.855246	187500.000000	187500.000000	87076.204965	102938.522749	113497.531533	134213.217701	-0.088000	0.776000	0.574000	192.000000	0.000000	0.000000	0.000000	0.000000	0.000000	0.000000	0.000000	0.000000	0.000000	1733433192.693152	0.000000
190.000000	87868.261381	18281.201217	187500.000000	187500.000000	87071.041712	102881.637559	113488.903760	134213.754143	-0.088000	0.776000	0.574000	192.000000	0.000000	0.000000	0.000000	0.000000	0.000000	0.000000	0.000000	0.000000	0.000000	1733433192.697079	0.000000
191.000000	87865.892096	18258.648307	187500.000000	187500.000000	87064.045616	102888.857173	113500.280798	134206.534530	-0.082000	0.774000	0.572000	192.000000	253.000000	112.000000	24.000000	48.000000	17.000000	224.000000	0.000000	0.000000	0.000000	1733433192.702154	0.000000
192.000000	87854.783279	18253.172130	187500.000000	187500.000000	87055.708415	102911.544193	113510.607303	134207.875634	-0.082000	0.774000	0.572000	192.000000	0.000000	0.000000	0.000000	0.000000	0.000000	0.000000	0.000000	0.000000	0.000000	1733433192.706176	0.000000
193.000000	87857.040805	18280.128334	187500.000000	187500.000000	87050.411052	102925.849310	113510.227324	134222.873655	-0.082000	0.774000	0.572000	192.000000	0.000000	0.000000	0.000000	0.000000	0.000000	0.000000	0.000000	0.000000	0.000000	1733433192.710172	0.000000
194.000000	87862.785204	18279.726002	187500.000000	187500.000000	87048.488802	102907.789100	113505.466402	134223.275986	-0.082000	0.774000	0.572000	192.000000	0.000000	0.000000	0.000000	0.000000	0.000000	0.000000	0.000000	0.000000	0.000000	1733433192.714159	0.000000
195.000000	87851.989311	18257.865996	187500.000000	187500.000000	87036.061232	102879.625902	113488.032042	134203.807617	-0.082000	0.774000	0.572000	192.000000	0.000000	0.000000	0.000000	0.000000	0.000000	0.000000	0.000000	0.000000	0.000000	1733433192.717463	0.000000
196.000000	87846.848410	18261.643441	187500.000000	187500.000000	87029.176894	102891.807603	113491.496562	134188.764893	-0.082000	0.774000	0.572000	192.000000	0.000000	0.000000	0.000000	0.000000	0.000000	0.000000	0.000000	0.000000	0.000000	1733433192.721344	0.000000
197.000000	87856.347901	18288.487886	187500.000000	187500.000000	87042.923217	102924.932888	113503.834725	134206.378067	-0.082000	0.774000	0.572000	192.000000	0.000000	0.000000	0.000000	0.000000	0.000000	0.000000	0.000000	0.000000	0.000000	1733433192.725412	0.000000
198.000000	87852.257532	18285.805677	187500.000000	187500.000000	87039.302235	102904.168118	113481.058297	134213.262405	-0.082000	0.774000	0.572000	192.000000	0.000000	0.000000	0.000000	0.000000	0.000000	0.000000	0.000000	0.000000	0.000000	1733433192.729429	0.000000
199.000000	87857.309026	18273.780438	187500.000000	187500.000000	87041.358595	102877.793059	113472.072896	134225.600568	-0.082000	0.774000	0.572000	192.000000	0.000000	0.000000	0.000000	0.000000	0.000000	0.000000	0.000000	0.000000	0.000000	1733433192.734239	0.000000
200.000000	87861.332340	18261.062296	187500.000000	187500.000000	87038.966958	102887.985455	113483.584044	134222.896006	-0.082000	0.774000	0.572000	192.000000	0.000000	0.000000	0.000000	0.000000	0.000000	0.000000	0.000000	0.000000	0.000000	1733433192.738160	0.000000
201.000000	87848.256570	18229.814557	187500.000000	187500.000000	87037.044708	102884.051548	113496.302187	134212.569501	-0.076000	0.774000	0.578000	192.000000	253.000000	160.000000	24.000000	48.000000	18.000000	16.000000	0.000000	0.000000	0.000000	1733433192.742203	0.000000
202.000000	87843.428593	18228.920487	187500.000000	187500.000000	87040.285711	102889.483021	113484.701632	134195.291602	-0.076000	0.774000	0.578000	192.000000	0.000000	0.000000	0.000000	0.000000	0.000000	0.000000	0.000000	0.000000	0.000000	1733433192.745234	0.000000
203.000000	87846.781355	18243.180900	187500.000000	187500.000000	87045.806592	102890.019463	113477.951405	134189.413093	-0.076000	0.774000	0.578000	192.000000	0.000000	0.000000	0.000000	0.000000	0.000000	0.000000	0.000000	0.000000	0.000000	1733433192.749399	0.000000
204.000000	87849.620026	18291.393613	187500.000000	187500.000000	87036.485915	102876.116678	113475.626823	134204.880500	-0.076000	0.774000	0.578000	192.000000	0.000000	0.000000	0.000000	0.000000	0.000000	0.000000	0.000000	0.000000	0.000000	1733433192.753509	0.000000
205.000000	87849.217695	18279.256616	187500.000000	187500.000000	87035.725955	102890.354739	113476.252672	134217.218663	-0.076000	0.774000	0.578000	192.000000	0.000000	0.000000	0.000000	0.000000	0.000000	0.000000	0.000000	0.000000	0.000000	1733433192.757512	0.000000
206.000000	87849.955302	18240.230470	187500.000000	187500.000000	87048.086470	102912.259449	113488.143800	134204.858149	-0.076000	0.774000	0.578000	192.000000	0.000000	0.000000	0.000000	0.000000	0.000000	0.000000	0.000000	0.000000	0.000000	1733433192.762556	0.000000
207.000000	87855.409128	18242.912679	187500.000000	187500.000000	87050.992197	102902.827013	113495.251655	134203.517044	-0.076000	0.774000	0.578000	192.000000	0.000000	0.000000	0.000000	0.000000	0.000000	0.000000	0.000000	0.000000	0.000000	1733433192.766214	0.000000
208.000000	87859.879477	18264.348002	187500.000000	187500.000000	87054.747290	102894.020426	113506.382824	134206.020439	-0.076000	0.774000	0.578000	192.000000	0.000000	0.000000	0.000000	0.000000	0.000000	0.000000	0.000000	0.000000	0.000000	1733433192.769248	0.000000
209.000000	87855.386776	18250.489920	187500.000000	187500.000000	87047.102993	102888.454841	113503.745318	134219.655004	-0.076000	0.774000	0.578000	192.000000	0.000000	0.000000	0.000000	0.000000	0.000000	0.000000	0.000000	0.000000	0.000000	1733433192.773237	0.000000
210.000000	87844.121497	18239.537566	187500.000000	187500.000000	87041.068022	102885.035024	113492.748260	134195.425713	-0.076000	0.774000	0.578000	192.000000	0.000000	0.000000	0.000000	0.000000	0.000000	0.000000	0.000000	0.000000	0.000000	1733433192.777248	0.000000
211.000000	87841.081660	18253.239185	187500.000000	187500.000000	87039.011662	102886.174963	113478.309033	134173.856279	-0.074000	0.772000	0.584000	192.000000	253.000000	176.000000	24.000000	32.000000	18.000000	64.000000	0.000000	0.000000	0.000000	1733433192.781256	0.000000
212.000000	87843.585055	18248.478263	187500.000000	187500.000000	87031.903807	102878.441260	113475.805637	134196.498596	-0.074000	0.772000	0.584000	192.000000	0.000000	0.000000	0.000000	0.000000	0.000000	0.000000	0.000000	0.000000	0.000000	1733433192.785585	0.000000
213.000000	87843.316834	18271.411153	187500.000000	187500.000000	87023.723069	102875.714347	113469.658908	134233.088402	-0.074000	0.772000	0.584000	192.000000	0.000000	0.000000	0.000000	0.000000	0.000000	0.000000	0.000000	0.000000	0.000000	1733433192.790390	0.000000
214.000000	87851.274055	18288.376127	187500.000000	187500.000000	87035.770659	102885.169135	113480.767725	134196.520948	-0.074000	0.772000	0.584000	192.000000	0.000000	0.000000	0.000000	0.000000	0.000000	0.000000	0.000000	0.000000	0.000000	1733433192.794446	0.000000
215.000000	87852.749271	18268.438371	187500.000000	187500.000000	87038.676386	102902.827013	113481.214759	134184.339247	-0.074000	0.772000	0.584000	192.000000	0.000000	0.000000	0.000000	0.000000	0.000000	0.000000	0.000000	0.000000	0.000000	1733433192.797502	0.000000
216.000000	87848.725957	18222.885516	187500.000000	187500.000000	87044.174915	102909.376074	113493.687033	134198.376143	-0.074000	0.772000	0.584000	192.000000	0.000000	0.000000	0.000000	0.000000	0.000000	0.000000	0.000000	0.000000	0.000000	1733433192.801288	0.000000
217.000000	87844.724994	18217.632856	187500.000000	187500.000000	87043.660825	102865.276082	113479.203102	134214.759971	-0.074000	0.772000	0.584000	192.000000	0.000000	0.000000	0.000000	0.000000	0.000000	0.000000	0.000000	0.000000	0.000000	1733433192.805290	0.000000
218.000000	87845.730823	18237.302391	187500.000000	187500.000000	87034.831886	102858.659966	113473.659870	134218.559768	-0.074000	0.772000	0.584000	192.000000	0.000000	0.000000	0.000000	0.000000	0.000000	0.000000	0.000000	0.000000	0.000000	1733433192.809301	0.000000
219.000000	87831.626872	18226.372388	187500.000000	187500.000000	87027.701679	102866.930111	113470.329460	134185.814462	-0.074000	0.772000	0.584000	192.000000	0.000000	0.000000	0.000000	0.000000	0.000000	0.000000	0.000000	0.000000	0.000000	1733433192.813303	0.000000
220.000000	87830.151657	18236.363618	187500.000000	187500.000000	87013.865949	102834.251861	113447.754198	134193.391704	-0.074000	0.772000	0.584000	192.000000	0.000000	0.000000	0.000000	0.000000	0.000000	0.000000	0.000000	0.000000	0.000000	1733433192.818295	0.000000
221.000000	87844.724994	18272.796961	187500.000000	187500.000000	87010.155560	102844.198387	113443.999105	134199.963117	-0.080000	0.772000	0.580000	192.000000	253.000000	128.000000	24.000000	32.000000	18.000000	32.000000	0.000000	0.000000	0.000000	1733433192.822341	0.000000
222.000000	87846.110802	18256.837816	187500.000000	187500.000000	87019.163313	102861.029251	113464.786227	134190.553032	-0.080000	0.772000	0.580000	192.000000	0.000000	0.000000	0.000000	0.000000	0.000000	0.000000	0.000000	0.000000	0.000000	1733433192.825346	0.000000
223.000000	87841.618102	18232.452063	187500.000000	187500.000000	87020.325604	102858.816428	113472.609338	134211.340155	-0.080000	0.772000	0.580000	192.000000	0.000000	0.000000	0.000000	0.000000	0.000000	0.000000	0.000000	0.000000	0.000000	1733433192.829489	0.000000
224.000000	87839.740555	18232.474414	187500.000000	187500.000000	87023.745420	102887.828992	113471.491751	134210.289623	-0.080000	0.772000	0.580000	192.000000	0.000000	0.000000	0.000000	0.000000	0.000000	0.000000	0.000000	0.000000	0.000000	1733433192.833394	0.000000
225.000000	87839.271169	18251.965136	187500.000000	187500.000000	87023.700717	102853.854341	113457.343096	134188.049637	-0.080000	0.772000	0.580000	192.000000	0.000000	0.000000	0.000000	0.000000	0.000000	0.000000	0.000000	0.000000	0.000000	1733433192.837351	0.000000
226.000000	87832.923273	18255.988450	187500.000000	187500.000000	87015.519978	102835.145931	113453.230375	134188.139044	-0.080000	0.772000	0.580000	192.000000	0.000000	0.000000	0.000000	0.000000	0.000000	0.000000	0.000000	0.000000	0.000000	1733433192.841351	0.000000
227.000000	87831.716279	18205.562914	187500.000000	187500.000000	87004.634679	102830.832044	113456.001992	134190.754198	-0.080000	0.772000	0.580000	192.000000	0.000000	0.000000	0.000000	0.000000	0.000000	0.000000	0.000000	0.000000	0.000000	1733433192.845374	0.000000
228.000000	87823.177913	18196.488106	187500.000000	187500.000000	87006.825150	102826.249936	113455.644364	134163.999160	-0.080000	0.772000	0.580000	192.000000	0.000000	0.000000	0.000000	0.000000	0.000000	0.000000	0.000000	0.000000	0.000000	1733433192.850478	0.000000
229.000000	87828.072945	18213.184859	187500.000000	187500.000000	87020.638528	102848.512274	113460.807617	134169.005951	-0.080000	0.772000	0.580000	192.000000	0.000000	0.000000	0.000000	0.000000	0.000000	0.000000	0.000000	0.000000	0.000000	1733433192.853625	0.000000
230.000000	87826.687136	18219.264533	187500.000000	187500.000000	87018.872740	102855.687184	113457.678373	134181.165300	-0.080000	0.772000	0.580000	192.000000	0.000000	0.000000	0.000000	0.000000	0.000000	0.000000	0.000000	0.000000	0.000000	1733433192.857708	0.000000
231.000000	87842.199247	18258.760066	187500.000000	187500.000000	87030.115668	102879.692957	113464.227434	134195.626878	-0.086000	0.772000	0.582000	192.000000	253.000000	80.000000	24.000000	32.000000	18.000000	48.000000	0.000000	0.000000	0.000000	1733433192.861579	0.000000
232.000000	87847.340148	18264.236243	187500.000000	187500.000000	87020.191493	102874.976739	113477.102039	134199.292564	-0.086000	0.772000	0.582000	192.000000	0.000000	0.000000	0.000000	0.000000	0.000000	0.000000	0.000000	0.000000	0.000000	1733433192.865630	0.000000
233.000000	87832.520942	18225.590077	187500.000000	187500.000000	87005.260528	102837.828140	113459.891195	134205.148721	-0.086000	0.772000	0.582000	192.000000	0.000000	0.000000	0.000000	0.000000	0.000000	0.000000	0.000000	0.000000	0.000000	1733433192.869648	0.000000
234.000000	87835.784296	18235.626010	187500.000000	187500.000000	87006.266356	102850.054544	113459.511216	134232.015518	-0.086000	0.772000	0.582000	192.000000	0.000000	0.000000	0.000000	0.000000	0.000000	0.000000	0.000000	0.000000	0.000000	1733433192.874443	0.000000
235.000000	87839.293520	18247.248917	187500.000000	187500.000000	87015.318813	102865.209027	113454.079742	134211.116637	-0.086000	0.772000	0.582000	192.000000	0.000000	0.000000	0.000000	0.000000	0.000000	0.000000	0.000000	0.000000	0.000000	1733433192.877413	0.000000
236.000000	87836.387794	18229.702798	187500.000000	187500.000000	87009.037973	102845.271271	113434.857241	134174.280962	-0.086000	0.772000	0.582000	192.000000	0.000000	0.000000	0.000000	0.000000	0.000000	0.000000	0.000000	0.000000	0.000000	1733433192.880444	0.000000
237.000000	87825.658956	18226.707664	187500.000000	187500.000000	87000.544310	102831.949631	113443.172090	134163.350959	-0.086000	0.772000	0.582000	192.000000	0.000000	0.000000	0.000000	0.000000	0.000000	0.000000	0.000000	0.000000	0.000000	1733433192.885444	0.000000
238.000000	87823.200264	18218.482222	187500.000000	187500.000000	87007.808627	102818.002143	113454.079742	134163.730939	-0.086000	0.772000	0.582000	192.000000	0.000000	0.000000	0.000000	0.000000	0.000000	0.000000	0.000000	0.000000	0.000000	1733433192.889845	0.000000
239.000000	87836.946587	18226.931182	187500.000000	187500.000000	87020.258548	102845.003050	113466.797884	134197.370314	-0.086000	0.772000	0.582000	192.000000	0.000000	0.000000	0.000000	0.000000	0.000000	0.000000	0.000000	0.000000	0.000000	1733433192.893669	0.000000
240.000000	87847.094279	18234.530775	187500.000000	187500.000000	87031.970862	102877.614245	113491.809486	134191.536509	-0.086000	0.772000	0.582000	192.000000	0.000000	0.000000	0.000000	0.000000	0.000000	0.000000	0.000000	0.000000	0.000000	1733433192.898107	0.000000
241.000000	87841.238122	18240.208118	187500.000000	187500.000000	87027.522865	102857.832951	113476.029155	134178.416035	-0.082000	0.770000	0.570000	192.000000	253.000000	112.000000	24.000000	16.000000	17.000000	208.000000	0.000000	0.000000	0.000000	1733433192.901874	0.000000
242.000000	87842.176895	18250.780493	187500.000000	187500.000000	87029.042784	102871.847495	113473.928091	134187.088512	-0.082000	0.770000	0.570000	192.000000	0.000000	0.000000	0.000000	0.000000	0.000000	0.000000	0.000000	0.000000	0.000000	1733433192.905511	0.000000
243.000000	87836.656015	18238.218813	187500.000000	187500.000000	87032.820229	102876.563713	113475.537416	134204.589928	-0.082000	0.770000	0.570000	192.000000	0.000000	0.000000	0.000000	0.000000	0.000000	0.000000	0.000000	0.000000	0.000000	1733433192.908423	0.000000
244.000000	87838.399451	18248.455912	187500.000000	187500.000000	87035.144810	102849.026364	113474.241015	134192.050599	-0.082000	0.770000	0.570000	192.000000	0.000000	0.000000	0.000000	0.000000	0.000000	0.000000	0.000000	0.000000	0.000000	1733433192.913421	0.000000
245.000000	87838.131230	18254.468531	187500.000000	187500.000000	87030.138019	102853.295547	113472.452876	134188.563727	-0.082000	0.770000	0.570000	192.000000	0.000000	0.000000	0.000000	0.000000	0.000000	0.000000	0.000000	0.000000	0.000000	1733433192.917562	0.000000
246.000000	87833.973805	18216.515269	187500.000000	187500.000000	87029.199246	102862.929149	113470.821198	134218.515065	-0.082000	0.770000	0.570000	192.000000	0.000000	0.000000	0.000000	0.000000	0.000000	0.000000	0.000000	0.000000	0.000000	1733433192.921427	0.000000
247.000000	87820.205131	18182.719431	187500.000000	187500.000000	87010.334374	102821.690181	113430.230430	134209.440256	-0.082000	0.770000	0.570000	192.000000	0.000000	0.000000	0.000000	0.000000	0.000000	0.000000	0.000000	0.000000	0.000000	1733433192.925467	0.000000
248.000000	87825.994232	18205.965245	187500.000000	187500.000000	87015.452923	102841.963213	113433.069102	134187.893175	-0.082000	0.770000	0.570000	192.000000	0.000000	0.000000	0.000000	0.000000	0.000000	0.000000	0.000000	0.000000	0.000000	1733433192.929484	0.000000
249.000000	87829.302291	18232.206193	187500.000000	187500.000000	87017.308118	102865.454896	113464.205082	134176.985523	-0.082000	0.770000	0.570000	192.000000	0.000000	0.000000	0.000000	0.000000	0.000000	0.000000	0.000000	0.000000	0.000000	1733433192.933618	0.000000
250.000000	87832.811514	18256.994278	187500.000000	187500.000000	87017.062249	102880.452917	113482.958196	134182.059369	-0.082000	0.770000	0.570000	192.000000	0.000000	0.000000	0.000000	0.000000	0.000000	0.000000	0.000000	0.000000	0.000000	1733433192.936475	0.000000
251.000000	87835.516076	18231.848566	187500.000000	187500.000000	87016.861083	102846.478265	113468.340155	134173.453948	-0.080000	0.776000	0.572000	192.000000	253.000000	128.000000	24.000000	64.000000	17.000000	224.000000	0.000000	0.000000	0.000000	1733433192.941754	0.000000
252.000000	87824.206093	18206.345225	187500.000000	187500.000000	87013.374211	102840.242128	113451.665753	134154.790241	-0.080000	0.776000	0.572000	192.000000	0.000000	0.000000	0.000000	0.000000	0.000000	0.000000	0.000000	0.000000	0.000000	1733433192.945629	0.000000
253.000000	87814.728953	18219.041016	187500.000000	187500.000000	87008.725048	102828.753332	113448.760027	134156.712491	-0.080000	0.776000	0.572000	192.000000	0.000000	0.000000	0.000000	0.000000	0.000000	0.000000	0.000000	0.000000	0.000000	1733433192.949727	0.000000
254.000000	87831.001023	18258.603604	187500.000000	187500.000000	87014.424743	102853.586120	113451.106960	134165.586134	-0.080000	0.776000	0.572000	192.000000	0.000000	0.000000	0.000000	0.000000	0.000000	0.000000	0.000000	0.000000	0.000000	1733433192.953697	0.000000
255.000000	87832.498590	18217.588153	187500.000000	187500.000000	87013.195397	102833.335439	113449.363524	134183.109901	-0.080000	0.776000	0.572000	192.000000	0.000000	0.000000	0.000000	0.000000	0.000000	0.000000	0.000000	0.000000	0.000000	1733433192.957496	0.000000
0.000000	87831.828038	18198.209190	187500.000000	187500.000000	87014.469446	102825.937012	113448.782378	134182.618163	-0.080000	0.776000	0.572000	192.000000	0.000000	0.000000	0.000000	0.000000	0.000000	0.000000	0.000000	0.000000	0.000000	1733433192.960487	0.000000
1.000000	87824.653128	18211.106147	187500.000000	187500.000000	87012.569548	102833.849529	113455.018515	134178.594849	-0.080000	0.776000	0.572000	192.000000	0.000000	0.000000	0.000000	0.000000	0.000000	0.000000	0.000000	0.000000	0.000000	1733433192.964476	0.000000
2.000000	87831.023375	18230.552164	187500.000000	187500.000000	87018.425705	102847.439390	113460.114713	134191.603564	-0.080000	0.776000	0.572000	192.000000	0.000000	0.000000	0.000000	0.000000	0.000000	0.000000	0.000000	0.000000	0.000000	1733433192.969547	0.000000
3.000000	87837.281863	18225.567725	187500.000000	187500.000000	87021.711412	102855.821294	113465.032097	134219.744410	-0.080000	0.776000	0.572000	192.000000	0.000000	0.000000	0.000000	0.000000	0.000000	0.000000	0.000000	0.000000	0.000000	1733433192.973516	0.000000
4.000000	87823.490837	18192.487144	187500.000000	187500.000000	87010.446132	102820.729055	113449.050599	134187.647305	-0.080000	0.776000	0.572000	192.000000	0.000000	0.000000	0.000000	0.000000	0.000000	0.000000	0.000000	0.000000	0.000000	1733433192.977522	0.000000
5.000000	87830.419878	18209.429766	187500.000000	187500.000000	87017.777505	102820.594945	113435.483090	134175.800881	-0.076000	0.768000	0.568000	192.000000	253.000000	160.000000	24.000000	0.000000	17.000000	192.000000	0.000000	0.000000	0.000000	1733433192.981665	0.000000
6.000000	87839.293520	18240.521042	187500.000000	187500.000000	87020.884397	102863.331480	113449.072951	134191.804730	-0.076000	0.768000	0.568000	192.000000	0.000000	0.000000	0.000000	0.000000	0.000000	0.000000	0.000000	0.000000	0.000000	1733433192.985696	0.000000
7.000000	87838.399451	18275.859150	187500.000000	187500.000000	87024.863008	102867.667719	113446.837777	134193.145835	-0.076000	0.768000	0.568000	192.000000	0.000000	0.000000	0.000000	0.000000	0.000000	0.000000	0.000000	0.000000	0.000000	1733433192.988700	0.000000
8.000000	87838.868837	18232.385007	187500.000000	187500.000000	87030.674461	102844.824236	113466.663774	134204.142893	-0.076000	0.768000	0.568000	192.000000	0.000000	0.000000	0.000000	0.000000	0.000000	0.000000	0.000000	0.000000	0.000000	1733433192.992801	0.000000
9.000000	87843.316834	18220.963266	187500.000000	187500.000000	87032.507304	102854.435486	113484.992204	134192.363524	-0.076000	0.768000	0.568000	192.000000	0.000000	0.000000	0.000000	0.000000	0.000000	0.000000	0.000000	0.000000	0.000000	1733433192.996562	0.000000
10.000000	87831.157485	18200.444365	187500.000000	187500.000000	87021.331432	102863.823219	113469.211873	134192.385875	-0.076000	0.768000	0.568000	192.000000	0.000000	0.000000	0.000000	0.000000	0.000000	0.000000	0.000000	0.000000	0.000000	1733433193.001581	0.000000
11.000000	87825.278977	18189.804934	187500.000000	187500.000000	87025.064173	102858.168227	113472.654041	134219.900873	-0.076000	0.768000	0.568000	192.000000	0.000000	0.000000	0.000000	0.000000	0.000000	0.000000	0.000000	0.000000	0.000000	1733433193.005520	0.000000
12.000000	87834.711413	18197.516286	187500.000000	187500.000000	87030.205075	102827.658096	113474.173960	134203.584099	-0.076000	0.768000	0.568000	192.000000	0.000000	0.000000	0.000000	0.000000	0.000000	0.000000	0.000000	0.000000	0.000000	1733433193.009564	0.000000
13.000000	87834.622006	18213.140155	187500.000000	187500.000000	87028.729859	102832.508425	113472.363469	134195.738637	-0.076000	0.768000	0.568000	192.000000	0.000000	0.000000	0.000000	0.000000	0.000000	0.000000	0.000000	0.000000	0.000000	1733433193.012556	0.000000
14.000000	87836.007814	18259.989412	187500.000000	187500.000000	87023.656013	102830.586175	113459.175939	134174.906811	-0.076000	0.768000	0.568000	192.000000	0.000000	0.000000	0.000000	0.000000	0.000000	0.000000	0.000000	0.000000	0.000000	1733433193.016831	0.000000
15.000000	87816.807665	18216.716435	187500.000000	187500.000000	87004.008830	102817.219832	113439.506404	134176.694951	-0.076000	0.774000	0.572000	192.000000	253.000000	160.000000	24.000000	48.000000	17.000000	224.000000	0.000000	0.000000	0.000000	1733433193.020778	0.000000
16.000000	87805.050648	18166.201492	187500.000000	187500.000000	86998.823225	102825.199404	113443.999105	134190.620087	-0.076000	0.774000	0.572000	192.000000	0.000000	0.000000	0.000000	0.000000	0.000000	0.000000	0.000000	0.000000	0.000000	1733433193.024782	0.000000
17.000000	87813.097276	18190.721356	187500.000000	187500.000000	87004.031182	102835.458855	113439.372294	134192.318820	-0.076000	0.774000	0.572000	192.000000	0.000000	0.000000	0.000000	0.000000	0.000000	0.000000	0.000000	0.000000	0.000000	1733433193.029706	0.000000
18.000000	87821.032145	18213.006045	187500.000000	187500.000000	87005.908728	102838.208120	113456.225509	134179.734788	-0.076000	0.774000	0.572000	192.000000	0.000000	0.000000	0.000000	0.000000	0.000000	0.000000	0.000000	0.000000	0.000000	1733433193.033764	0.000000
19.000000	87813.477256	18185.826324	187500.000000	187500.000000	87002.600670	102813.263573	113445.250803	134173.543355	-0.076000	0.774000	0.572000	192.000000	0.000000	0.000000	0.000000	0.000000	0.000000	0.000000	0.000000	0.000000	0.000000	1733433193.037624	0.000000
20.000000	87820.115724	18209.072138	187500.000000	187500.000000	87006.936909	102795.292770	113437.114768	134194.174015	-0.076000	0.774000	0.572000	192.000000	0.000000	0.000000	0.000000	0.000000	0.000000	0.000000	0.000000	0.000000	0.000000	1733433193.040610	0.000000
21.000000	87824.250796	18222.349074	187500.000000	187500.000000	87008.725048	102799.651360	113432.599715	134190.798901	-0.076000	0.774000	0.572000	192.000000	0.000000	0.000000	0.000000	0.000000	0.000000	0.000000	0.000000	0.000000	0.000000	1733433193.044622	0.000000
22.000000	87820.942738	18203.014815	187500.000000	187500.000000	87010.401429	102797.840869	113435.974829	134171.174070	-0.076000	0.774000	0.572000	192.000000	0.000000	0.000000	0.000000	0.000000	0.000000	0.000000	0.000000	0.000000	0.000000	1733433193.048664	0.000000
23.000000	87828.721145	18223.354903	187500.000000	187500.000000	87019.878569	102824.841776	113437.137119	134174.929163	-0.076000	0.774000	0.572000	192.000000	0.000000	0.000000	0.000000	0.000000	0.000000	0.000000	0.000000	0.000000	0.000000	1733433193.052812	0.000000
24.000000	87839.628797	18247.718304	187500.000000	187500.000000	87030.897979	102840.666812	113447.195404	134162.099262	-0.076000	0.774000	0.572000	192.000000	0.000000	0.000000	0.000000	0.000000	0.000000	0.000000	0.000000	0.000000	0.000000	1733433193.056767	0.000000
25.000000	87831.425706	18207.261647	187500.000000	187500.000000	87025.019470	102842.231434	113448.156529	134151.817459	-0.078000	0.770000	0.572000	192.000000	253.000000	144.000000	24.000000	16.000000	17.000000	224.000000	0.000000	0.000000	0.000000	1733433193.061965	0.000000
26.000000	87831.246892	18199.103260	187500.000000	187500.000000	87026.360575	102851.842684	113449.631745	134163.395663	-0.078000	0.770000	0.572000	192.000000	0.000000	0.000000	0.000000	0.000000	0.000000	0.000000	0.000000	0.000000	0.000000	1733433193.065666	0.000000
27.000000	87829.302291	18201.561952	187500.000000	187500.000000	87020.794990	102820.282021	113449.430579	134166.167279	-0.078000	0.770000	0.572000	192.000000	0.000000	0.000000	0.000000	0.000000	0.000000	0.000000	0.000000	0.000000	0.000000	1733433193.068666	0.000000
28.000000	87838.399451	18221.767929	187500.000000	187500.000000	87027.969900	102819.455006	113443.216794	134174.862108	-0.078000	0.770000	0.572000	192.000000	0.000000	0.000000	0.000000	0.000000	0.000000	0.000000	0.000000	0.000000	0.000000	1733433193.072647	0.000000
29.000000	87839.762907	18234.530775	187500.000000	187500.000000	87032.172028	102843.080800	113438.791149	134171.397587	-0.078000	0.770000	0.572000	192.000000	0.000000	0.000000	0.000000	0.000000	0.000000	0.000000	0.000000	0.000000	0.000000	1733433193.076646	0.000000
30.000000	87844.613236	18244.924336	187500.000000	187500.000000	87038.117592	102845.584195	113426.117709	134172.001084	-0.078000	0.770000	0.572000	192.000000	0.000000	0.000000	0.000000	0.000000	0.000000	0.000000	0.000000	0.000000	0.000000	1733433193.080683	0.000000
31.000000	87839.874666	18252.054543	187500.000000	187500.000000	87027.724031	102820.282021	113420.999160	134186.216794	-0.078000	0.770000	0.572000	192.000000	0.000000	0.000000	0.000000	0.000000	0.000000	0.000000	0.000000	0.000000	0.000000	1733433193.084696	0.000000
32.000000	87844.769698	18229.322818	187500.000000	187500.000000	87029.243950	102832.553128	113423.390797	134184.071026	-0.078000	0.770000	0.572000	192.000000	0.000000	0.000000	0.000000	0.000000	0.000000	0.000000	0.000000	0.000000	0.000000	1733433193.089742	0.000000
33.000000	87840.589922	18200.422013	187500.000000	187500.000000	87039.369290	102853.474361	113435.997180	134203.427637	-0.078000	0.770000	0.572000	192.000000	0.000000	0.000000	0.000000	0.000000	0.000000	0.000000	0.000000	0.000000	0.000000	1733433193.094060	0.000000
34.000000	87835.784296	18207.328702	187500.000000	187500.000000	87044.800764	102860.313995	113441.898041	134191.849433	-0.078000	0.770000	0.572000	192.000000	0.000000	0.000000	0.000000	0.000000	0.000000	0.000000	0.000000	0.000000	0.000000	1733433193.097009	0.000000
35.000000	87836.276035	18216.448214	187500.000000	187500.000000	87043.705528	102862.817390	113435.416035	134198.711419	-0.076000	0.768000	0.574000	192.000000	253.000000	160.000000	24.000000	0.000000	17.000000	240.000000	0.000000	0.000000	0.000000	1733433193.101337	0.000000
36.000000	87840.813439	18214.525964	187500.000000	187500.000000	87053.316778	102846.992355	113447.553032	134203.695858	-0.076000	0.768000	0.574000	192.000000	0.000000	0.000000	0.000000	0.000000	0.000000	0.000000	0.000000	0.000000	0.000000	1733433193.104742	0.000000
37.000000	87843.339186	18221.343246	187500.000000	187500.000000	87061.162241	102833.849529	113456.069047	134172.023436	-0.076000	0.768000	0.574000	192.000000	0.000000	0.000000	0.000000	0.000000	0.000000	0.000000	0.000000	0.000000	0.000000	1733433193.108770	0.000000
38.000000	87838.019471	18229.568688	187500.000000	187500.000000	87052.310950	102846.277099	113456.739599	134180.628858	-0.076000	0.768000	0.574000	192.000000	0.000000	0.000000	0.000000	0.000000	0.000000	0.000000	0.000000	0.000000	0.000000	1733433193.112787	0.000000
39.000000	87828.452924	18229.903964	187500.000000	187500.000000	87046.410089	102842.231434	113442.523890	134204.545224	-0.076000	0.768000	0.574000	192.000000	0.000000	0.000000	0.000000	0.000000	0.000000	0.000000	0.000000	0.000000	0.000000	1733433193.117775	0.000000
40.000000	87837.058346	18241.459816	187500.000000	187500.000000	87042.409127	102827.479282	113426.743558	134191.134178	-0.076000	0.768000	0.574000	192.000000	0.000000	0.000000	0.000000	0.000000	0.000000	0.000000	0.000000	0.000000	0.000000	1733433193.120821	0.000000
41.000000	87836.968939	18199.974978	187500.000000	187500.000000	87046.544200	102845.986527	113421.312084	134202.824140	-0.076000	0.768000	0.574000	192.000000	0.000000	0.000000	0.000000	0.000000	0.000000	0.000000	0.000000	0.000000	0.000000	1733433193.124888	0.000000
42.000000	87834.957282	18199.416184	187500.000000	187500.000000	87058.211810	102868.830010	113433.158509	134183.221660	-0.076000	0.768000	0.574000	192.000000	0.000000	0.000000	0.000000	0.000000	0.000000	0.000000	0.000000	0.000000	0.000000	1733433193.129149	0.000000
43.000000	87838.131230	18206.032301	187500.000000	187500.000000	87067.376026	102869.455858	113438.187651	134174.012741	-0.076000	0.768000	0.574000	192.000000	0.000000	0.000000	0.000000	0.000000	0.000000	0.000000	0.000000	0.000000	0.000000	1733433193.132820	0.000000
44.000000	87832.990328	18211.731996	187500.000000	187500.000000	87052.735633	102841.739695	113435.505442	134175.331494	-0.076000	0.768000	0.574000	192.000000	0.000000	0.000000	0.000000	0.000000	0.000000	0.000000	0.000000	0.000000	0.000000	1733433193.136941	0.000000
45.000000	87829.346994	18197.963321	187500.000000	187500.000000	87037.156467	102810.603715	113424.910715	134180.517099	-0.076000	0.768000	0.574000	192.000000	0.000000	0.000000	0.000000	0.000000	0.000000	0.000000	0.000000	0.000000	0.000000	1733433193.140769	0.000000
46.000000	87833.035032	18203.305388	187500.000000	187500.000000	87046.141868	102819.209137	113429.559878	134185.479186	-0.074000	0.770000	0.582000	192.000000	253.000000	176.000000	24.000000	16.000000	18.000000	48.000000	0.000000	0.000000	0.000000	1733433193.145756	0.000000
47.000000	87843.920331	18234.977810	187500.000000	187500.000000	87049.472278	102842.901986	113432.219736	134190.933012	-0.074000	0.770000	0.582000	192.000000	0.000000	0.000000	0.000000	0.000000	0.000000	0.000000	0.000000	0.000000	0.000000	1733433193.148931	0.000000
48.000000	87839.807610	18224.494842	187500.000000	187500.000000	87046.275979	102842.253785	113423.033169	134182.841680	-0.074000	0.770000	0.582000	192.000000	0.000000	0.000000	0.000000	0.000000	0.000000	0.000000	0.000000	0.000000	0.000000	1733433193.152851	0.000000
49.000000	87839.025299	18222.326722	187500.000000	187500.000000	87054.367310	102857.967062	113427.391759	134207.003916	-0.074000	0.770000	0.582000	192.000000	0.000000	0.000000	0.000000	0.000000	0.000000	0.000000	0.000000	0.000000	0.000000	1733433193.156794	0.000000
50.000000	87848.748308	18234.486071	187500.000000	187500.000000	87062.570401	102836.576442	113426.140061	134226.226416	-0.074000	0.770000	0.582000	192.000000	0.000000	0.000000	0.000000	0.000000	0.000000	0.000000	0.000000	0.000000	0.000000	1733433193.160827	0.000000
51.000000	87848.837715	18209.474469	187500.000000	187500.000000	87074.640343	102862.862094	113441.719227	134192.967021	-0.074000	0.770000	0.582000	192.000000	0.000000	0.000000	0.000000	0.000000	0.000000	0.000000	0.000000	0.000000	0.000000	1733433193.164967	0.000000
52.000000	87836.678366	18192.129516	187500.000000	187500.000000	87065.967866	102870.305225	113447.910660	134200.141931	-0.074000	0.770000	0.582000	192.000000	0.000000	0.000000	0.000000	0.000000	0.000000	0.000000	0.000000	0.000000	0.000000	1733433193.169088	0.000000
53.000000	87837.415974	18206.747557	187500.000000	187500.000000	87055.641360	102863.823219	113437.293582	134209.552015	-0.074000	0.770000	0.582000	192.000000	0.000000	0.000000	0.000000	0.000000	0.000000	0.000000	0.000000	0.000000	0.000000	1733433193.174163	0.000000
54.000000	87827.245930	18186.966263	187500.000000	187500.000000	87046.946531	102856.536550	113425.804785	134169.832965	-0.074000	0.770000	0.582000	192.000000	0.000000	0.000000	0.000000	0.000000	0.000000	0.000000	0.000000	0.000000	0.000000	1733433193.177078	0.000000
55.000000	87830.844561	18196.532809	187500.000000	187500.000000	87045.985406	102838.990431	113413.734843	134170.794090	-0.074000	0.770000	0.582000	192.000000	0.000000	0.000000	0.000000	0.000000	0.000000	0.000000	0.000000	0.000000	0.000000	1733433193.179862	0.000000
56.000000	87832.610349	18204.177106	187500.000000	187500.000000	87047.035938	102831.301431	113410.940875	134179.846547	-0.074000	0.776000	0.586000	192.000000	253.000000	176.000000	24.000000	64.000000	18.000000	80.000000	0.000000	0.000000	0.000000	1733433193.184870	0.000000
57.000000	87836.074869	18214.369501	187500.000000	187500.000000	87044.934874	102855.262501	113417.691102	134178.728959	-0.074000	0.776000	0.586000	192.000000	0.000000	0.000000	0.000000	0.000000	0.000000	0.000000	0.000000	0.000000	0.000000	1733433193.188843	0.000000
58.000000	87832.140962	18220.963266	187500.000000	187500.000000	87031.948511	102852.736754	113411.298503	134165.697892	-0.074000	0.776000	0.586000	192.000000	0.000000	0.000000	0.000000	0.000000	0.000000	0.000000	0.000000	0.000000	0.000000	1733433193.193889	0.000000
59.000000	87831.045727	18193.627083	187500.000000	187500.000000	87022.449019	102857.274158	113404.503573	134179.935954	-0.074000	0.776000	0.586000	192.000000	0.000000	0.000000	0.000000	0.000000	0.000000	0.000000	0.000000	0.000000	0.000000	1733433193.198025	0.000000
60.000000	87831.760982	18195.303463	187500.000000	187500.000000	87017.755153	102855.106038	113422.049692	134206.758047	-0.074000	0.776000	0.586000	192.000000	0.000000	0.000000	0.000000	0.000000	0.000000	0.000000	0.000000	0.000000	0.000000	1733433193.202161	0.000000
61.000000	87834.890227	18214.905943	187500.000000	187500.000000	87016.905787	102854.726059	113425.916544	134184.227489	-0.074000	0.776000	0.586000	192.000000	0.000000	0.000000	0.000000	0.000000	0.000000	0.000000	0.000000	0.000000	0.000000	1733433193.205116	0.000000
62.000000	87831.157485	18206.501687	187500.000000	187500.000000	87015.609385	102859.777553	113422.049692	134173.945686	-0.074000	0.776000	0.586000	192.000000	0.000000	0.000000	0.000000	0.000000	0.000000	0.000000	0.000000	0.000000	0.000000	1733433193.209328	0.000000
63.000000	87838.086526	18189.380251	187500.000000	187500.000000	87016.212883	102860.939844	113426.296523	134191.156529	-0.074000	0.776000	0.586000	192.000000	0.000000	0.000000	0.000000	0.000000	0.000000	0.000000	0.000000	0.000000	0.000000	1733433193.213170	0.000000
64.000000	87841.327529	18195.526981	187500.000000	187500.000000	87012.167217	102844.354849	113419.255724	134211.340155	-0.074000	0.776000	0.586000	192.000000	0.000000	0.000000	0.000000	0.000000	0.000000	0.000000	0.000000	0.000000	0.000000	1733433193.217007	0.000000
65.000000	87834.800820	18196.801030	187500.000000	187500.000000	86988.720237	102832.553128	113392.187761	134206.914509	-0.074000	0.776000	0.586000	192.000000	0.000000	0.000000	0.000000	0.000000	0.000000	0.000000	0.000000	0.000000	0.000000	1733433193.220883	0.000000
66.000000	87829.235235	18190.386080	187500.000000	187500.000000	86990.038990	102859.397573	113403.721261	134186.619125	-0.074000	0.774000	0.580000	192.000000	253.000000	176.000000	24.000000	48.000000	18.000000	32.000000	0.000000	0.000000	0.000000	1733433193.224957	0.000000
67.000000	87839.651148	18225.500670	187500.000000	187500.000000	86991.871833	102831.971983	113406.671692	134169.274172	-0.074000	0.774000	0.580000	192.000000	0.000000	0.000000	0.000000	0.000000	0.000000	0.000000	0.000000	0.000000	0.000000	1733433193.228924	0.000000
68.000000	87848.882419	18217.766967	187500.000000	187500.000000	86987.848519	102843.214910	113408.728052	134179.958305	-0.074000	0.774000	0.580000	192.000000	0.000000	0.000000	0.000000	0.000000	0.000000	0.000000	0.000000	0.000000	0.000000	1733433193.233195	0.000000
69.000000	87840.209942	18211.888458	187500.000000	187500.000000	86982.841728	102854.144913	113402.447212	134163.909753	-0.074000	0.774000	0.580000	192.000000	0.000000	0.000000	0.000000	0.000000	0.000000	0.000000	0.000000	0.000000	0.000000	1733433193.235950	0.000000
70.000000	87843.406241	18219.510403	187500.000000	187500.000000	86980.673609	102825.199404	113398.110974	134166.368445	-0.074000	0.774000	0.580000	192.000000	0.000000	0.000000	0.000000	0.000000	0.000000	0.000000	0.000000	0.000000	0.000000	1733433193.240970	0.000000
71.000000	87849.955302	18216.023530	187500.000000	187500.000000	86984.361647	102853.541416	113407.923389	134170.458814	-0.074000	0.774000	0.580000	192.000000	0.000000	0.000000	0.000000	0.000000	0.000000	0.000000	0.000000	0.000000	0.000000	1733433193.245033	0.000000
72.000000	87851.028186	18206.501687	187500.000000	187500.000000	86974.772748	102816.437521	113396.188724	134167.307218	-0.074000	0.774000	0.580000	192.000000	0.000000	0.000000	0.000000	0.000000	0.000000	0.000000	0.000000	0.000000	0.000000	1733433193.249120	0.000000
73.000000	87856.951398	18218.035187	187500.000000	187500.000000	86982.551155	102837.425809	113409.152735	134175.219736	-0.074000	0.774000	0.580000	192.000000	0.000000	0.000000	0.000000	0.000000	0.000000	0.000000	0.000000	0.000000	0.000000	1733433193.253225	0.000000
74.000000	87848.703605	18241.929202	187500.000000	187500.000000	86981.634734	102858.548207	113406.895209	134179.421863	-0.074000	0.774000	0.580000	192.000000	0.000000	0.000000	0.000000	0.000000	0.000000	0.000000	0.000000	0.000000	0.000000	1733433193.256198	0.000000
75.000000	87837.237160	18237.704723	187500.000000	187500.000000	86968.022521	102859.621091	113394.601750	134167.486032	-0.074000	0.774000	0.580000	192.000000	0.000000	0.000000	0.000000	0.000000	0.000000	0.000000	0.000000	0.000000	0.000000	1733433193.260170	0.000000
76.000000	87832.476238	18212.804879	187500.000000	187500.000000	86969.318923	102841.292660	113402.156639	134191.022419	-0.072000	0.772000	0.576000	192.000000	253.000000	192.000000	24.000000	32.000000	18.000000	0.000000	0.000000	0.000000	0.000000	1733433193.263968	0.000000
77.000000	87842.199247	18220.337417	187500.000000	187500.000000	86965.161498	102839.057486	113396.613407	134221.979585	-0.072000	0.772000	0.576000	192.000000	0.000000	0.000000	0.000000	0.000000	0.000000	0.000000	0.000000	0.000000	0.000000	1733433193.268976	0.000000
78.000000	87838.399451	18189.536713	187500.000000	187500.000000	86963.440414	102846.992355	113409.264494	134230.808524	-0.072000	0.772000	0.576000	192.000000	0.000000	0.000000	0.000000	0.000000	0.000000	0.000000	0.000000	0.000000	0.000000	1733433193.272997	0.000000
79.000000	87835.449020	18190.341376	187500.000000	187500.000000	86961.674626	102878.441260	113416.640570	134215.721096	-0.072000	0.772000	0.576000	192.000000	0.000000	0.000000	0.000000	0.000000	0.000000	0.000000	0.000000	0.000000	0.000000	1733433193.276994	0.000000
80.000000	87830.553988	18199.930274	187500.000000	187500.000000	86957.271332	102867.734774	113411.879648	134203.070009	-0.072000	0.772000	0.576000	192.000000	0.000000	0.000000	0.000000	0.000000	0.000000	0.000000	0.000000	0.000000	0.000000	1733433193.281307	0.000000
81.000000	87829.816381	18223.064330	187500.000000	187500.000000	86937.087707	102831.949631	113396.971035	134182.305239	-0.072000	0.772000	0.576000	192.000000	0.000000	0.000000	0.000000	0.000000	0.000000	0.000000	0.000000	0.000000	0.000000	1733433193.284201	0.000000
82.000000	87831.246892	18218.437519	187500.000000	187500.000000	86936.350100	102842.477303	113409.979750	134185.434483	-0.072000	0.772000	0.576000	192.000000	0.000000	0.000000	0.000000	0.000000	0.000000	0.000000	0.000000	0.000000	0.000000	1733433193.288077	0.000000
83.000000	87816.941776	18192.375385	187500.000000	187500.000000	86931.633882	102858.391745	113406.626988	134179.064236	-0.072000	0.772000	0.576000	192.000000	0.000000	0.000000	0.000000	0.000000	0.000000	0.000000	0.000000	0.000000	0.000000	1733433193.292323	0.000000
84.000000	87832.833866	18226.908830	187500.000000	187500.000000	86933.846704	102867.265387	113405.330587	134208.099152	-0.072000	0.772000	0.576000	192.000000	0.000000	0.000000	0.000000	0.000000	0.000000	0.000000	0.000000	0.000000	0.000000	1733433193.296218	0.000000
85.000000	87831.291596	18197.225713	187500.000000	187500.000000	86927.945844	102843.729001	113409.420956	134183.266364	-0.072000	0.772000	0.576000	192.000000	0.000000	0.000000	0.000000	0.000000	0.000000	0.000000	0.000000	0.000000	0.000000	1733433193.301170	0.000000
86.000000	87821.747401	18166.626175	187500.000000	187500.000000	86932.438544	102839.504521	113408.146907	134188.071989	-0.066000	0.772000	0.576000	192.000000	253.000000	240.000000	24.000000	32.000000	18.000000	0.000000	0.000000	0.000000	0.000000	1733433193.305048	0.000000
87.000000	87824.027279	18185.312234	187500.000000	187500.000000	86930.940977	102854.703707	113397.149849	134194.822215	-0.066000	0.772000	0.576000	192.000000	0.000000	0.000000	0.000000	0.000000	0.000000	0.000000	0.000000	0.000000	0.000000	1733433193.309045	0.000000
88.000000	87814.840712	18174.695155	187500.000000	187500.000000	86911.718477	102820.974925	113371.154770	134187.624954	-0.066000	0.772000	0.576000	192.000000	0.000000	0.000000	0.000000	0.000000	0.000000	0.000000	0.000000	0.000000	0.000000	1733433193.312036	0.000000
89.000000	87821.434477	18184.820495	187500.000000	187500.000000	86912.143160	102824.551204	113371.713563	134187.490843	-0.066000	0.772000	0.576000	192.000000	0.000000	0.000000	0.000000	0.000000	0.000000	0.000000	0.000000	0.000000	0.000000	1733433193.316067	0.000000
90.000000	87832.766811	18207.462812	187500.000000	187500.000000	86928.057602	102852.289719	113381.950662	134191.625916	-0.066000	0.772000	0.576000	192.000000	0.000000	0.000000	0.000000	0.000000	0.000000	0.000000	0.000000	0.000000	0.000000	1733433193.320297	0.000000
91.000000	87839.405279	18235.201327	187500.000000	187500.000000	86941.312187	102853.764934	113380.743668	134170.883497	-0.066000	0.772000	0.576000	192.000000	0.000000	0.000000	0.000000	0.000000	0.000000	0.000000	0.000000	0.000000	0.000000	1733433193.324243	0.000000
92.000000	87841.618102	18234.866051	187500.000000	187500.000000	86950.699920	102892.209934	113390.041994	134175.912640	-0.066000	0.772000	0.576000	192.000000	0.000000	0.000000	0.000000	0.000000	0.000000	0.000000	0.000000	0.000000	0.000000	1733433193.329321	0.000000
93.000000	87836.119573	18203.908885	187500.000000	187500.000000	86947.347158	102869.366451	113392.701851	134170.749387	-0.066000	0.772000	0.576000	192.000000	0.000000	0.000000	0.000000	0.000000	0.000000	0.000000	0.000000	0.000000	0.000000	1733433193.333244	0.000000
94.000000	87838.175933	18194.923484	187500.000000	187500.000000	86943.077975	102837.805788	113392.321872	134180.271230	-0.066000	0.772000	0.576000	192.000000	0.000000	0.000000	0.000000	0.000000	0.000000	0.000000	0.000000	0.000000	0.000000	1733433193.337102	0.000000
95.000000	87830.933968	18182.764135	187500.000000	187500.000000	86940.373414	102837.783437	113397.105145	134194.151663	-0.066000	0.772000	0.576000	192.000000	0.000000	0.000000	0.000000	0.000000	0.000000	0.000000	0.000000	0.000000	0.000000	1733433193.340124	0.000000
96.000000	87827.245930	18181.378327	187500.000000	187500.000000	86944.575542	102849.339288	113394.221770	134178.371331	-0.064000	0.774000	0.578000	192.000000	254.000000	0.000000	24.000000	48.000000	18.000000	16.000000	0.000000	0.000000	0.000000	1733433193.344097	0.000000
97.000000	87829.235235	18195.638740	187500.000000	187500.000000	86947.034233	102849.674565	113393.506514	134179.623029	-0.064000	0.774000	0.578000	192.000000	0.000000	0.000000	0.000000	0.000000	0.000000	0.000000	0.000000	0.000000	0.000000	1733433193.348105	0.000000
98.000000	87831.403355	18204.735900	187500.000000	187500.000000	86948.688263	102846.187692	113377.972052	134178.483090	-0.064000	0.774000	0.578000	192.000000	0.000000	0.000000	0.000000	0.000000	0.000000	0.000000	0.000000	0.000000	0.000000	1733433193.352154	0.000000
99.000000	87830.576340	18230.663923	187500.000000	187500.000000	86946.363681	102859.218759	113363.666935	134176.762006	-0.064000	0.774000	0.578000	192.000000	0.000000	0.000000	0.000000	0.000000	0.000000	0.000000	0.000000	0.000000	0.000000	1733433193.357390	0.000000
100.000000	87834.219674	18212.179030	187500.000000	187500.000000	86947.749489	102861.789210	113367.153808	134187.155567	-0.064000	0.774000	0.578000	192.000000	0.000000	0.000000	0.000000	0.000000	0.000000	0.000000	0.000000	0.000000	0.000000	1733433193.361351	0.000000
101.000000	87825.793067	18182.853542	187500.000000	187500.000000	86942.340367	102858.727021	113360.872967	134181.679390	-0.064000	0.774000	0.578000	192.000000	0.000000	0.000000	0.000000	0.000000	0.000000	0.000000	0.000000	0.000000	0.000000	1733433193.365365	0.000000
102.000000	87820.115724	18173.421106	187500.000000	187500.000000	86940.418117	102847.707611	113342.768054	134184.495709	-0.064000	0.774000	0.578000	192.000000	0.000000	0.000000	0.000000	0.000000	0.000000	0.000000	0.000000	0.000000	0.000000	1733433193.368880	0.000000
103.000000	87823.759058	18185.446344	187500.000000	187500.000000	86950.029367	102833.581309	113345.137339	134187.982582	-0.064000	0.774000	0.578000	192.000000	0.000000	0.000000	0.000000	0.000000	0.000000	0.000000	0.000000	0.000000	0.000000	1733433193.372392	0.000000
104.000000	87821.881511	18184.708737	187500.000000	187500.000000	86951.728100	102838.990431	113348.914784	134178.170166	-0.064000	0.774000	0.578000	192.000000	0.000000	0.000000	0.000000	0.000000	0.000000	0.000000	0.000000	0.000000	0.000000	1733433193.376140	0.000000
105.000000	87833.347956	18189.201437	187500.000000	187500.000000	86958.433623	102839.750390	113365.030392	134186.507366	-0.064000	0.774000	0.578000	192.000000	0.000000	0.000000	0.000000	0.000000	0.000000	0.000000	0.000000	0.000000	0.000000	1733433193.380178	0.000000
106.000000	87839.941721	18207.239295	187500.000000	187500.000000	86967.866059	102839.213948	113383.939968	134175.867936	-0.070000	0.774000	0.574000	192.000000	253.000000	208.000000	24.000000	48.000000	17.000000	240.000000	0.000000	0.000000	0.000000	1733433193.384170	0.000000
107.000000	87836.544256	18222.416129	187500.000000	187500.000000	86963.641580	102842.074971	113375.692174	134175.733826	-0.070000	0.774000	0.574000	192.000000	0.000000	0.000000	0.000000	0.000000	0.000000	0.000000	0.000000	0.000000	0.000000	1733433193.389256	0.000000
108.000000	87830.308119	18221.007969	187500.000000	187500.000000	86965.899106	102865.097268	113372.406467	134177.231393	-0.070000	0.774000	0.574000	192.000000	0.000000	0.000000	0.000000	0.000000	0.000000	0.000000	0.000000	0.000000	0.000000	1733433193.392177	0.000000
109.000000	87823.826113	18186.452173	187500.000000	187500.000000	86957.673664	102851.842684	113368.472560	134184.294544	-0.070000	0.774000	0.574000	192.000000	0.000000	0.000000	0.000000	0.000000	0.000000	0.000000	0.000000	0.000000	0.000000	1733433193.396288	0.000000
110.000000	87819.758096	18182.093582	187500.000000	187500.000000	86949.850553	102851.887387	113363.421066	134188.362561	-0.070000	0.774000	0.574000	192.000000	0.000000	0.000000	0.000000	0.000000	0.000000	0.000000	0.000000	0.000000	0.000000	1733433193.400262	0.000000
111.000000	87824.094334	18200.109088	187500.000000	187500.000000	86957.919533	102880.251751	113363.733991	134207.897986	-0.070000	0.774000	0.574000	192.000000	0.000000	0.000000	0.000000	0.000000	0.000000	0.000000	0.000000	0.000000	0.000000	1733433193.404375	0.000000
112.000000	87821.121552	18182.339452	187500.000000	187500.000000	86960.981722	102856.156570	113356.514377	134196.163320	-0.070000	0.774000	0.574000	192.000000	0.000000	0.000000	0.000000	0.000000	0.000000	0.000000	0.000000	0.000000	0.000000	1733433193.408224	0.000000
113.000000	87824.451962	18175.544521	187500.000000	187500.000000	86960.981722	102826.384047	113343.013924	134177.700779	-0.070000	0.774000	0.574000	192.000000	0.000000	0.000000	0.000000	0.000000	0.000000	0.000000	0.000000	0.000000	0.000000	1733433193.413216	0.000000
114.000000	87815.891244	18170.738896	187500.000000	187500.000000	86957.159574	102829.848567	113340.935211	134171.665808	-0.070000	0.774000	0.574000	192.000000	0.000000	0.000000	0.000000	0.000000	0.000000	0.000000	0.000000	0.000000	0.000000	1733433193.417216	0.000000
115.000000	87825.010756	18210.659112	187500.000000	187500.000000	86959.707673	102839.705687	113357.967241	134170.503517	-0.070000	0.774000	0.574000	192.000000	0.000000	0.000000	0.000000	0.000000	0.000000	0.000000	0.000000	0.000000	0.000000	1733433193.420246	0.000000
116.000000	87834.666709	18207.105184	187500.000000	187500.000000	86969.162460	102844.824236	113366.885587	134185.278021	-0.078000	0.768000	0.576000	192.000000	253.000000	144.000000	24.000000	0.000000	18.000000	0.000000	0.000000	0.000000	0.000000	1733433193.424242	0.000000
117.000000	87838.310044	18190.699004	187500.000000	187500.000000	86980.271277	102871.959254	113381.213055	134188.854300	-0.078000	0.768000	0.576000	192.000000	0.000000	0.000000	0.000000	0.000000	0.000000	0.000000	0.000000	0.000000	0.000000	1733433193.428511	0.000000
118.000000	87831.403355	18171.677669	187500.000000	187500.000000	86968.335446	102851.999146	113360.627098	134186.596773	-0.078000	0.768000	0.576000	192.000000	0.000000	0.000000	0.000000	0.000000	0.000000	0.000000	0.000000	0.000000	0.000000	1733433193.432485	0.000000
119.000000	87826.910654	18170.090696	187500.000000	187500.000000	86955.751414	102835.257689	113348.579508	134179.220698	-0.078000	0.768000	0.576000	192.000000	0.000000	0.000000	0.000000	0.000000	0.000000	0.000000	0.000000	0.000000	0.000000	1733433193.436720	0.000000
120.000000	87823.490837	18164.458056	187500.000000	187500.000000	86960.422928	102841.672640	113355.620307	134173.900983	-0.078000	0.768000	0.576000	192.000000	0.000000	0.000000	0.000000	0.000000	0.000000	0.000000	0.000000	0.000000	0.000000	1733433193.440468	0.000000
121.000000	87829.771677	18192.487144	187500.000000	187500.000000	86971.956429	102854.457838	113365.879758	134181.232355	-0.078000	0.768000	0.576000	192.000000	0.000000	0.000000	0.000000	0.000000	0.000000	0.000000	0.000000	0.000000	0.000000	1733433193.445274	0.000000
122.000000	87829.928139	18224.226621	187500.000000	187500.000000	86976.136205	102855.798943	113367.600842	134185.836814	-0.078000	0.768000	0.576000	192.000000	0.000000	0.000000	0.000000	0.000000	0.000000	0.000000	0.000000	0.000000	0.000000	1733433193.448272	0.000000
123.000000	87825.726011	18223.690179	187500.000000	187500.000000	86973.342237	102858.391745	113356.670839	134201.527739	-0.078000	0.768000	0.576000	192.000000	0.000000	0.000000	0.000000	0.000000	0.000000	0.000000	0.000000	0.000000	0.000000	1733433193.452259	0.000000
124.000000	87819.802799	18205.562914	187500.000000	187500.000000	86975.242135	102863.420887	113365.343316	134181.455872	-0.078000	0.768000	0.576000	192.000000	0.000000	0.000000	0.000000	0.000000	0.000000	0.000000	0.000000	0.000000	0.000000	1733433193.456270	0.000000
125.000000	87815.332450	18177.422068	187500.000000	187500.000000	86980.047760	102870.841667	113359.241290	134182.126425	-0.078000	0.768000	0.576000	192.000000	0.000000	0.000000	0.000000	0.000000	0.000000	0.000000	0.000000	0.000000	0.000000	1733433193.460303	0.000000
126.000000	87814.684250	18184.842847	187500.000000	187500.000000	86987.602650	102874.485001	113362.951680	134193.257593	-0.072000	0.768000	0.576000	192.000000	253.000000	192.000000	24.000000	0.000000	18.000000	0.000000	0.000000	0.000000	0.000000	1733433193.464548	0.000000
127.000000	87815.913596	18187.927388	187500.000000	187500.000000	86982.595859	102847.729963	113363.890453	134178.952477	-0.072000	0.768000	0.576000	192.000000	0.000000	0.000000	0.000000	0.000000	0.000000	0.000000	0.000000	0.000000	0.000000	1733433193.468445	0.000000
128.000000	87823.736706	18181.981824	187500.000000	187500.000000	86985.523937	102857.497675	113365.566834	134192.274117	-0.072000	0.768000	0.576000	192.000000	0.000000	0.000000	0.000000	0.000000	0.000000	0.000000	0.000000	0.000000	0.000000	1733433193.472580	0.000000
129.000000	87822.373250	18189.626120	187500.000000	187500.000000	86993.727028	102871.802792	113373.322889	134192.408227	-0.072000	0.768000	0.576000	192.000000	0.000000	0.000000	0.000000	0.000000	0.000000	0.000000	0.000000	0.000000	0.000000	1733433193.476601	0.000000
130.000000	87817.321756	18203.886533	187500.000000	187500.000000	86982.215879	102883.179829	113363.555177	134185.590945	-0.072000	0.768000	0.576000	192.000000	0.000000	0.000000	0.000000	0.000000	0.000000	0.000000	0.000000	0.000000	0.000000	1733433193.479350	0.000000
131.000000	87809.565700	18172.929367	187500.000000	187500.000000	86972.984609	102874.820277	113345.696133	134202.377105	-0.072000	0.768000	0.576000	192.000000	0.000000	0.000000	0.000000	0.000000	0.000000	0.000000	0.000000	0.000000	0.000000	1733433193.484342	0.000000
132.000000	87816.450038	18190.363728	187500.000000	187500.000000	86984.741626	102887.560771	113354.189796	134193.995201	-0.072000	0.768000	0.576000	192.000000	0.000000	0.000000	0.000000	0.000000	0.000000	0.000000	0.000000	0.000000	0.000000	1733433193.488441	0.000000
133.000000	87818.528750	18169.822475	187500.000000	187500.000000	86984.942792	102888.521896	113361.007078	134192.564689	-0.072000	0.768000	0.576000	192.000000	0.000000	0.000000	0.000000	0.000000	0.000000	0.000000	0.000000	0.000000	0.000000	1733433193.492363	0.000000
134.000000	87815.846540	18173.510513	187500.000000	187500.000000	86985.233365	102873.590931	113359.733028	134205.863977	-0.072000	0.768000	0.576000	192.000000	0.000000	0.000000	0.000000	0.000000	0.000000	0.000000	0.000000	0.000000	0.000000	1733433193.496562	0.000000
135.000000	87806.190587	18179.903111	187500.000000	187500.000000	86963.976856	102849.339288	113333.223859	134166.033169	-0.072000	0.768000	0.576000	192.000000	0.000000	0.000000	0.000000	0.000000	0.000000	0.000000	0.000000	0.000000	0.000000	1733433193.501616	0.000000
136.000000	87802.882529	18180.260739	187500.000000	187500.000000	86963.932152	102854.413134	113329.938153	134164.557953	-0.076000	0.770000	0.576000	192.000000	253.000000	160.000000	24.000000	16.000000	18.000000	0.000000	0.000000	0.000000	0.000000	1733433193.504633	0.000000
137.000000	87806.548215	18183.278225	187500.000000	187500.000000	86968.491908	102868.070050	113352.602822	134181.902907	-0.076000	0.770000	0.576000	192.000000	0.000000	0.000000	0.000000	0.000000	0.000000	0.000000	0.000000	0.000000	0.000000	1733433193.507568	0.000000
138.000000	87797.607517	18155.115027	187500.000000	187500.000000	86963.798042	102877.278969	113341.225784	134166.837831	-0.076000	0.770000	0.576000	192.000000	0.000000	0.000000	0.000000	0.000000	0.000000	0.000000	0.000000	0.000000	0.000000	1733433193.512476	0.000000
139.000000	87795.707619	18152.343411	187500.000000	187500.000000	86956.556077	102844.332498	113327.613572	134158.344168	-0.076000	0.770000	0.576000	192.000000	0.000000	0.000000	0.000000	0.000000	0.000000	0.000000	0.000000	0.000000	0.000000	1733433193.516670	0.000000
140.000000	87800.915575	18163.765152	187500.000000	187500.000000	86954.790289	102863.353832	113329.736987	134187.982582	-0.076000	0.770000	0.576000	192.000000	0.000000	0.000000	0.000000	0.000000	0.000000	0.000000	0.000000	0.000000	0.000000	1733433193.520438	0.000000
141.000000	87806.458808	18172.504684	187500.000000	187500.000000	86971.844670	102906.649161	113338.051836	134197.258556	-0.076000	0.770000	0.576000	192.000000	0.000000	0.000000	0.000000	0.000000	0.000000	0.000000	0.000000	0.000000	0.000000	1733433193.524447	0.000000
142.000000	87816.897072	18199.416184	187500.000000	187500.000000	86975.018618	102893.707501	113335.928421	134178.281925	-0.076000	0.770000	0.576000	192.000000	0.000000	0.000000	0.000000	0.000000	0.000000	0.000000	0.000000	0.000000	0.000000	1733433193.527447	0.000000
143.000000	87813.834883	18180.327795	187500.000000	187500.000000	86971.554097	102901.776481	113314.202525	134170.414110	-0.076000	0.770000	0.576000	192.000000	0.000000	0.000000	0.000000	0.000000	0.000000	0.000000	0.000000	0.000000	0.000000	1733433193.531591	0.000000
144.000000	87815.153636	18164.212187	187500.000000	187500.000000	86969.363626	102852.647347	113320.595124	134177.499613	-0.076000	0.770000	0.576000	192.000000	0.000000	0.000000	0.000000	0.000000	0.000000	0.000000	0.000000	0.000000	0.000000	1733433193.535525	0.000000
145.000000	87811.465599	18170.649489	187500.000000	187500.000000	86961.898144	102852.200312	113343.416255	134182.193480	-0.076000	0.770000	0.576000	192.000000	0.000000	0.000000	0.000000	0.000000	0.000000	0.000000	0.000000	0.000000	0.000000	1733433193.540606	0.000000
146.000000	87805.408276	18143.000381	187500.000000	187500.000000	86963.283952	102875.244960	113332.463900	134183.221660	-0.080000	0.766000	0.574000	192.000000	253.000000	128.000000	23.000000	240.000000	17.000000	240.000000	0.000000	0.000000	0.000000	1733433193.544627	0.000000
147.000000	87801.541424	18146.554309	187500.000000	187500.000000	86966.457899	102885.280893	113328.619400	134167.262515	-0.080000	0.766000	0.574000	192.000000	0.000000	0.000000	0.000000	0.000000	0.000000	0.000000	0.000000	0.000000	0.000000	1733433193.548506	0.000000
148.000000	87807.844616	18165.262719	187500.000000	187500.000000	86966.971990	102875.893161	113348.020714	134169.117709	-0.080000	0.766000	0.574000	192.000000	0.000000	0.000000	0.000000	0.000000	0.000000	0.000000	0.000000	0.000000	0.000000	1733433193.552424	0.000000
149.000000	87804.782427	18180.372498	187500.000000	187500.000000	86968.000170	102888.700710	113343.326848	134180.181823	-0.080000	0.766000	0.574000	192.000000	0.000000	0.000000	0.000000	0.000000	0.000000	0.000000	0.000000	0.000000	0.000000	1733433193.555431	0.000000
150.000000	87796.400523	18167.006155	187500.000000	187500.000000	86967.463728	102898.334312	113323.992589	134185.255669	-0.080000	0.766000	0.574000	192.000000	0.000000	0.000000	0.000000	0.000000	0.000000	0.000000	0.000000	0.000000	0.000000	1733433193.559407	0.000000
151.000000	87799.350953	18151.762265	187500.000000	187500.000000	86965.966161	102909.577240	113314.113118	134202.622974	-0.080000	0.766000	0.574000	192.000000	0.000000	0.000000	0.000000	0.000000	0.000000	0.000000	0.000000	0.000000	0.000000	1733433193.563446	0.000000
152.000000	87798.881566	18152.656335	187500.000000	187500.000000	86953.560943	102863.398536	113310.514487	134177.991352	-0.080000	0.766000	0.574000	192.000000	0.000000	0.000000	0.000000	0.000000	0.000000	0.000000	0.000000	0.000000	0.000000	1733433193.568484	0.000000
153.000000	87796.869909	18170.537731	187500.000000	187500.000000	86942.608588	102827.747503	113296.276426	134187.557898	-0.080000	0.766000	0.574000	192.000000	0.000000	0.000000	0.000000	0.000000	0.000000	0.000000	0.000000	0.000000	0.000000	1733433193.572578	0.000000
154.000000	87804.134226	18168.079039	187500.000000	187500.000000	86955.505545	102844.108980	113294.488286	134168.827137	-0.080000	0.766000	0.574000	192.000000	0.000000	0.000000	0.000000	0.000000	0.000000	0.000000	0.000000	0.000000	0.000000	1733433193.576586	0.000000
155.000000	87808.828093	18148.230690	187500.000000	187500.000000	86963.149841	102840.353887	113282.664213	134169.028302	-0.080000	0.766000	0.574000	192.000000	0.000000	0.000000	0.000000	0.000000	0.000000	0.000000	0.000000	0.000000	0.000000	1733433193.580720	0.000000
156.000000	87804.871834	18155.115027	187500.000000	187500.000000	86962.233420	102855.240149	113283.133600	134156.712491	-0.082000	0.762000	0.578000	192.000000	253.000000	112.000000	23.000000	208.000000	18.000000	16.000000	0.000000	0.000000	0.000000	1733433193.583699	0.000000
157.000000	87805.654145	18167.788466	187500.000000	187500.000000	86957.405443	102864.985510	113286.598121	134159.104128	-0.082000	0.762000	0.578000	192.000000	0.000000	0.000000	0.000000	0.000000	0.000000	0.000000	0.000000	0.000000	0.000000	1733433193.587711	0.000000
158.000000	87809.163369	18177.422068	187500.000000	187500.000000	86963.105138	102865.589007	113310.112156	134180.427692	-0.082000	0.762000	0.578000	192.000000	0.000000	0.000000	0.000000	0.000000	0.000000	0.000000	0.000000	0.000000	0.000000	1733433193.591482	0.000000
159.000000	87814.617194	18159.339507	187500.000000	187500.000000	86970.347103	102867.846533	113316.147127	134180.964134	-0.082000	0.762000	0.578000	192.000000	0.000000	0.000000	0.000000	0.000000	0.000000	0.000000	0.000000	0.000000	0.000000	1733433193.596458	0.000000
160.000000	87814.885415	18159.428914	187500.000000	187500.000000	86969.028350	102868.248864	113307.564057	134158.277113	-0.082000	0.762000	0.578000	192.000000	0.000000	0.000000	0.000000	0.000000	0.000000	0.000000	0.000000	0.000000	0.000000	1733433193.600512	0.000000
161.000000	87808.246947	18173.890492	187500.000000	187500.000000	86970.905897	102867.377146	113306.334711	134152.219790	-0.082000	0.762000	0.578000	192.000000	0.000000	0.000000	0.000000	0.000000	0.000000	0.000000	0.000000	0.000000	0.000000	1733433193.604526	0.000000
162.000000	87801.273203	18167.184969	187500.000000	187500.000000	86977.030275	102884.565638	113297.170496	134149.872857	-0.082000	0.762000	0.578000	192.000000	0.000000	0.000000	0.000000	0.000000	0.000000	0.000000	0.000000	0.000000	0.000000	1733433193.608706	0.000000
163.000000	87793.539499	18136.071341	187500.000000	187500.000000	86968.626019	102854.077858	113292.610740	134153.940875	-0.082000	0.762000	0.578000	192.000000	0.000000	0.000000	0.000000	0.000000	0.000000	0.000000	0.000000	0.000000	0.000000	1733433193.611611	0.000000
164.000000	87788.130377	18131.422178	187500.000000	187500.000000	86966.346141	102837.269346	113292.320167	134158.813555	-0.082000	0.762000	0.578000	192.000000	0.000000	0.000000	0.000000	0.000000	0.000000	0.000000	0.000000	0.000000	0.000000	1733433193.615735	0.000000
165.000000	87783.816491	18126.907125	187500.000000	187500.000000	86973.990437	102853.943748	113284.675870	134164.982637	-0.082000	0.762000	0.578000	192.000000	0.000000	0.000000	0.000000	0.000000	0.000000	0.000000	0.000000	0.000000	0.000000	1733433193.619918	0.000000
166.000000	87791.438435	18143.693285	187500.000000	187500.000000	86976.091501	102861.565693	113292.163705	134174.012741	-0.080000	0.768000	0.574000	192.000000	253.000000	128.000000	24.000000	0.000000	17.000000	240.000000	0.000000	0.000000	0.000000	1733433193.624776	0.000000
167.000000	87797.294593	18170.381268	187500.000000	187500.000000	86983.065246	102868.181809	113305.485345	134184.629820	-0.080000	0.768000	0.574000	192.000000	0.000000	0.000000	0.000000	0.000000	0.000000	0.000000	0.000000	0.000000	0.000000	1733433193.628519	0.000000
168.000000	87812.449075	18175.969204	187500.000000	187500.000000	86993.011772	102882.911609	113331.301609	134207.428599	-0.080000	0.768000	0.574000	192.000000	0.000000	0.000000	0.000000	0.000000	0.000000	0.000000	0.000000	0.000000	0.000000	1733433193.632738	0.000000
169.000000	87810.660936	18151.494044	187500.000000	187500.000000	86997.705638	102890.757071	113331.502775	134210.267271	-0.080000	0.768000	0.574000	192.000000	0.000000	0.000000	0.000000	0.000000	0.000000	0.000000	0.000000	0.000000	0.000000	1733433193.636576	0.000000
170.000000	87797.585165	18139.647620	187500.000000	187500.000000	86989.614307	102869.500562	113312.146164	134198.443198	-0.080000	0.768000	0.574000	192.000000	0.000000	0.000000	0.000000	0.000000	0.000000	0.000000	0.000000	0.000000	0.000000	1733433193.639553	0.000000
171.000000	87797.294593	18152.254004	187500.000000	187500.000000	86994.241118	102875.937864	113319.790461	134188.206099	-0.080000	0.768000	0.574000	192.000000	0.000000	0.000000	0.000000	0.000000	0.000000	0.000000	0.000000	0.000000	0.000000	1733433193.643572	0.000000
172.000000	87805.788255	18160.837073	187500.000000	187500.000000	87002.623022	102893.014597	113329.692284	134201.237166	-0.080000	0.768000	0.574000	192.000000	0.000000	0.000000	0.000000	0.000000	0.000000	0.000000	0.000000	0.000000	0.000000	1733433193.647559	0.000000
173.000000	87803.754247	18146.509605	187500.000000	187500.000000	86991.827129	102905.397463	113317.510583	134206.199253	-0.080000	0.768000	0.574000	192.000000	0.000000	0.000000	0.000000	0.000000	0.000000	0.000000	0.000000	0.000000	0.000000	1733433193.651584	0.000000
174.000000	87799.976802	18165.463885	187500.000000	187500.000000	86985.926269	102888.700710	113305.820621	134194.129311	-0.080000	0.768000	0.574000	192.000000	0.000000	0.000000	0.000000	0.000000	0.000000	0.000000	0.000000	0.000000	0.000000	1733433193.656778	0.000000
175.000000	87798.434532	18189.648472	187500.000000	187500.000000	86976.471481	102861.006899	113287.782763	134166.346093	-0.080000	0.768000	0.574000	192.000000	0.000000	0.000000	0.000000	0.000000	0.000000	0.000000	0.000000	0.000000	0.000000	1733433193.660827	0.000000
176.000000	87797.853386	18149.951774	187500.000000	187500.000000	86969.162460	102869.388803	113289.615606	134153.672654	-0.080000	0.772000	0.570000	192.000000	253.000000	128.000000	24.000000	32.000000	17.000000	208.000000	0.000000	0.000000	0.000000	1733433193.664820	0.000000
177.000000	87795.886433	18139.513509	187500.000000	187500.000000	86965.854402	102862.482114	113301.976121	134161.696930	-0.080000	0.772000	0.570000	192.000000	0.000000	0.000000	0.000000	0.000000	0.000000	0.000000	0.000000	0.000000	0.000000	1733433193.667962	0.000000
178.000000	87799.082732	18162.535806	187500.000000	187500.000000	86972.761091	102873.814449	113310.536839	134167.933067	-0.080000	0.772000	0.570000	192.000000	0.000000	0.000000	0.000000	0.000000	0.000000	0.000000	0.000000	0.000000	0.000000	1733433193.671615	0.000000
179.000000	87801.049686	18159.160693	187500.000000	187500.000000	86979.779539	102883.515106	113307.608760	134177.074930	-0.080000	0.772000	0.570000	192.000000	0.000000	0.000000	0.000000	0.000000	0.000000	0.000000	0.000000	0.000000	0.000000	1733433193.675597	0.000000
180.000000	87801.764941	18140.608745	187500.000000	187500.000000	86997.929156	102897.283780	113314.604856	134183.400474	-0.080000	0.772000	0.570000	192.000000	0.000000	0.000000	0.000000	0.000000	0.000000	0.000000	0.000000	0.000000	0.000000	1733433193.679622	0.000000
181.000000	87804.245985	18150.376457	187500.000000	187500.000000	87002.846539	102881.481097	113312.012054	134190.128349	-0.080000	0.772000	0.570000	192.000000	0.000000	0.000000	0.000000	0.000000	0.000000	0.000000	0.000000	0.000000	0.000000	1733433193.684604	0.000000
182.000000	87799.462712	18161.462922	187500.000000	187500.000000	86987.692057	102841.717344	113295.091783	134177.477262	-0.080000	0.772000	0.570000	192.000000	0.000000	0.000000	0.000000	0.000000	0.000000	0.000000	0.000000	0.000000	0.000000	1733433193.688627	0.000000
183.000000	87796.288764	18143.179195	187500.000000	187500.000000	86984.294591	102848.221701	113284.094725	134153.337378	-0.080000	0.772000	0.570000	192.000000	0.000000	0.000000	0.000000	0.000000	0.000000	0.000000	0.000000	0.000000	0.000000	1733433193.691615	0.000000
184.000000	87794.321811	18144.207376	187500.000000	187500.000000	86984.674571	102874.596760	113296.924626	134165.452023	-0.080000	0.772000	0.570000	192.000000	0.000000	0.000000	0.000000	0.000000	0.000000	0.000000	0.000000	0.000000	0.000000	1733433193.695649	0.000000
185.000000	87785.336409	18142.866271	187500.000000	187500.000000	86972.291705	102872.294530	113288.721536	134172.492823	-0.080000	0.772000	0.570000	192.000000	0.000000	0.000000	0.000000	0.000000	0.000000	0.000000	0.000000	0.000000	0.000000	1733433193.699876	0.000000
186.000000	87798.747456	18150.152940	187500.000000	187500.000000	86983.780501	102886.040853	113296.477592	134172.202250	-0.076000	0.774000	0.572000	192.000000	253.000000	160.000000	24.000000	48.000000	17.000000	224.000000	0.000000	0.000000	0.000000	1733433193.703684	0.000000
187.000000	87812.247910	18175.678632	187500.000000	187500.000000	87002.511263	102888.208972	113317.085900	134185.188614	-0.076000	0.774000	0.572000	192.000000	0.000000	0.000000	0.000000	0.000000	0.000000	0.000000	0.000000	0.000000	0.000000	1733433193.707862	0.000000
188.000000	87814.617194	18186.139248	187500.000000	187500.000000	87003.137112	102894.668626	113312.123813	134199.404323	-0.076000	0.774000	0.572000	192.000000	0.000000	0.000000	0.000000	0.000000	0.000000	0.000000	0.000000	0.000000	0.000000	1733433193.712793	0.000000
189.000000	87810.258604	18183.792315	187500.000000	187500.000000	87010.937871	102888.298379	113321.265676	134206.154550	-0.076000	0.774000	0.572000	192.000000	0.000000	0.000000	0.000000	0.000000	0.000000	0.000000	0.000000	0.000000	0.000000	1733433193.716868	0.000000
190.000000	87804.201282	18163.116951	187500.000000	187500.000000	87005.729914	102891.092347	113317.979970	134203.695858	-0.076000	0.774000	0.572000	192.000000	0.000000	0.000000	0.000000	0.000000	0.000000	0.000000	0.000000	0.000000	0.000000	1733433193.719667	0.000000
191.000000	87805.698848	18159.630079	187500.000000	187500.000000	87016.369345	102913.332333	113314.314284	134175.130329	-0.076000	0.774000	0.572000	192.000000	0.000000	0.000000	0.000000	0.000000	0.000000	0.000000	0.000000	0.000000	0.000000	1733433193.723701	0.000000
192.000000	87805.765904	18151.583451	187500.000000	187500.000000	87023.119572	102902.648199	113319.052853	134192.140006	-0.076000	0.774000	0.572000	192.000000	0.000000	0.000000	0.000000	0.000000	0.000000	0.000000	0.000000	0.000000	0.000000	1733433193.727693	0.000000
193.000000	87807.598747	18144.274431	187500.000000	187500.000000	87032.172028	102887.225495	113324.953714	134203.226471	-0.076000	0.774000	0.572000	192.000000	0.000000	0.000000	0.000000	0.000000	0.000000	0.000000	0.000000	0.000000	0.000000	1733433193.731701	0.000000
194.000000	87813.589014	18159.473617	187500.000000	187500.000000	87038.832848	102894.422757	113325.288990	134198.420846	-0.076000	0.774000	0.572000	192.000000	0.000000	0.000000	0.000000	0.000000	0.000000	0.000000	0.000000	0.000000	0.000000	1733433193.735734	0.000000
195.000000	87817.791142	18193.381213	187500.000000	187500.000000	87040.911560	102912.102987	113331.569830	134204.925204	-0.076000	0.774000	0.572000	192.000000	0.000000	0.000000	0.000000	0.000000	0.000000	0.000000	0.000000	0.000000	0.000000	1733433193.739941	0.000000
196.000000	87816.785314	18174.650451	187500.000000	187500.000000	87034.407203	102914.069940	113327.322999	134210.803713	-0.074000	0.774000	0.574000	192.000000	253.000000	176.000000	24.000000	48.000000	17.000000	240.000000	0.000000	0.000000	0.000000	1733433193.745003	0.000000
197.000000	87817.791142	18163.765152	187500.000000	187500.000000	87034.429554	102923.480025	113324.529031	134208.322669	-0.074000	0.774000	0.574000	192.000000	0.000000	0.000000	0.000000	0.000000	0.000000	0.000000	0.000000	0.000000	0.000000	1733433193.748006	0.000000
198.000000	87818.282881	18153.393943	187500.000000	187500.000000	87030.585054	102905.665684	113314.448394	134220.750239	-0.074000	0.774000	0.574000	192.000000	0.000000	0.000000	0.000000	0.000000	0.000000	0.000000	0.000000	0.000000	0.000000	1733433193.751993	0.000000
199.000000	87820.003965	18171.252986	187500.000000	187500.000000	87030.361537	102893.014597	113315.409519	134203.271175	-0.074000	0.774000	0.574000	192.000000	0.000000	0.000000	0.000000	0.000000	0.000000	0.000000	0.000000	0.000000	0.000000	1733433193.755947	0.000000
200.000000	87812.337317	18189.469658	187500.000000	187500.000000	87022.404316	102900.860059	113306.446470	134157.830078	-0.074000	0.774000	0.574000	192.000000	0.000000	0.000000	0.000000	0.000000	0.000000	0.000000	0.000000	0.000000	0.000000	1733433193.759746	0.000000
201.000000	87805.251814	18157.439608	187500.000000	187500.000000	87018.425705	102894.445109	113308.458127	134159.171183	-0.074000	0.774000	0.574000	192.000000	0.000000	0.000000	0.000000	0.000000	0.000000	0.000000	0.000000	0.000000	0.000000	1733433193.763740	0.000000
202.000000	87796.780502	18137.591259	187500.000000	187500.000000	87010.557891	102867.645367	113297.930455	134157.383043	-0.074000	0.774000	0.574000	192.000000	0.000000	0.000000	0.000000	0.000000	0.000000	0.000000	0.000000	0.000000	0.000000	1733433193.767778	0.000000
203.000000	87793.248927	18139.602916	187500.000000	187500.000000	87014.715316	102872.160419	113293.862437	134155.639607	-0.074000	0.774000	0.574000	192.000000	0.000000	0.000000	0.000000	0.000000	0.000000	0.000000	0.000000	0.000000	0.000000	1733433193.772749	0.000000
204.000000	87793.874776	18157.171387	187500.000000	187500.000000	87018.604519	102881.905780	113284.966443	134163.127442	-0.074000	0.774000	0.574000	192.000000	0.000000	0.000000	0.000000	0.000000	0.000000	0.000000	0.000000	0.000000	0.000000	1733433193.775741	0.000000
205.000000	87808.269299	18181.870065	187500.000000	187500.000000	87023.678365	102908.683170	113302.132583	134188.921355	-0.074000	0.774000	0.574000	192.000000	0.000000	0.000000	0.000000	0.000000	0.000000	0.000000	0.000000	0.000000	0.000000	1733433193.779900	0.000000
206.000000	87812.247910	18192.822420	187500.000000	187500.000000	87020.660880	102918.964972	113302.601970	134222.538379	-0.072000	0.768000	0.574000	192.000000	253.000000	192.000000	24.000000	0.000000	17.000000	240.000000	0.000000	0.000000	0.000000	1733433193.783989	0.000000
207.000000	87809.699811	18201.941931	187500.000000	187500.000000	87018.671574	102891.919362	113301.506734	134198.845529	-0.072000	0.768000	0.574000	192.000000	0.000000	0.000000	0.000000	0.000000	0.000000	0.000000	0.000000	0.000000	0.000000	1733433193.788045	0.000000
208.000000	87809.230424	18184.216998	187500.000000	187500.000000	87028.416935	102900.144804	113321.645656	134184.585116	-0.072000	0.768000	0.574000	192.000000	0.000000	0.000000	0.000000	0.000000	0.000000	0.000000	0.000000	0.000000	0.000000	1733433193.792010	0.000000
209.000000	87803.664840	18141.234594	187500.000000	187500.000000	87034.161333	102888.164269	113316.191830	134194.665753	-0.072000	0.768000	0.574000	192.000000	0.000000	0.000000	0.000000	0.000000	0.000000	0.000000	0.000000	0.000000	0.000000	1733433193.795932	0.000000
210.000000	87799.976802	18129.969314	187500.000000	187500.000000	87028.931025	102878.351853	113310.738005	134197.549128	-0.072000	0.768000	0.574000	192.000000	0.000000	0.000000	0.000000	0.000000	0.000000	0.000000	0.000000	0.000000	0.000000	1733433193.800107	0.000000
211.000000	87802.211976	18152.321059	187500.000000	187500.000000	87028.931025	102885.258542	113317.622342	134191.402399	-0.072000	0.768000	0.574000	192.000000	0.000000	0.000000	0.000000	0.000000	0.000000	0.000000	0.000000	0.000000	0.000000	1733433193.802862	0.000000
212.000000	87807.062305	18165.285071	187500.000000	187500.000000	87047.818249	102909.018446	113328.597048	134197.258556	-0.072000	0.768000	0.574000	192.000000	0.000000	0.000000	0.000000	0.000000	0.000000	0.000000	0.000000	0.000000	0.000000	1733433193.807823	0.000000
213.000000	87816.427686	18188.285016	187500.000000	187500.000000	87056.758947	102918.517937	113328.284124	134193.794035	-0.072000	0.768000	0.574000	192.000000	0.000000	0.000000	0.000000	0.000000	0.000000	0.000000	0.000000	0.000000	0.000000	1733433193.811831	0.000000
214.000000	87815.712430	18189.983748	187500.000000	187500.000000	87055.641360	102936.064057	113331.256906	134211.183692	-0.072000	0.768000	0.574000	192.000000	0.000000	0.000000	0.000000	0.000000	0.000000	0.000000	0.000000	0.000000	0.000000	1733433193.816020	0.000000
215.000000	87807.911671	18174.538693	187500.000000	187500.000000	87039.883380	102924.619964	113313.308455	134186.999105	-0.072000	0.768000	0.574000	192.000000	0.000000	0.000000	0.000000	0.000000	0.000000	0.000000	0.000000	0.000000	0.000000	1733433193.819988	0.000000
216.000000	87807.509340	18162.155826	187500.000000	187500.000000	87036.485915	102919.657876	113310.134507	134186.462663	-0.070000	0.766000	0.574000	192.000000	253.000000	208.000000	23.000000	240.000000	17.000000	240.000000	0.000000	0.000000	0.000000	1733433193.824011	0.000000
217.000000	87804.111875	18150.421161	187500.000000	187500.000000	87033.468429	102904.145766	113309.910990	134180.897079	-0.070000	0.766000	0.574000	192.000000	0.000000	0.000000	0.000000	0.000000	0.000000	0.000000	0.000000	0.000000	0.000000	1733433193.827936	0.000000
218.000000	87804.313040	18153.371591	187500.000000	187500.000000	87033.557836	102885.079728	113309.419252	134165.764948	-0.070000	0.766000	0.574000	192.000000	0.000000	0.000000	0.000000	0.000000	0.000000	0.000000	0.000000	0.000000	0.000000	1733433193.831148	0.000000
219.000000	87807.285822	18163.273414	187500.000000	187500.000000	87030.070964	102880.072937	113308.525182	134170.503517	-0.070000	0.766000	0.574000	192.000000	0.000000	0.000000	0.000000	0.000000	0.000000	0.000000	0.000000	0.000000	0.000000	1733433193.835837	0.000000
220.000000	87807.241119	18182.004175	187500.000000	187500.000000	87029.221598	102880.855248	113303.071356	134170.838794	-0.070000	0.766000	0.574000	192.000000	0.000000	0.000000	0.000000	0.000000	0.000000	0.000000	0.000000	0.000000	0.000000	1733433193.839837	0.000000
221.000000	87805.900014	18165.285071	187500.000000	187500.000000	87033.960168	102891.964065	113318.449356	134178.170166	-0.070000	0.766000	0.574000	192.000000	0.000000	0.000000	0.000000	0.000000	0.000000	0.000000	0.000000	0.000000	0.000000	1733433193.843880	0.000000
222.000000	87808.358706	18173.801085	187500.000000	187500.000000	87038.497572	102905.241001	113322.606781	134188.071989	-0.070000	0.766000	0.574000	192.000000	0.000000	0.000000	0.000000	0.000000	0.000000	0.000000	0.000000	0.000000	0.000000	1733433193.847855	0.000000
223.000000	87809.431590	18179.992518	187500.000000	187500.000000	87032.015566	102899.183679	113304.926551	134186.864994	-0.070000	0.766000	0.574000	192.000000	0.000000	0.000000	0.000000	0.000000	0.000000	0.000000	0.000000	0.000000	0.000000	1733433193.851851	0.000000
224.000000	87807.241119	18149.258870	187500.000000	187500.000000	87040.598636	102906.693865	113310.827412	134190.038942	-0.070000	0.766000	0.574000	192.000000	0.000000	0.000000	0.000000	0.000000	0.000000	0.000000	0.000000	0.000000	0.000000	1733433193.855876	0.000000
225.000000	87803.620136	18147.582489	187500.000000	187500.000000	87037.491743	102893.707501	113320.013978	134177.231393	-0.070000	0.766000	0.574000	192.000000	0.000000	0.000000	0.000000	0.000000	0.000000	0.000000	0.000000	0.000000	0.000000	1733433193.858954	0.000000
226.000000	87807.889319	18141.994553	187500.000000	187500.000000	87041.984444	102917.400350	113325.356045	134177.499613	-0.070000	0.772000	0.574000	192.000000	253.000000	208.000000	24.000000	32.000000	17.000000	240.000000	0.000000	0.000000	0.000000	1733433193.862983	0.000000
227.000000	87823.267320	18169.554254	187500.000000	187500.000000	87047.304159	102912.997057	113330.385188	134193.972849	-0.070000	0.772000	0.574000	192.000000	0.000000	0.000000	0.000000	0.000000	0.000000	0.000000	0.000000	0.000000	0.000000	1733433193.868382	0.000000
228.000000	87823.267320	18188.352071	187500.000000	187500.000000	87052.020377	102920.484891	113333.268563	134220.079687	-0.070000	0.772000	0.574000	192.000000	0.000000	0.000000	0.000000	0.000000	0.000000	0.000000	0.000000	0.000000	0.000000	1733433193.872028	0.000000
229.000000	87810.057439	18173.510513	187500.000000	187500.000000	87037.558798	102901.709426	113322.651484	134241.179733	-0.070000	0.772000	0.574000	192.000000	0.000000	0.000000	0.000000	0.000000	0.000000	0.000000	0.000000	0.000000	0.000000	1733433193.875896	0.000000
230.000000	87808.202244	18178.763172	187500.000000	187500.000000	87028.953377	102870.171114	113306.938208	134195.626878	-0.070000	0.772000	0.574000	192.000000	0.000000	0.000000	0.000000	0.000000	0.000000	0.000000	0.000000	0.000000	0.000000	1733433193.879942	0.000000
231.000000	87815.533616	18186.765097	187500.000000	187500.000000	87031.680290	102873.479172	113310.000397	134166.971942	-0.070000	0.772000	0.574000	192.000000	0.000000	0.000000	0.000000	0.000000	0.000000	0.000000	0.000000	0.000000	0.000000	1733433193.883262	0.000000
232.000000	87817.835846	18161.999364	187500.000000	187500.000000	87029.936854	102895.383882	113313.330807	134163.172145	-0.070000	0.772000	0.574000	192.000000	0.000000	0.000000	0.000000	0.000000	0.000000	0.000000	0.000000	0.000000	0.000000	1733433193.886944	0.000000
233.000000	87816.003003	18159.540672	187500.000000	187500.000000	87038.184647	102903.341103	113309.285141	134168.536564	-0.070000	0.772000	0.574000	192.000000	0.000000	0.000000	0.000000	0.000000	0.000000	0.000000	0.000000	0.000000	0.000000	1733433193.890954	0.000000
234.000000	87815.690078	18155.383248	187500.000000	187500.000000	87040.017490	102919.456711	113310.268618	134175.800881	-0.070000	0.772000	0.574000	192.000000	0.000000	0.000000	0.000000	0.000000	0.000000	0.000000	0.000000	0.000000	0.000000	1733433193.895923	0.000000
235.000000	87809.118665	18163.675745	187500.000000	187500.000000	87026.181761	102909.085501	113299.785650	134159.908791	-0.070000	0.772000	0.574000	192.000000	0.000000	0.000000	0.000000	0.000000	0.000000	0.000000	0.000000	0.000000	0.000000	1733433193.900023	0.000000
236.000000	87802.614308	18155.740876	187500.000000	187500.000000	87018.671574	102872.316882	113300.076222	134171.397587	-0.076000	0.772000	0.578000	192.000000	253.000000	160.000000	24.000000	32.000000	18.000000	16.000000	0.000000	0.000000	0.000000	1733433193.903990	0.000000
237.000000	87808.403410	18170.090696	187500.000000	187500.000000	87021.107915	102861.230416	113305.306531	134232.127277	-0.076000	0.772000	0.578000	192.000000	0.000000	0.000000	0.000000	0.000000	0.000000	0.000000	0.000000	0.000000	0.000000	1733433193.908359	0.000000
238.000000	87811.420895	18168.593129	187500.000000	187500.000000	87030.048612	102887.024330	113303.272522	134224.930015	-0.076000	0.772000	0.578000	192.000000	0.000000	0.000000	0.000000	0.000000	0.000000	0.000000	0.000000	0.000000	0.000000	1733433193.911197	0.000000
239.000000	87818.193474	18166.201492	187500.000000	187500.000000	87039.503400	102889.125394	113313.576676	134177.589020	-0.076000	0.772000	0.578000	192.000000	0.000000	0.000000	0.000000	0.000000	0.000000	0.000000	0.000000	0.000000	0.000000	1733433193.914987	0.000000
240.000000	87817.388811	18170.448324	187500.000000	187500.000000	87046.343034	102901.575315	113320.282199	134177.879593	-0.076000	0.772000	0.578000	192.000000	0.000000	0.000000	0.000000	0.000000	0.000000	0.000000	0.000000	0.000000	0.000000	1733433193.918982	0.000000
241.000000	87805.542386	18187.078021	187500.000000	187500.000000	87049.025243	102891.315864	113328.999380	134190.061294	-0.076000	0.772000	0.578000	192.000000	0.000000	0.000000	0.000000	0.000000	0.000000	0.000000	0.000000	0.000000	0.000000	1733433193.923692	0.000000
242.000000	87811.912633	18182.920597	187500.000000	187500.000000	87056.311912	102917.355647	113338.744740	134203.897024	-0.076000	0.772000	0.578000	192.000000	0.000000	0.000000	0.000000	0.000000	0.000000	0.000000	0.000000	0.000000	0.000000	1733433193.928025	0.000000
243.000000	87802.904880	18156.366725	187500.000000	187500.000000	87046.879476	102911.767711	113331.435720	134195.403361	-0.076000	0.772000	0.578000	192.000000	0.000000	0.000000	0.000000	0.000000	0.000000	0.000000	0.000000	0.000000	0.000000	1733433193.931980	0.000000
244.000000	87803.866005	18154.288012	187500.000000	187500.000000	87053.316778	102908.079673	113336.889546	134194.196367	-0.076000	0.772000	0.578000	192.000000	0.000000	0.000000	0.000000	0.000000	0.000000	0.000000	0.000000	0.000000	0.000000	1733433193.934995	0.000000
245.000000	87806.101180	18166.000326	187500.000000	187500.000000	87061.855145	102933.314792	113337.604801	134205.215777	-0.076000	0.772000	0.578000	192.000000	0.000000	0.000000	0.000000	0.000000	0.000000	0.000000	0.000000	0.000000	0.000000	1733433193.939220	0.000000
246.000000	87805.341221	18173.599920	187500.000000	187500.000000	87046.343034	102896.322655	113313.889601	134210.356678	-0.076000	0.774000	0.578000	192.000000	253.000000	160.000000	24.000000	48.000000	18.000000	16.000000	0.000000	0.000000	0.000000	1733433193.943157	0.000000
247.000000	87808.962203	18177.466771	187500.000000	187500.000000	87035.837714	102879.983530	113303.630150	134176.247916	-0.076000	0.774000	0.578000	192.000000	0.000000	0.000000	0.000000	0.000000	0.000000	0.000000	0.000000	0.000000	0.000000	1733433193.947227	0.000000
248.000000	87809.968032	18169.509550	187500.000000	187500.000000	87046.320682	102888.656007	113310.648598	134164.312084	-0.076000	0.774000	0.578000	192.000000	0.000000	0.000000	0.000000	0.000000	0.000000	0.000000	0.000000	0.000000	0.000000	1733433193.951163	0.000000
249.000000	87812.627889	18184.440516	187500.000000	187500.000000	87047.885304	102894.154536	113312.235571	134179.824195	-0.076000	0.774000	0.578000	192.000000	0.000000	0.000000	0.000000	0.000000	0.000000	0.000000	0.000000	0.000000	0.000000	1733433193.956048	0.000000
250.000000	87813.924290	18163.385172	187500.000000	187500.000000	87051.796860	102889.617132	113312.928475	134177.209041	-0.076000	0.774000	0.578000	192.000000	0.000000	0.000000	0.000000	0.000000	0.000000	0.000000	0.000000	0.000000	0.000000	1733433193.960053	0.000000
251.000000	87809.632755	18158.914823	187500.000000	187500.000000	87043.370252	102879.134164	113307.564057	134180.494747	-0.076000	0.774000	0.578000	192.000000	0.000000	0.000000	0.000000	0.000000	0.000000	0.000000	0.000000	0.000000	0.000000	1733433193.963092	0.000000
252.000000	87805.363572	18146.129626	187500.000000	187500.000000	87043.526714	102893.662798	113302.177286	134177.969000	-0.076000	0.774000	0.578000	192.000000	0.000000	0.000000	0.000000	0.000000	0.000000	0.000000	0.000000	0.000000	0.000000	1733433193.967022	0.000000
253.000000	87812.314965	18172.951719	187500.000000	187500.000000	87044.420784	102913.019408	113300.903237	134192.654096	-0.076000	0.774000	0.578000	192.000000	0.000000	0.000000	0.000000	0.000000	0.000000	0.000000	0.000000	0.000000	0.000000	1733433193.971080	0.000000
254.000000	87821.054497	18194.677615	187500.000000	187500.000000	87059.552915	102934.678249	113327.054778	134203.919375	-0.076000	0.774000	0.578000	192.000000	0.000000	0.000000	0.000000	0.000000	0.000000	0.000000	0.000000	0.000000	0.000000	1733433193.975188	0.000000
255.000000	87815.958299	18171.811780	187500.000000	187500.000000	87054.724938	102902.670551	113325.087824	134184.965096	-0.076000	0.774000	0.578000	192.000000	0.000000	0.000000	0.000000	0.000000	0.000000	0.000000	0.000000	0.000000	0.000000	1733433193.980217	0.000000
0.000000	87819.534578	18184.574626	187500.000000	187500.000000	87052.757985	102900.189507	113336.330752	134193.011724	-0.072000	0.774000	0.582000	192.000000	253.000000	192.000000	24.000000	48.000000	18.000000	48.000000	0.000000	0.000000	0.000000	1733433193.984429	0.000000
1.000000	87820.383945	18177.623234	187500.000000	187500.000000	87051.685101	102916.550984	113340.443473	134197.862053	-0.072000	0.774000	0.582000	192.000000	0.000000	0.000000	0.000000	0.000000	0.000000	0.000000	0.000000	0.000000	0.000000	1733433193.988555	0.000000
2.000000	87819.579282	18167.117914	187500.000000	187500.000000	87055.529601	102901.888240	113341.471653	134193.034076	-0.072000	0.774000	0.582000	192.000000	0.000000	0.000000	0.000000	0.000000	0.000000	0.000000	0.000000	0.000000	0.000000	1733433193.991087	0.000000
3.000000	87829.235235	18198.946798	187500.000000	187500.000000	87070.013531	102926.564565	113355.910880	134211.295451	-0.072000	0.774000	0.582000	192.000000	0.000000	0.000000	0.000000	0.000000	0.000000	0.000000	0.000000	0.000000	0.000000	1733433193.995072	0.000000
4.000000	87822.082677	18182.495914	187500.000000	187500.000000	87068.851241	102934.968821	113349.652392	134206.109846	-0.072000	0.774000	0.582000	192.000000	0.000000	0.000000	0.000000	0.000000	0.000000	0.000000	0.000000	0.000000	0.000000	1733433193.999135	0.000000
5.000000	87808.895148	18152.566928	187500.000000	187500.000000	87068.180688	102931.996039	113346.009057	134188.630782	-0.072000	0.774000	0.582000	192.000000	0.000000	0.000000	0.000000	0.000000	0.000000	0.000000	0.000000	0.000000	0.000000	1733433194.003125	0.000000
6.000000	87804.380096	18149.191815	187500.000000	187500.000000	87073.343941	102922.429493	113348.445397	134206.825102	-0.072000	0.774000	0.582000	192.000000	0.000000	0.000000	0.000000	0.000000	0.000000	0.000000	0.000000	0.000000	0.000000	1733433194.007172	0.000000
7.000000	87796.691095	18150.711733	187500.000000	187500.000000	87068.784186	102912.684132	113347.618383	134204.969907	-0.072000	0.774000	0.582000	192.000000	0.000000	0.000000	0.000000	0.000000	0.000000	0.000000	0.000000	0.000000	0.000000	1733433194.012353	0.000000
8.000000	87805.765904	18156.858463	187500.000000	187500.000000	87072.740444	102920.283725	113351.485235	134194.509291	-0.072000	0.774000	0.582000	192.000000	0.000000	0.000000	0.000000	0.000000	0.000000	0.000000	0.000000	0.000000	0.000000	1733433194.016284	0.000000
9.000000	87815.667726	18162.491103	187500.000000	187500.000000	87079.937706	102913.891126	113358.078999	134198.979640	-0.072000	0.774000	0.582000	192.000000	0.000000	0.000000	0.000000	0.000000	0.000000	0.000000	0.000000	0.000000	0.000000	1733433194.019287	0.000000
10.000000	87811.018564	18163.519283	187500.000000	187500.000000	87073.433348	102917.735626	113356.626136	134204.656983	-0.072000	0.774000	0.582000	192.000000	0.000000	0.000000	0.000000	0.000000	0.000000	0.000000	0.000000	0.000000	0.000000	1733433194.023401	0.000000
11.000000	87813.924290	18187.949739	187500.000000	187500.000000	87066.012569	102921.043685	113337.358932	134200.477207	-0.074000	0.768000	0.576000	192.000000	253.000000	176.000000	24.000000	0.000000	18.000000	0.000000	0.000000	0.000000	0.000000	1733433194.027323	0.000000
12.000000	87809.073962	18179.634891	187500.000000	187500.000000	87063.308008	102920.976629	113337.604801	134198.666715	-0.074000	0.768000	0.576000	192.000000	0.000000	0.000000	0.000000	0.000000	0.000000	0.000000	0.000000	0.000000	0.000000	1733433194.031173	0.000000
13.000000	87801.206148	18146.599012	187500.000000	187500.000000	87062.033959	102923.882356	113336.107234	134217.844512	-0.074000	0.768000	0.576000	192.000000	0.000000	0.000000	0.000000	0.000000	0.000000	0.000000	0.000000	0.000000	0.000000	1733433194.035153	0.000000
14.000000	87807.062305	18157.037277	187500.000000	187500.000000	87066.727825	102915.120472	113336.777787	134218.380954	-0.074000	0.768000	0.576000	192.000000	0.000000	0.000000	0.000000	0.000000	0.000000	0.000000	0.000000	0.000000	0.000000	1733433194.040143	0.000000
15.000000	87813.164331	18170.470675	187500.000000	187500.000000	87076.674351	102892.098176	113327.211240	134181.969962	-0.074000	0.768000	0.576000	192.000000	0.000000	0.000000	0.000000	0.000000	0.000000	0.000000	0.000000	0.000000	0.000000	1733433194.043192	0.000000
16.000000	87810.638584	18155.629117	187500.000000	187500.000000	87071.399340	102887.694882	113325.423101	134161.294599	-0.074000	0.768000	0.576000	192.000000	0.000000	0.000000	0.000000	0.000000	0.000000	0.000000	0.000000	0.000000	0.000000	1733433194.046213	0.000000
17.000000	87803.866005	18146.174329	187500.000000	187500.000000	87062.212773	102887.739585	113324.774900	134159.886439	-0.074000	0.768000	0.576000	192.000000	0.000000	0.000000	0.000000	0.000000	0.000000	0.000000	0.000000	0.000000	0.000000	1733433194.051517	0.000000
18.000000	87801.988459	18146.509605	187500.000000	187500.000000	87061.899848	102912.192394	113336.442511	134178.214869	-0.074000	0.768000	0.576000	192.000000	0.000000	0.000000	0.000000	0.000000	0.000000	0.000000	0.000000	0.000000	0.000000	1733433194.055319	0.000000
19.000000	87801.407314	18160.479446	187500.000000	187500.000000	87063.039787	102911.253621	113338.163595	134186.820291	-0.074000	0.768000	0.576000	192.000000	0.000000	0.000000	0.000000	0.000000	0.000000	0.000000	0.000000	0.000000	0.000000	1733433194.059406	0.000000
20.000000	87815.086581	18200.086737	187500.000000	187500.000000	87073.880383	102893.439280	113337.314229	134190.754198	-0.074000	0.768000	0.576000	192.000000	0.000000	0.000000	0.000000	0.000000	0.000000	0.000000	0.000000	0.000000	0.000000	1733433194.063270	0.000000
21.000000	87820.361593	18204.244161	187500.000000	187500.000000	87074.617991	102902.871716	113342.097502	134198.554957	-0.076000	0.762000	0.574000	192.000000	253.000000	160.000000	23.000000	208.000000	17.000000	240.000000	0.000000	0.000000	0.000000	1733433194.067294	0.000000
22.000000	87824.049631	18146.688419	187500.000000	187500.000000	87084.251593	102918.741455	113355.732066	134215.586986	-0.076000	0.762000	0.574000	192.000000	0.000000	0.000000	0.000000	0.000000	0.000000	0.000000	0.000000	0.000000	0.000000	1733433194.071200	0.000000
23.000000	87822.864988	18153.908033	187500.000000	187500.000000	87090.286564	102941.204958	113363.309307	134207.383896	-0.076000	0.762000	0.574000	192.000000	0.000000	0.000000	0.000000	0.000000	0.000000	0.000000	0.000000	0.000000	0.000000	1733433194.074198	0.000000
24.000000	87815.511264	18160.032411	187500.000000	187500.000000	87093.862843	102930.721990	113359.643621	134197.504425	-0.076000	0.762000	0.574000	192.000000	0.000000	0.000000	0.000000	0.000000	0.000000	0.000000	0.000000	0.000000	0.000000	1733433194.079248	0.000000
25.000000	87812.314965	18174.471638	187500.000000	187500.000000	87083.245764	102895.473289	113342.857461	134181.232355	-0.076000	0.762000	0.574000	192.000000	0.000000	0.000000	0.000000	0.000000	0.000000	0.000000	0.000000	0.000000	0.000000	1733433194.083362	0.000000
26.000000	87814.594843	18177.153847	187500.000000	187500.000000	87068.962999	102879.380033	113330.966333	134184.830986	-0.076000	0.762000	0.574000	192.000000	0.000000	0.000000	0.000000	0.000000	0.000000	0.000000	0.000000	0.000000	0.000000	1733433194.087479	0.000000
27.000000	87819.422820	18181.534789	187500.000000	187500.000000	87066.101976	102883.179829	113333.134452	134198.465550	-0.076000	0.762000	0.574000	192.000000	0.000000	0.000000	0.000000	0.000000	0.000000	0.000000	0.000000	0.000000	0.000000	1733433194.091456	0.000000
28.000000	87820.585110	18183.322928	187500.000000	187500.000000	87073.008665	102896.613228	113344.600897	134187.759064	-0.076000	0.762000	0.574000	192.000000	0.000000	0.000000	0.000000	0.000000	0.000000	0.000000	0.000000	0.000000	0.000000	1733433194.095447	0.000000
29.000000	87823.893168	18203.953588	187500.000000	187500.000000	87082.038770	102910.314847	113359.129531	134197.392666	-0.076000	0.762000	0.574000	192.000000	0.000000	0.000000	0.000000	0.000000	0.000000	0.000000	0.000000	0.000000	0.000000	1733433194.099483	0.000000
30.000000	87824.407259	18194.051766	187500.000000	187500.000000	87076.339075	102903.095234	113352.960450	134204.701686	-0.076000	0.762000	0.574000	192.000000	0.000000	0.000000	0.000000	0.000000	0.000000	0.000000	0.000000	0.000000	0.000000	1733433194.102282	0.000000
31.000000	87817.165293	18168.235501	187500.000000	187500.000000	87078.194270	102926.273993	113349.562985	134209.797884	-0.078000	0.766000	0.576000	192.000000	253.000000	144.000000	23.000000	240.000000	18.000000	0.000000	0.000000	0.000000	0.000000	1733433194.107246	0.000000
32.000000	87812.806703	18169.911882	187500.000000	187500.000000	87083.379875	102928.755036	113354.703886	134218.291547	-0.078000	0.766000	0.576000	192.000000	0.000000	0.000000	0.000000	0.000000	0.000000	0.000000	0.000000	0.000000	0.000000	1733433194.111298	0.000000
33.000000	87818.171122	18173.354050	187500.000000	187500.000000	87088.744293	102942.926042	113358.168406	134196.811521	-0.078000	0.766000	0.576000	192.000000	0.000000	0.000000	0.000000	0.000000	0.000000	0.000000	0.000000	0.000000	0.000000	1733433194.115450	0.000000
34.000000	87818.618157	18175.745687	187500.000000	187500.000000	87084.519814	102915.612211	113355.665011	134190.083646	-0.078000	0.766000	0.576000	192.000000	0.000000	0.000000	0.000000	0.000000	0.000000	0.000000	0.000000	0.000000	0.000000	1733433194.119282	0.000000
35.000000	87815.801837	18167.296728	187500.000000	187500.000000	87082.128177	102912.058283	113367.690249	134209.976698	-0.078000	0.766000	0.576000	192.000000	0.000000	0.000000	0.000000	0.000000	0.000000	0.000000	0.000000	0.000000	0.000000	1733433194.123306	0.000000
36.000000	87814.281918	18173.823437	187500.000000	187500.000000	87077.702532	102921.803644	113359.956546	134237.379937	-0.078000	0.766000	0.576000	192.000000	0.000000	0.000000	0.000000	0.000000	0.000000	0.000000	0.000000	0.000000	0.000000	1733433194.127550	0.000000
37.000000	87819.959261	18179.813704	187500.000000	187500.000000	87084.720979	102924.664667	113352.021677	134218.693878	-0.078000	0.766000	0.576000	192.000000	0.000000	0.000000	0.000000	0.000000	0.000000	0.000000	0.000000	0.000000	0.000000	1733433194.130462	0.000000
38.000000	87812.694944	18181.154809	187500.000000	187500.000000	87082.664619	102912.862946	113343.706828	134214.692916	-0.078000	0.766000	0.576000	192.000000	0.000000	0.000000	0.000000	0.000000	0.000000	0.000000	0.000000	0.000000	0.000000	1733433194.135390	0.000000
39.000000	87817.746439	18189.424955	187500.000000	187500.000000	87085.927974	102918.696751	113363.778694	134226.785210	-0.078000	0.766000	0.576000	192.000000	0.000000	0.000000	0.000000	0.000000	0.000000	0.000000	0.000000	0.000000	0.000000	1733433194.139499	0.000000
40.000000	87811.577357	18176.840922	187500.000000	187500.000000	87087.827872	102924.374095	113366.595014	134213.865902	-0.078000	0.766000	0.576000	192.000000	0.000000	0.000000	0.000000	0.000000	0.000000	0.000000	0.000000	0.000000	0.000000	1733433194.143430	0.000000
41.000000	87816.181817	18185.848675	187500.000000	187500.000000	87094.131064	102942.926042	113370.595976	134200.141931	-0.078000	0.764000	0.578000	192.000000	253.000000	144.000000	23.000000	224.000000	18.000000	16.000000	0.000000	0.000000	0.000000	1733433194.147414	0.000000
42.000000	87819.288709	18195.303463	187500.000000	187500.000000	87089.861881	102963.601406	113377.592072	134202.891195	-0.078000	0.764000	0.578000	192.000000	0.000000	0.000000	0.000000	0.000000	0.000000	0.000000	0.000000	0.000000	0.000000	1733433194.151303	0.000000
43.000000	87819.065192	18192.822420	187500.000000	187500.000000	87090.621840	102967.468258	113371.601805	134214.938785	-0.078000	0.764000	0.578000	192.000000	0.000000	0.000000	0.000000	0.000000	0.000000	0.000000	0.000000	0.000000	0.000000	1733433194.155331	0.000000
44.000000	87815.265395	18183.837018	187500.000000	187500.000000	87090.063046	102917.556812	113349.093598	134191.402399	-0.078000	0.764000	0.578000	192.000000	0.000000	0.000000	0.000000	0.000000	0.000000	0.000000	0.000000	0.000000	0.000000	1733433194.158373	0.000000
45.000000	87818.305232	18169.286033	187500.000000	187500.000000	87073.656866	102878.687129	113334.609668	134187.982582	-0.078000	0.764000	0.578000	192.000000	0.000000	0.000000	0.000000	0.000000	0.000000	0.000000	0.000000	0.000000	0.000000	1733433194.163508	0.000000
46.000000	87811.197378	18165.888568	187500.000000	187500.000000	87059.508212	102867.511257	113331.368665	134180.517099	-0.078000	0.764000	0.578000	192.000000	0.000000	0.000000	0.000000	0.000000	0.000000	0.000000	0.000000	0.000000	0.000000	1733433194.167540	0.000000
47.000000	87810.191549	18147.895413	187500.000000	187500.000000	87051.238066	102884.096251	113325.668970	134179.108939	-0.078000	0.764000	0.578000	192.000000	0.000000	0.000000	0.000000	0.000000	0.000000	0.000000	0.000000	0.000000	0.000000	1733433194.171453	0.000000
48.000000	87820.205131	18154.489178	187500.000000	187500.000000	87067.733654	102905.106891	113337.940078	134195.358657	-0.078000	0.764000	0.578000	192.000000	0.000000	0.000000	0.000000	0.000000	0.000000	0.000000	0.000000	0.000000	0.000000	1733433194.175692	0.000000
49.000000	87820.115724	18169.598957	187500.000000	187500.000000	87080.697665	102913.578202	113348.668915	134193.570518	-0.078000	0.764000	0.578000	192.000000	0.000000	0.000000	0.000000	0.000000	0.000000	0.000000	0.000000	0.000000	0.000000	1733433194.178663	0.000000
50.000000	87823.222616	18191.078984	187500.000000	187500.000000	87082.977543	102942.814284	113355.709714	134207.428599	-0.078000	0.764000	0.578000	192.000000	0.000000	0.000000	0.000000	0.000000	0.000000	0.000000	0.000000	0.000000	0.000000	1733433194.182505	0.000000
51.000000	87822.663822	18195.974016	187500.000000	187500.000000	87083.759854	102963.757868	113359.464807	134207.987393	-0.080000	0.766000	0.578000	192.000000	253.000000	128.000000	23.000000	240.000000	18.000000	16.000000	0.000000	0.000000	0.000000	1733433194.186445	0.000000
52.000000	87830.464581	18199.147963	187500.000000	187500.000000	87088.006686	102938.410990	113371.691212	134211.854245	-0.080000	0.766000	0.578000	192.000000	0.000000	0.000000	0.000000	0.000000	0.000000	0.000000	0.000000	0.000000	0.000000	1733433194.190464	0.000000
53.000000	87825.144866	18187.815629	187500.000000	187500.000000	87081.077645	102921.825996	113366.907938	134204.299355	-0.080000	0.766000	0.578000	192.000000	0.000000	0.000000	0.000000	0.000000	0.000000	0.000000	0.000000	0.000000	0.000000	1733433194.195467	0.000000
54.000000	87823.736706	18193.694138	187500.000000	187500.000000	87081.815253	102939.617984	113365.097447	134196.498596	-0.080000	0.766000	0.578000	192.000000	0.000000	0.000000	0.000000	0.000000	0.000000	0.000000	0.000000	0.000000	0.000000	1733433194.199442	0.000000
55.000000	87832.342128	18216.202344	187500.000000	187500.000000	87086.531471	102955.979461	113368.763133	134202.466512	-0.080000	0.766000	0.578000	192.000000	0.000000	0.000000	0.000000	0.000000	0.000000	0.000000	0.000000	0.000000	0.000000	1733433194.203469	0.000000
56.000000	87839.829962	18210.949684	187500.000000	187500.000000	87092.231165	102944.691830	113374.060497	134213.374163	-0.080000	0.766000	0.578000	192.000000	0.000000	0.000000	0.000000	0.000000	0.000000	0.000000	0.000000	0.000000	0.000000	1733433194.206677	0.000000
57.000000	87833.839695	18176.885626	187500.000000	187500.000000	87083.558689	102906.269182	113374.552235	134207.361544	-0.080000	0.766000	0.578000	192.000000	0.000000	0.000000	0.000000	0.000000	0.000000	0.000000	0.000000	0.000000	0.000000	1733433194.210776	0.000000
58.000000	87836.052517	18166.626175	187500.000000	187500.000000	87078.417787	102901.865888	113368.293747	134212.949480	-0.080000	0.766000	0.578000	192.000000	0.000000	0.000000	0.000000	0.000000	0.000000	0.000000	0.000000	0.000000	0.000000	1733433194.215865	0.000000
59.000000	87827.245930	18174.985728	187500.000000	187500.000000	87077.635476	102930.140845	113365.276261	134240.687995	-0.080000	0.766000	0.578000	192.000000	0.000000	0.000000	0.000000	0.000000	0.000000	0.000000	0.000000	0.000000	0.000000	1733433194.219490	0.000000
60.000000	87832.453887	18218.370464	187500.000000	187500.000000	87069.678255	102936.198167	113358.727200	134214.804675	-0.080000	0.766000	0.578000	192.000000	0.000000	0.000000	0.000000	0.000000	0.000000	0.000000	0.000000	0.000000	0.000000	1733433194.223497	0.000000
61.000000	87838.153581	18278.384898	187500.000000	187500.000000	87070.304104	102916.528632	113351.596993	134189.055465	-0.080000	0.768000	0.580000	192.000000	253.000000	128.000000	24.000000	0.000000	18.000000	32.000000	0.000000	0.000000	0.000000	1733433194.227420	0.000000
62.000000	87829.145828	18189.760231	187500.000000	187500.000000	87080.183575	102934.722952	113361.364706	134197.549128	-0.080000	0.768000	0.580000	192.000000	0.000000	0.000000	0.000000	0.000000	0.000000	0.000000	0.000000	0.000000	0.000000	1733433194.231434	0.000000
63.000000	87836.298387	18237.190632	187500.000000	187500.000000	87082.262287	102945.608252	113361.029430	134213.798846	-0.080000	0.768000	0.580000	192.000000	0.000000	0.000000	0.000000	0.000000	0.000000	0.000000	0.000000	0.000000	0.000000	1733433194.234419	0.000000
64.000000	87847.340148	18249.059409	187500.000000	187500.000000	87071.645209	102951.062077	113355.776770	134202.913547	-0.080000	0.768000	0.580000	192.000000	0.000000	0.000000	0.000000	0.000000	0.000000	0.000000	0.000000	0.000000	0.000000	1733433194.238422	0.000000
65.000000	87834.510247	18174.762210	187500.000000	187500.000000	87090.219508	102976.386604	113363.041087	134183.422826	-0.080000	0.768000	0.580000	192.000000	0.000000	0.000000	0.000000	0.000000	0.000000	0.000000	0.000000	0.000000	0.000000	1733433194.242485	0.000000
66.000000	87826.374212	18146.956640	187500.000000	187500.000000	87083.469282	102924.619964	113355.799121	134196.230375	-0.080000	0.768000	0.580000	192.000000	0.000000	0.000000	0.000000	0.000000	0.000000	0.000000	0.000000	0.000000	0.000000	1733433194.246475	0.000000
67.000000	87826.620081	18142.083960	187500.000000	187500.000000	87068.694779	102890.064167	113364.762171	134225.108829	-0.080000	0.768000	0.580000	192.000000	0.000000	0.000000	0.000000	0.000000	0.000000	0.000000	0.000000	0.000000	0.000000	1733433194.251694	0.000000
68.000000	87818.193474	18142.128663	187500.000000	187500.000000	87065.207906	102904.034007	113373.836979	134209.261442	-0.080000	0.768000	0.580000	192.000000	0.000000	0.000000	0.000000	0.000000	0.000000	0.000000	0.000000	0.000000	0.000000	1733433194.255706	0.000000
69.000000	87798.792159	18140.765207	187500.000000	187500.000000	87055.641360	102904.436338	113366.215034	134176.337323	-0.080000	0.768000	0.580000	192.000000	0.000000	0.000000	0.000000	0.000000	0.000000	0.000000	0.000000	0.000000	0.000000	1733433194.259665	0.000000
70.000000	87803.977764	18158.356030	187500.000000	187500.000000	87057.921238	102926.676324	113365.231558	134179.399512	-0.080000	0.768000	0.580000	192.000000	0.000000	0.000000	0.000000	0.000000	0.000000	0.000000	0.000000	0.000000	0.000000	1733433194.262720	0.000000
71.000000	87805.944718	18161.373515	187500.000000	187500.000000	87056.982464	102939.573281	113359.777732	134189.860128	-0.078000	0.768000	0.576000	192.000000	253.000000	144.000000	24.000000	0.000000	18.000000	0.000000	0.000000	0.000000	0.000000	1733433194.266699	0.000000
72.000000	87811.800875	18169.643661	187500.000000	187500.000000	87061.743386	102912.505318	113363.756342	134204.701686	-0.078000	0.768000	0.576000	192.000000	0.000000	0.000000	0.000000	0.000000	0.000000	0.000000	0.000000	0.000000	0.000000	1733433194.270504	0.000000
73.000000	87807.755209	18177.734992	187500.000000	187500.000000	87055.171973	102886.107908	113358.235462	134201.684201	-0.078000	0.768000	0.576000	192.000000	0.000000	0.000000	0.000000	0.000000	0.000000	0.000000	0.000000	0.000000	0.000000	1733433194.274461	0.000000
74.000000	87802.636659	18165.419181	187500.000000	187500.000000	87049.137002	102906.582106	113359.621270	134183.936916	-0.078000	0.768000	0.576000	192.000000	0.000000	0.000000	0.000000	0.000000	0.000000	0.000000	0.000000	0.000000	0.000000	1733433194.279447	0.000000
75.000000	87800.870872	18165.687402	187500.000000	187500.000000	87049.941665	102920.216670	113356.514377	134172.761044	-0.078000	0.768000	0.576000	192.000000	0.000000	0.000000	0.000000	0.000000	0.000000	0.000000	0.000000	0.000000	0.000000	1733433194.283494	0.000000
76.000000	87799.194491	18152.298707	187500.000000	187500.000000	87048.868781	102901.932943	113348.221880	134165.004988	-0.078000	0.768000	0.576000	192.000000	0.000000	0.000000	0.000000	0.000000	0.000000	0.000000	0.000000	0.000000	0.000000	1733433194.287507	0.000000
77.000000	87799.306250	18169.084867	187500.000000	187500.000000	87049.025243	102904.235173	113355.709714	134189.167224	-0.078000	0.768000	0.576000	192.000000	0.000000	0.000000	0.000000	0.000000	0.000000	0.000000	0.000000	0.000000	0.000000	1733433194.290530	0.000000
78.000000	87810.437418	18154.466826	187500.000000	187500.000000	87052.132136	102913.935830	113368.561967	134210.691954	-0.078000	0.768000	0.576000	192.000000	0.000000	0.000000	0.000000	0.000000	0.000000	0.000000	0.000000	0.000000	0.000000	1733433194.294652	0.000000
79.000000	87799.574470	18117.742910	187500.000000	187500.000000	87042.386775	102894.512164	113352.535767	134189.010762	-0.078000	0.768000	0.576000	192.000000	0.000000	0.000000	0.000000	0.000000	0.000000	0.000000	0.000000	0.000000	0.000000	1733433194.298786	0.000000
80.000000	87788.957392	18108.064605	187500.000000	187500.000000	87039.458697	102910.024275	113350.814682	134173.900983	-0.078000	0.768000	0.576000	192.000000	0.000000	0.000000	0.000000	0.000000	0.000000	0.000000	0.000000	0.000000	0.000000	1733433194.302710	0.000000
81.000000	87790.812587	18132.562117	187500.000000	187500.000000	87045.337206	102901.642370	113361.029430	134173.230430	-0.082000	0.768000	0.576000	192.000000	253.000000	112.000000	24.000000	0.000000	18.000000	0.000000	0.000000	0.000000	0.000000	1733433194.306542	0.000000
82.000000	87789.046799	18121.877983	187500.000000	187500.000000	87045.225447	102883.760975	113357.654316	134177.030227	-0.082000	0.768000	0.576000	192.000000	0.000000	0.000000	0.000000	0.000000	0.000000	0.000000	0.000000	0.000000	0.000000	1733433194.311709	0.000000
83.000000	87783.995305	18095.145296	187500.000000	187500.000000	87043.258493	102875.177905	113349.562985	134172.202250	-0.082000	0.768000	0.576000	192.000000	0.000000	0.000000	0.000000	0.000000	0.000000	0.000000	0.000000	0.000000	0.000000	1733433194.314564	0.000000
84.000000	87789.449130	18118.614628	187500.000000	187500.000000	87044.823115	102896.233248	113357.430799	134175.376198	-0.082000	0.768000	0.576000	192.000000	0.000000	0.000000	0.000000	0.000000	0.000000	0.000000	0.000000	0.000000	0.000000	1733433194.318543	0.000000
85.000000	87786.118720	18139.245288	187500.000000	187500.000000	87049.137002	102925.268164	113365.767999	134180.852375	-0.082000	0.768000	0.576000	192.000000	0.000000	0.000000	0.000000	0.000000	0.000000	0.000000	0.000000	0.000000	0.000000	1733433194.322535	0.000000
86.000000	87786.766921	18111.417366	187500.000000	187500.000000	87049.382871	102908.794929	113355.530900	134174.638590	-0.082000	0.768000	0.576000	192.000000	0.000000	0.000000	0.000000	0.000000	0.000000	0.000000	0.000000	0.000000	0.000000	1733433194.326556	0.000000
87.000000	87782.855366	18083.142410	187500.000000	187500.000000	87040.218656	102890.645312	113338.141243	134164.625009	-0.082000	0.768000	0.576000	192.000000	0.000000	0.000000	0.000000	0.000000	0.000000	0.000000	0.000000	0.000000	0.000000	1733433194.330572	0.000000
88.000000	87772.305342	18070.983061	187500.000000	187500.000000	87032.350842	102866.103097	113354.010982	134171.911677	-0.082000	0.768000	0.576000	192.000000	0.000000	0.000000	0.000000	0.000000	0.000000	0.000000	0.000000	0.000000	0.000000	1733433194.334610	0.000000
89.000000	87769.310208	18072.726497	187500.000000	187500.000000	87031.367365	102872.540399	113362.862273	134184.182785	-0.082000	0.768000	0.576000	192.000000	0.000000	0.000000	0.000000	0.000000	0.000000	0.000000	0.000000	0.000000	0.000000	1733433194.339876	0.000000
90.000000	87772.864136	18095.748794	187500.000000	187500.000000	87034.563665	102878.217742	113361.968203	134173.006913	-0.082000	0.768000	0.576000	192.000000	0.000000	0.000000	0.000000	0.000000	0.000000	0.000000	0.000000	0.000000	0.000000	1733433194.342772	0.000000
91.000000	87771.657142	18077.196846	187500.000000	187500.000000	87034.541313	102886.733757	113357.073171	134168.827137	-0.082000	0.768000	0.582000	192.000000	253.000000	112.000000	24.000000	0.000000	18.000000	48.000000	0.000000	0.000000	0.000000	1733433194.346823	0.000000
92.000000	87765.599819	18064.456351	187500.000000	187500.000000	87030.674461	102888.767766	113355.843825	134170.548221	-0.082000	0.768000	0.582000	192.000000	0.000000	0.000000	0.000000	0.000000	0.000000	0.000000	0.000000	0.000000	0.000000	1733433194.350820	0.000000
93.000000	87755.049796	18045.546776	187500.000000	187500.000000	87028.819266	102896.277952	113355.620307	134171.062311	-0.082000	0.768000	0.582000	192.000000	0.000000	0.000000	0.000000	0.000000	0.000000	0.000000	0.000000	0.000000	0.000000	1733433194.354950	0.000000
94.000000	87754.468650	18037.030761	187500.000000	187500.000000	87036.731784	102893.461632	113345.606726	134196.073913	-0.082000	0.768000	0.582000	192.000000	0.000000	0.000000	0.000000	0.000000	0.000000	0.000000	0.000000	0.000000	0.000000	1733433194.358614	0.000000
95.000000	87776.798043	18053.347534	187500.000000	187500.000000	87040.330415	102895.763862	113336.107234	134195.939803	-0.082000	0.768000	0.582000	192.000000	0.000000	0.000000	0.000000	0.000000	0.000000	0.000000	0.000000	0.000000	0.000000	1733433194.362592	0.000000
96.000000	87766.985627	18043.132787	187500.000000	187500.000000	87031.568531	102908.794929	113352.714581	134174.012741	-0.082000	0.768000	0.582000	192.000000	0.000000	0.000000	0.000000	0.000000	0.000000	0.000000	0.000000	0.000000	0.000000	1733433194.367653	0.000000
97.000000	87748.031348	18006.207705	187500.000000	187500.000000	87032.373194	102888.074862	113350.814682	134165.586134	-0.082000	0.768000	0.582000	192.000000	0.000000	0.000000	0.000000	0.000000	0.000000	0.000000	0.000000	0.000000	0.000000	1733433194.370643	0.000000
98.000000	87750.177115	18013.449670	187500.000000	187500.000000	87041.917389	102875.267312	113349.339467	134159.327645	-0.082000	0.768000	0.582000	192.000000	0.000000	0.000000	0.000000	0.000000	0.000000	0.000000	0.000000	0.000000	0.000000	1733433194.374651	0.000000
99.000000	87749.081880	18007.504106	187500.000000	187500.000000	87033.669595	102889.281856	113349.451226	134152.376253	-0.082000	0.768000	0.582000	192.000000	0.000000	0.000000	0.000000	0.000000	0.000000	0.000000	0.000000	0.000000	0.000000	1733433194.378683	0.000000
100.000000	87752.836973	18005.917133	187500.000000	187500.000000	87029.892150	102888.901876	113352.468711	134175.152680	-0.082000	0.768000	0.582000	192.000000	0.000000	0.000000	0.000000	0.000000	0.000000	0.000000	0.000000	0.000000	0.000000	1733433194.382750	0.000000
101.000000	87764.437528	18047.446674	187500.000000	187500.000000	87034.138982	102891.919362	113359.285993	134186.440311	-0.080000	0.770000	0.576000	192.000000	253.000000	128.000000	24.000000	16.000000	18.000000	0.000000	0.000000	0.000000	0.000000	1733433194.386846	0.000000
102.000000	87766.784461	18022.055092	187500.000000	187500.000000	87044.085508	102901.620019	113367.042049	134182.998143	-0.080000	0.770000	0.576000	192.000000	0.000000	0.000000	0.000000	0.000000	0.000000	0.000000	0.000000	0.000000	0.000000	1733433194.390900	0.000000
103.000000	87758.849592	18013.337912	187500.000000	187500.000000	87047.393566	102890.220629	113369.210168	134193.347000	-0.080000	0.770000	0.576000	192.000000	0.000000	0.000000	0.000000	0.000000	0.000000	0.000000	0.000000	0.000000	0.000000	1733433194.396017	0.000000
104.000000	87742.175191	17977.910397	187500.000000	187500.000000	87042.476182	102898.915458	113361.521168	134172.559878	-0.080000	0.770000	0.576000	192.000000	0.000000	0.000000	0.000000	0.000000	0.000000	0.000000	0.000000	0.000000	0.000000	1733433194.398680	0.000000
105.000000	87738.151877	17972.165998	187500.000000	187500.000000	87042.409127	102893.238115	113352.803988	134154.410261	-0.080000	0.770000	0.576000	192.000000	0.000000	0.000000	0.000000	0.000000	0.000000	0.000000	0.000000	0.000000	0.000000	1733433194.401679	0.000000
106.000000	87741.571694	17966.756876	187500.000000	187500.000000	87037.581150	102876.004920	113353.161616	134169.318875	-0.080000	0.770000	0.576000	192.000000	0.000000	0.000000	0.000000	0.000000	0.000000	0.000000	0.000000	0.000000	0.000000	1733433194.406716	0.000000
107.000000	87734.597949	17968.142684	187500.000000	187500.000000	87027.947548	102878.754184	113351.306421	134180.807672	-0.080000	0.770000	0.576000	192.000000	0.000000	0.000000	0.000000	0.000000	0.000000	0.000000	0.000000	0.000000	0.000000	1733433194.410700	0.000000
108.000000	87732.385127	17976.636347	187500.000000	187500.000000	87020.750287	102862.862094	113347.618383	134186.686180	-0.080000	0.770000	0.576000	192.000000	0.000000	0.000000	0.000000	0.000000	0.000000	0.000000	0.000000	0.000000	0.000000	1733433194.414716	0.000000
109.000000	87742.376356	18004.844249	187500.000000	187500.000000	87023.633662	102869.500562	113353.876871	134153.516192	-0.080000	0.770000	0.576000	192.000000	0.000000	0.000000	0.000000	0.000000	0.000000	0.000000	0.000000	0.000000	0.000000	1733433194.418974	0.000000
110.000000	87753.842801	18015.908362	187500.000000	187500.000000	87035.658900	102897.820222	113356.022639	134149.247008	-0.080000	0.770000	0.576000	192.000000	0.000000	0.000000	0.000000	0.000000	0.000000	0.000000	0.000000	0.000000	0.000000	1733433194.422943	0.000000
111.000000	87750.355929	17985.085307	187500.000000	187500.000000	87031.568531	102902.156461	113354.167444	134158.254761	-0.080000	0.778000	0.576000	192.000000	253.000000	128.000000	24.000000	80.000000	18.000000	0.000000	0.000000	0.000000	0.000000	1733433194.425933	0.000000
112.000000	87759.900124	17979.877350	187500.000000	187500.000000	87032.663766	102896.993208	113376.228616	134180.226526	-0.080000	0.778000	0.576000	192.000000	0.000000	0.000000	0.000000	0.000000	0.000000	0.000000	0.000000	0.000000	0.000000	1733433194.429960	0.000000
113.000000	87758.670778	17968.634423	187500.000000	187500.000000	87024.684194	102890.578257	113370.886549	134184.227489	-0.080000	0.778000	0.576000	192.000000	0.000000	0.000000	0.000000	0.000000	0.000000	0.000000	0.000000	0.000000	0.000000	1733433194.434982	0.000000
114.000000	87750.266522	17968.902644	187500.000000	187500.000000	87018.403354	102885.817335	113373.814627	134181.835852	-0.080000	0.778000	0.576000	192.000000	0.000000	0.000000	0.000000	0.000000	0.000000	0.000000	0.000000	0.000000	0.000000	1733433194.438712	0.000000
115.000000	87749.551266	17980.994938	187500.000000	187500.000000	87014.782371	102879.625902	113367.220863	134186.753236	-0.080000	0.778000	0.576000	192.000000	0.000000	0.000000	0.000000	0.000000	0.000000	0.000000	0.000000	0.000000	0.000000	1733433194.442782	0.000000
116.000000	87757.128508	17981.598435	187500.000000	187500.000000	87016.682269	102883.872734	113367.802008	134184.763930	-0.080000	0.778000	0.576000	192.000000	0.000000	0.000000	0.000000	0.000000	0.000000	0.000000	0.000000	0.000000	0.000000	1733433194.446774	0.000000
117.000000	87760.481269	17998.675167	187500.000000	187500.000000	87022.337261	102930.520824	113382.822380	134164.401491	-0.080000	0.778000	0.576000	192.000000	0.000000	0.000000	0.000000	0.000000	0.000000	0.000000	0.000000	0.000000	0.000000	1733433194.450047	0.000000
118.000000	87764.437528	18032.806281	187500.000000	187500.000000	87030.003909	102943.596595	113384.275244	134168.223640	-0.080000	0.778000	0.576000	192.000000	0.000000	0.000000	0.000000	0.000000	0.000000	0.000000	0.000000	0.000000	0.000000	1733433194.453805	0.000000
119.000000	87758.804889	17993.176638	187500.000000	187500.000000	87027.813438	102879.290626	113363.733991	134169.609448	-0.080000	0.778000	0.576000	192.000000	0.000000	0.000000	0.000000	0.000000	0.000000	0.000000	0.000000	0.000000	0.000000	1733433194.457949	0.000000
120.000000	87756.681473	17956.028039	187500.000000	187500.000000	87023.566606	102888.030158	113359.576566	134181.589983	-0.080000	0.778000	0.576000	192.000000	0.000000	0.000000	0.000000	0.000000	0.000000	0.000000	0.000000	0.000000	0.000000	1733433194.462988	0.000000
121.000000	87754.803926	17955.290431	187500.000000	187500.000000	87013.374211	102875.110850	113359.353049	134174.012741	-0.084000	0.770000	0.572000	192.000000	253.000000	96.000000	24.000000	16.000000	17.000000	224.000000	0.000000	0.000000	0.000000	1733433194.467275	0.000000
122.000000	87761.732967	17969.640251	187500.000000	187500.000000	87007.808627	102877.793059	113362.325831	134176.940820	-0.084000	0.770000	0.572000	192.000000	0.000000	0.000000	0.000000	0.000000	0.000000	0.000000	0.000000	0.000000	0.000000	1733433194.471056	0.000000
123.000000	87767.834993	17978.849170	187500.000000	187500.000000	87025.019470	102898.513126	113380.631909	134172.470471	-0.084000	0.770000	0.572000	192.000000	0.000000	0.000000	0.000000	0.000000	0.000000	0.000000	0.000000	0.000000	0.000000	1733433194.474833	0.000000
124.000000	87768.952581	17987.186371	187500.000000	187500.000000	87027.679327	102903.028179	113386.912750	134165.250858	-0.084000	0.770000	0.572000	192.000000	0.000000	0.000000	0.000000	0.000000	0.000000	0.000000	0.000000	0.000000	0.000000	1733433194.477845	0.000000
125.000000	87767.499717	17985.375879	187500.000000	187500.000000	87024.639490	102913.488795	113386.666880	134175.666770	-0.084000	0.770000	0.572000	192.000000	0.000000	0.000000	0.000000	0.000000	0.000000	0.000000	0.000000	0.000000	0.000000	1733433194.482071	0.000000
126.000000	87770.628961	17988.929807	187500.000000	187500.000000	87026.271168	102924.731722	113384.185837	134185.032151	-0.084000	0.770000	0.572000	192.000000	0.000000	0.000000	0.000000	0.000000	0.000000	0.000000	0.000000	0.000000	0.000000	1733433194.485822	0.000000
127.000000	87766.046854	17993.064880	187500.000000	187500.000000	87021.018508	102922.183624	113387.560950	134169.497689	-0.084000	0.770000	0.572000	192.000000	0.000000	0.000000	0.000000	0.000000	0.000000	0.000000	0.000000	0.000000	0.000000	1733433194.489794	0.000000
128.000000	87762.269409	17986.091135	187500.000000	187500.000000	87012.033106	102894.221591	113385.750459	134168.983599	-0.084000	0.770000	0.572000	192.000000	0.000000	0.000000	0.000000	0.000000	0.000000	0.000000	0.000000	0.000000	0.000000	1733433194.494906	0.000000
129.000000	87758.693130	17949.076646	187500.000000	187500.000000	87002.220691	102884.811507	113380.363689	134173.521003	-0.084000	0.770000	0.572000	192.000000	0.000000	0.000000	0.000000	0.000000	0.000000	0.000000	0.000000	0.000000	0.000000	1733433194.499047	0.000000
130.000000	87758.804889	17945.857995	187500.000000	187500.000000	87010.669650	102902.603495	113381.369517	134172.939858	-0.084000	0.770000	0.572000	192.000000	0.000000	0.000000	0.000000	0.000000	0.000000	0.000000	0.000000	0.000000	0.000000	1733433194.503237	0.000000
131.000000	87758.626075	17957.123274	187500.000000	187500.000000	87018.202188	102909.778405	113376.116857	134170.883497	-0.076000	0.772000	0.574000	192.000000	253.000000	160.000000	24.000000	32.000000	17.000000	240.000000	0.000000	0.000000	0.000000	1733433194.505959	0.000000
132.000000	87763.029368	17967.539187	187500.000000	187500.000000	87017.866912	102896.523821	113369.970127	134182.528756	-0.076000	0.772000	0.574000	192.000000	0.000000	0.000000	0.000000	0.000000	0.000000	0.000000	0.000000	0.000000	0.000000	1733433194.509870	0.000000
133.000000	87766.046854	17978.133914	187500.000000	187500.000000	87027.411107	102895.272123	113386.733936	134185.658000	-0.076000	0.772000	0.574000	192.000000	0.000000	0.000000	0.000000	0.000000	0.000000	0.000000	0.000000	0.000000	0.000000	1733433194.513862	0.000000
134.000000	87768.505546	17973.171827	187500.000000	187500.000000	87027.768734	102890.824126	113397.015738	134179.064236	-0.076000	0.772000	0.574000	192.000000	0.000000	0.000000	0.000000	0.000000	0.000000	0.000000	0.000000	0.000000	0.000000	1733433194.517882	0.000000
135.000000	87777.379188	18004.844249	187500.000000	187500.000000	87032.082621	102907.722045	113403.520096	134174.750349	-0.076000	0.772000	0.574000	192.000000	0.000000	0.000000	0.000000	0.000000	0.000000	0.000000	0.000000	0.000000	0.000000	1733433194.522866	0.000000
136.000000	87768.214973	17995.814144	187500.000000	187500.000000	87033.222560	102910.136033	113398.870933	134164.245029	-0.076000	0.772000	0.574000	192.000000	0.000000	0.000000	0.000000	0.000000	0.000000	0.000000	0.000000	0.000000	0.000000	1733433194.526839	0.000000
137.000000	87764.817508	17969.059106	187500.000000	187500.000000	87028.282825	102888.700710	113394.221770	134179.265401	-0.076000	0.772000	0.574000	192.000000	0.000000	0.000000	0.000000	0.000000	0.000000	0.000000	0.000000	0.000000	0.000000	1733433194.530914	0.000000
138.000000	87762.135299	17956.922109	187500.000000	187500.000000	87024.170104	102883.962141	113390.220808	134188.429617	-0.076000	0.772000	0.574000	192.000000	0.000000	0.000000	0.000000	0.000000	0.000000	0.000000	0.000000	0.000000	0.000000	1733433194.534078	0.000000
139.000000	87754.580409	17944.718056	187500.000000	187500.000000	87029.065136	102908.817280	113398.312139	134183.087550	-0.076000	0.772000	0.574000	192.000000	0.000000	0.000000	0.000000	0.000000	0.000000	0.000000	0.000000	0.000000	0.000000	1733433194.538124	0.000000
140.000000	87754.938037	17959.626670	187500.000000	187500.000000	87038.139944	102888.007806	113401.955474	134182.126425	-0.076000	0.772000	0.574000	192.000000	0.000000	0.000000	0.000000	0.000000	0.000000	0.000000	0.000000	0.000000	0.000000	1733433194.542130	0.000000
141.000000	87769.511374	17979.653833	187500.000000	187500.000000	87045.873647	102883.537457	113403.654206	134190.016590	-0.076000	0.776000	0.578000	192.000000	253.000000	160.000000	24.000000	64.000000	18.000000	16.000000	0.000000	0.000000	0.000000	1733433194.546120	0.000000
142.000000	87774.652275	17967.628594	187500.000000	187500.000000	87048.600560	102881.235228	113404.056538	134202.153588	-0.076000	0.776000	0.578000	192.000000	0.000000	0.000000	0.000000	0.000000	0.000000	0.000000	0.000000	0.000000	0.000000	1733433194.551116	0.000000
143.000000	87771.299514	17972.523626	187500.000000	187500.000000	87047.259456	102874.373242	113400.323796	134204.031134	-0.076000	0.776000	0.578000	192.000000	0.000000	0.000000	0.000000	0.000000	0.000000	0.000000	0.000000	0.000000	0.000000	1733433194.554918	0.000000
144.000000	87771.075996	17989.443897	187500.000000	187500.000000	87044.666653	102872.205123	113401.866067	134207.607413	-0.076000	0.776000	0.578000	192.000000	0.000000	0.000000	0.000000	0.000000	0.000000	0.000000	0.000000	0.000000	0.000000	1733433194.557905	0.000000
145.000000	87764.772804	17982.492504	187500.000000	187500.000000	87040.911560	102885.973798	113407.074023	134169.497689	-0.076000	0.776000	0.578000	192.000000	0.000000	0.000000	0.000000	0.000000	0.000000	0.000000	0.000000	0.000000	0.000000	1733433194.561982	0.000000
146.000000	87764.549287	17975.608167	187500.000000	187500.000000	87043.124383	102895.920324	113412.393738	134166.591962	-0.076000	0.776000	0.578000	192.000000	0.000000	0.000000	0.000000	0.000000	0.000000	0.000000	0.000000	0.000000	0.000000	1733433194.566087	0.000000
147.000000	87770.964238	17982.045470	187500.000000	187500.000000	87043.370252	102903.296400	113417.221715	134186.373256	-0.076000	0.776000	0.578000	192.000000	0.000000	0.000000	0.000000	0.000000	0.000000	0.000000	0.000000	0.000000	0.000000	1733433194.569933	0.000000
148.000000	87770.517203	17960.051353	187500.000000	187500.000000	87043.951397	102901.150632	113418.182840	134188.831948	-0.076000	0.776000	0.578000	192.000000	0.000000	0.000000	0.000000	0.000000	0.000000	0.000000	0.000000	0.000000	0.000000	1733433194.574132	0.000000
149.000000	87755.697996	17956.631536	187500.000000	187500.000000	87026.740554	102883.582161	113404.280055	134174.370369	-0.076000	0.776000	0.578000	192.000000	0.000000	0.000000	0.000000	0.000000	0.000000	0.000000	0.000000	0.000000	0.000000	1733433194.578110	0.000000
150.000000	87758.268447	17983.341871	187500.000000	187500.000000	87019.632699	102854.971928	113392.858314	134170.592924	-0.076000	0.776000	0.578000	192.000000	0.000000	0.000000	0.000000	0.000000	0.000000	0.000000	0.000000	0.000000	0.000000	1733433194.583144	0.000000
151.000000	87758.223743	17955.513949	187500.000000	187500.000000	87015.810551	102859.352870	113384.677575	134171.978733	-0.080000	0.776000	0.576000	192.000000	253.000000	128.000000	24.000000	64.000000	18.000000	0.000000	0.000000	0.000000	0.000000	1733433194.585979	0.000000
152.000000	87755.385072	17962.979432	187500.000000	187500.000000	87010.267319	102873.747393	113404.302407	134184.361599	-0.080000	0.776000	0.576000	192.000000	0.000000	0.000000	0.000000	0.000000	0.000000	0.000000	0.000000	0.000000	0.000000	1733433194.589936	0.000000
153.000000	87764.012845	17983.163057	187500.000000	187500.000000	87010.066153	102888.097213	113412.080814	134194.375181	-0.080000	0.776000	0.576000	192.000000	0.000000	0.000000	0.000000	0.000000	0.000000	0.000000	0.000000	0.000000	0.000000	1733433194.594006	0.000000
154.000000	87758.961351	17974.669394	187500.000000	187500.000000	87013.329508	102894.534516	113404.213000	134181.902907	-0.080000	0.776000	0.576000	192.000000	0.000000	0.000000	0.000000	0.000000	0.000000	0.000000	0.000000	0.000000	0.000000	1733433194.598004	0.000000
155.000000	87756.837935	17981.799600	187500.000000	187500.000000	87003.114760	102883.671568	113391.248988	134180.517099	-0.080000	0.776000	0.576000	192.000000	0.000000	0.000000	0.000000	0.000000	0.000000	0.000000	0.000000	0.000000	0.000000	1733433194.602000	0.000000
156.000000	87747.718423	17963.135894	187500.000000	187500.000000	86988.116740	102872.741565	113377.234444	134174.035093	-0.080000	0.776000	0.576000	192.000000	0.000000	0.000000	0.000000	0.000000	0.000000	0.000000	0.000000	0.000000	0.000000	1733433194.606031	0.000000
157.000000	87746.422022	17953.569347	187500.000000	187500.000000	86993.861138	102869.098230	113396.300482	134173.163375	-0.080000	0.776000	0.576000	192.000000	0.000000	0.000000	0.000000	0.000000	0.000000	0.000000	0.000000	0.000000	0.000000	1733433194.611273	0.000000
158.000000	87754.647464	17964.164074	187500.000000	187500.000000	87007.518054	102885.951446	113408.973921	134165.094395	-0.080000	0.776000	0.576000	192.000000	0.000000	0.000000	0.000000	0.000000	0.000000	0.000000	0.000000	0.000000	0.000000	1733433194.614116	0.000000
159.000000	87757.866115	17972.881254	187500.000000	187500.000000	87014.469446	102894.087481	113415.232410	134174.795052	-0.080000	0.776000	0.576000	192.000000	0.000000	0.000000	0.000000	0.000000	0.000000	0.000000	0.000000	0.000000	0.000000	1733433194.618186	0.000000
160.000000	87757.530839	17992.327272	187500.000000	187500.000000	87009.686173	102886.487888	113397.552180	134179.086587	-0.080000	0.776000	0.576000	192.000000	0.000000	0.000000	0.000000	0.000000	0.000000	0.000000	0.000000	0.000000	0.000000	1733433194.622258	0.000000
161.000000	87759.184868	18002.474964	187500.000000	187500.000000	87005.908728	102887.024330	113406.805802	134184.763930	-0.080000	0.764000	0.570000	192.000000	253.000000	128.000000	23.000000	224.000000	17.000000	208.000000	0.000000	0.000000	0.000000	1733433194.626323	0.000000
162.000000	87754.222781	17973.663565	187500.000000	187500.000000	86998.353839	102867.623015	113405.107070	134177.812538	-0.080000	0.764000	0.570000	192.000000	0.000000	0.000000	0.000000	0.000000	0.000000	0.000000	0.000000	0.000000	0.000000	1733433194.630021	0.000000
163.000000	87755.832107	17972.277757	187500.000000	187500.000000	87001.661897	102866.170152	113412.706663	134172.336360	-0.080000	0.764000	0.570000	192.000000	0.000000	0.000000	0.000000	0.000000	0.000000	0.000000	0.000000	0.000000	0.000000	1733433194.634063	0.000000
164.000000	87760.034235	17991.276740	187500.000000	187500.000000	87001.460731	102848.244053	113413.444270	134164.915581	-0.080000	0.764000	0.570000	192.000000	0.000000	0.000000	0.000000	0.000000	0.000000	0.000000	0.000000	0.000000	0.000000	1733433194.639091	0.000000
165.000000	87762.984665	17982.447801	187500.000000	187500.000000	87004.791141	102856.760068	113405.352939	134166.055520	-0.080000	0.764000	0.570000	192.000000	0.000000	0.000000	0.000000	0.000000	0.000000	0.000000	0.000000	0.000000	0.000000	1733433194.642054	0.000000
166.000000	87754.356891	17967.293318	187500.000000	187500.000000	87000.276089	102857.676489	113404.458869	134154.589075	-0.080000	0.764000	0.570000	192.000000	0.000000	0.000000	0.000000	0.000000	0.000000	0.000000	0.000000	0.000000	0.000000	1733433194.646051	0.000000
167.000000	87754.222781	17969.103809	187500.000000	187500.000000	87005.037010	102887.225495	113408.236314	134154.834945	-0.080000	0.764000	0.570000	192.000000	0.000000	0.000000	0.000000	0.000000	0.000000	0.000000	0.000000	0.000000	0.000000	1733433194.650128	0.000000
168.000000	87757.441432	17976.412830	187500.000000	187500.000000	87001.773656	102884.163306	113408.973921	134171.174070	-0.080000	0.764000	0.570000	192.000000	0.000000	0.000000	0.000000	0.000000	0.000000	0.000000	0.000000	0.000000	0.000000	1733433194.654273	0.000000
169.000000	87753.596932	17977.195141	187500.000000	187500.000000	86993.749379	102869.969949	113406.738747	134174.951515	-0.080000	0.764000	0.570000	192.000000	0.000000	0.000000	0.000000	0.000000	0.000000	0.000000	0.000000	0.000000	0.000000	1733433194.658335	0.000000
170.000000	87749.126583	17984.951196	187500.000000	187500.000000	86996.096313	102861.364527	113411.857296	134165.161451	-0.080000	0.764000	0.570000	192.000000	0.000000	0.000000	0.000000	0.000000	0.000000	0.000000	0.000000	0.000000	0.000000	1733433194.662080	0.000000
171.000000	87749.797136	17996.730566	187500.000000	187500.000000	86993.391751	102876.004920	113411.477317	134161.741634	-0.076000	0.770000	0.574000	192.000000	253.000000	160.000000	24.000000	16.000000	17.000000	240.000000	0.000000	0.000000	0.000000	1733433194.667159	0.000000
172.000000	87755.250961	17991.209685	187500.000000	187500.000000	87000.544310	102880.788193	113423.770776	134184.048675	-0.076000	0.770000	0.574000	192.000000	0.000000	0.000000	0.000000	0.000000	0.000000	0.000000	0.000000	0.000000	0.000000	1733433194.670051	0.000000
173.000000	87753.149897	18001.089156	187500.000000	187500.000000	87006.936909	102871.847495	113424.843660	134203.181768	-0.076000	0.770000	0.574000	192.000000	0.000000	0.000000	0.000000	0.000000	0.000000	0.000000	0.000000	0.000000	0.000000	1733433194.674119	0.000000
174.000000	87750.221819	17985.197065	187500.000000	187500.000000	87004.589975	102868.092402	113418.249895	134176.583192	-0.076000	0.770000	0.574000	192.000000	0.000000	0.000000	0.000000	0.000000	0.000000	0.000000	0.000000	0.000000	0.000000	1733433194.678127	0.000000
175.000000	87741.929322	17938.303106	187500.000000	187500.000000	86991.827129	102852.960271	113407.811631	134153.449136	-0.076000	0.770000	0.574000	192.000000	0.000000	0.000000	0.000000	0.000000	0.000000	0.000000	0.000000	0.000000	0.000000	1733433194.682374	0.000000
176.000000	87740.767031	17939.711266	187500.000000	187500.000000	86994.688153	102844.243091	113411.790241	134159.148831	-0.076000	0.770000	0.574000	192.000000	0.000000	0.000000	0.000000	0.000000	0.000000	0.000000	0.000000	0.000000	0.000000	1733433194.686286	0.000000
177.000000	87748.679548	17954.128141	187500.000000	187500.000000	87009.485007	102864.650233	113423.435500	134171.397587	-0.076000	0.770000	0.574000	192.000000	0.000000	0.000000	0.000000	0.000000	0.000000	0.000000	0.000000	0.000000	0.000000	1733433194.691295	0.000000
178.000000	87750.355929	17972.635385	187500.000000	187500.000000	87024.214807	102903.139937	113434.879593	134173.811576	-0.076000	0.770000	0.574000	192.000000	0.000000	0.000000	0.000000	0.000000	0.000000	0.000000	0.000000	0.000000	0.000000	1733433194.694278	0.000000
179.000000	87745.863229	17968.187388	187500.000000	187500.000000	87019.945624	102874.440297	113413.958360	134174.169204	-0.076000	0.770000	0.574000	192.000000	0.000000	0.000000	0.000000	0.000000	0.000000	0.000000	0.000000	0.000000	0.000000	1733433194.697467	0.000000
180.000000	87746.086746	17968.254443	187500.000000	187500.000000	87006.355763	102840.309184	113410.247971	134171.665808	-0.076000	0.770000	0.574000	192.000000	0.000000	0.000000	0.000000	0.000000	0.000000	0.000000	0.000000	0.000000	0.000000	1733433194.702138	0.000000
181.000000	87749.640673	17998.272836	187500.000000	187500.000000	86998.376190	102853.139085	113399.630892	134159.752328	-0.072000	0.768000	0.576000	192.000000	253.000000	192.000000	24.000000	0.000000	18.000000	0.000000	0.000000	0.000000	0.000000	1733433194.706124	0.000000
182.000000	87747.986644	17973.171827	187500.000000	187500.000000	87005.551100	102867.377146	113417.087605	134161.696930	-0.072000	0.768000	0.576000	192.000000	0.000000	0.000000	0.000000	0.000000	0.000000	0.000000	0.000000	0.000000	0.000000	1733433194.710142	0.000000
183.000000	87749.439508	17950.596565	187500.000000	187500.000000	87006.132246	102846.254748	113425.491861	134165.966113	-0.072000	0.768000	0.576000	192.000000	0.000000	0.000000	0.000000	0.000000	0.000000	0.000000	0.000000	0.000000	0.000000	1733433194.714186	0.000000
184.000000	87750.646502	17945.276850	187500.000000	187500.000000	87013.955356	102891.673492	113440.735750	134185.188614	-0.072000	0.768000	0.576000	192.000000	0.000000	0.000000	0.000000	0.000000	0.000000	0.000000	0.000000	0.000000	0.000000	1733433194.718434	0.000000
185.000000	87749.528915	17969.975528	187500.000000	187500.000000	87017.933967	102885.504411	113444.692009	134188.049637	-0.072000	0.768000	0.576000	192.000000	0.000000	0.000000	0.000000	0.000000	0.000000	0.000000	0.000000	0.000000	0.000000	1733433194.722419	0.000000
186.000000	87740.208237	17970.936653	187500.000000	187500.000000	87006.735743	102853.697879	113430.498651	134200.298393	-0.072000	0.768000	0.576000	192.000000	0.000000	0.000000	0.000000	0.000000	0.000000	0.000000	0.000000	0.000000	0.000000	1733433194.725358	0.000000
187.000000	87747.204333	17966.287490	187500.000000	187500.000000	87010.066153	102889.348911	113431.258611	134195.805692	-0.072000	0.768000	0.576000	192.000000	0.000000	0.000000	0.000000	0.000000	0.000000	0.000000	0.000000	0.000000	0.000000	1733433194.730406	0.000000
188.000000	87749.819487	17961.057181	187500.000000	187500.000000	87020.973804	102915.612211	113432.175032	134180.047712	-0.072000	0.768000	0.576000	192.000000	0.000000	0.000000	0.000000	0.000000	0.000000	0.000000	0.000000	0.000000	0.000000	1733433194.734261	0.000000
189.000000	87749.171287	17982.514856	187500.000000	187500.000000	87028.260473	102869.545265	113426.028302	134187.379085	-0.072000	0.768000	0.576000	192.000000	0.000000	0.000000	0.000000	0.000000	0.000000	0.000000	0.000000	0.000000	0.000000	1733433194.738166	0.000000
190.000000	87751.607627	17986.873446	187500.000000	187500.000000	87018.828037	102876.563713	113434.007875	134198.018515	-0.072000	0.768000	0.576000	192.000000	0.000000	0.000000	0.000000	0.000000	0.000000	0.000000	0.000000	0.000000	0.000000	1733433194.742182	0.000000
191.000000	87764.683397	17990.494429	187500.000000	187500.000000	87030.115668	102884.945617	113434.141986	134204.746390	-0.078000	0.762000	0.572000	192.000000	253.000000	144.000000	23.000000	208.000000	17.000000	224.000000	0.000000	0.000000	0.000000	1733433194.746227	0.000000
192.000000	87761.420043	17975.451705	187500.000000	187500.000000	87031.233255	102909.376074	113424.620143	134181.724093	-0.078000	0.762000	0.572000	192.000000	0.000000	0.000000	0.000000	0.000000	0.000000	0.000000	0.000000	0.000000	0.000000	1733433194.750431	0.000000
193.000000	87757.329673	17977.530417	187500.000000	187500.000000	87028.551045	102908.258487	113423.949590	134177.432558	-0.078000	0.762000	0.572000	192.000000	0.000000	0.000000	0.000000	0.000000	0.000000	0.000000	0.000000	0.000000	0.000000	1733433194.753216	0.000000
194.000000	87753.239304	17954.753990	187500.000000	187500.000000	87026.092354	102886.040853	113426.296523	134165.004988	-0.078000	0.762000	0.572000	192.000000	0.000000	0.000000	0.000000	0.000000	0.000000	0.000000	0.000000	0.000000	0.000000	1733433194.757985	0.000000
195.000000	87750.087708	17956.810350	187500.000000	187500.000000	87010.133208	102891.718196	113431.929163	134169.162413	-0.078000	0.762000	0.572000	192.000000	0.000000	0.000000	0.000000	0.000000	0.000000	0.000000	0.000000	0.000000	0.000000	1733433194.762330	0.000000
196.000000	87757.709653	17976.032850	187500.000000	187500.000000	87006.556929	102914.449920	113435.125462	134175.353846	-0.078000	0.762000	0.572000	192.000000	0.000000	0.000000	0.000000	0.000000	0.000000	0.000000	0.000000	0.000000	0.000000	1733433194.766611	0.000000
197.000000	87755.385072	17991.500257	187500.000000	187500.000000	87008.233310	102922.161272	113450.212890	134192.318820	-0.078000	0.762000	0.572000	192.000000	0.000000	0.000000	0.000000	0.000000	0.000000	0.000000	0.000000	0.000000	0.000000	1733433194.770365	0.000000
198.000000	87741.974025	17971.920129	187500.000000	187500.000000	86997.057438	102874.194428	113430.163375	134188.831948	-0.078000	0.762000	0.572000	192.000000	0.000000	0.000000	0.000000	0.000000	0.000000	0.000000	0.000000	0.000000	0.000000	1733433194.774274	0.000000
199.000000	87747.673720	17975.451705	187500.000000	187500.000000	87004.567624	102881.145821	113429.850451	134199.627840	-0.078000	0.762000	0.572000	192.000000	0.000000	0.000000	0.000000	0.000000	0.000000	0.000000	0.000000	0.000000	0.000000	1733433194.778236	0.000000
200.000000	87742.599874	17966.265138	187500.000000	187500.000000	86996.096313	102874.976739	113412.550201	134184.853337	-0.078000	0.762000	0.572000	192.000000	0.000000	0.000000	0.000000	0.000000	0.000000	0.000000	0.000000	0.000000	0.000000	1733433194.781264	0.000000
201.000000	87745.773822	17963.672336	187500.000000	187500.000000	87000.946641	102888.834821	113418.920448	134189.211928	-0.078000	0.768000	0.572000	192.000000	253.000000	144.000000	24.000000	0.000000	17.000000	224.000000	0.000000	0.000000	0.000000	1733433194.785286	0.000000
202.000000	87753.820450	17984.079478	187500.000000	187500.000000	86999.761999	102914.986362	113425.044826	134199.225509	-0.078000	0.768000	0.572000	192.000000	0.000000	0.000000	0.000000	0.000000	0.000000	0.000000	0.000000	0.000000	0.000000	1733433194.790312	0.000000
203.000000	87747.919589	17992.528438	187500.000000	187500.000000	86998.487949	102918.674400	113416.975846	134181.344114	-0.078000	0.768000	0.572000	192.000000	0.000000	0.000000	0.000000	0.000000	0.000000	0.000000	0.000000	0.000000	0.000000	1733433194.794273	0.000000
204.000000	87742.823391	17979.944406	187500.000000	187500.000000	87003.450036	102953.341955	113430.453948	134178.080759	-0.078000	0.768000	0.572000	192.000000	0.000000	0.000000	0.000000	0.000000	0.000000	0.000000	0.000000	0.000000	0.000000	1733433194.798522	0.000000
205.000000	87738.956540	17974.781153	187500.000000	187500.000000	87002.175987	102915.299286	113431.549183	134169.788262	-0.078000	0.768000	0.572000	192.000000	0.000000	0.000000	0.000000	0.000000	0.000000	0.000000	0.000000	0.000000	0.000000	1733433194.801800	0.000000
206.000000	87735.670833	17940.314763	187500.000000	187500.000000	86999.426722	102850.188655	113420.306256	134161.406357	-0.078000	0.768000	0.572000	192.000000	0.000000	0.000000	0.000000	0.000000	0.000000	0.000000	0.000000	0.000000	0.000000	1733433194.805553	0.000000
207.000000	87740.521162	17954.575176	187500.000000	187500.000000	87005.931080	102863.487943	113428.263477	134176.359674	-0.078000	0.768000	0.572000	192.000000	0.000000	0.000000	0.000000	0.000000	0.000000	0.000000	0.000000	0.000000	0.000000	1733433194.809472	0.000000
208.000000	87744.186848	17974.848208	187500.000000	187500.000000	87004.366458	102881.123469	113437.047712	134203.204120	-0.078000	0.768000	0.572000	192.000000	0.000000	0.000000	0.000000	0.000000	0.000000	0.000000	0.000000	0.000000	0.000000	1733433194.813264	0.000000
209.000000	87747.785479	17979.363260	187500.000000	187500.000000	87002.980650	102895.093309	113438.142948	134205.528701	-0.078000	0.768000	0.572000	192.000000	0.000000	0.000000	0.000000	0.000000	0.000000	0.000000	0.000000	0.000000	0.000000	1733433194.818299	0.000000
210.000000	87736.989586	17958.620841	187500.000000	187500.000000	87002.444208	102897.216725	113426.676503	134194.151663	-0.078000	0.768000	0.572000	192.000000	0.000000	0.000000	0.000000	0.000000	0.000000	0.000000	0.000000	0.000000	0.000000	1733433194.822410	0.000000
211.000000	87741.437583	17960.207815	187500.000000	187500.000000	87016.101124	102911.052455	113436.801843	134184.473358	-0.080000	0.760000	0.574000	192.000000	253.000000	128.000000	23.000000	192.000000	17.000000	240.000000	0.000000	0.000000	0.000000	1733433194.826302	0.000000
212.000000	87745.885580	17968.410905	187500.000000	187500.000000	87018.448057	102912.281801	113436.533622	134187.557898	-0.080000	0.760000	0.574000	192.000000	0.000000	0.000000	0.000000	0.000000	0.000000	0.000000	0.000000	0.000000	0.000000	1733433194.829377	0.000000
213.000000	87742.063432	17984.191237	187500.000000	187500.000000	87006.244005	102914.315810	113428.978733	134181.835852	-0.080000	0.760000	0.574000	192.000000	0.000000	0.000000	0.000000	0.000000	0.000000	0.000000	0.000000	0.000000	0.000000	1733433194.833756	0.000000
214.000000	87733.949749	17968.924996	187500.000000	187500.000000	86999.739647	102933.091275	113424.307218	134164.468546	-0.080000	0.760000	0.574000	192.000000	0.000000	0.000000	0.000000	0.000000	0.000000	0.000000	0.000000	0.000000	0.000000	1733433194.837423	0.000000
215.000000	87747.338444	17980.503199	187500.000000	187500.000000	87013.530673	102951.307947	113440.512233	134178.796015	-0.080000	0.760000	0.574000	192.000000	0.000000	0.000000	0.000000	0.000000	0.000000	0.000000	0.000000	0.000000	0.000000	1733433194.841390	0.000000
216.000000	87748.634845	17976.591644	187500.000000	187500.000000	87018.492760	102928.911499	113431.370369	134190.351867	-0.080000	0.760000	0.574000	192.000000	0.000000	0.000000	0.000000	0.000000	0.000000	0.000000	0.000000	0.000000	0.000000	1733433194.845465	0.000000
217.000000	87750.601798	17978.178618	187500.000000	187500.000000	87019.386830	102892.858135	113442.210965	134206.422771	-0.080000	0.760000	0.574000	192.000000	0.000000	0.000000	0.000000	0.000000	0.000000	0.000000	0.000000	0.000000	0.000000	1733433194.850417	0.000000
218.000000	87740.387051	17967.852112	187500.000000	187500.000000	87011.273147	102881.168172	113429.425768	134199.225509	-0.080000	0.760000	0.574000	192.000000	0.000000	0.000000	0.000000	0.000000	0.000000	0.000000	0.000000	0.000000	0.000000	1733433194.854362	0.000000
219.000000	87739.336519	17972.277757	187500.000000	187500.000000	87009.954394	102898.848402	113426.587096	134205.863977	-0.080000	0.760000	0.574000	192.000000	0.000000	0.000000	0.000000	0.000000	0.000000	0.000000	0.000000	0.000000	0.000000	1733433194.857356	0.000000
220.000000	87740.431755	17945.612126	187500.000000	187500.000000	87013.016583	102888.231324	113427.749387	134194.241070	-0.080000	0.760000	0.574000	192.000000	0.000000	0.000000	0.000000	0.000000	0.000000	0.000000	0.000000	0.000000	0.000000	1733433194.861429	0.000000
221.000000	87738.218932	17948.808426	187500.000000	187500.000000	87004.634679	102897.842574	113424.217811	134194.039904	-0.078000	0.766000	0.570000	192.000000	253.000000	144.000000	23.000000	240.000000	17.000000	208.000000	0.000000	0.000000	0.000000	1733433194.865434	0.000000
222.000000	87751.786441	17976.971624	187500.000000	187500.000000	87016.436400	102913.220574	113442.322724	134193.794035	-0.078000	0.766000	0.570000	192.000000	0.000000	0.000000	0.000000	0.000000	0.000000	0.000000	0.000000	0.000000	0.000000	1733433194.869423	0.000000
223.000000	87759.922476	17980.749068	187500.000000	187500.000000	87028.796915	102914.986362	113459.645326	134200.790131	-0.078000	0.766000	0.570000	192.000000	0.000000	0.000000	0.000000	0.000000	0.000000	0.000000	0.000000	0.000000	0.000000	1733433194.873518	0.000000
224.000000	87755.206258	17976.971624	187500.000000	187500.000000	87025.667670	102936.242871	113465.099152	134199.091399	-0.078000	0.766000	0.570000	192.000000	0.000000	0.000000	0.000000	0.000000	0.000000	0.000000	0.000000	0.000000	0.000000	1733433194.878784	0.000000
225.000000	87751.898200	17965.929862	187500.000000	187500.000000	87023.387793	102929.470292	113463.288660	134187.736712	-0.078000	0.766000	0.570000	192.000000	0.000000	0.000000	0.000000	0.000000	0.000000	0.000000	0.000000	0.000000	0.000000	1733433194.882671	0.000000
226.000000	87755.429775	17964.879330	187500.000000	187500.000000	87025.824133	102923.658839	113459.220643	134190.843605	-0.078000	0.766000	0.570000	192.000000	0.000000	0.000000	0.000000	0.000000	0.000000	0.000000	0.000000	0.000000	0.000000	1733433194.885645	0.000000
227.000000	87758.916647	17983.118353	187500.000000	187500.000000	87030.115668	102933.001868	113457.164282	134200.432503	-0.078000	0.766000	0.570000	192.000000	0.000000	0.000000	0.000000	0.000000	0.000000	0.000000	0.000000	0.000000	0.000000	1733433194.889437	0.000000
228.000000	87760.727139	18011.505069	187500.000000	187500.000000	87034.630720	102923.502376	113450.771684	134210.714306	-0.078000	0.766000	0.570000	192.000000	0.000000	0.000000	0.000000	0.000000	0.000000	0.000000	0.000000	0.000000	0.000000	1733433194.893417	0.000000
229.000000	87761.732967	17993.556618	187500.000000	187500.000000	87027.612272	102907.453824	113456.896062	134212.971832	-0.078000	0.766000	0.570000	192.000000	0.000000	0.000000	0.000000	0.000000	0.000000	0.000000	0.000000	0.000000	0.000000	1733433194.897430	0.000000
230.000000	87762.425871	17944.271021	187500.000000	187500.000000	87030.875627	102923.010638	113465.970870	134228.171018	-0.078000	0.766000	0.570000	192.000000	0.000000	0.000000	0.000000	0.000000	0.000000	0.000000	0.000000	0.000000	0.000000	1733433194.901501	0.000000
231.000000	87757.061453	17935.240917	187500.000000	187500.000000	87033.244912	102937.181644	113471.737620	134200.991297	-0.078000	0.766000	0.570000	192.000000	0.000000	0.000000	0.000000	0.000000	0.000000	0.000000	0.000000	0.000000	0.000000	1733433194.906744	0.000000
232.000000	87756.189734	17956.408019	187500.000000	187500.000000	87027.276996	102929.984382	113465.725001	134199.717247	-0.078000	0.766000	0.570000	192.000000	253.000000	144.000000	23.000000	240.000000	17.000000	208.000000	0.000000	0.000000	0.000000	1733433194.910581	0.000000
233.000000	87759.788365	17985.130010	187500.000000	187500.000000	87024.237159	102946.681135	113455.487902	134214.447047	-0.078000	0.766000	0.570000	192.000000	0.000000	0.000000	0.000000	0.000000	0.000000	0.000000	0.000000	0.000000	0.000000	1733433194.913591	0.000000
234.000000	87766.583296	17980.614958	187500.000000	187500.000000	87022.203150	102912.974705	113441.249840	134203.248823	-0.078000	0.766000	0.570000	192.000000	0.000000	0.000000	0.000000	0.000000	0.000000	0.000000	0.000000	0.000000	0.000000	1733433194.917953	0.000000
235.000000	87770.003113	17978.826818	187500.000000	187500.000000	87031.300310	102910.538365	113453.208024	134205.662811	-0.078000	0.766000	0.570000	192.000000	0.000000	0.000000	0.000000	0.000000	0.000000	0.000000	0.000000	0.000000	0.000000	1733433194.921731	0.000000
236.000000	87766.940924	17978.200969	187500.000000	187500.000000	87028.416935	102922.630658	113464.070971	134198.510253	-0.078000	0.766000	0.570000	192.000000	0.000000	0.000000	0.000000	0.000000	0.000000	0.000000	0.000000	0.000000	0.000000	1733433194.925424	0.000000
237.000000	87766.449185	17958.218510	187500.000000	187500.000000	87028.685156	102924.463502	113469.435390	134204.992259	-0.078000	0.766000	0.570000	192.000000	0.000000	0.000000	0.000000	0.000000	0.000000	0.000000	0.000000	0.000000	0.000000	1733433194.929451	0.000000
238.000000	87763.722272	17968.880292	187500.000000	187500.000000	87024.147752	102941.786103	113461.500521	134209.328498	-0.078000	0.766000	0.570000	192.000000	0.000000	0.000000	0.000000	0.000000	0.000000	0.000000	0.000000	0.000000	0.000000	1733433194.933512	0.000000
239.000000	87754.736871	18000.150383	187500.000000	187500.000000	87008.769752	102910.113682	113439.372294	134210.982527	-0.078000	0.766000	0.570000	192.000000	0.000000	0.000000	0.000000	0.000000	0.000000	0.000000	0.000000	0.000000	0.000000	1733433194.938474	0.000000
240.000000	87754.155726	17997.311711	187500.000000	187500.000000	87009.820284	102930.297307	113447.910660	134213.731791	-0.078000	0.766000	0.570000	192.000000	0.000000	0.000000	0.000000	0.000000	0.000000	0.000000	0.000000	0.000000	0.000000	1733433194.941474	0.000000
241.000000	87753.306359	17957.190330	187500.000000	187500.000000	87015.542330	102944.445961	113459.108884	134206.825102	-0.078000	0.766000	0.570000	192.000000	0.000000	0.000000	0.000000	0.000000	0.000000	0.000000	0.000000	0.000000	0.000000	1733433194.945634	0.000000
242.000000	87750.355929	17940.381818	187500.000000	187500.000000	87007.875682	102910.359551	113437.405340	134209.462608	-0.078000	0.770000	0.574000	192.000000	253.000000	144.000000	24.000000	16.000000	17.000000	240.000000	0.000000	0.000000	0.000000	1733433194.949668	0.000000
243.000000	87756.256790	17941.946440	187500.000000	187500.000000	87014.201226	102911.521841	113449.363524	134212.636556	-0.078000	0.770000	0.574000	192.000000	0.000000	0.000000	0.000000	0.000000	0.000000	0.000000	0.000000	0.000000	0.000000	1733433194.953776	0.000000
244.000000	87755.452127	17959.649022	187500.000000	187500.000000	87013.530673	102934.052400	113468.071934	134203.494692	-0.078000	0.770000	0.574000	192.000000	0.000000	0.000000	0.000000	0.000000	0.000000	0.000000	0.000000	0.000000	0.000000	1733433194.957779	0.000000
245.000000	87751.764089	17989.041566	187500.000000	187500.000000	87015.072944	102925.871661	113474.419829	134201.080704	-0.078000	0.770000	0.574000	192.000000	0.000000	0.000000	0.000000	0.000000	0.000000	0.000000	0.000000	0.000000	0.000000	1733433194.962542	0.000000
246.000000	87759.564848	18006.431223	187500.000000	187500.000000	87018.112781	102922.653010	113472.743448	134212.122466	-0.078000	0.770000	0.574000	192.000000	0.000000	0.000000	0.000000	0.000000	0.000000	0.000000	0.000000	0.000000	0.000000	1733433194.965796	0.000000
247.000000	87754.423947	17969.886121	187500.000000	187500.000000	87016.436400	102940.601461	113466.306146	134199.829006	-0.078000	0.770000	0.574000	192.000000	0.000000	0.000000	0.000000	0.000000	0.000000	0.000000	0.000000	0.000000	0.000000	1733433194.968555	0.000000
248.000000	87754.602761	17953.837568	187500.000000	187500.000000	87019.990327	102921.803644	113454.638535	134206.579233	-0.078000	0.770000	0.574000	192.000000	0.000000	0.000000	0.000000	0.000000	0.000000	0.000000	0.000000	0.000000	0.000000	1733433194.973502	0.000000
249.000000	87771.478328	17958.598490	187500.000000	187500.000000	87032.619063	102898.177850	113477.414963	134218.358602	-0.078000	0.770000	0.574000	192.000000	0.000000	0.000000	0.000000	0.000000	0.000000	0.000000	0.000000	0.000000	0.000000	1733433194.977872	0.000000
250.000000	87774.071130	17962.957080	187500.000000	187500.000000	87032.864932	102920.261374	113473.615166	134219.811466	-0.078000	0.770000	0.574000	192.000000	0.000000	0.000000	0.000000	0.000000	0.000000	0.000000	0.000000	0.000000	0.000000	1733433194.981753	0.000000
251.000000	87767.142089	17964.968737	187500.000000	187500.000000	87017.978670	102909.174908	113462.551053	134233.043698	-0.078000	0.770000	0.574000	192.000000	0.000000	0.000000	0.000000	0.000000	0.000000	0.000000	0.000000	0.000000	0.000000	1733433194.985579	0.000000
252.000000	87767.410310	17984.705327	187500.000000	187500.000000	87025.891188	102920.596650	113460.070009	134232.931940	-0.078000	0.768000	0.574000	192.000000	253.000000	144.000000	24.000000	0.000000	17.000000	240.000000	0.000000	0.000000	0.000000	1733433194.990821	0.000000
253.000000	87777.088616	18028.425339	187500.000000	187500.000000	87042.632644	102952.984327	113478.420791	134219.990280	-0.078000	0.768000	0.574000	192.000000	0.000000	0.000000	0.000000	0.000000	0.000000	0.000000	0.000000	0.000000	0.000000	1733433194.993602	0.000000
254.000000	87786.565755	18048.720723	187500.000000	187500.000000	87039.458697	102984.902619	113490.758954	134221.800771	-0.078000	0.768000	0.574000	192.000000	0.000000	0.000000	0.000000	0.000000	0.000000	0.000000	0.000000	0.000000	0.000000	1733433194.997605	0.000000
255.000000	87772.551211	17958.307917	187500.000000	187500.000000	87024.125400	102932.152502	113455.644364	134228.349832	-0.078000	0.768000	0.574000	192.000000	0.000000	0.000000	0.000000	0.000000	0.000000	0.000000	0.000000	0.000000	0.000000	1733433195.001597	0.000000
0.000000	87767.991456	17926.054350	187500.000000	187500.000000	87031.613234	102897.060263	113452.470416	134239.369242	-0.078000	0.768000	0.574000	192.000000	0.000000	0.000000	0.000000	0.000000	0.000000	0.000000	0.000000	0.000000	0.000000	1733433195.005597	0.000000
1.000000	87784.889374	17970.780190	187500.000000	187500.000000	87046.566552	102918.629696	113482.421754	134223.655966	-0.078000	0.768000	0.574000	192.000000	0.000000	0.000000	0.000000	0.000000	0.000000	0.000000	0.000000	0.000000	0.000000	1733433195.009593	0.000000
2.000000	87790.007924	17998.362243	187500.000000	187500.000000	87050.321645	102949.542159	113495.430469	134227.299300	-0.078000	0.768000	0.574000	192.000000	0.000000	0.000000	0.000000	0.000000	0.000000	0.000000	0.000000	0.000000	0.000000	1733433195.014164	0.000000
3.000000	87774.026427	17978.044507	187500.000000	187500.000000	87034.407203	102928.732685	113475.962100	134233.155457	-0.078000	0.768000	0.574000	192.000000	0.000000	0.000000	0.000000	0.000000	0.000000	0.000000	0.000000	0.000000	0.000000	1733433195.018857	0.000000
4.000000	87773.512336	17979.542074	187500.000000	187500.000000	87035.390679	102927.257470	113466.976698	134223.655966	-0.078000	0.768000	0.574000	192.000000	0.000000	0.000000	0.000000	0.000000	0.000000	0.000000	0.000000	0.000000	0.000000	1733433195.021939	0.000000
5.000000	87777.490947	18009.672226	187500.000000	187500.000000	87044.197267	102954.124266	113471.111771	134233.334271	-0.078000	0.768000	0.574000	192.000000	0.000000	0.000000	0.000000	0.000000	0.000000	0.000000	0.000000	0.000000	0.000000	1733433195.024708	0.000000
6.000000	87775.166366	17981.486676	187500.000000	187500.000000	87038.005833	102933.560662	113462.931033	134241.559713	-0.084000	0.772000	0.572000	192.000000	253.000000	96.000000	24.000000	32.000000	17.000000	224.000000	0.000000	0.000000	0.000000	1733433195.029882	0.000000
7.000000	87776.820395	17979.989109	187500.000000	187500.000000	87032.529656	102933.135978	113454.929108	134210.356678	-0.084000	0.772000	0.572000	192.000000	0.000000	0.000000	0.000000	0.000000	0.000000	0.000000	0.000000	0.000000	0.000000	1733433195.033637	0.000000
8.000000	87765.421005	17956.944461	187500.000000	187500.000000	87030.763868	102912.035932	113459.980602	134216.592815	-0.084000	0.772000	0.572000	192.000000	0.000000	0.000000	0.000000	0.000000	0.000000	0.000000	0.000000	0.000000	0.000000	1733433195.037618	0.000000
9.000000	87769.511374	17939.219527	187500.000000	187500.000000	87036.418860	102905.978609	113453.185672	134221.130219	-0.084000	0.772000	0.572000	192.000000	0.000000	0.000000	0.000000	0.000000	0.000000	0.000000	0.000000	0.000000	0.000000	1733433195.041644	0.000000
10.000000	87776.574525	17982.268987	187500.000000	187500.000000	87035.949473	102922.429493	113454.839701	134216.637518	-0.084000	0.772000	0.572000	192.000000	0.000000	0.000000	0.000000	0.000000	0.000000	0.000000	0.000000	0.000000	0.000000	1733433195.046816	0.000000
11.000000	87779.815528	18006.766499	187500.000000	187500.000000	87033.177857	102925.558737	113449.072951	134204.455817	-0.084000	0.772000	0.572000	192.000000	0.000000	0.000000	0.000000	0.000000	0.000000	0.000000	0.000000	0.000000	0.000000	1733433195.049803	0.000000
12.000000	87773.937020	17976.412830	187500.000000	187500.000000	87031.747345	102918.182661	113442.322724	134210.513140	-0.084000	0.772000	0.572000	192.000000	0.000000	0.000000	0.000000	0.000000	0.000000	0.000000	0.000000	0.000000	0.000000	1733433195.052787	0.000000
13.000000	87770.293685	17941.387646	187500.000000	187500.000000	87031.210903	102912.237097	113448.201233	134220.660832	-0.084000	0.772000	0.572000	192.000000	0.000000	0.000000	0.000000	0.000000	0.000000	0.000000	0.000000	0.000000	0.000000	1733433195.057775	0.000000
14.000000	87761.241229	17938.638382	187500.000000	187500.000000	87030.316833	102904.771615	113439.148776	134227.120486	-0.084000	0.772000	0.572000	192.000000	0.000000	0.000000	0.000000	0.000000	0.000000	0.000000	0.000000	0.000000	0.000000	1733433195.061938	0.000000
15.000000	87759.654255	17929.921201	187500.000000	187500.000000	87029.758040	102932.666592	113431.258611	134249.695748	-0.084000	0.772000	0.572000	192.000000	0.000000	0.000000	0.000000	0.000000	0.000000	0.000000	0.000000	0.000000	0.000000	1733433195.065697	0.000000
16.000000	87757.352025	17928.289524	187500.000000	187500.000000	87035.033051	102930.051438	113430.878631	134220.370259	-0.084000	0.774000	0.566000	192.000000	253.000000	96.000000	24.000000	48.000000	17.000000	176.000000	0.000000	0.000000	0.000000	1733433195.069907	0.000000
17.000000	87768.147918	17973.238882	187500.000000	187500.000000	87041.112726	102917.579164	113438.098244	134198.107922	-0.084000	0.774000	0.566000	192.000000	0.000000	0.000000	0.000000	0.000000	0.000000	0.000000	0.000000	0.000000	0.000000	1733433195.073697	0.000000
18.000000	87765.152784	17981.866656	187500.000000	187500.000000	87036.038880	102908.392597	113456.761951	134206.579233	-0.084000	0.774000	0.566000	192.000000	0.000000	0.000000	0.000000	0.000000	0.000000	0.000000	0.000000	0.000000	0.000000	1733433195.077694	0.000000
19.000000	87757.687301	17928.535393	187500.000000	187500.000000	87028.349880	102894.981551	113449.408227	134212.167169	-0.084000	0.774000	0.566000	192.000000	0.000000	0.000000	0.000000	0.000000	0.000000	0.000000	0.000000	0.000000	0.000000	1733433195.081764	0.000000
20.000000	87752.702862	17919.862916	187500.000000	187500.000000	87021.957281	102900.770652	113429.246954	134206.422771	-0.084000	0.774000	0.566000	192.000000	0.000000	0.000000	0.000000	0.000000	0.000000	0.000000	0.000000	0.000000	0.000000	1733433195.085728	0.000000
21.000000	87757.709653	17930.032960	187500.000000	187500.000000	87016.905787	102916.461577	113427.525869	134216.659870	-0.084000	0.774000	0.566000	192.000000	0.000000	0.000000	0.000000	0.000000	0.000000	0.000000	0.000000	0.000000	0.000000	1733433195.089705	0.000000
22.000000	87769.064339	17945.455664	187500.000000	187500.000000	87025.354746	102936.153464	113447.038942	134228.640405	-0.084000	0.774000	0.566000	192.000000	0.000000	0.000000	0.000000	0.000000	0.000000	0.000000	0.000000	0.000000	0.000000	1733433195.092817	0.000000
23.000000	87767.142089	17964.745219	187500.000000	187500.000000	87022.471371	102928.062132	113455.420846	134208.367373	-0.084000	0.774000	0.566000	192.000000	0.000000	0.000000	0.000000	0.000000	0.000000	0.000000	0.000000	0.000000	0.000000	1733433195.096908	0.000000
24.000000	87760.861249	17940.270059	187500.000000	187500.000000	87024.952415	102948.938662	113446.055465	134215.050544	-0.084000	0.774000	0.566000	192.000000	0.000000	0.000000	0.000000	0.000000	0.000000	0.000000	0.000000	0.000000	0.000000	1733433195.102081	0.000000
25.000000	87764.549287	17961.280699	187500.000000	187500.000000	87029.512170	102929.425589	113429.537526	134237.357585	-0.084000	0.774000	0.566000	192.000000	0.000000	0.000000	0.000000	0.000000	0.000000	0.000000	0.000000	0.000000	0.000000	1733433195.106008	0.000000
26.000000	87765.018674	17974.870560	187500.000000	187500.000000	87018.850388	102929.984382	113440.132253	134227.031079	-0.080000	0.770000	0.564000	192.000000	253.000000	128.000000	24.000000	16.000000	17.000000	160.000000	0.000000	0.000000	0.000000	1733433195.109726	0.000000
27.000000	87756.100328	17911.548068	187500.000000	187500.000000	87011.496664	102903.743434	113424.731901	134218.403306	-0.080000	0.770000	0.564000	192.000000	0.000000	0.000000	0.000000	0.000000	0.000000	0.000000	0.000000	0.000000	0.000000	1733433195.112704	0.000000
28.000000	87754.669816	17914.722015	187500.000000	187500.000000	87012.368382	102905.732740	113426.967076	134214.737620	-0.080000	0.770000	0.564000	192.000000	0.000000	0.000000	0.000000	0.000000	0.000000	0.000000	0.000000	0.000000	0.000000	1733433195.116729	0.000000
29.000000	87757.799060	17928.736559	187500.000000	187500.000000	87014.603557	102922.250679	113433.516137	134207.965041	-0.080000	0.770000	0.564000	192.000000	0.000000	0.000000	0.000000	0.000000	0.000000	0.000000	0.000000	0.000000	0.000000	1733433195.120720	0.000000
30.000000	87756.882639	17925.517908	187500.000000	187500.000000	87017.062249	102922.183624	113435.796015	134223.544207	-0.080000	0.770000	0.564000	192.000000	0.000000	0.000000	0.000000	0.000000	0.000000	0.000000	0.000000	0.000000	0.000000	1733433195.124743	0.000000
31.000000	87758.603723	17935.106806	187500.000000	187500.000000	87018.068077	102918.205013	113435.974829	134245.359510	-0.080000	0.770000	0.564000	192.000000	0.000000	0.000000	0.000000	0.000000	0.000000	0.000000	0.000000	0.000000	0.000000	1733433195.129734	0.000000
32.000000	87760.928304	17956.095094	187500.000000	187500.000000	87024.460676	102907.275010	113429.984561	134245.381861	-0.080000	0.770000	0.564000	192.000000	0.000000	0.000000	0.000000	0.000000	0.000000	0.000000	0.000000	0.000000	0.000000	1733433195.133879	0.000000
33.000000	87761.062415	17942.907565	187500.000000	187500.000000	87022.136095	102885.929094	113415.053596	134228.327480	-0.080000	0.770000	0.564000	192.000000	0.000000	0.000000	0.000000	0.000000	0.000000	0.000000	0.000000	0.000000	0.000000	1733433195.138191	0.000000
34.000000	87755.809755	17912.218620	187500.000000	187500.000000	87023.633662	102900.435376	113409.040977	134207.138027	-0.080000	0.770000	0.564000	192.000000	0.000000	0.000000	0.000000	0.000000	0.000000	0.000000	0.000000	0.000000	0.000000	1733433195.140957	0.000000
35.000000	87765.085729	17934.212736	187500.000000	187500.000000	87036.664729	102910.650123	113421.893230	134212.547149	-0.080000	0.770000	0.564000	192.000000	0.000000	0.000000	0.000000	0.000000	0.000000	0.000000	0.000000	0.000000	0.000000	1733433195.144934	0.000000
36.000000	87761.241229	17917.225411	187500.000000	187500.000000	87032.373194	102904.056359	113432.644419	134215.139951	-0.080000	0.772000	0.566000	192.000000	253.000000	128.000000	24.000000	32.000000	17.000000	176.000000	0.000000	0.000000	0.000000	1733433195.149179	0.000000
37.000000	87760.458918	17910.698701	187500.000000	187500.000000	87029.512170	102906.068016	113427.883497	134225.980547	-0.080000	0.772000	0.566000	192.000000	0.000000	0.000000	0.000000	0.000000	0.000000	0.000000	0.000000	0.000000	0.000000	1733433195.153097	0.000000
38.000000	87757.821412	17935.263268	187500.000000	187500.000000	87023.924234	102916.998019	113407.744575	134226.069954	-0.080000	0.772000	0.566000	192.000000	0.000000	0.000000	0.000000	0.000000	0.000000	0.000000	0.000000	0.000000	0.000000	1733433195.157830	0.000000
39.000000	87762.001188	17961.928900	187500.000000	187500.000000	87023.901883	102961.746211	113416.975846	134222.247806	-0.080000	0.772000	0.566000	192.000000	0.000000	0.000000	0.000000	0.000000	0.000000	0.000000	0.000000	0.000000	0.000000	1733433195.161839	0.000000
40.000000	87773.110005	17942.438178	187500.000000	187500.000000	87027.813438	102902.581144	113433.560840	134243.079632	-0.080000	0.772000	0.566000	192.000000	0.000000	0.000000	0.000000	0.000000	0.000000	0.000000	0.000000	0.000000	0.000000	1733433195.166033	0.000000
41.000000	87771.455976	17938.750141	187500.000000	187500.000000	87025.757077	102893.416928	113425.782433	134233.691899	-0.080000	0.772000	0.566000	192.000000	0.000000	0.000000	0.000000	0.000000	0.000000	0.000000	0.000000	0.000000	0.000000	1733433195.168844	0.000000
42.000000	87768.214973	17909.022320	187500.000000	187500.000000	87029.400412	102904.995132	113433.449082	134217.956271	-0.080000	0.772000	0.566000	192.000000	0.000000	0.000000	0.000000	0.000000	0.000000	0.000000	0.000000	0.000000	0.000000	1733433195.172870	0.000000
43.000000	87767.365607	17898.494649	187500.000000	187500.000000	87021.666708	102910.761882	113446.256631	134259.262295	-0.080000	0.772000	0.566000	192.000000	0.000000	0.000000	0.000000	0.000000	0.000000	0.000000	0.000000	0.000000	0.000000	1733433195.176865	0.000000
44.000000	87772.841784	17923.707416	187500.000000	187500.000000	87024.483028	102931.884281	113450.615221	134236.463515	-0.080000	0.772000	0.566000	192.000000	0.000000	0.000000	0.000000	0.000000	0.000000	0.000000	0.000000	0.000000	0.000000	1733433195.180937	0.000000
45.000000	87768.639656	17928.133062	187500.000000	187500.000000	87026.628795	102927.458635	113442.590945	134217.822160	-0.080000	0.772000	0.566000	192.000000	0.000000	0.000000	0.000000	0.000000	0.000000	0.000000	0.000000	0.000000	0.000000	1733433195.185029	0.000000
46.000000	87769.667836	17929.161242	187500.000000	187500.000000	87030.227426	102952.917272	113453.520948	134239.682167	-0.072000	0.772000	0.568000	192.000000	253.000000	192.000000	24.000000	32.000000	17.000000	192.000000	0.000000	0.000000	0.000000	1733433195.190213	0.000000
47.000000	87778.385017	17952.742333	187500.000000	187500.000000	87022.627833	102930.833749	113440.914564	134242.967873	-0.072000	0.772000	0.568000	192.000000	0.000000	0.000000	0.000000	0.000000	0.000000	0.000000	0.000000	0.000000	0.000000	1733433195.194077	0.000000
48.000000	87774.473461	17941.588812	187500.000000	187500.000000	87003.517092	102908.817280	113438.232355	134239.793925	-0.072000	0.772000	0.568000	192.000000	0.000000	0.000000	0.000000	0.000000	0.000000	0.000000	0.000000	0.000000	0.000000	1733433195.196868	0.000000
49.000000	87772.148880	17926.143757	187500.000000	187500.000000	86995.291650	102918.026199	113454.593832	134250.880391	-0.072000	0.772000	0.568000	192.000000	0.000000	0.000000	0.000000	0.000000	0.000000	0.000000	0.000000	0.000000	0.000000	1733433195.200900	0.000000
50.000000	87771.008941	17903.613198	187500.000000	187500.000000	86998.130321	102927.570394	113454.839701	134246.097117	-0.072000	0.772000	0.568000	192.000000	0.000000	0.000000	0.000000	0.000000	0.000000	0.000000	0.000000	0.000000	0.000000	1733433195.204897	0.000000
51.000000	87766.717406	17897.958207	187500.000000	187500.000000	86998.979688	102904.995132	113439.014666	134218.135085	-0.072000	0.772000	0.568000	192.000000	0.000000	0.000000	0.000000	0.000000	0.000000	0.000000	0.000000	0.000000	0.000000	1733433195.208914	0.000000
52.000000	87761.800022	17899.142849	187500.000000	187500.000000	86990.776597	102900.077748	113418.674579	134211.071934	-0.072000	0.772000	0.568000	192.000000	0.000000	0.000000	0.000000	0.000000	0.000000	0.000000	0.000000	0.000000	0.000000	1733433195.213100	0.000000
53.000000	87757.240266	17908.396472	187500.000000	187500.000000	86983.512280	102902.759958	113423.591962	134223.208931	-0.072000	0.772000	0.568000	192.000000	0.000000	0.000000	0.000000	0.000000	0.000000	0.000000	0.000000	0.000000	0.000000	1733433195.218123	0.000000
54.000000	87759.944828	17898.517000	187500.000000	187500.000000	86979.667780	102909.688998	113441.518061	134229.959158	-0.072000	0.772000	0.568000	192.000000	0.000000	0.000000	0.000000	0.000000	0.000000	0.000000	0.000000	0.000000	0.000000	1733433195.222104	0.000000
55.000000	87766.449185	17917.560687	187500.000000	187500.000000	86980.047760	102902.335274	113442.345076	134254.255504	-0.072000	0.772000	0.568000	192.000000	0.000000	0.000000	0.000000	0.000000	0.000000	0.000000	0.000000	0.000000	0.000000	1733433195.225334	0.000000
56.000000	87780.799005	17952.719981	187500.000000	187500.000000	86979.757187	102876.653120	113431.370369	134270.706388	-0.080000	0.770000	0.570000	192.000000	253.000000	128.000000	24.000000	16.000000	17.000000	208.000000	0.000000	0.000000	0.000000	1733433195.229037	0.000000
57.000000	87775.926325	17911.101033	187500.000000	187500.000000	86977.857289	102890.555905	113451.531643	134239.413946	-0.080000	0.770000	0.570000	192.000000	0.000000	0.000000	0.000000	0.000000	0.000000	0.000000	0.000000	0.000000	0.000000	1733433195.233021	0.000000
58.000000	87769.690188	17906.027187	187500.000000	187500.000000	86978.326676	102907.610286	113459.868844	134211.451913	-0.080000	0.770000	0.570000	192.000000	0.000000	0.000000	0.000000	0.000000	0.000000	0.000000	0.000000	0.000000	0.000000	1733433195.236950	0.000000
59.000000	87769.354912	17919.907620	187500.000000	187500.000000	86980.651257	102910.426606	113457.700724	134236.709385	-0.080000	0.770000	0.570000	192.000000	0.000000	0.000000	0.000000	0.000000	0.000000	0.000000	0.000000	0.000000	0.000000	1733433195.240945	0.000000
60.000000	87769.757243	17901.400376	187500.000000	187500.000000	86975.711522	102907.230307	113458.795960	134240.129201	-0.080000	0.770000	0.570000	192.000000	0.000000	0.000000	0.000000	0.000000	0.000000	0.000000	0.000000	0.000000	0.000000	1733433195.245993	0.000000
61.000000	87757.262618	17857.233328	187500.000000	187500.000000	86975.018618	102898.490774	113446.077817	134225.421754	-0.080000	0.770000	0.570000	192.000000	0.000000	0.000000	0.000000	0.000000	0.000000	0.000000	0.000000	0.000000	0.000000	1733433195.248919	0.000000
62.000000	87754.870982	17860.831959	187500.000000	187500.000000	86977.097330	102891.315864	113449.698800	134224.304166	-0.080000	0.770000	0.570000	192.000000	0.000000	0.000000	0.000000	0.000000	0.000000	0.000000	0.000000	0.000000	0.000000	1733433195.253131	0.000000
63.000000	87756.681473	17858.283860	187500.000000	187500.000000	86967.597838	102878.530667	113451.598698	134225.198236	-0.080000	0.770000	0.570000	192.000000	0.000000	0.000000	0.000000	0.000000	0.000000	0.000000	0.000000	0.000000	0.000000	1733433195.257159	0.000000
64.000000	87751.741737	17861.681326	187500.000000	187500.000000	86959.037120	102868.450030	113438.366465	134227.053431	-0.080000	0.770000	0.570000	192.000000	0.000000	0.000000	0.000000	0.000000	0.000000	0.000000	0.000000	0.000000	0.000000	1733433195.261211	0.000000
65.000000	87757.955522	17887.944625	187500.000000	187500.000000	86970.570620	102889.147745	113435.371332	134232.261387	-0.080000	0.770000	0.570000	192.000000	0.000000	0.000000	0.000000	0.000000	0.000000	0.000000	0.000000	0.000000	0.000000	1733433195.265244	0.000000
66.000000	87755.720348	17893.621968	187500.000000	187500.000000	86976.270315	102926.631621	113447.687143	134235.837666	-0.078000	0.774000	0.576000	192.000000	253.000000	144.000000	24.000000	48.000000	18.000000	0.000000	0.000000	0.000000	0.000000	1733433195.268952	0.000000
67.000000	87761.174173	17891.096221	187500.000000	187500.000000	86984.227536	102900.480080	113463.914509	134245.225399	-0.078000	0.774000	0.576000	192.000000	0.000000	0.000000	0.000000	0.000000	0.000000	0.000000	0.000000	0.000000	0.000000	1733433195.274004	0.000000
68.000000	87759.073110	17884.256588	187500.000000	187500.000000	86973.655161	102875.043795	113454.750294	134236.776440	-0.078000	0.774000	0.576000	192.000000	0.000000	0.000000	0.000000	0.000000	0.000000	0.000000	0.000000	0.000000	0.000000	1733433195.276968	0.000000
69.000000	87750.780612	17893.867838	187500.000000	187500.000000	86953.113908	102873.546228	113436.980657	134210.624899	-0.078000	0.774000	0.576000	192.000000	0.000000	0.000000	0.000000	0.000000	0.000000	0.000000	0.000000	0.000000	0.000000	1733433195.281010	0.000000
70.000000	87753.306359	17899.902809	187500.000000	187500.000000	86949.850553	102900.703597	113427.704683	134199.516082	-0.078000	0.774000	0.576000	192.000000	0.000000	0.000000	0.000000	0.000000	0.000000	0.000000	0.000000	0.000000	0.000000	1733433195.285058	0.000000
71.000000	87754.870982	17860.295517	187500.000000	187500.000000	86959.148879	102870.416983	113445.295506	134220.951405	-0.078000	0.774000	0.576000	192.000000	0.000000	0.000000	0.000000	0.000000	0.000000	0.000000	0.000000	0.000000	0.000000	1733433195.288995	0.000000
72.000000	87748.008996	17861.256642	187500.000000	187500.000000	86958.210106	102858.414097	113443.887346	134228.439239	-0.078000	0.774000	0.576000	192.000000	0.000000	0.000000	0.000000	0.000000	0.000000	0.000000	0.000000	0.000000	0.000000	1733433195.293104	0.000000
73.000000	87746.846705	17870.152637	187500.000000	187500.000000	86955.349082	102850.658041	113439.260535	134229.176847	-0.078000	0.774000	0.576000	192.000000	0.000000	0.000000	0.000000	0.000000	0.000000	0.000000	0.000000	0.000000	0.000000	1733433195.297311	0.000000
74.000000	87755.586237	17884.837733	187500.000000	187500.000000	86958.545382	102867.444201	113448.134178	134226.516989	-0.078000	0.774000	0.576000	192.000000	0.000000	0.000000	0.000000	0.000000	0.000000	0.000000	0.000000	0.000000	0.000000	1733433195.302272	0.000000
75.000000	87760.816546	17901.959169	187500.000000	187500.000000	86959.037120	102891.628789	113441.853338	134238.721042	-0.078000	0.774000	0.576000	192.000000	0.000000	0.000000	0.000000	0.000000	0.000000	0.000000	0.000000	0.000000	0.000000	1733433195.305255	0.000000
76.000000	87753.596932	17877.036974	187500.000000	187500.000000	86961.138184	102895.875620	113438.768797	134237.134068	-0.080000	0.774000	0.574000	192.000000	253.000000	128.000000	24.000000	48.000000	17.000000	240.000000	0.000000	0.000000	0.000000	1733433195.308051	0.000000
77.000000	87748.791307	17877.841637	187500.000000	187500.000000	86963.686283	102853.988451	113444.222622	134214.782323	-0.080000	0.774000	0.574000	192.000000	0.000000	0.000000	0.000000	0.000000	0.000000	0.000000	0.000000	0.000000	0.000000	1733433195.313022	0.000000
78.000000	87760.637732	17868.208035	187500.000000	187500.000000	86983.154652	102892.969894	113450.771684	134236.195294	-0.080000	0.774000	0.574000	192.000000	0.000000	0.000000	0.000000	0.000000	0.000000	0.000000	0.000000	0.000000	0.000000	1733433195.317212	0.000000
79.000000	87755.161554	17832.936982	187500.000000	187500.000000	86974.392769	102873.926207	113436.399512	134241.023271	-0.080000	0.774000	0.574000	192.000000	0.000000	0.000000	0.000000	0.000000	0.000000	0.000000	0.000000	0.000000	0.000000	1733433195.321046	0.000000
80.000000	87752.144069	17845.744532	187500.000000	187500.000000	86957.226629	102857.475323	113414.271285	134218.716230	-0.080000	0.774000	0.574000	192.000000	0.000000	0.000000	0.000000	0.000000	0.000000	0.000000	0.000000	0.000000	0.000000	1733433195.325078	0.000000
81.000000	87747.651368	17857.255680	187500.000000	187500.000000	86954.812641	102878.977702	113419.591000	134197.683239	-0.080000	0.774000	0.574000	192.000000	0.000000	0.000000	0.000000	0.000000	0.000000	0.000000	0.000000	0.000000	0.000000	1733433195.330401	0.000000
82.000000	87750.355929	17886.044727	187500.000000	187500.000000	86955.013806	102868.360623	113425.111881	134201.997125	-0.080000	0.774000	0.574000	192.000000	0.000000	0.000000	0.000000	0.000000	0.000000	0.000000	0.000000	0.000000	0.000000	1733433195.333762	0.000000
83.000000	87757.597894	17897.734689	187500.000000	187500.000000	86947.973007	102852.535588	113423.502555	134211.295451	-0.080000	0.774000	0.574000	192.000000	0.000000	0.000000	0.000000	0.000000	0.000000	0.000000	0.000000	0.000000	0.000000	1733433195.336262	0.000000
84.000000	87761.800022	17863.067134	187500.000000	187500.000000	86952.823335	102874.753222	113426.967076	134230.964986	-0.080000	0.774000	0.574000	192.000000	0.000000	0.000000	0.000000	0.000000	0.000000	0.000000	0.000000	0.000000	0.000000	1733433195.341358	0.000000
85.000000	87758.156688	17849.656087	187500.000000	187500.000000	86967.374321	102863.420887	113430.096320	134232.015518	-0.080000	0.774000	0.574000	192.000000	0.000000	0.000000	0.000000	0.000000	0.000000	0.000000	0.000000	0.000000	0.000000	1733433195.345344	0.000000
86.000000	87750.288874	17860.340221	187500.000000	187500.000000	86967.307266	102865.611358	113431.012741	134220.146742	-0.076000	0.776000	0.572000	192.000000	253.000000	160.000000	24.000000	64.000000	17.000000	224.000000	0.000000	0.000000	0.000000	1733433195.349218	0.000000
87.000000	87759.117813	17878.847465	187500.000000	187500.000000	86964.401539	102860.403402	113430.431596	134209.306146	-0.076000	0.776000	0.572000	192.000000	0.000000	0.000000	0.000000	0.000000	0.000000	0.000000	0.000000	0.000000	0.000000	1733433195.353062	0.000000
88.000000	87763.521107	17889.911579	187500.000000	187500.000000	86969.944772	102853.004974	113432.309143	134222.001937	-0.076000	0.776000	0.572000	192.000000	0.000000	0.000000	0.000000	0.000000	0.000000	0.000000	0.000000	0.000000	0.000000	1733433195.358065	0.000000
89.000000	87753.619284	17870.711430	187500.000000	187500.000000	86954.007978	102837.537567	113413.734843	134219.856169	-0.076000	0.776000	0.572000	192.000000	0.000000	0.000000	0.000000	0.000000	0.000000	0.000000	0.000000	0.000000	0.000000	1733433195.361092	0.000000
90.000000	87752.904028	17851.243061	187500.000000	187500.000000	86947.347158	102822.852471	113404.280055	134193.972849	-0.076000	0.776000	0.572000	192.000000	0.000000	0.000000	0.000000	0.000000	0.000000	0.000000	0.000000	0.000000	0.000000	1733433195.364120	0.000000
91.000000	87755.832107	17873.930082	187500.000000	187500.000000	86944.463783	102815.364637	113386.398660	134189.569555	-0.076000	0.776000	0.572000	192.000000	0.000000	0.000000	0.000000	0.000000	0.000000	0.000000	0.000000	0.000000	0.000000	1733433195.369099	0.000000
92.000000	87753.529877	17862.776561	187500.000000	187500.000000	86952.577466	102834.698896	113391.830133	134204.254652	-0.076000	0.776000	0.572000	192.000000	0.000000	0.000000	0.000000	0.000000	0.000000	0.000000	0.000000	0.000000	0.000000	1733433195.373124	0.000000
93.000000	87751.272351	17846.482139	187500.000000	187500.000000	86959.841783	102858.727021	113406.604637	134210.960175	-0.076000	0.776000	0.572000	192.000000	0.000000	0.000000	0.000000	0.000000	0.000000	0.000000	0.000000	0.000000	0.000000	1733433195.378416	0.000000
94.000000	87758.380205	17863.313003	187500.000000	187500.000000	86970.481213	102842.253785	113411.209096	134226.204065	-0.076000	0.776000	0.572000	192.000000	0.000000	0.000000	0.000000	0.000000	0.000000	0.000000	0.000000	0.000000	0.000000	1733433195.382751	0.000000
95.000000	87756.212086	17864.296480	187500.000000	187500.000000	86971.889373	102830.139140	113404.436517	134238.072841	-0.076000	0.776000	0.572000	192.000000	0.000000	0.000000	0.000000	0.000000	0.000000	0.000000	0.000000	0.000000	0.000000	1733433195.385377	0.000000
96.000000	87758.268447	17860.228462	187500.000000	187500.000000	86985.970972	102842.343192	113412.729014	134222.672489	-0.074000	0.774000	0.572000	192.000000	253.000000	176.000000	24.000000	48.000000	17.000000	224.000000	0.000000	0.000000	0.000000	1733433195.389110	0.000000
97.000000	87762.917610	17877.975747	187500.000000	187500.000000	86993.659972	102843.192559	113421.826174	134217.062201	-0.074000	0.774000	0.572000	192.000000	0.000000	0.000000	0.000000	0.000000	0.000000	0.000000	0.000000	0.000000	0.000000	1733433195.392184	0.000000
98.000000	87766.315075	17882.870779	187500.000000	187500.000000	86999.493778	102825.713495	113412.706663	134233.513085	-0.074000	0.774000	0.572000	192.000000	0.000000	0.000000	0.000000	0.000000	0.000000	0.000000	0.000000	0.000000	0.000000	1733433195.397133	0.000000
99.000000	87768.125566	17879.518018	187500.000000	187500.000000	86995.984554	102817.733922	113403.944779	134233.580140	-0.074000	0.774000	0.572000	192.000000	0.000000	0.000000	0.000000	0.000000	0.000000	0.000000	0.000000	0.000000	0.000000	1733433195.401131	0.000000
100.000000	87761.420043	17862.709506	187500.000000	187500.000000	87001.058400	102825.981715	113432.197384	134218.090381	-0.074000	0.774000	0.572000	192.000000	0.000000	0.000000	0.000000	0.000000	0.000000	0.000000	0.000000	0.000000	0.000000	1733433195.405173	0.000000
101.000000	87759.475441	17877.573416	187500.000000	187500.000000	87011.004926	102824.931183	113424.754253	134218.537416	-0.074000	0.774000	0.572000	192.000000	0.000000	0.000000	0.000000	0.000000	0.000000	0.000000	0.000000	0.000000	0.000000	1733433195.409132	0.000000
102.000000	87760.458918	17873.751268	187500.000000	187500.000000	87012.658955	102824.148872	113408.906866	134208.210910	-0.074000	0.774000	0.572000	192.000000	0.000000	0.000000	0.000000	0.000000	0.000000	0.000000	0.000000	0.000000	0.000000	1733433195.412141	0.000000
103.000000	87754.714519	17846.124511	187500.000000	187500.000000	87010.155560	102838.722210	113395.249950	134188.988410	-0.074000	0.774000	0.572000	192.000000	0.000000	0.000000	0.000000	0.000000	0.000000	0.000000	0.000000	0.000000	0.000000	1733433195.416348	0.000000
104.000000	87766.225668	17875.450000	187500.000000	187500.000000	87018.984499	102843.907814	113411.611427	134208.099152	-0.074000	0.774000	0.572000	192.000000	0.000000	0.000000	0.000000	0.000000	0.000000	0.000000	0.000000	0.000000	0.000000	1733433195.420372	0.000000
105.000000	87759.855421	17886.469410	187500.000000	187500.000000	87006.802798	102821.645477	113415.902962	134217.017498	-0.074000	0.774000	0.572000	192.000000	0.000000	0.000000	0.000000	0.000000	0.000000	0.000000	0.000000	0.000000	0.000000	1733433195.425327	0.000000
106.000000	87760.481269	17903.054405	187500.000000	187500.000000	87009.708525	102817.868032	113410.315026	134226.092306	-0.078000	0.778000	0.574000	192.000000	253.000000	144.000000	24.000000	80.000000	17.000000	240.000000	0.000000	0.000000	0.000000	1733433195.429495	0.000000
107.000000	87767.477365	17888.190495	187500.000000	187500.000000	87028.953377	102863.353832	113417.266419	134223.655966	-0.078000	0.778000	0.574000	192.000000	0.000000	0.000000	0.000000	0.000000	0.000000	0.000000	0.000000	0.000000	0.000000	1733433195.433378	0.000000
108.000000	87767.544421	17844.939869	187500.000000	187500.000000	87041.783278	102864.091440	113413.265456	134217.039849	-0.078000	0.778000	0.574000	192.000000	0.000000	0.000000	0.000000	0.000000	0.000000	0.000000	0.000000	0.000000	0.000000	1733433195.437237	0.000000
109.000000	87772.238287	17853.031201	187500.000000	187500.000000	87039.592807	102830.295602	113406.872857	134233.200161	-0.078000	0.778000	0.574000	192.000000	0.000000	0.000000	0.000000	0.000000	0.000000	0.000000	0.000000	0.000000	0.000000	1733433195.440198	0.000000
110.000000	87771.970066	17862.485988	187500.000000	187500.000000	87038.989310	102846.880597	113413.287808	134262.302132	-0.078000	0.778000	0.574000	192.000000	0.000000	0.000000	0.000000	0.000000	0.000000	0.000000	0.000000	0.000000	0.000000	1733433195.444174	0.000000
111.000000	87772.461804	17882.446096	187500.000000	187500.000000	87034.429554	102860.492809	113407.901038	134235.636501	-0.078000	0.778000	0.574000	192.000000	0.000000	0.000000	0.000000	0.000000	0.000000	0.000000	0.000000	0.000000	0.000000	1733433195.448314	0.000000
112.000000	87767.834993	17881.574378	187500.000000	187500.000000	87030.383889	102850.881559	113395.540523	134201.795960	-0.078000	0.778000	0.574000	192.000000	0.000000	0.000000	0.000000	0.000000	0.000000	0.000000	0.000000	0.000000	0.000000	1733433195.452221	0.000000
113.000000	87764.772804	17884.748326	187500.000000	187500.000000	87030.741516	102833.626012	113401.195514	134215.989317	-0.078000	0.778000	0.574000	192.000000	0.000000	0.000000	0.000000	0.000000	0.000000	0.000000	0.000000	0.000000	0.000000	1733433195.457218	0.000000
114.000000	87769.936057	17884.614215	187500.000000	187500.000000	87039.995139	102854.323727	113419.166317	134234.474210	-0.078000	0.778000	0.574000	192.000000	0.000000	0.000000	0.000000	0.000000	0.000000	0.000000	0.000000	0.000000	0.000000	1733433195.461313	0.000000
115.000000	87763.990493	17887.162314	187500.000000	187500.000000	87027.880493	102831.390838	113397.730994	134238.653986	-0.078000	0.778000	0.574000	192.000000	0.000000	0.000000	0.000000	0.000000	0.000000	0.000000	0.000000	0.000000	0.000000	1733433195.465458	0.000000
116.000000	87759.006054	17867.001041	187500.000000	187500.000000	87023.298386	102835.212986	113382.420049	134209.037925	-0.074000	0.772000	0.574000	192.000000	253.000000	176.000000	24.000000	32.000000	17.000000	240.000000	0.000000	0.000000	0.000000	1733433195.468693	0.000000
117.000000	87758.156688	17864.162369	187500.000000	187500.000000	87031.345014	102862.638576	113392.143058	134201.639497	-0.074000	0.772000	0.574000	192.000000	0.000000	0.000000	0.000000	0.000000	0.000000	0.000000	0.000000	0.000000	0.000000	1733433195.472395	0.000000
118.000000	87747.494906	17846.951526	187500.000000	187500.000000	87020.370307	102814.448215	113390.354918	134204.299355	-0.074000	0.772000	0.574000	192.000000	0.000000	0.000000	0.000000	0.000000	0.000000	0.000000	0.000000	0.000000	0.000000	1733433195.476259	0.000000
119.000000	87752.166420	17851.332468	187500.000000	187500.000000	87011.340202	102795.158660	113386.666880	134211.138989	-0.074000	0.772000	0.574000	192.000000	0.000000	0.000000	0.000000	0.000000	0.000000	0.000000	0.000000	0.000000	0.000000	1733433195.480273	0.000000
120.000000	87757.732005	17881.686137	187500.000000	187500.000000	87014.871778	102819.790282	113389.639662	134221.621957	-0.074000	0.772000	0.574000	192.000000	0.000000	0.000000	0.000000	0.000000	0.000000	0.000000	0.000000	0.000000	0.000000	1733433195.485277	0.000000
121.000000	87758.782537	17869.035050	187500.000000	187500.000000	87026.427630	102822.450140	113380.877779	134209.976698	-0.074000	0.772000	0.574000	192.000000	0.000000	0.000000	0.000000	0.000000	0.000000	0.000000	0.000000	0.000000	0.000000	1733433195.489335	0.000000
122.000000	87753.932208	17838.636677	187500.000000	187500.000000	87022.337261	102810.089625	113367.489084	134201.527739	-0.074000	0.772000	0.574000	192.000000	0.000000	0.000000	0.000000	0.000000	0.000000	0.000000	0.000000	0.000000	0.000000	1733433195.492307	0.000000
123.000000	87754.334540	17865.436419	187500.000000	187500.000000	87019.655051	102830.653230	113367.287918	134226.606396	-0.074000	0.772000	0.574000	192.000000	0.000000	0.000000	0.000000	0.000000	0.000000	0.000000	0.000000	0.000000	0.000000	1733433195.496598	0.000000
124.000000	87764.281066	17880.345032	187500.000000	187500.000000	87030.205075	102834.855358	113378.463790	134231.412021	-0.074000	0.772000	0.574000	192.000000	0.000000	0.000000	0.000000	0.000000	0.000000	0.000000	0.000000	0.000000	0.000000	1733433195.500568	0.000000
125.000000	87772.528860	17861.480160	187500.000000	187500.000000	87039.369290	102859.218759	113395.540523	134231.255559	-0.074000	0.772000	0.574000	192.000000	0.000000	0.000000	0.000000	0.000000	0.000000	0.000000	0.000000	0.000000	0.000000	1733433195.504532	0.000000
126.000000	87761.934133	17858.976765	187500.000000	187500.000000	87031.814400	102846.813541	113385.839866	134205.975736	-0.078000	0.774000	0.572000	192.000000	253.000000	144.000000	24.000000	48.000000	17.000000	224.000000	0.000000	0.000000	0.000000	1733433195.508578	0.000000
127.000000	87762.850554	17853.120608	187500.000000	187500.000000	87024.237159	102818.382122	113380.430744	134200.723076	-0.078000	0.774000	0.572000	192.000000	0.000000	0.000000	0.000000	0.000000	0.000000	0.000000	0.000000	0.000000	0.000000	1733433195.513315	0.000000
128.000000	87772.014770	17873.371288	187500.000000	187500.000000	87029.556874	102834.788303	113375.803933	134203.584099	-0.078000	0.774000	0.572000	192.000000	0.000000	0.000000	0.000000	0.000000	0.000000	0.000000	0.000000	0.000000	0.000000	1733433195.517382	0.000000
129.000000	87772.506508	17864.385887	187500.000000	187500.000000	87036.776487	102849.786323	113385.661052	134203.405285	-0.078000	0.774000	0.572000	192.000000	0.000000	0.000000	0.000000	0.000000	0.000000	0.000000	0.000000	0.000000	0.000000	1733433195.520343	0.000000
130.000000	87761.911781	17847.443264	187500.000000	187500.000000	87031.456772	102835.190634	113380.833075	134216.101076	-0.078000	0.774000	0.572000	192.000000	0.000000	0.000000	0.000000	0.000000	0.000000	0.000000	0.000000	0.000000	0.000000	1733433195.524353	0.000000
131.000000	87756.502659	17851.958317	187500.000000	187500.000000	87024.259511	102834.765951	113368.807837	134216.123428	-0.078000	0.774000	0.572000	192.000000	0.000000	0.000000	0.000000	0.000000	0.000000	0.000000	0.000000	0.000000	0.000000	1733433195.528317	0.000000
132.000000	87756.681473	17880.657957	187500.000000	187500.000000	87016.525807	102842.633765	113364.158674	134199.717247	-0.078000	0.774000	0.572000	192.000000	0.000000	0.000000	0.000000	0.000000	0.000000	0.000000	0.000000	0.000000	0.000000	1733433195.532546	0.000000
133.000000	87757.821412	17883.720146	187500.000000	187500.000000	87004.746438	102820.907869	113364.918633	134208.367373	-0.078000	0.774000	0.572000	192.000000	0.000000	0.000000	0.000000	0.000000	0.000000	0.000000	0.000000	0.000000	0.000000	1733433195.536521	0.000000
134.000000	87758.335502	17857.948584	187500.000000	187500.000000	86999.985516	102826.115826	113369.254872	134246.119469	-0.078000	0.774000	0.572000	192.000000	0.000000	0.000000	0.000000	0.000000	0.000000	0.000000	0.000000	0.000000	0.000000	1733433195.540518	0.000000
135.000000	87752.300531	17832.445244	187500.000000	187500.000000	86993.414103	102837.112884	113363.979860	134231.970815	-0.078000	0.774000	0.572000	192.000000	0.000000	0.000000	0.000000	0.000000	0.000000	0.000000	0.000000	0.000000	0.000000	1733433195.545615	0.000000
136.000000	87751.808793	17837.630849	187500.000000	187500.000000	86992.877661	102873.143896	113358.168406	134191.894137	-0.074000	0.780000	0.576000	192.000000	253.000000	176.000000	24.000000	96.000000	18.000000	0.000000	0.000000	0.000000	0.000000	1733433195.548461	0.000000
137.000000	87754.066319	17849.276107	187500.000000	187500.000000	86997.012734	102841.583233	113349.585336	134180.114768	-0.074000	0.780000	0.576000	192.000000	0.000000	0.000000	0.000000	0.000000	0.000000	0.000000	0.000000	0.000000	0.000000	1733433195.552418	0.000000
138.000000	87763.923438	17865.659936	187500.000000	187500.000000	87004.880548	102839.817445	113372.182950	134198.174977	-0.074000	0.780000	0.576000	192.000000	0.000000	0.000000	0.000000	0.000000	0.000000	0.000000	0.000000	0.000000	0.000000	1733433195.556452	0.000000
139.000000	87762.157650	17852.271241	187500.000000	187500.000000	87011.764885	102871.959254	113373.166427	134213.530626	-0.074000	0.780000	0.576000	192.000000	0.000000	0.000000	0.000000	0.000000	0.000000	0.000000	0.000000	0.000000	0.000000	1733433195.560454	0.000000
140.000000	87760.324807	17858.686192	187500.000000	187500.000000	87009.462656	102845.360678	113358.146055	134208.568538	-0.074000	0.780000	0.576000	192.000000	0.000000	0.000000	0.000000	0.000000	0.000000	0.000000	0.000000	0.000000	0.000000	1733433195.564437	0.000000
141.000000	87768.885525	17891.655015	187500.000000	187500.000000	87016.861083	102841.940861	113379.335508	134223.879483	-0.074000	0.780000	0.576000	192.000000	0.000000	0.000000	0.000000	0.000000	0.000000	0.000000	0.000000	0.000000	0.000000	1733433195.568448	0.000000
142.000000	87759.274275	17872.432515	187500.000000	187500.000000	87014.760019	102838.677506	113366.215034	134224.035945	-0.074000	0.780000	0.576000	192.000000	0.000000	0.000000	0.000000	0.000000	0.000000	0.000000	0.000000	0.000000	0.000000	1733433195.573665	0.000000
143.000000	87760.123642	17852.986497	187500.000000	187500.000000	87030.696813	102863.420887	113368.338450	134209.529663	-0.074000	0.780000	0.576000	192.000000	0.000000	0.000000	0.000000	0.000000	0.000000	0.000000	0.000000	0.000000	0.000000	1733433195.576778	0.000000
144.000000	87764.348121	17867.336317	187500.000000	187500.000000	87038.631682	102876.094327	113374.373421	134206.668640	-0.074000	0.780000	0.576000	192.000000	0.000000	0.000000	0.000000	0.000000	0.000000	0.000000	0.000000	0.000000	0.000000	1733433195.580652	0.000000
145.000000	87763.118775	17845.766884	187500.000000	187500.000000	87028.618101	102856.089515	113360.135360	134213.709439	-0.074000	0.780000	0.576000	192.000000	0.000000	0.000000	0.000000	0.000000	0.000000	0.000000	0.000000	0.000000	0.000000	1733433195.584637	0.000000
146.000000	87766.560944	17850.483102	187500.000000	187500.000000	87027.880493	102865.879579	113354.592127	134217.553940	-0.076000	0.778000	0.574000	192.000000	253.000000	160.000000	24.000000	80.000000	17.000000	240.000000	0.000000	0.000000	0.000000	1733433195.588412	0.000000
147.000000	87765.555115	17857.948584	187500.000000	187500.000000	87022.806647	102855.776591	113366.572662	134240.531533	-0.076000	0.778000	0.574000	192.000000	0.000000	0.000000	0.000000	0.000000	0.000000	0.000000	0.000000	0.000000	0.000000	1733433195.592393	0.000000
148.000000	87756.882639	17832.020561	187500.000000	187500.000000	87020.839694	102850.501579	113359.420104	134224.058297	-0.076000	0.778000	0.574000	192.000000	0.000000	0.000000	0.000000	0.000000	0.000000	0.000000	0.000000	0.000000	0.000000	1733433195.596436	0.000000
149.000000	87753.105194	17833.629886	187500.000000	187500.000000	87007.987441	102845.763009	113337.984781	134187.826119	-0.076000	0.778000	0.574000	192.000000	0.000000	0.000000	0.000000	0.000000	0.000000	0.000000	0.000000	0.000000	0.000000	1733433195.601435	0.000000
150.000000	87748.031348	17845.431607	187500.000000	187500.000000	87007.786275	102854.837818	113330.362836	134178.684256	-0.076000	0.778000	0.574000	192.000000	0.000000	0.000000	0.000000	0.000000	0.000000	0.000000	0.000000	0.000000	0.000000	1733433195.604450	0.000000
151.000000	87749.886543	17848.002058	187500.000000	187500.000000	87011.831941	102804.680503	113321.958580	134193.347000	-0.076000	0.778000	0.574000	192.000000	0.000000	0.000000	0.000000	0.000000	0.000000	0.000000	0.000000	0.000000	0.000000	1733433195.608680	0.000000
152.000000	87761.665912	17852.204186	187500.000000	187500.000000	87012.614252	102805.574573	113321.668008	134191.961192	-0.076000	0.778000	0.574000	192.000000	0.000000	0.000000	0.000000	0.000000	0.000000	0.000000	0.000000	0.000000	0.000000	1733433195.612683	0.000000
153.000000	87771.366569	17850.639564	187500.000000	187500.000000	87020.839694	102830.563823	113335.123758	134211.206044	-0.076000	0.778000	0.574000	192.000000	0.000000	0.000000	0.000000	0.000000	0.000000	0.000000	0.000000	0.000000	0.000000	1733433195.616718	0.000000
154.000000	87769.109043	17828.757206	187500.000000	187500.000000	87023.052516	102840.465646	113347.327810	134201.058352	-0.076000	0.778000	0.574000	192.000000	0.000000	0.000000	0.000000	0.000000	0.000000	0.000000	0.000000	0.000000	0.000000	1733433195.620650	0.000000
155.000000	87774.831089	17859.356744	187500.000000	187500.000000	87036.195342	102862.973853	113357.654316	134228.685108	-0.076000	0.778000	0.574000	192.000000	0.000000	0.000000	0.000000	0.000000	0.000000	0.000000	0.000000	0.000000	0.000000	1733433195.624462	0.000000
156.000000	87772.998246	17858.641488	187500.000000	187500.000000	87032.060269	102875.602588	113346.701961	134231.143800	-0.074000	0.774000	0.568000	192.000000	253.000000	176.000000	24.000000	48.000000	17.000000	192.000000	0.000000	0.000000	0.000000	1733433195.629467	0.000000
157.000000	87776.552174	17849.030238	187500.000000	187500.000000	87041.582113	102876.071975	113351.976973	134247.460574	-0.074000	0.774000	0.568000	192.000000	0.000000	0.000000	0.000000	0.000000	0.000000	0.000000	0.000000	0.000000	0.000000	1733433195.632683	0.000000
158.000000	87776.954505	17838.949602	187500.000000	187500.000000	87045.895999	102823.724189	113355.732066	134239.950387	-0.074000	0.774000	0.568000	192.000000	0.000000	0.000000	0.000000	0.000000	0.000000	0.000000	0.000000	0.000000	0.000000	1733433195.636503	0.000000
159.000000	87767.857345	17842.995267	187500.000000	187500.000000	87022.694888	102815.074064	113340.421121	134215.810503	-0.074000	0.774000	0.568000	192.000000	0.000000	0.000000	0.000000	0.000000	0.000000	0.000000	0.000000	0.000000	0.000000	1733433195.640685	0.000000
160.000000	87766.672703	17858.887358	187500.000000	187500.000000	87018.559816	102832.754294	113340.577583	134222.851303	-0.074000	0.774000	0.568000	192.000000	0.000000	0.000000	0.000000	0.000000	0.000000	0.000000	0.000000	0.000000	0.000000	1733433195.644678	0.000000
161.000000	87764.705749	17854.774637	187500.000000	187500.000000	87017.732801	102823.567727	113326.048949	134247.237056	-0.074000	0.774000	0.568000	192.000000	0.000000	0.000000	0.000000	0.000000	0.000000	0.000000	0.000000	0.000000	0.000000	1733433195.648749	0.000000
162.000000	87759.274275	17835.641543	187500.000000	187500.000000	87016.861083	102827.412227	113323.880830	134205.372239	-0.074000	0.774000	0.568000	192.000000	0.000000	0.000000	0.000000	0.000000	0.000000	0.000000	0.000000	0.000000	0.000000	1733433195.652697	0.000000
163.000000	87771.098348	17849.298459	187500.000000	187500.000000	87028.372232	102847.260576	113336.151938	134211.563672	-0.074000	0.774000	0.568000	192.000000	0.000000	0.000000	0.000000	0.000000	0.000000	0.000000	0.000000	0.000000	0.000000	1733433195.656561	0.000000
164.000000	87774.495813	17838.547270	187500.000000	187500.000000	87029.780391	102867.108925	113350.635868	134231.076745	-0.074000	0.774000	0.568000	192.000000	0.000000	0.000000	0.000000	0.000000	0.000000	0.000000	0.000000	0.000000	0.000000	1733433195.659548	0.000000
165.000000	87772.081825	17834.412197	187500.000000	187500.000000	87034.138982	102872.741565	113357.497854	134214.961137	-0.074000	0.774000	0.568000	192.000000	0.000000	0.000000	0.000000	0.000000	0.000000	0.000000	0.000000	0.000000	0.000000	1733433195.663545	0.000000
166.000000	87778.943810	17853.210014	187500.000000	187500.000000	87040.062194	102884.655045	113356.827302	134239.279835	-0.072000	0.776000	0.576000	192.000000	253.000000	192.000000	24.000000	64.000000	18.000000	0.000000	0.000000	0.000000	0.000000	1733433195.668608	0.000000
167.000000	87769.623133	17836.334447	187500.000000	187500.000000	87031.970862	102849.495751	113339.437644	134221.778419	-0.072000	0.776000	0.576000	192.000000	0.000000	0.000000	0.000000	0.000000	0.000000	0.000000	0.000000	0.000000	0.000000	1733433195.672546	0.000000
168.000000	87771.634790	17858.462674	187500.000000	187500.000000	87032.797877	102821.690181	113314.269580	134186.373256	-0.072000	0.776000	0.576000	192.000000	0.000000	0.000000	0.000000	0.000000	0.000000	0.000000	0.000000	0.000000	0.000000	1733433195.676641	0.000000
169.000000	87771.567735	17874.645337	187500.000000	187500.000000	87031.032089	102831.167320	113330.139319	134202.578271	-0.072000	0.776000	0.576000	192.000000	0.000000	0.000000	0.000000	0.000000	0.000000	0.000000	0.000000	0.000000	0.000000	1733433195.680711	0.000000
170.000000	87772.081825	17834.970991	187500.000000	187500.000000	87035.904769	102845.226567	113343.505662	134215.810503	-0.072000	0.776000	0.576000	192.000000	0.000000	0.000000	0.000000	0.000000	0.000000	0.000000	0.000000	0.000000	0.000000	1733433195.684988	0.000000
171.000000	87780.016694	17822.968104	187500.000000	187500.000000	87053.696758	102853.764934	113354.346258	134227.433411	-0.072000	0.776000	0.576000	192.000000	0.000000	0.000000	0.000000	0.000000	0.000000	0.000000	0.000000	0.000000	0.000000	1733433195.688268	0.000000
172.000000	87796.400523	17841.363590	187500.000000	187500.000000	87063.464470	102878.888295	113366.617366	134265.431376	-0.072000	0.776000	0.576000	192.000000	0.000000	0.000000	0.000000	0.000000	0.000000	0.000000	0.000000	0.000000	0.000000	1733433195.691783	0.000000
173.000000	87790.924345	17846.213918	187500.000000	187500.000000	87042.945569	102885.705577	113350.971145	134243.973701	-0.072000	0.776000	0.576000	192.000000	0.000000	0.000000	0.000000	0.000000	0.000000	0.000000	0.000000	0.000000	0.000000	1733433195.696560	0.000000
174.000000	87787.392770	17849.454921	187500.000000	187500.000000	87048.801726	102893.059301	113335.503737	134214.894082	-0.072000	0.776000	0.576000	192.000000	0.000000	0.000000	0.000000	0.000000	0.000000	0.000000	0.000000	0.000000	0.000000	1733433195.700567	0.000000
175.000000	87786.990438	17844.112854	187500.000000	187500.000000	87052.802688	102882.978664	113327.993551	134218.246844	-0.072000	0.776000	0.576000	192.000000	0.000000	0.000000	0.000000	0.000000	0.000000	0.000000	0.000000	0.000000	0.000000	1733433195.704583	0.000000
176.000000	87786.789273	17860.004945	187500.000000	187500.000000	87058.591790	102851.485056	113331.368665	134240.799754	-0.074000	0.774000	0.574000	192.000000	253.000000	176.000000	24.000000	48.000000	17.000000	240.000000	0.000000	0.000000	0.000000	1733433195.708596	0.000000
177.000000	87785.314058	17881.842599	187500.000000	187500.000000	87056.535430	102832.083742	113340.845804	134237.625806	-0.074000	0.774000	0.574000	192.000000	0.000000	0.000000	0.000000	0.000000	0.000000	0.000000	0.000000	0.000000	0.000000	1733433195.711609	0.000000
178.000000	87790.969049	17865.816398	187500.000000	187500.000000	87060.245819	102868.159457	113352.982802	134248.131126	-0.074000	0.774000	0.574000	192.000000	0.000000	0.000000	0.000000	0.000000	0.000000	0.000000	0.000000	0.000000	0.000000	1733433195.715595	0.000000
179.000000	87796.355819	17846.213918	187500.000000	187500.000000	87064.023264	102867.399498	113350.725275	134247.907608	-0.074000	0.774000	0.574000	192.000000	0.000000	0.000000	0.000000	0.000000	0.000000	0.000000	0.000000	0.000000	0.000000	1733433195.719621	0.000000
180.000000	87790.678476	17833.249907	187500.000000	187500.000000	87058.323569	102869.791135	113342.611592	134225.958195	-0.074000	0.774000	0.574000	192.000000	0.000000	0.000000	0.000000	0.000000	0.000000	0.000000	0.000000	0.000000	0.000000	1733433195.724861	0.000000
181.000000	87783.034180	17835.775654	187500.000000	187500.000000	87054.188496	102869.589969	113347.528976	134223.164227	-0.074000	0.774000	0.574000	192.000000	0.000000	0.000000	0.000000	0.000000	0.000000	0.000000	0.000000	0.000000	0.000000	1733433195.728697	0.000000
182.000000	87782.833014	17831.864099	187500.000000	187500.000000	87046.499496	102857.989413	113347.841900	134228.059259	-0.074000	0.774000	0.574000	192.000000	0.000000	0.000000	0.000000	0.000000	0.000000	0.000000	0.000000	0.000000	0.000000	1733433195.732786	0.000000
183.000000	87783.637677	17841.944735	187500.000000	187500.000000	87041.068022	102852.602643	113338.498871	134218.537416	-0.074000	0.774000	0.574000	192.000000	0.000000	0.000000	0.000000	0.000000	0.000000	0.000000	0.000000	0.000000	0.000000	1733433195.736846	0.000000
184.000000	87776.105139	17843.822282	187500.000000	187500.000000	87039.011662	102863.756164	113338.118891	134228.439239	-0.074000	0.774000	0.574000	192.000000	0.000000	0.000000	0.000000	0.000000	0.000000	0.000000	0.000000	0.000000	0.000000	1733433195.739646	0.000000
185.000000	87782.631848	17859.244985	187500.000000	187500.000000	87042.029147	102856.111867	113336.844842	134239.637463	-0.074000	0.774000	0.574000	192.000000	0.000000	0.000000	0.000000	0.000000	0.000000	0.000000	0.000000	0.000000	0.000000	1733433195.743642	0.000000
186.000000	87787.616287	17891.342091	187500.000000	187500.000000	87047.862953	102877.971873	113324.081996	134232.797829	-0.074000	0.768000	0.572000	192.000000	253.000000	176.000000	24.000000	0.000000	17.000000	224.000000	0.000000	0.000000	0.000000	1733433195.747688	0.000000
187.000000	87789.471482	17865.928157	187500.000000	187500.000000	87046.924179	102882.486925	113318.672874	134244.152515	-0.074000	0.768000	0.572000	192.000000	0.000000	0.000000	0.000000	0.000000	0.000000	0.000000	0.000000	0.000000	0.000000	1733433195.751715	0.000000
188.000000	87793.405389	17846.795064	187500.000000	187500.000000	87065.431424	102873.367414	113324.909011	134237.692861	-0.074000	0.768000	0.572000	192.000000	0.000000	0.000000	0.000000	0.000000	0.000000	0.000000	0.000000	0.000000	0.000000	1733433195.756670	0.000000
189.000000	87790.700828	17831.282953	187500.000000	187500.000000	87059.955246	102860.761030	113322.070339	134257.183582	-0.074000	0.768000	0.572000	192.000000	0.000000	0.000000	0.000000	0.000000	0.000000	0.000000	0.000000	0.000000	0.000000	1733433195.760798	0.000000
190.000000	87778.139148	17806.941903	187500.000000	187500.000000	87041.380947	102847.305280	113336.531918	134252.981454	-0.074000	0.768000	0.572000	192.000000	0.000000	0.000000	0.000000	0.000000	0.000000	0.000000	0.000000	0.000000	0.000000	1733433195.763859	0.000000
191.000000	87783.592973	17828.846613	187500.000000	187500.000000	87042.476182	102833.335439	113331.681589	134233.021347	-0.074000	0.768000	0.572000	192.000000	0.000000	0.000000	0.000000	0.000000	0.000000	0.000000	0.000000	0.000000	0.000000	1733433195.768042	0.000000
192.000000	87786.051665	17845.923346	187500.000000	187500.000000	87047.885304	102862.057431	113337.448339	134245.337158	-0.074000	0.768000	0.572000	192.000000	0.000000	0.000000	0.000000	0.000000	0.000000	0.000000	0.000000	0.000000	0.000000	1733433195.771919	0.000000
193.000000	87786.476348	17856.562776	187500.000000	187500.000000	87047.259456	102868.405326	113347.685438	134240.643292	-0.074000	0.768000	0.572000	192.000000	0.000000	0.000000	0.000000	0.000000	0.000000	0.000000	0.000000	0.000000	0.000000	1733433195.775705	0.000000
194.000000	87788.398598	17858.395619	187500.000000	187500.000000	87033.021394	102860.068126	113332.687418	134232.596664	-0.074000	0.768000	0.572000	192.000000	0.000000	0.000000	0.000000	0.000000	0.000000	0.000000	0.000000	0.000000	0.000000	1733433195.779750	0.000000
195.000000	87789.672648	17860.049648	187500.000000	187500.000000	87022.404316	102853.295547	113312.749662	134228.685108	-0.074000	0.768000	0.572000	192.000000	0.000000	0.000000	0.000000	0.000000	0.000000	0.000000	0.000000	0.000000	0.000000	1733433195.784727	0.000000
196.000000	87798.568642	17867.001041	187500.000000	187500.000000	87031.479124	102872.026309	113324.327865	134253.674359	-0.076000	0.770000	0.572000	192.000000	253.000000	160.000000	24.000000	16.000000	17.000000	224.000000	0.000000	0.000000	0.000000	1733433195.788759	0.000000
197.000000	87785.939906	17829.137186	187500.000000	187500.000000	87014.469446	102860.358698	113320.192792	134256.267161	-0.076000	0.770000	0.572000	192.000000	0.000000	0.000000	0.000000	0.000000	0.000000	0.000000	0.000000	0.000000	0.000000	1733433195.791768	0.000000
198.000000	87792.153691	17834.143976	187500.000000	187500.000000	87027.209941	102868.382975	113321.064510	134229.757992	-0.076000	0.770000	0.572000	192.000000	0.000000	0.000000	0.000000	0.000000	0.000000	0.000000	0.000000	0.000000	0.000000	1733433195.795779	0.000000
199.000000	87791.773712	17844.179910	187500.000000	187500.000000	87013.865949	102837.403457	113306.982911	134207.227434	-0.076000	0.770000	0.572000	192.000000	0.000000	0.000000	0.000000	0.000000	0.000000	0.000000	0.000000	0.000000	0.000000	1733433195.799969	0.000000
200.000000	87787.504528	17846.057456	187500.000000	187500.000000	87003.695906	102822.807768	113301.864362	134216.726925	-0.076000	0.770000	0.572000	192.000000	0.000000	0.000000	0.000000	0.000000	0.000000	0.000000	0.000000	0.000000	0.000000	1733433195.803823	0.000000
201.000000	87771.657142	17835.082750	187500.000000	187500.000000	86998.443246	102839.191596	113289.481496	134213.709439	-0.076000	0.770000	0.572000	192.000000	0.000000	0.000000	0.000000	0.000000	0.000000	0.000000	0.000000	0.000000	0.000000	1733433195.807970	0.000000
202.000000	87773.937020	17832.087616	187500.000000	187500.000000	87007.048667	102856.044812	113303.071356	134240.218608	-0.076000	0.770000	0.572000	192.000000	0.000000	0.000000	0.000000	0.000000	0.000000	0.000000	0.000000	0.000000	0.000000	1733433195.812032	0.000000
203.000000	87778.161499	17836.870889	187500.000000	187500.000000	87015.989365	102846.142989	113316.258885	134259.217591	-0.076000	0.770000	0.572000	192.000000	0.000000	0.000000	0.000000	0.000000	0.000000	0.000000	0.000000	0.000000	0.000000	1733433195.816841	0.000000
204.000000	87778.943810	17829.293648	187500.000000	187500.000000	87020.593824	102837.649326	113315.834202	134233.803658	-0.076000	0.770000	0.572000	192.000000	0.000000	0.000000	0.000000	0.000000	0.000000	0.000000	0.000000	0.000000	0.000000	1733433195.819896	0.000000
205.000000	87787.258659	17837.116758	187500.000000	187500.000000	87027.321700	102865.857228	113326.428929	134243.906646	-0.076000	0.770000	0.572000	192.000000	0.000000	0.000000	0.000000	0.000000	0.000000	0.000000	0.000000	0.000000	0.000000	1733433195.823766	0.000000
206.000000	87777.289781	17823.616305	187500.000000	187500.000000	87020.392659	102878.038928	113315.431871	134222.806599	-0.076000	0.770000	0.572000	192.000000	0.000000	0.000000	0.000000	0.000000	0.000000	0.000000	0.000000	0.000000	0.000000	1733433195.827803	0.000000
207.000000	87779.636714	17820.464709	187500.000000	187500.000000	87015.318813	102851.239187	113311.632074	134237.558751	-0.078000	0.772000	0.568000	192.000000	253.000000	144.000000	24.000000	32.000000	17.000000	192.000000	0.000000	0.000000	0.000000	1733433195.831846	0.000000
208.000000	87777.178023	17813.759186	187500.000000	187500.000000	87016.749324	102847.372335	113319.902220	134238.139896	-0.078000	0.772000	0.568000	192.000000	0.000000	0.000000	0.000000	0.000000	0.000000	0.000000	0.000000	0.000000	0.000000	1733433195.835835	0.000000
209.000000	87774.227592	17828.734854	187500.000000	187500.000000	87019.632699	102867.131277	113323.456147	134239.101021	-0.078000	0.772000	0.568000	192.000000	0.000000	0.000000	0.000000	0.000000	0.000000	0.000000	0.000000	0.000000	0.000000	1733433195.841105	0.000000
210.000000	87792.690133	17857.009811	187500.000000	187500.000000	87027.276996	102868.271216	113329.245249	134269.186469	-0.078000	0.772000	0.568000	192.000000	0.000000	0.000000	0.000000	0.000000	0.000000	0.000000	0.000000	0.000000	0.000000	1733433195.845098	0.000000
211.000000	87796.266412	17848.605555	187500.000000	187500.000000	87032.462601	102851.462704	113330.139319	134244.823068	-0.078000	0.772000	0.568000	192.000000	0.000000	0.000000	0.000000	0.000000	0.000000	0.000000	0.000000	0.000000	0.000000	1733433195.848223	0.000000
212.000000	87787.996267	17840.357761	187500.000000	187500.000000	87017.129304	102843.527835	113314.269580	134240.062146	-0.078000	0.772000	0.568000	192.000000	0.000000	0.000000	0.000000	0.000000	0.000000	0.000000	0.000000	0.000000	0.000000	1733433195.852107	0.000000
213.000000	87795.394694	17839.106064	187500.000000	187500.000000	87024.415973	102865.477248	113327.613572	134238.989262	-0.078000	0.772000	0.568000	192.000000	0.000000	0.000000	0.000000	0.000000	0.000000	0.000000	0.000000	0.000000	0.000000	1733433195.855826	0.000000
214.000000	87796.154654	17849.141997	187500.000000	187500.000000	87032.574359	102877.323672	113350.367647	134230.048565	-0.078000	0.772000	0.568000	192.000000	0.000000	0.000000	0.000000	0.000000	0.000000	0.000000	0.000000	0.000000	0.000000	1733433195.859819	0.000000
215.000000	87793.986534	17860.206111	187500.000000	187500.000000	87033.423726	102896.836745	113366.147979	134232.149629	-0.078000	0.772000	0.568000	192.000000	0.000000	0.000000	0.000000	0.000000	0.000000	0.000000	0.000000	0.000000	0.000000	1733433195.863827	0.000000
216.000000	87793.539499	17866.777523	187500.000000	187500.000000	87029.087487	102905.732740	113357.721371	134245.672434	-0.078000	0.772000	0.568000	192.000000	0.000000	0.000000	0.000000	0.000000	0.000000	0.000000	0.000000	0.000000	0.000000	1733433195.867934	0.000000
217.000000	87797.294593	17884.725974	187500.000000	187500.000000	87044.063156	102901.798833	113367.243215	134267.398330	-0.082000	0.776000	0.566000	192.000000	253.000000	112.000000	24.000000	64.000000	17.000000	176.000000	0.000000	0.000000	0.000000	1733433195.872850	0.000000
218.000000	87803.374267	17853.679401	187500.000000	187500.000000	87041.291540	102890.131222	113355.173273	134249.271065	-0.082000	0.776000	0.566000	192.000000	0.000000	0.000000	0.000000	0.000000	0.000000	0.000000	0.000000	0.000000	0.000000	1733433195.876000	0.000000
219.000000	87793.383037	17811.524011	187500.000000	187500.000000	87019.945624	102870.640501	113345.740836	134242.498486	-0.082000	0.776000	0.566000	192.000000	0.000000	0.000000	0.000000	0.000000	0.000000	0.000000	0.000000	0.000000	0.000000	1733433195.879987	0.000000
220.000000	87797.451055	17822.118738	187500.000000	187500.000000	87021.554949	102861.386879	113350.144130	134250.679225	-0.082000	0.776000	0.566000	192.000000	0.000000	0.000000	0.000000	0.000000	0.000000	0.000000	0.000000	0.000000	0.000000	1733433195.884043	0.000000
221.000000	87796.534633	17833.831052	187500.000000	187500.000000	87027.299348	102876.653120	113342.298668	134235.502390	-0.082000	0.776000	0.566000	192.000000	0.000000	0.000000	0.000000	0.000000	0.000000	0.000000	0.000000	0.000000	0.000000	1733433195.888099	0.000000
222.000000	87797.629869	17842.592936	187500.000000	187500.000000	87035.658900	102878.038928	113349.741799	134230.808524	-0.082000	0.776000	0.566000	192.000000	0.000000	0.000000	0.000000	0.000000	0.000000	0.000000	0.000000	0.000000	0.000000	1733433195.891906	0.000000
223.000000	87797.853386	17854.886395	187500.000000	187500.000000	87043.079679	102896.345007	113361.521168	134256.267161	-0.082000	0.776000	0.566000	192.000000	0.000000	0.000000	0.000000	0.000000	0.000000	0.000000	0.000000	0.000000	0.000000	1733433195.895897	0.000000
224.000000	87795.752322	17847.286802	187500.000000	187500.000000	87037.089412	102894.713330	113355.441493	134240.643292	-0.082000	0.776000	0.566000	192.000000	0.000000	0.000000	0.000000	0.000000	0.000000	0.000000	0.000000	0.000000	0.000000	1733433195.899973	0.000000
225.000000	87790.656124	17852.383000	187500.000000	187500.000000	87038.877551	102890.578257	113362.258776	134232.440201	-0.082000	0.776000	0.566000	192.000000	0.000000	0.000000	0.000000	0.000000	0.000000	0.000000	0.000000	0.000000	0.000000	1733433195.902867	0.000000
226.000000	87794.545328	17848.493796	187500.000000	187500.000000	87044.689005	102882.375167	113366.796180	134243.258446	-0.082000	0.776000	0.566000	192.000000	0.000000	0.000000	0.000000	0.000000	0.000000	0.000000	0.000000	0.000000	0.000000	1733433195.908220	0.000000
227.000000	87792.936002	17835.820357	187500.000000	187500.000000	87041.425650	102903.475213	113371.244177	134267.018350	-0.074000	0.774000	0.574000	192.000000	253.000000	176.000000	24.000000	48.000000	17.000000	240.000000	0.000000	0.000000	0.000000	1733433195.912186	0.000000
228.000000	87784.822319	17820.263543	187500.000000	187500.000000	87026.762906	102893.059301	113345.316153	134245.828896	-0.074000	0.774000	0.574000	192.000000	0.000000	0.000000	0.000000	0.000000	0.000000	0.000000	0.000000	0.000000	0.000000	1733433195.916268	0.000000
229.000000	87780.284915	17811.076976	187500.000000	187500.000000	87018.470409	102869.142934	113316.840031	134222.359565	-0.074000	0.774000	0.574000	192.000000	0.000000	0.000000	0.000000	0.000000	0.000000	0.000000	0.000000	0.000000	0.000000	1733433195.920146	0.000000
230.000000	87781.424854	17823.035159	187500.000000	187500.000000	87035.480086	102869.053527	113341.873985	134226.338175	-0.074000	0.774000	0.574000	192.000000	0.000000	0.000000	0.000000	0.000000	0.000000	0.000000	0.000000	0.000000	0.000000	1733433195.924920	0.000000
231.000000	87792.041933	17842.011791	187500.000000	187500.000000	87048.220581	102879.402385	113359.129531	134260.312827	-0.074000	0.774000	0.574000	192.000000	0.000000	0.000000	0.000000	0.000000	0.000000	0.000000	0.000000	0.000000	0.000000	1733433195.927919	0.000000
232.000000	87794.478273	17826.879660	187500.000000	187500.000000	87041.738575	102862.415059	113334.699075	134257.362396	-0.074000	0.774000	0.574000	192.000000	0.000000	0.000000	0.000000	0.000000	0.000000	0.000000	0.000000	0.000000	0.000000	1733433195.930939	0.000000
233.000000	87794.142997	17822.833994	187500.000000	187500.000000	87050.098127	102864.538475	113337.783615	134242.207914	-0.074000	0.774000	0.574000	192.000000	0.000000	0.000000	0.000000	0.000000	0.000000	0.000000	0.000000	0.000000	0.000000	1733433195.936014	0.000000
234.000000	87791.058456	17838.882546	187500.000000	187500.000000	87049.069947	102874.037966	113350.591165	134223.991242	-0.074000	0.774000	0.574000	192.000000	0.000000	0.000000	0.000000	0.000000	0.000000	0.000000	0.000000	0.000000	0.000000	1733433195.939913	0.000000
235.000000	87796.892261	17865.056439	187500.000000	187500.000000	87047.371214	102879.670606	113351.351124	134229.288605	-0.074000	0.774000	0.574000	192.000000	0.000000	0.000000	0.000000	0.000000	0.000000	0.000000	0.000000	0.000000	0.000000	1733433195.944296	0.000000
236.000000	87793.248927	17836.647372	187500.000000	187500.000000	87050.321645	102899.876583	113355.061514	134241.090326	-0.074000	0.774000	0.574000	192.000000	0.000000	0.000000	0.000000	0.000000	0.000000	0.000000	0.000000	0.000000	0.000000	1733433195.948094	0.000000
237.000000	87796.758151	17851.421875	187500.000000	187500.000000	87050.388700	102905.084539	113360.962374	134226.181713	-0.074000	0.774000	0.572000	192.000000	253.000000	176.000000	24.000000	48.000000	17.000000	224.000000	0.000000	0.000000	0.000000	1733433195.952191	0.000000
238.000000	87796.847558	17852.248889	187500.000000	187500.000000	87054.859049	102920.462539	113365.276261	134235.457687	-0.074000	0.774000	0.572000	192.000000	0.000000	0.000000	0.000000	0.000000	0.000000	0.000000	0.000000	0.000000	0.000000	1733433195.956093	0.000000
239.000000	87789.694999	17835.418026	187500.000000	187500.000000	87060.245819	102912.080635	113375.222787	134260.961027	-0.074000	0.774000	0.572000	192.000000	0.000000	0.000000	0.000000	0.000000	0.000000	0.000000	0.000000	0.000000	0.000000	1733433195.959224	0.000000
240.000000	87793.315982	17838.524918	187500.000000	187500.000000	87053.942627	102883.559809	113362.147017	134268.895897	-0.074000	0.774000	0.572000	192.000000	0.000000	0.000000	0.000000	0.000000	0.000000	0.000000	0.000000	0.000000	0.000000	1733433195.963968	0.000000
241.000000	87783.436511	17819.235363	187500.000000	187500.000000	87043.236142	102872.696861	113350.613517	134274.617943	-0.074000	0.774000	0.572000	192.000000	0.000000	0.000000	0.000000	0.000000	0.000000	0.000000	0.000000	0.000000	0.000000	1733433195.968000	0.000000
242.000000	87786.074017	17817.983665	187500.000000	187500.000000	87044.085508	102867.555960	113352.759284	134277.970705	-0.074000	0.774000	0.572000	192.000000	0.000000	0.000000	0.000000	0.000000	0.000000	0.000000	0.000000	0.000000	0.000000	1733433195.971966	0.000000
243.000000	87793.070113	17849.454921	187500.000000	187500.000000	87048.958188	102886.912571	113361.968203	134256.580085	-0.074000	0.774000	0.572000	192.000000	0.000000	0.000000	0.000000	0.000000	0.000000	0.000000	0.000000	0.000000	0.000000	1733433195.976187	0.000000
244.000000	87792.310154	17857.903881	187500.000000	187500.000000	87050.723976	102903.989304	113357.184930	134245.605379	-0.074000	0.774000	0.572000	192.000000	0.000000	0.000000	0.000000	0.000000	0.000000	0.000000	0.000000	0.000000	0.000000	1733433195.980060	0.000000
245.000000	87773.534688	17835.462729	187500.000000	187500.000000	87032.350842	102874.216780	113330.005208	134219.453838	-0.074000	0.774000	0.572000	192.000000	0.000000	0.000000	0.000000	0.000000	0.000000	0.000000	0.000000	0.000000	0.000000	1733433195.983168	0.000000
246.000000	87787.437473	17828.891317	187500.000000	187500.000000	87041.202133	102870.729908	113327.725330	134230.674414	-0.074000	0.774000	0.572000	192.000000	0.000000	0.000000	0.000000	0.000000	0.000000	0.000000	0.000000	0.000000	0.000000	1733433195.987434	0.000000
247.000000	87794.478273	17833.786349	187500.000000	187500.000000	87054.456717	102896.121490	113341.292839	134247.505277	-0.076000	0.774000	0.574000	192.000000	253.000000	160.000000	24.000000	48.000000	17.000000	240.000000	0.000000	0.000000	0.000000	1733433195.992228	0.000000
248.000000	87802.569604	17862.664802	187500.000000	187500.000000	87059.888191	102919.702580	113358.548386	134266.660722	-0.076000	0.774000	0.574000	192.000000	0.000000	0.000000	0.000000	0.000000	0.000000	0.000000	0.000000	0.000000	0.000000	1733433195.996055	0.000000
249.000000	87792.287802	17844.492834	187500.000000	187500.000000	87052.914447	102916.238060	113350.568813	134260.961027	-0.076000	0.774000	0.574000	192.000000	0.000000	0.000000	0.000000	0.000000	0.000000	0.000000	0.000000	0.000000	0.000000	1733433196.000014	0.000000
250.000000	87782.184813	17827.505508	187500.000000	187500.000000	87034.742479	102905.129243	113345.204394	134264.537306	-0.076000	0.774000	0.574000	192.000000	0.000000	0.000000	0.000000	0.000000	0.000000	0.000000	0.000000	0.000000	0.000000	1733433196.004030	0.000000
251.000000	87787.996267	17852.718276	187500.000000	187500.000000	87039.212828	102888.723062	113334.766130	134243.571370	-0.076000	0.774000	0.574000	192.000000	0.000000	0.000000	0.000000	0.000000	0.000000	0.000000	0.000000	0.000000	0.000000	1733433196.008041	0.000000
252.000000	87790.901994	17838.949602	187500.000000	187500.000000	87038.251703	102886.867867	113338.342409	134241.112678	-0.076000	0.774000	0.574000	192.000000	0.000000	0.000000	0.000000	0.000000	0.000000	0.000000	0.000000	0.000000	0.000000	1733433196.011071	0.000000
253.000000	87779.994342	17833.026389	187500.000000	187500.000000	87025.958243	102861.565693	113331.279258	134237.379937	-0.076000	0.774000	0.574000	192.000000	0.000000	0.000000	0.000000	0.000000	0.000000	0.000000	0.000000	0.000000	0.000000	1733433196.015177	0.000000
254.000000	87776.999209	17817.983665	187500.000000	187500.000000	87020.459714	102856.782419	113326.384226	134250.343949	-0.076000	0.774000	0.574000	192.000000	0.000000	0.000000	0.000000	0.000000	0.000000	0.000000	0.000000	0.000000	0.000000	1733433196.019082	0.000000
255.000000	87780.933116	17822.722235	187500.000000	187500.000000	87029.713336	102888.991283	113335.503737	134250.142783	-0.076000	0.774000	0.574000	192.000000	0.000000	0.000000	0.000000	0.000000	0.000000	0.000000	0.000000	0.000000	0.000000	1733433196.024314	0.000000
0.000000	87781.089578	17848.024410	187500.000000	187500.000000	87034.407203	102890.712367	113340.130548	134219.543245	-0.076000	0.774000	0.574000	192.000000	0.000000	0.000000	0.000000	0.000000	0.000000	0.000000	0.000000	0.000000	0.000000	1733433196.028315	0.000000
1.000000	87779.010866	17850.371343	187500.000000	187500.000000	87021.152618	102880.698786	113329.893450	134223.074820	-0.080000	0.778000	0.576000	192.000000	253.000000	128.000000	24.000000	80.000000	18.000000	0.000000	0.000000	0.000000	0.000000	1733433196.032443	0.000000
2.000000	87781.626020	17827.371398	187500.000000	187500.000000	87021.465542	102871.847495	113338.074188	134242.766707	-0.080000	0.778000	0.576000	192.000000	0.000000	0.000000	0.000000	0.000000	0.000000	0.000000	0.000000	0.000000	0.000000	1733433196.035088	0.000000
3.000000	87783.995305	17835.976820	187500.000000	187500.000000	87024.460676	102878.150687	113335.816662	134244.308978	-0.080000	0.778000	0.576000	192.000000	0.000000	0.000000	0.000000	0.000000	0.000000	0.000000	0.000000	0.000000	0.000000	1733433196.039098	0.000000
4.000000	87777.513299	17829.830090	187500.000000	187500.000000	87017.397525	102873.479172	113321.265676	134241.626768	-0.080000	0.778000	0.576000	192.000000	0.000000	0.000000	0.000000	0.000000	0.000000	0.000000	0.000000	0.000000	0.000000	1733433196.043134	0.000000
5.000000	87782.028351	17836.982648	187500.000000	187500.000000	87016.101124	102868.427678	113318.784633	134256.043643	-0.080000	0.778000	0.576000	192.000000	0.000000	0.000000	0.000000	0.000000	0.000000	0.000000	0.000000	0.000000	0.000000	1733433196.047163	0.000000
6.000000	87782.855366	17833.875756	187500.000000	187500.000000	87014.849426	102866.214855	113315.498926	134233.535437	-0.080000	0.778000	0.576000	192.000000	0.000000	0.000000	0.000000	0.000000	0.000000	0.000000	0.000000	0.000000	0.000000	1733433196.052306	0.000000
7.000000	87786.006962	17834.255735	187500.000000	187500.000000	87018.783333	102892.075824	113318.114080	134232.350794	-0.080000	0.778000	0.576000	192.000000	0.000000	0.000000	0.000000	0.000000	0.000000	0.000000	0.000000	0.000000	0.000000	1733433196.056185	0.000000
8.000000	87783.145938	17831.350008	187500.000000	187500.000000	87012.100162	102880.788193	113310.447432	134230.897931	-0.080000	0.778000	0.576000	192.000000	0.000000	0.000000	0.000000	0.000000	0.000000	0.000000	0.000000	0.000000	0.000000	1733433196.060296	0.000000
9.000000	87781.156633	17833.763997	187500.000000	187500.000000	87003.070057	102851.395649	113315.990664	134259.038777	-0.080000	0.778000	0.576000	192.000000	0.000000	0.000000	0.000000	0.000000	0.000000	0.000000	0.000000	0.000000	0.000000	1733433196.063415	0.000000
10.000000	87780.709598	17847.063285	187500.000000	187500.000000	87006.512225	102856.067163	113308.122850	134230.763821	-0.080000	0.778000	0.576000	192.000000	0.000000	0.000000	0.000000	0.000000	0.000000	0.000000	0.000000	0.000000	0.000000	1733433196.067190	0.000000
11.000000	87786.945735	17847.398561	187500.000000	187500.000000	87016.011717	102865.298434	113299.450374	134210.423733	-0.080000	0.774000	0.572000	192.000000	253.000000	128.000000	24.000000	48.000000	17.000000	224.000000	0.000000	0.000000	0.000000	1733433196.071133	0.000000
12.000000	87783.928249	17823.973933	187500.000000	187500.000000	87023.052516	102873.322710	113316.013016	134225.891140	-0.080000	0.774000	0.572000	192.000000	0.000000	0.000000	0.000000	0.000000	0.000000	0.000000	0.000000	0.000000	0.000000	1733433196.075141	0.000000
13.000000	87787.728046	17835.261564	187500.000000	187500.000000	87026.964072	102891.695844	113323.925534	134235.994129	-0.080000	0.774000	0.572000	192.000000	0.000000	0.000000	0.000000	0.000000	0.000000	0.000000	0.000000	0.000000	0.000000	1733433196.079157	0.000000
14.000000	87787.929212	17834.591011	187500.000000	187500.000000	87020.862045	102848.065239	113312.392034	134240.866809	-0.080000	0.774000	0.572000	192.000000	0.000000	0.000000	0.000000	0.000000	0.000000	0.000000	0.000000	0.000000	0.000000	1733433196.084255	0.000000
15.000000	87791.796063	17855.869872	187500.000000	187500.000000	87017.084601	102846.768838	113304.814792	134250.075728	-0.080000	0.774000	0.572000	192.000000	0.000000	0.000000	0.000000	0.000000	0.000000	0.000000	0.000000	0.000000	0.000000	1733433196.088296	0.000000
16.000000	87773.713502	17818.743625	187500.000000	187500.000000	87015.318813	102868.338271	113298.779821	134245.873600	-0.080000	0.774000	0.572000	192.000000	0.000000	0.000000	0.000000	0.000000	0.000000	0.000000	0.000000	0.000000	0.000000	1733433196.091324	0.000000
17.000000	87780.553136	17857.210977	187500.000000	187500.000000	87027.768734	102864.538475	113316.594162	134235.345928	-0.080000	0.774000	0.572000	192.000000	0.000000	0.000000	0.000000	0.000000	0.000000	0.000000	0.000000	0.000000	0.000000	1733433196.095434	0.000000
18.000000	87781.715427	17849.767846	187500.000000	187500.000000	87025.354746	102880.318806	113325.087824	134220.325556	-0.080000	0.774000	0.572000	192.000000	0.000000	0.000000	0.000000	0.000000	0.000000	0.000000	0.000000	0.000000	0.000000	1733433196.099512	0.000000
19.000000	87771.925363	17796.034252	187500.000000	187500.000000	87025.488856	102852.312070	113328.239420	134235.547094	-0.080000	0.774000	0.572000	192.000000	0.000000	0.000000	0.000000	0.000000	0.000000	0.000000	0.000000	0.000000	0.000000	1733433196.103410	0.000000
20.000000	87771.299514	17822.744587	187500.000000	187500.000000	87028.506342	102862.482114	113338.163595	134246.655911	-0.080000	0.774000	0.572000	192.000000	0.000000	0.000000	0.000000	0.000000	0.000000	0.000000	0.000000	0.000000	0.000000	1733433196.107218	0.000000
21.000000	87773.177060	17829.114834	187500.000000	187500.000000	87018.895092	102847.931128	113337.537746	134270.147594	-0.080000	0.778000	0.576000	192.000000	253.000000	128.000000	24.000000	80.000000	18.000000	0.000000	0.000000	0.000000	0.000000	1733433196.112220	0.000000
22.000000	87768.147918	17833.004037	187500.000000	187500.000000	87000.432551	102843.952518	113327.322999	134250.254542	-0.080000	0.778000	0.576000	192.000000	0.000000	0.000000	0.000000	0.000000	0.000000	0.000000	0.000000	0.000000	0.000000	1733433196.116283	0.000000
23.000000	87770.494851	17841.922384	187500.000000	187500.000000	87006.065191	102859.732850	113330.049912	134231.613187	-0.080000	0.778000	0.576000	192.000000	0.000000	0.000000	0.000000	0.000000	0.000000	0.000000	0.000000	0.000000	0.000000	1733433196.119215	0.000000
24.000000	87770.785424	17837.832014	187500.000000	187500.000000	87015.207054	102901.575315	113337.090711	134230.696765	-0.080000	0.778000	0.576000	192.000000	0.000000	0.000000	0.000000	0.000000	0.000000	0.000000	0.000000	0.000000	0.000000	1733433196.123257	0.000000
25.000000	87771.567735	17839.843671	187500.000000	187500.000000	87014.067115	102875.557885	113327.099481	134249.606341	-0.080000	0.778000	0.576000	192.000000	0.000000	0.000000	0.000000	0.000000	0.000000	0.000000	0.000000	0.000000	0.000000	1733433196.127529	0.000000
26.000000	87768.572601	17862.195416	187500.000000	187500.000000	87012.815417	102862.124486	113323.858479	134246.186524	-0.080000	0.778000	0.576000	192.000000	0.000000	0.000000	0.000000	0.000000	0.000000	0.000000	0.000000	0.000000	0.000000	1733433196.131429	0.000000
27.000000	87767.320903	17850.572509	187500.000000	187500.000000	87004.277051	102857.095344	113312.637903	134213.932957	-0.080000	0.778000	0.576000	192.000000	0.000000	0.000000	0.000000	0.000000	0.000000	0.000000	0.000000	0.000000	0.000000	1733433196.135511	0.000000
28.000000	87766.560944	17802.359796	187500.000000	187500.000000	87008.546234	102848.780495	113303.808964	134228.171018	-0.080000	0.778000	0.576000	192.000000	0.000000	0.000000	0.000000	0.000000	0.000000	0.000000	0.000000	0.000000	0.000000	1733433196.140495	0.000000
29.000000	87764.973970	17820.285895	187500.000000	187500.000000	87016.704621	102843.371373	113310.089804	134230.406193	-0.080000	0.778000	0.576000	192.000000	0.000000	0.000000	0.000000	0.000000	0.000000	0.000000	0.000000	0.000000	0.000000	1733433196.143310	0.000000
30.000000	87768.237325	17832.624058	187500.000000	187500.000000	87012.994231	102830.295602	113325.937191	134226.092306	-0.080000	0.778000	0.576000	192.000000	0.000000	0.000000	0.000000	0.000000	0.000000	0.000000	0.000000	0.000000	0.000000	1733433196.147269	0.000000
31.000000	87764.102252	17820.643523	187500.000000	187500.000000	87009.574414	102845.807713	113327.211240	134238.631635	-0.082000	0.776000	0.572000	192.000000	253.000000	112.000000	24.000000	64.000000	17.000000	224.000000	0.000000	0.000000	0.000000	1733433196.151300	0.000000
32.000000	87753.216952	17804.796136	187500.000000	187500.000000	87003.919423	102840.800922	113310.000397	134254.277856	-0.082000	0.776000	0.572000	192.000000	0.000000	0.000000	0.000000	0.000000	0.000000	0.000000	0.000000	0.000000	0.000000	1733433196.155310	0.000000
33.000000	87762.515278	17846.236270	187500.000000	187500.000000	87011.787237	102854.122562	113325.490156	134251.036853	-0.082000	0.776000	0.572000	192.000000	0.000000	0.000000	0.000000	0.000000	0.000000	0.000000	0.000000	0.000000	0.000000	1733433196.159335	0.000000
34.000000	87750.892371	17834.725122	187500.000000	187500.000000	87008.434475	102856.782419	113320.416310	134212.524797	-0.082000	0.776000	0.572000	192.000000	0.000000	0.000000	0.000000	0.000000	0.000000	0.000000	0.000000	0.000000	0.000000	1733433196.163426	0.000000
35.000000	87751.585275	17789.239322	187500.000000	187500.000000	87008.278013	102841.493826	113322.629133	134225.041774	-0.082000	0.776000	0.572000	192.000000	0.000000	0.000000	0.000000	0.000000	0.000000	0.000000	0.000000	0.000000	0.000000	1733433196.168585	0.000000
36.000000	87756.368548	17799.834049	187500.000000	187500.000000	87005.081714	102838.521044	113328.462938	134237.290530	-0.082000	0.776000	0.572000	192.000000	0.000000	0.000000	0.000000	0.000000	0.000000	0.000000	0.000000	0.000000	0.000000	1733433196.171475	0.000000
37.000000	87757.955522	17812.663950	187500.000000	187500.000000	87007.428647	102865.723117	113337.001304	134240.084498	-0.082000	0.776000	0.572000	192.000000	0.000000	0.000000	0.000000	0.000000	0.000000	0.000000	0.000000	0.000000	0.000000	1733433196.175588	0.000000
38.000000	87760.056586	17818.654218	187500.000000	187500.000000	87008.278013	102866.840704	113324.640790	134227.723983	-0.082000	0.776000	0.572000	192.000000	0.000000	0.000000	0.000000	0.000000	0.000000	0.000000	0.000000	0.000000	0.000000	1733433196.179321	0.000000
39.000000	87759.341330	17822.476366	187500.000000	187500.000000	87008.054496	102840.286832	113310.849763	134238.072841	-0.082000	0.776000	0.572000	192.000000	0.000000	0.000000	0.000000	0.000000	0.000000	0.000000	0.000000	0.000000	0.000000	1733433196.183504	0.000000
40.000000	87751.629979	17816.776671	187500.000000	187500.000000	87003.807664	102850.456876	113320.617476	134254.143745	-0.082000	0.776000	0.572000	192.000000	0.000000	0.000000	0.000000	0.000000	0.000000	0.000000	0.000000	0.000000	0.000000	1733433196.187363	0.000000
41.000000	87762.023540	17853.165311	187500.000000	187500.000000	87003.137112	102865.030213	113330.631057	134246.968835	-0.080000	0.770000	0.568000	192.000000	253.000000	128.000000	24.000000	16.000000	17.000000	192.000000	0.000000	0.000000	0.000000	1733433196.191360	0.000000
42.000000	87765.733929	17828.779558	187500.000000	187500.000000	87006.199301	102885.280893	113323.657313	134248.466402	-0.080000	0.770000	0.568000	192.000000	0.000000	0.000000	0.000000	0.000000	0.000000	0.000000	0.000000	0.000000	0.000000	1733433196.196367	0.000000
43.000000	87750.981778	17784.567807	187500.000000	187500.000000	86987.312077	102864.963158	113315.454223	134230.361489	-0.080000	0.770000	0.568000	192.000000	0.000000	0.000000	0.000000	0.000000	0.000000	0.000000	0.000000	0.000000	0.000000	1733433196.199430	0.000000
44.000000	87754.043967	17784.009014	187500.000000	187500.000000	86971.419987	102843.416076	113320.058682	134211.138989	-0.080000	0.770000	0.568000	192.000000	0.000000	0.000000	0.000000	0.000000	0.000000	0.000000	0.000000	0.000000	0.000000	1733433196.202511	0.000000
45.000000	87768.170270	17811.814584	187500.000000	187500.000000	86964.133318	102837.828140	113323.925534	134219.856169	-0.080000	0.770000	0.568000	192.000000	0.000000	0.000000	0.000000	0.000000	0.000000	0.000000	0.000000	0.000000	0.000000	1733433196.207609	0.000000
46.000000	87768.885525	17838.457863	187500.000000	187500.000000	86950.431699	102842.812579	113315.945961	134236.172943	-0.080000	0.770000	0.568000	192.000000	0.000000	0.000000	0.000000	0.000000	0.000000	0.000000	0.000000	0.000000	0.000000	1733433196.211672	0.000000
47.000000	87771.478328	17849.253756	187500.000000	187500.000000	86942.675643	102855.575425	113311.676778	134253.763766	-0.080000	0.770000	0.568000	192.000000	0.000000	0.000000	0.000000	0.000000	0.000000	0.000000	0.000000	0.000000	0.000000	1733433196.215639	0.000000
48.000000	87771.187755	17822.409311	187500.000000	187500.000000	86936.238341	102848.847550	113305.686510	134240.263312	-0.080000	0.770000	0.568000	192.000000	0.000000	0.000000	0.000000	0.000000	0.000000	0.000000	0.000000	0.000000	0.000000	1733433196.219443	0.000000
49.000000	87766.270371	17813.088633	187500.000000	187500.000000	86935.299568	102850.054544	113314.873077	134248.466402	-0.080000	0.770000	0.568000	192.000000	0.000000	0.000000	0.000000	0.000000	0.000000	0.000000	0.000000	0.000000	0.000000	1733433196.224449	0.000000
50.000000	87766.248019	17822.006979	187500.000000	187500.000000	86928.549341	102848.691088	113306.982911	134230.003861	-0.080000	0.770000	0.568000	192.000000	0.000000	0.000000	0.000000	0.000000	0.000000	0.000000	0.000000	0.000000	0.000000	1733433196.227425	0.000000
51.000000	87776.261601	17843.442302	187500.000000	187500.000000	86939.971082	102866.997167	113304.121888	134227.455762	-0.076000	0.772000	0.566000	192.000000	253.000000	160.000000	24.000000	32.000000	17.000000	176.000000	0.000000	0.000000	0.000000	1733433196.230431	0.000000
52.000000	87775.054607	17824.353912	187500.000000	187500.000000	86932.103268	102854.211969	113300.724423	134242.453783	-0.076000	0.772000	0.566000	192.000000	0.000000	0.000000	0.000000	0.000000	0.000000	0.000000	0.000000	0.000000	0.000000	1733433196.235636	0.000000
53.000000	87763.632865	17809.892334	187500.000000	187500.000000	86931.008033	102865.074916	113303.518391	134231.590835	-0.076000	0.772000	0.566000	192.000000	0.000000	0.000000	0.000000	0.000000	0.000000	0.000000	0.000000	0.000000	0.000000	1733433196.239548	0.000000
54.000000	87769.779595	17817.469575	187500.000000	187500.000000	86936.573617	102864.560826	113308.279313	134249.226361	-0.076000	0.772000	0.566000	192.000000	0.000000	0.000000	0.000000	0.000000	0.000000	0.000000	0.000000	0.000000	0.000000	1733433196.243649	0.000000
55.000000	87769.936057	17819.391825	187500.000000	187500.000000	86933.734946	102857.274158	113298.556304	134239.458649	-0.076000	0.772000	0.566000	192.000000	0.000000	0.000000	0.000000	0.000000	0.000000	0.000000	0.000000	0.000000	0.000000	1733433196.247589	0.000000
56.000000	87758.402557	17798.314130	187500.000000	187500.000000	86922.782591	102872.182771	113299.405670	134228.618053	-0.076000	0.772000	0.566000	192.000000	0.000000	0.000000	0.000000	0.000000	0.000000	0.000000	0.000000	0.000000	0.000000	1733433196.251432	0.000000
57.000000	87757.821412	17807.366587	187500.000000	187500.000000	86929.845742	102880.072937	113311.587371	134222.091344	-0.076000	0.772000	0.566000	192.000000	0.000000	0.000000	0.000000	0.000000	0.000000	0.000000	0.000000	0.000000	0.000000	1733433196.255442	0.000000
58.000000	87762.425871	17836.557965	187500.000000	187500.000000	86927.431754	102866.259559	113295.650577	134219.140913	-0.076000	0.772000	0.566000	192.000000	0.000000	0.000000	0.000000	0.000000	0.000000	0.000000	0.000000	0.000000	0.000000	1733433196.258435	0.000000
59.000000	87755.116851	17800.057566	187500.000000	187500.000000	86917.373469	102874.641463	113279.602025	134222.448972	-0.076000	0.772000	0.566000	192.000000	0.000000	0.000000	0.000000	0.000000	0.000000	0.000000	0.000000	0.000000	0.000000	1733433196.263486	0.000000
60.000000	87750.847668	17787.272368	187500.000000	187500.000000	86920.122733	102868.092402	113295.851743	134236.262350	-0.076000	0.772000	0.566000	192.000000	0.000000	0.000000	0.000000	0.000000	0.000000	0.000000	0.000000	0.000000	0.000000	1733433196.267543	0.000000
61.000000	87763.074072	17811.635770	187500.000000	187500.000000	86929.152838	102873.479172	113294.465935	134239.279835	-0.076000	0.776000	0.574000	192.000000	253.000000	160.000000	24.000000	64.000000	17.000000	240.000000	0.000000	0.000000	0.000000	1733433196.271476	0.000000
62.000000	87766.784461	17834.211032	187500.000000	187500.000000	86925.353041	102865.320786	113281.077240	134229.601530	-0.076000	0.776000	0.574000	192.000000	0.000000	0.000000	0.000000	0.000000	0.000000	0.000000	0.000000	0.000000	0.000000	1733433196.275663	0.000000
63.000000	87762.537630	17821.805814	187500.000000	187500.000000	86924.593082	102866.728946	113284.407650	134247.281760	-0.076000	0.776000	0.574000	192.000000	0.000000	0.000000	0.000000	0.000000	0.000000	0.000000	0.000000	0.000000	0.000000	1733433196.278733	0.000000
64.000000	87760.973008	17816.642561	187500.000000	187500.000000	86921.307376	102872.473344	113285.815809	134235.971777	-0.076000	0.776000	0.574000	192.000000	0.000000	0.000000	0.000000	0.000000	0.000000	0.000000	0.000000	0.000000	0.000000	1733433196.282780	0.000000
65.000000	87768.438490	17824.488023	187500.000000	187500.000000	86926.425925	102881.950484	113268.202635	134235.077707	-0.076000	0.776000	0.574000	192.000000	0.000000	0.000000	0.000000	0.000000	0.000000	0.000000	0.000000	0.000000	0.000000	1733433196.286766	0.000000
66.000000	87762.180002	17799.834049	187500.000000	187500.000000	86911.830236	102861.275120	113258.077295	134231.456725	-0.076000	0.776000	0.574000	192.000000	0.000000	0.000000	0.000000	0.000000	0.000000	0.000000	0.000000	0.000000	0.000000	1733433196.290501	0.000000
67.000000	87752.300531	17796.414232	187500.000000	187500.000000	86902.509559	102880.654082	113278.953824	134223.812428	-0.076000	0.776000	0.574000	192.000000	0.000000	0.000000	0.000000	0.000000	0.000000	0.000000	0.000000	0.000000	0.000000	1733433196.295510	0.000000
68.000000	87756.726176	17808.774747	187500.000000	187500.000000	86903.314221	102862.079783	113278.663251	134242.677300	-0.076000	0.776000	0.574000	192.000000	0.000000	0.000000	0.000000	0.000000	0.000000	0.000000	0.000000	0.000000	0.000000	1733433196.299658	0.000000
69.000000	87763.565810	17819.034197	187500.000000	187500.000000	86904.096532	102867.377146	113262.949975	134261.989208	-0.076000	0.776000	0.574000	192.000000	0.000000	0.000000	0.000000	0.000000	0.000000	0.000000	0.000000	0.000000	0.000000	1733433196.303552	0.000000
70.000000	87763.029368	17851.757151	187500.000000	187500.000000	86916.524102	102900.927115	113274.259958	134223.186579	-0.076000	0.776000	0.574000	192.000000	0.000000	0.000000	0.000000	0.000000	0.000000	0.000000	0.000000	0.000000	0.000000	1733433196.306534	0.000000
71.000000	87760.548325	17827.639619	187500.000000	187500.000000	86923.855474	102897.887277	113285.860513	134212.301280	-0.076000	0.774000	0.572000	192.000000	253.000000	160.000000	24.000000	48.000000	17.000000	224.000000	0.000000	0.000000	0.000000	1733433196.310603	0.000000
72.000000	87760.950656	17808.238305	187500.000000	187500.000000	86915.451219	102868.450030	113273.276481	134216.704573	-0.076000	0.774000	0.572000	192.000000	0.000000	0.000000	0.000000	0.000000	0.000000	0.000000	0.000000	0.000000	0.000000	1733433196.314757	0.000000
73.000000	87765.443357	17800.951636	187500.000000	187500.000000	86911.137332	102858.905835	113272.315356	134217.106905	-0.076000	0.774000	0.572000	192.000000	0.000000	0.000000	0.000000	0.000000	0.000000	0.000000	0.000000	0.000000	0.000000	1733433196.318686	0.000000
74.000000	87764.169307	17805.019653	187500.000000	187500.000000	86911.271442	102860.515161	113263.464065	134220.169094	-0.076000	0.774000	0.572000	192.000000	0.000000	0.000000	0.000000	0.000000	0.000000	0.000000	0.000000	0.000000	0.000000	1733433196.323815	0.000000
75.000000	87768.147918	17819.101252	187500.000000	187500.000000	86912.657250	102873.680338	113260.357173	134228.729812	-0.076000	0.774000	0.572000	192.000000	0.000000	0.000000	0.000000	0.000000	0.000000	0.000000	0.000000	0.000000	0.000000	1733433196.327550	0.000000
76.000000	87768.796118	17843.889337	187500.000000	187500.000000	86916.680564	102889.550077	113262.659402	134232.864884	-0.076000	0.774000	0.572000	192.000000	0.000000	0.000000	0.000000	0.000000	0.000000	0.000000	0.000000	0.000000	0.000000	1733433196.331887	0.000000
77.000000	87759.006054	17801.041043	187500.000000	187500.000000	86907.896329	102879.089460	113243.056922	134222.538379	-0.076000	0.774000	0.572000	192.000000	0.000000	0.000000	0.000000	0.000000	0.000000	0.000000	0.000000	0.000000	0.000000	1733433196.334576	0.000000
78.000000	87764.996322	17805.198467	187500.000000	187500.000000	86915.495922	102860.850437	113256.155045	134234.787135	-0.076000	0.774000	0.572000	192.000000	0.000000	0.000000	0.000000	0.000000	0.000000	0.000000	0.000000	0.000000	0.000000	1733433196.338603	0.000000
79.000000	87763.655217	17791.966235	187500.000000	187500.000000	86906.711686	102859.375222	113261.497111	134249.874562	-0.076000	0.774000	0.572000	192.000000	0.000000	0.000000	0.000000	0.000000	0.000000	0.000000	0.000000	0.000000	0.000000	1733433196.342610	0.000000
80.000000	87752.345234	17791.653310	187500.000000	187500.000000	86898.553300	102876.161382	113254.255146	134242.185562	-0.076000	0.774000	0.572000	192.000000	0.000000	0.000000	0.000000	0.000000	0.000000	0.000000	0.000000	0.000000	0.000000	1733433196.347062	0.000000
81.000000	87755.675644	17829.628924	187500.000000	187500.000000	86899.246204	102839.124541	113240.553527	134209.730829	-0.072000	0.772000	0.572000	192.000000	253.000000	192.000000	24.000000	32.000000	17.000000	224.000000	0.000000	0.000000	0.000000	1733433196.351920	0.000000
82.000000	87760.905953	17820.688226	187500.000000	187500.000000	86891.579555	102852.043849	113232.015161	134203.762913	-0.072000	0.772000	0.572000	192.000000	0.000000	0.000000	0.000000	0.000000	0.000000	0.000000	0.000000	0.000000	0.000000	1733433196.355787	0.000000
83.000000	87765.309246	17776.543531	187500.000000	187500.000000	86898.754465	102843.796056	113243.123978	134234.563617	-0.072000	0.772000	0.572000	192.000000	0.000000	0.000000	0.000000	0.000000	0.000000	0.000000	0.000000	0.000000	0.000000	1733433196.359952	0.000000
84.000000	87760.190697	17777.437601	187500.000000	187500.000000	86898.083913	102840.018611	113265.252205	134225.712326	-0.072000	0.772000	0.572000	192.000000	0.000000	0.000000	0.000000	0.000000	0.000000	0.000000	0.000000	0.000000	0.000000	1733433196.362641	0.000000
85.000000	87760.548325	17796.078956	187500.000000	187500.000000	86892.563032	102850.881559	113260.670097	134207.897986	-0.072000	0.772000	0.572000	192.000000	0.000000	0.000000	0.000000	0.000000	0.000000	0.000000	0.000000	0.000000	0.000000	1733433196.366870	0.000000
86.000000	87771.120700	17823.571601	187500.000000	187500.000000	86898.955631	102865.410193	113261.005373	134215.721096	-0.072000	0.772000	0.572000	192.000000	0.000000	0.000000	0.000000	0.000000	0.000000	0.000000	0.000000	0.000000	0.000000	1733433196.370676	0.000000
87.000000	87765.711578	17796.369528	187500.000000	187500.000000	86895.602869	102871.668681	113252.556414	134218.358602	-0.072000	0.772000	0.572000	192.000000	0.000000	0.000000	0.000000	0.000000	0.000000	0.000000	0.000000	0.000000	0.000000	1733433196.374653	0.000000
88.000000	87765.309246	17788.501714	187500.000000	187500.000000	86898.732114	102870.796963	113249.181300	134228.506294	-0.072000	0.772000	0.572000	192.000000	0.000000	0.000000	0.000000	0.000000	0.000000	0.000000	0.000000	0.000000	0.000000	1733433196.379674	0.000000
89.000000	87768.058511	17814.183869	187500.000000	187500.000000	86888.986753	102843.483131	113247.035533	134234.429507	-0.072000	0.772000	0.572000	192.000000	0.000000	0.000000	0.000000	0.000000	0.000000	0.000000	0.000000	0.000000	0.000000	1733433196.383730	0.000000
90.000000	87768.438490	17813.468613	187500.000000	187500.000000	86887.198614	102845.852416	113245.180338	134226.002899	-0.072000	0.772000	0.572000	192.000000	0.000000	0.000000	0.000000	0.000000	0.000000	0.000000	0.000000	0.000000	0.000000	1733433196.387891	0.000000
91.000000	87763.699921	17807.478345	187500.000000	187500.000000	86887.153910	102851.149780	113237.312524	134200.968945	-0.076000	0.770000	0.568000	192.000000	253.000000	160.000000	24.000000	16.000000	17.000000	192.000000	0.000000	0.000000	0.000000	1733433196.390941	0.000000
92.000000	87758.111985	17795.900142	187500.000000	187500.000000	86888.472663	102856.938882	113243.526309	134209.149684	-0.076000	0.770000	0.568000	192.000000	0.000000	0.000000	0.000000	0.000000	0.000000	0.000000	0.000000	0.000000	0.000000	1733433196.394949	0.000000
93.000000	87765.823336	17806.606627	187500.000000	187500.000000	86893.255936	102850.009841	113241.849928	134214.379992	-0.076000	0.770000	0.568000	192.000000	0.000000	0.000000	0.000000	0.000000	0.000000	0.000000	0.000000	0.000000	0.000000	1733433196.398683	0.000000
94.000000	87764.906915	17805.466688	187500.000000	187500.000000	86895.401704	102844.265442	113246.342629	134217.911567	-0.076000	0.770000	0.568000	192.000000	0.000000	0.000000	0.000000	0.000000	0.000000	0.000000	0.000000	0.000000	0.000000	1733433196.402723	0.000000
95.000000	87760.235400	17793.441450	187500.000000	187500.000000	86905.683506	102865.209027	113238.765387	134213.463570	-0.076000	0.770000	0.568000	192.000000	0.000000	0.000000	0.000000	0.000000	0.000000	0.000000	0.000000	0.000000	0.000000	1733433196.407722	0.000000
96.000000	87768.214973	17774.643633	187500.000000	187500.000000	86919.586291	102853.854341	113246.074408	134213.485922	-0.076000	0.770000	0.568000	192.000000	0.000000	0.000000	0.000000	0.000000	0.000000	0.000000	0.000000	0.000000	0.000000	1733433196.411722	0.000000
97.000000	87776.842746	17798.336482	187500.000000	187500.000000	86929.823390	102848.266405	113261.832388	134223.298338	-0.076000	0.770000	0.568000	192.000000	0.000000	0.000000	0.000000	0.000000	0.000000	0.000000	0.000000	0.000000	0.000000	1733433196.414851	0.000000
98.000000	87777.826223	17792.770897	187500.000000	187500.000000	86927.945844	102854.502541	113245.627373	134245.068937	-0.076000	0.770000	0.568000	192.000000	0.000000	0.000000	0.000000	0.000000	0.000000	0.000000	0.000000	0.000000	0.000000	1733433196.418734	0.000000
99.000000	87767.052682	17787.048851	187500.000000	187500.000000	86922.782591	102867.824181	113251.595289	134232.060222	-0.076000	0.770000	0.568000	192.000000	0.000000	0.000000	0.000000	0.000000	0.000000	0.000000	0.000000	0.000000	0.000000	1733433196.422960	0.000000
100.000000	87771.992418	17811.725177	187500.000000	187500.000000	86928.035251	102863.443239	113251.081199	134229.042736	-0.076000	0.770000	0.568000	192.000000	0.000000	0.000000	0.000000	0.000000	0.000000	0.000000	0.000000	0.000000	0.000000	1733433196.426919	0.000000
101.000000	87768.326732	17811.971046	187500.000000	187500.000000	86926.671794	102847.662908	113234.250335	134244.532495	-0.072000	0.770000	0.568000	192.000000	253.000000	192.000000	24.000000	16.000000	17.000000	192.000000	0.000000	0.000000	0.000000	1733433196.430974	0.000000
102.000000	87768.662008	17818.006017	187500.000000	187500.000000	86925.397745	102858.883483	113214.781966	134231.412021	-0.072000	0.770000	0.568000	192.000000	0.000000	0.000000	0.000000	0.000000	0.000000	0.000000	0.000000	0.000000	0.000000	1733433196.434824	0.000000
103.000000	87772.506508	17804.527915	187500.000000	187500.000000	86935.456030	102869.344100	113215.296056	134209.104980	-0.072000	0.770000	0.568000	192.000000	0.000000	0.000000	0.000000	0.000000	0.000000	0.000000	0.000000	0.000000	0.000000	1733433196.439717	0.000000
104.000000	87765.488060	17774.464819	187500.000000	187500.000000	86927.252940	102844.243091	113225.913134	134198.756122	-0.072000	0.770000	0.568000	192.000000	0.000000	0.000000	0.000000	0.000000	0.000000	0.000000	0.000000	0.000000	0.000000	1733433196.442752	0.000000
105.000000	87759.341330	17762.081952	187500.000000	187500.000000	86926.425925	102842.790227	113234.227983	134209.060277	-0.072000	0.770000	0.568000	192.000000	0.000000	0.000000	0.000000	0.000000	0.000000	0.000000	0.000000	0.000000	0.000000	1733433196.446840	0.000000
106.000000	87754.312188	17765.635880	187500.000000	187500.000000	86916.032364	102858.771725	113219.431128	134210.669602	-0.072000	0.770000	0.568000	192.000000	0.000000	0.000000	0.000000	0.000000	0.000000	0.000000	0.000000	0.000000	0.000000	1733433196.450837	0.000000
107.000000	87756.636769	17786.825333	187500.000000	187500.000000	86913.081934	102851.976794	113212.859716	134214.469399	-0.072000	0.770000	0.568000	192.000000	0.000000	0.000000	0.000000	0.000000	0.000000	0.000000	0.000000	0.000000	0.000000	1733433196.454812	0.000000
108.000000	87753.194601	17786.534761	187500.000000	187500.000000	86905.638803	102821.243146	113206.556524	134205.998088	-0.072000	0.770000	0.568000	192.000000	0.000000	0.000000	0.000000	0.000000	0.000000	0.000000	0.000000	0.000000	0.000000	1733433196.458902	0.000000
109.000000	87755.921514	17776.722345	187500.000000	187500.000000	86914.713611	102860.783382	113222.158041	134195.917451	-0.072000	0.770000	0.568000	192.000000	0.000000	0.000000	0.000000	0.000000	0.000000	0.000000	0.000000	0.000000	0.000000	1733433196.463100	0.000000
110.000000	87764.772804	17774.218950	187500.000000	187500.000000	86920.279195	102887.605475	113224.169698	134209.328498	-0.072000	0.770000	0.568000	192.000000	0.000000	0.000000	0.000000	0.000000	0.000000	0.000000	0.000000	0.000000	0.000000	1733433196.468197	0.000000
111.000000	87766.069206	17795.207238	187500.000000	187500.000000	86916.837027	102882.553981	113220.861640	134228.305129	-0.078000	0.770000	0.570000	192.000000	253.000000	144.000000	24.000000	16.000000	17.000000	208.000000	0.000000	0.000000	0.000000	1733433196.471000	0.000000
112.000000	87764.258714	17792.279159	187500.000000	187500.000000	86910.757352	102833.201329	113205.170715	134221.510198	-0.078000	0.770000	0.570000	192.000000	0.000000	0.000000	0.000000	0.000000	0.000000	0.000000	0.000000	0.000000	0.000000	1733433196.474762	0.000000
113.000000	87752.680511	17778.465781	187500.000000	187500.000000	86903.381277	102841.158550	113195.447707	134214.379992	-0.078000	0.770000	0.570000	192.000000	0.000000	0.000000	0.000000	0.000000	0.000000	0.000000	0.000000	0.000000	0.000000	1733433196.478818	0.000000
114.000000	87750.825316	17777.571711	187500.000000	187500.000000	86903.694201	102827.479282	113188.183390	134184.451006	-0.078000	0.770000	0.570000	192.000000	0.000000	0.000000	0.000000	0.000000	0.000000	0.000000	0.000000	0.000000	0.000000	1733433196.482938	0.000000
115.000000	87749.283045	17791.496848	187500.000000	187500.000000	86910.355021	102850.613338	113190.463268	134187.557898	-0.078000	0.770000	0.570000	192.000000	0.000000	0.000000	0.000000	0.000000	0.000000	0.000000	0.000000	0.000000	0.000000	1733433196.486816	0.000000
116.000000	87750.691205	17769.882711	187500.000000	187500.000000	86909.237434	102843.818408	113197.481715	134194.777512	-0.078000	0.770000	0.570000	192.000000	0.000000	0.000000	0.000000	0.000000	0.000000	0.000000	0.000000	0.000000	0.000000	1733433196.490809	0.000000
117.000000	87753.596932	17763.132484	187500.000000	187500.000000	86916.300585	102863.398536	113195.850038	134189.636611	-0.078000	0.770000	0.570000	192.000000	0.000000	0.000000	0.000000	0.000000	0.000000	0.000000	0.000000	0.000000	0.000000	1733433196.495943	0.000000
118.000000	87754.267484	17783.673737	187500.000000	187500.000000	86920.458009	102845.248919	113190.776192	134193.078779	-0.078000	0.770000	0.570000	192.000000	0.000000	0.000000	0.000000	0.000000	0.000000	0.000000	0.000000	0.000000	0.000000	1733433196.498944	0.000000
119.000000	87753.462822	17806.226648	187500.000000	187500.000000	86911.159684	102843.125503	113204.187239	134195.202195	-0.078000	0.770000	0.570000	192.000000	0.000000	0.000000	0.000000	0.000000	0.000000	0.000000	0.000000	0.000000	0.000000	1733433196.502950	0.000000
120.000000	87753.976912	17768.318089	187500.000000	187500.000000	86906.957556	102799.561953	113196.274721	134214.938785	-0.078000	0.770000	0.570000	192.000000	0.000000	0.000000	0.000000	0.000000	0.000000	0.000000	0.000000	0.000000	0.000000	1733433196.506997	0.000000
121.000000	87760.078938	17762.394877	187500.000000	187500.000000	86903.738904	102797.662055	113177.409849	134226.092306	-0.078000	0.774000	0.564000	192.000000	253.000000	144.000000	24.000000	48.000000	17.000000	160.000000	0.000000	0.000000	0.000000	1733433196.510903	0.000000
122.000000	87760.123642	17787.361775	187500.000000	187500.000000	86911.383201	102836.822311	113188.473962	134200.074875	-0.078000	0.774000	0.564000	192.000000	0.000000	0.000000	0.000000	0.000000	0.000000	0.000000	0.000000	0.000000	0.000000	1733433196.515126	0.000000
123.000000	87741.839915	17775.113019	187500.000000	187500.000000	86902.800131	102847.484094	113192.899608	134192.229413	-0.078000	0.774000	0.564000	192.000000	0.000000	0.000000	0.000000	0.000000	0.000000	0.000000	0.000000	0.000000	0.000000	1733433196.518859	0.000000
124.000000	87749.595970	17763.445409	187500.000000	187500.000000	86906.354059	102867.108925	113188.138686	134194.062256	-0.078000	0.774000	0.564000	192.000000	0.000000	0.000000	0.000000	0.000000	0.000000	0.000000	0.000000	0.000000	0.000000	1733433196.523906	0.000000
125.000000	87755.362720	17756.672830	187500.000000	187500.000000	86925.688318	102881.972835	113209.931637	134196.006858	-0.078000	0.774000	0.564000	192.000000	0.000000	0.000000	0.000000	0.000000	0.000000	0.000000	0.000000	0.000000	0.000000	1733433196.526918	0.000000
126.000000	87739.604740	17753.074199	187500.000000	187500.000000	86903.694201	102838.990431	113200.096869	134198.554957	-0.078000	0.774000	0.564000	192.000000	0.000000	0.000000	0.000000	0.000000	0.000000	0.000000	0.000000	0.000000	0.000000	1733433196.530939	0.000000
127.000000	87747.874886	17761.657269	187500.000000	187500.000000	86908.924509	102851.641518	113192.676090	134196.453893	-0.078000	0.774000	0.564000	192.000000	0.000000	0.000000	0.000000	0.000000	0.000000	0.000000	0.000000	0.000000	0.000000	1733433196.535042	0.000000
128.000000	87738.017766	17749.028534	187500.000000	187500.000000	86903.157759	102875.244960	113192.676090	134198.085570	-0.078000	0.774000	0.564000	192.000000	0.000000	0.000000	0.000000	0.000000	0.000000	0.000000	0.000000	0.000000	0.000000	1733433196.539111	0.000000
129.000000	87742.644577	17753.409475	187500.000000	187500.000000	86901.973117	102849.451047	113196.788811	134192.229413	-0.078000	0.774000	0.564000	192.000000	0.000000	0.000000	0.000000	0.000000	0.000000	0.000000	0.000000	0.000000	0.000000	1733433196.543062	0.000000
130.000000	87747.584313	17759.310336	187500.000000	187500.000000	86895.267593	102837.001125	113188.093983	134190.016590	-0.078000	0.774000	0.564000	192.000000	0.000000	0.000000	0.000000	0.000000	0.000000	0.000000	0.000000	0.000000	0.000000	1733433196.546944	0.000000
131.000000	87751.294702	17781.706784	187500.000000	187500.000000	86895.334649	102850.233358	113182.126067	134206.266309	-0.070000	0.770000	0.564000	192.000000	253.000000	208.000000	24.000000	16.000000	17.000000	160.000000	0.000000	0.000000	0.000000	1733433196.551950	0.000000
132.000000	87750.557095	17779.605720	187500.000000	187500.000000	86892.719494	102860.939844	113176.627538	134199.426675	-0.070000	0.770000	0.564000	192.000000	0.000000	0.000000	0.000000	0.000000	0.000000	0.000000	0.000000	0.000000	0.000000	1733433196.554917	0.000000
133.000000	87746.936112	17738.143234	187500.000000	187500.000000	86890.216099	102839.772742	113170.749029	134181.567631	-0.070000	0.770000	0.564000	192.000000	0.000000	0.000000	0.000000	0.000000	0.000000	0.000000	0.000000	0.000000	0.000000	1733433196.558955	0.000000
134.000000	87746.645540	17744.804054	187500.000000	187500.000000	86892.764198	102840.935032	113182.282529	134200.074875	-0.070000	0.770000	0.564000	192.000000	0.000000	0.000000	0.000000	0.000000	0.000000	0.000000	0.000000	0.000000	0.000000	1733433196.562984	0.000000
135.000000	87741.370528	17742.077141	187500.000000	187500.000000	86890.931355	102852.379126	113184.584759	134192.899965	-0.070000	0.770000	0.564000	192.000000	0.000000	0.000000	0.000000	0.000000	0.000000	0.000000	0.000000	0.000000	0.000000	1733433196.567051	0.000000
136.000000	87743.359833	17749.453217	187500.000000	187500.000000	86900.050867	102854.413134	113178.460381	134175.867936	-0.070000	0.770000	0.564000	192.000000	0.000000	0.000000	0.000000	0.000000	0.000000	0.000000	0.000000	0.000000	0.000000	1733433196.570986	0.000000
137.000000	87744.522124	17743.887632	187500.000000	187500.000000	86905.348230	102853.787286	113169.385573	134191.111826	-0.070000	0.770000	0.564000	192.000000	0.000000	0.000000	0.000000	0.000000	0.000000	0.000000	0.000000	0.000000	0.000000	1733433196.575181	0.000000
138.000000	87755.854458	17760.316165	187500.000000	187500.000000	86911.673774	102866.639539	113174.660584	134200.678372	-0.070000	0.770000	0.564000	192.000000	0.000000	0.000000	0.000000	0.000000	0.000000	0.000000	0.000000	0.000000	0.000000	1733433196.579108	0.000000
139.000000	87758.447261	17781.796191	187500.000000	187500.000000	86907.426942	102856.357736	113177.163980	134197.973811	-0.070000	0.770000	0.564000	192.000000	0.000000	0.000000	0.000000	0.000000	0.000000	0.000000	0.000000	0.000000	0.000000	1733433196.581959	0.000000
140.000000	87750.780612	17740.266650	187500.000000	187500.000000	86901.973117	102838.208120	113171.419581	134191.804730	-0.070000	0.770000	0.564000	192.000000	0.000000	0.000000	0.000000	0.000000	0.000000	0.000000	0.000000	0.000000	0.000000	1733433196.585947	0.000000
141.000000	87745.103269	17729.046074	187500.000000	187500.000000	86902.643669	102865.589007	113172.179541	134206.311012	-0.080000	0.774000	0.566000	192.000000	253.000000	128.000000	24.000000	48.000000	17.000000	176.000000	0.000000	0.000000	0.000000	1733433196.589951	0.000000
142.000000	87748.880714	17729.962496	187500.000000	187500.000000	86904.275346	102887.672530	113164.557596	134193.302297	-0.080000	0.774000	0.566000	192.000000	0.000000	0.000000	0.000000	0.000000	0.000000	0.000000	0.000000	0.000000	0.000000	1733433196.594996	0.000000
143.000000	87745.326787	17731.281248	187500.000000	187500.000000	86897.681582	102849.674565	113159.215529	134199.449027	-0.080000	0.774000	0.566000	192.000000	0.000000	0.000000	0.000000	0.000000	0.000000	0.000000	0.000000	0.000000	0.000000	1733433196.598999	0.000000
144.000000	87750.601798	17752.157778	187500.000000	187500.000000	86897.726285	102832.620184	113155.348677	134209.686125	-0.080000	0.774000	0.566000	192.000000	0.000000	0.000000	0.000000	0.000000	0.000000	0.000000	0.000000	0.000000	0.000000	1733433196.603342	0.000000
145.000000	87749.931246	17749.587327	187500.000000	187500.000000	86902.867186	102844.086628	113159.975488	134204.433466	-0.080000	0.774000	0.566000	192.000000	0.000000	0.000000	0.000000	0.000000	0.000000	0.000000	0.000000	0.000000	0.000000	1733433196.606118	0.000000
146.000000	87750.221819	17754.281194	187500.000000	187500.000000	86911.450256	102870.864018	113182.796619	134187.982582	-0.080000	0.774000	0.566000	192.000000	0.000000	0.000000	0.000000	0.000000	0.000000	0.000000	0.000000	0.000000	0.000000	1733433196.610101	0.000000
147.000000	87745.729118	17739.573746	187500.000000	187500.000000	86903.984774	102850.523931	113172.157189	134204.925204	-0.080000	0.774000	0.566000	192.000000	0.000000	0.000000	0.000000	0.000000	0.000000	0.000000	0.000000	0.000000	0.000000	1733433196.614217	0.000000
148.000000	87730.887560	17731.057731	187500.000000	187500.000000	86882.750616	102858.682318	113159.841378	134185.099207	-0.080000	0.774000	0.566000	192.000000	0.000000	0.000000	0.000000	0.000000	0.000000	0.000000	0.000000	0.000000	0.000000	1733433196.619261	0.000000
149.000000	87734.240321	17731.772987	187500.000000	187500.000000	86888.025628	102859.531684	113176.024041	134181.187651	-0.080000	0.774000	0.566000	192.000000	0.000000	0.000000	0.000000	0.000000	0.000000	0.000000	0.000000	0.000000	0.000000	1733433196.623010	0.000000
150.000000	87734.933226	17726.095644	187500.000000	187500.000000	86879.509613	102828.730980	113167.731544	134183.981619	-0.080000	0.774000	0.566000	192.000000	0.000000	0.000000	0.000000	0.000000	0.000000	0.000000	0.000000	0.000000	0.000000	1733433196.627021	0.000000
151.000000	87735.424964	17725.805071	187500.000000	187500.000000	86880.671904	102838.342230	113160.958965	134179.488919	-0.082000	0.770000	0.570000	192.000000	253.000000	112.000000	24.000000	16.000000	17.000000	208.000000	0.000000	0.000000	0.000000	1733433196.631039	0.000000
152.000000	87738.062470	17721.826461	187500.000000	187500.000000	86887.019800	102860.135181	113161.696573	134185.501538	-0.082000	0.770000	0.570000	192.000000	0.000000	0.000000	0.000000	0.000000	0.000000	0.000000	0.000000	0.000000	0.000000	1733433196.634089	0.000000
153.000000	87746.399670	17731.840042	187500.000000	187500.000000	86898.016858	102870.014652	113174.057087	134183.556936	-0.082000	0.770000	0.570000	192.000000	0.000000	0.000000	0.000000	0.000000	0.000000	0.000000	0.000000	0.000000	0.000000	1733433196.638435	0.000000
154.000000	87750.490040	17750.101417	187500.000000	187500.000000	86897.905099	102869.433507	113182.327233	134182.864032	-0.082000	0.770000	0.570000	192.000000	0.000000	0.000000	0.000000	0.000000	0.000000	0.000000	0.000000	0.000000	0.000000	1733433196.642443	0.000000
155.000000	87762.738796	17766.597005	187500.000000	187500.000000	86904.141236	102863.264425	113185.188256	134195.939803	-0.082000	0.770000	0.570000	192.000000	0.000000	0.000000	0.000000	0.000000	0.000000	0.000000	0.000000	0.000000	0.000000	1733433196.646352	0.000000
156.000000	87753.731043	17755.845816	187500.000000	187500.000000	86898.821521	102869.075879	113182.975433	134204.925204	-0.082000	0.770000	0.570000	192.000000	0.000000	0.000000	0.000000	0.000000	0.000000	0.000000	0.000000	0.000000	0.000000	1733433196.651406	0.000000
157.000000	87748.612493	17738.657324	187500.000000	187500.000000	86892.115997	102873.881504	113184.607111	134186.485015	-0.082000	0.770000	0.570000	192.000000	0.000000	0.000000	0.000000	0.000000	0.000000	0.000000	0.000000	0.000000	0.000000	1733433196.655082	0.000000
158.000000	87751.898200	17721.982923	187500.000000	187500.000000	86893.501805	102880.184696	113175.778172	134176.426730	-0.082000	0.770000	0.570000	192.000000	0.000000	0.000000	0.000000	0.000000	0.000000	0.000000	0.000000	0.000000	0.000000	1733433196.658076	0.000000
159.000000	87752.412290	17730.230716	187500.000000	187500.000000	86889.523195	102853.206140	113187.490486	134195.649230	-0.082000	0.770000	0.570000	192.000000	0.000000	0.000000	0.000000	0.000000	0.000000	0.000000	0.000000	0.000000	0.000000	1733433196.662059	0.000000
160.000000	87758.044929	17734.008161	187500.000000	187500.000000	86894.842910	102830.407361	113193.078422	134194.576346	-0.082000	0.770000	0.570000	192.000000	0.000000	0.000000	0.000000	0.000000	0.000000	0.000000	0.000000	0.000000	0.000000	1733433196.666156	0.000000
161.000000	87759.609551	17735.818653	187500.000000	187500.000000	86897.011029	102846.522969	113196.967625	134191.782378	-0.078000	0.770000	0.570000	192.000000	253.000000	144.000000	24.000000	16.000000	17.000000	208.000000	0.000000	0.000000	0.000000	1733433196.670125	0.000000
162.000000	87754.960389	17747.575670	187500.000000	187500.000000	86899.961460	102868.360623	113206.824745	134194.196367	-0.078000	0.770000	0.570000	192.000000	0.000000	0.000000	0.000000	0.000000	0.000000	0.000000	0.000000	0.000000	0.000000	1733433196.674105	0.000000
163.000000	87752.635807	17764.898272	187500.000000	187500.000000	86903.180111	102866.281911	113204.477811	134205.349887	-0.078000	0.770000	0.570000	192.000000	0.000000	0.000000	0.000000	0.000000	0.000000	0.000000	0.000000	0.000000	0.000000	1733433196.679316	0.000000
164.000000	87757.620246	17761.165531	187500.000000	187500.000000	86895.312297	102869.344100	113200.990939	134221.912530	-0.078000	0.770000	0.570000	192.000000	0.000000	0.000000	0.000000	0.000000	0.000000	0.000000	0.000000	0.000000	0.000000	1733433196.683336	0.000000
165.000000	87753.462822	17731.325952	187500.000000	187500.000000	86897.301602	102891.919362	113197.459364	134192.944669	-0.078000	0.770000	0.570000	192.000000	0.000000	0.000000	0.000000	0.000000	0.000000	0.000000	0.000000	0.000000	0.000000	1733433196.686112	0.000000
166.000000	87751.786441	17751.129598	187500.000000	187500.000000	86907.896329	102919.613173	113213.239695	134204.209948	-0.078000	0.770000	0.570000	192.000000	0.000000	0.000000	0.000000	0.000000	0.000000	0.000000	0.000000	0.000000	0.000000	1733433196.690283	0.000000
167.000000	87761.308284	17775.828275	187500.000000	187500.000000	86905.549396	102897.328484	113196.297073	134216.883387	-0.078000	0.770000	0.570000	192.000000	0.000000	0.000000	0.000000	0.000000	0.000000	0.000000	0.000000	0.000000	0.000000	1733433196.694155	0.000000
168.000000	87759.855421	17732.108263	187500.000000	187500.000000	86897.122788	102858.659966	113200.253332	134205.148721	-0.078000	0.770000	0.570000	192.000000	0.000000	0.000000	0.000000	0.000000	0.000000	0.000000	0.000000	0.000000	0.000000	1733433196.698433	0.000000
169.000000	87755.161554	17715.769138	187500.000000	187500.000000	86899.156797	102850.523931	113216.570105	134196.230375	-0.078000	0.770000	0.570000	192.000000	0.000000	0.000000	0.000000	0.000000	0.000000	0.000000	0.000000	0.000000	0.000000	1733433196.702151	0.000000
170.000000	87753.932208	17733.002333	187500.000000	187500.000000	86896.966326	102854.815466	113205.260122	134191.447102	-0.078000	0.770000	0.570000	192.000000	0.000000	0.000000	0.000000	0.000000	0.000000	0.000000	0.000000	0.000000	0.000000	1733433196.707151	0.000000
171.000000	87752.367586	17738.523214	187500.000000	187500.000000	86901.101399	102843.907814	113203.919018	134217.352774	-0.078000	0.770000	0.570000	192.000000	0.000000	0.000000	0.000000	0.000000	0.000000	0.000000	0.000000	0.000000	0.000000	1733433196.711290	0.000000
172.000000	87756.614418	17756.717534	187500.000000	187500.000000	86900.766122	102840.890329	113201.482678	134248.242885	-0.076000	0.772000	0.572000	192.000000	253.000000	160.000000	24.000000	32.000000	17.000000	224.000000	0.000000	0.000000	0.000000	1733433196.714352	0.000000
173.000000	87756.972046	17749.699086	187500.000000	187500.000000	86891.713666	102851.485056	113199.761593	134212.725963	-0.076000	0.772000	0.572000	192.000000	0.000000	0.000000	0.000000	0.000000	0.000000	0.000000	0.000000	0.000000	0.000000	1733433196.718549	0.000000
174.000000	87755.385072	17743.127673	187500.000000	187500.000000	86909.036268	102865.723117	113217.598285	134191.983544	-0.076000	0.772000	0.572000	192.000000	0.000000	0.000000	0.000000	0.000000	0.000000	0.000000	0.000000	0.000000	0.000000	1733433196.722354	0.000000
175.000000	87760.727139	17753.744752	187500.000000	187500.000000	86916.255881	102869.768783	113219.118204	134193.838739	-0.076000	0.772000	0.572000	192.000000	0.000000	0.000000	0.000000	0.000000	0.000000	0.000000	0.000000	0.000000	0.000000	1733433196.726163	0.000000
176.000000	87759.341330	17760.494978	187500.000000	187500.000000	86910.958518	102875.960216	113219.252314	134205.662811	-0.076000	0.772000	0.572000	192.000000	0.000000	0.000000	0.000000	0.000000	0.000000	0.000000	0.000000	0.000000	0.000000	1733433196.730168	0.000000
177.000000	87752.300531	17707.431937	187500.000000	187500.000000	86909.304489	102862.660928	113215.631332	134204.478169	-0.076000	0.772000	0.572000	192.000000	0.000000	0.000000	0.000000	0.000000	0.000000	0.000000	0.000000	0.000000	0.000000	1733433196.735271	0.000000
178.000000	87745.818525	17711.298789	187500.000000	187500.000000	86905.661154	102878.843591	113215.810146	134232.462553	-0.076000	0.772000	0.572000	192.000000	0.000000	0.000000	0.000000	0.000000	0.000000	0.000000	0.000000	0.000000	0.000000	1733433196.739243	0.000000
179.000000	87766.203316	17752.180130	187500.000000	187500.000000	86922.760239	102877.591893	113214.022006	134225.555864	-0.076000	0.772000	0.572000	192.000000	0.000000	0.000000	0.000000	0.000000	0.000000	0.000000	0.000000	0.000000	0.000000	1733433196.742196	0.000000
180.000000	87764.906915	17766.149970	187500.000000	187500.000000	86923.095515	102837.984602	113213.820841	134197.392666	-0.076000	0.772000	0.572000	192.000000	0.000000	0.000000	0.000000	0.000000	0.000000	0.000000	0.000000	0.000000	0.000000	1733433196.746285	0.000000
181.000000	87752.144069	17752.783627	187500.000000	187500.000000	86901.771951	102822.338381	113213.642027	134202.019477	-0.076000	0.772000	0.572000	192.000000	0.000000	0.000000	0.000000	0.000000	0.000000	0.000000	0.000000	0.000000	0.000000	1733433196.750362	0.000000
182.000000	87759.050758	17735.684542	187500.000000	187500.000000	86913.238396	102847.037059	113222.381559	134228.014556	-0.076000	0.766000	0.570000	192.000000	253.000000	160.000000	23.000000	240.000000	17.000000	208.000000	0.000000	0.000000	0.000000	1733433196.754455	0.000000
183.000000	87757.664950	17728.219059	187500.000000	187500.000000	86928.303472	102857.430620	113239.123015	134212.256576	-0.076000	0.766000	0.570000	192.000000	0.000000	0.000000	0.000000	0.000000	0.000000	0.000000	0.000000	0.000000	0.000000	1733433196.758375	0.000000
184.000000	87750.445336	17725.693312	187500.000000	187500.000000	86928.079954	102872.875675	113236.172585	134202.734733	-0.076000	0.766000	0.570000	192.000000	0.000000	0.000000	0.000000	0.000000	0.000000	0.000000	0.000000	0.000000	0.000000	1733433196.763247	0.000000
185.000000	87751.138240	17741.808920	187500.000000	187500.000000	86922.201445	102864.940806	113226.918963	134200.343096	-0.076000	0.766000	0.570000	192.000000	0.000000	0.000000	0.000000	0.000000	0.000000	0.000000	0.000000	0.000000	0.000000	1733433196.767258	0.000000
186.000000	87759.833069	17761.456103	187500.000000	187500.000000	86926.649443	102872.450992	113237.200765	134212.077762	-0.076000	0.766000	0.570000	192.000000	0.000000	0.000000	0.000000	0.000000	0.000000	0.000000	0.000000	0.000000	0.000000	1733433196.770258	0.000000
187.000000	87758.782537	17732.488243	187500.000000	187500.000000	86934.874884	102853.742582	113245.649725	134228.573350	-0.076000	0.766000	0.570000	192.000000	0.000000	0.000000	0.000000	0.000000	0.000000	0.000000	0.000000	0.000000	0.000000	1733433196.774241	0.000000
188.000000	87765.264543	17743.150025	187500.000000	187500.000000	86940.082841	102861.431582	113229.377655	134214.044716	-0.076000	0.766000	0.570000	192.000000	0.000000	0.000000	0.000000	0.000000	0.000000	0.000000	0.000000	0.000000	0.000000	1733433196.778306	0.000000
189.000000	87764.079900	17746.793359	187500.000000	187500.000000	86925.844780	102858.101172	113220.548716	134204.545224	-0.076000	0.766000	0.570000	192.000000	0.000000	0.000000	0.000000	0.000000	0.000000	0.000000	0.000000	0.000000	0.000000	1733433196.782445	0.000000
190.000000	87760.280104	17741.071313	187500.000000	187500.000000	86910.712649	102831.122617	113229.914097	134201.684201	-0.076000	0.766000	0.570000	192.000000	0.000000	0.000000	0.000000	0.000000	0.000000	0.000000	0.000000	0.000000	0.000000	1733433196.786511	0.000000
191.000000	87748.277217	17719.032493	187500.000000	187500.000000	86913.819541	102846.768838	113222.806242	134197.213852	-0.076000	0.766000	0.570000	192.000000	0.000000	0.000000	0.000000	0.000000	0.000000	0.000000	0.000000	0.000000	0.000000	1733433196.790341	0.000000
192.000000	87749.238342	17740.043132	187500.000000	187500.000000	86912.567844	102834.408323	113222.225096	134200.432503	-0.084000	0.772000	0.574000	192.000000	253.000000	96.000000	24.000000	32.000000	17.000000	240.000000	0.000000	0.000000	0.000000	1733433196.795283	0.000000
193.000000	87742.979854	17720.485356	187500.000000	187500.000000	86898.352134	102823.143044	113205.327178	134196.588003	-0.084000	0.772000	0.574000	192.000000	0.000000	0.000000	0.000000	0.000000	0.000000	0.000000	0.000000	0.000000	0.000000	1733433196.798521	0.000000
194.000000	87742.465763	17725.246277	187500.000000	187500.000000	86900.654364	102848.556977	113198.599303	134187.960230	-0.084000	0.772000	0.574000	192.000000	0.000000	0.000000	0.000000	0.000000	0.000000	0.000000	0.000000	0.000000	0.000000	1733433196.802332	0.000000
195.000000	87745.483249	17729.917792	187500.000000	187500.000000	86906.063486	102850.456876	113209.886934	134184.853337	-0.084000	0.772000	0.574000	192.000000	0.000000	0.000000	0.000000	0.000000	0.000000	0.000000	0.000000	0.000000	0.000000	1733433196.806330	0.000000
196.000000	87745.907932	17749.050885	187500.000000	187500.000000	86903.157759	102825.869957	113198.398137	134203.628803	-0.084000	0.772000	0.574000	192.000000	0.000000	0.000000	0.000000	0.000000	0.000000	0.000000	0.000000	0.000000	0.000000	1733433196.810301	0.000000
197.000000	87753.574580	17740.423112	187500.000000	187500.000000	86898.463893	102798.422015	113215.251352	134213.105942	-0.084000	0.772000	0.574000	192.000000	0.000000	0.000000	0.000000	0.000000	0.000000	0.000000	0.000000	0.000000	0.000000	1733433196.814376	0.000000
198.000000	87759.967179	17723.614600	187500.000000	187500.000000	86892.048942	102812.727131	113220.168736	134203.584099	-0.084000	0.772000	0.574000	192.000000	0.000000	0.000000	0.000000	0.000000	0.000000	0.000000	0.000000	0.000000	0.000000	1733433196.818351	0.000000
199.000000	87762.582333	17726.877955	187500.000000	187500.000000	86899.961460	102835.637669	113220.660474	134194.486939	-0.084000	0.772000	0.574000	192.000000	0.000000	0.000000	0.000000	0.000000	0.000000	0.000000	0.000000	0.000000	0.000000	1733433196.822539	0.000000
200.000000	87759.609551	17739.596097	187500.000000	187500.000000	86898.039210	102840.152721	113212.725605	134192.117654	-0.084000	0.772000	0.574000	192.000000	0.000000	0.000000	0.000000	0.000000	0.000000	0.000000	0.000000	0.000000	0.000000	1733433196.825549	0.000000
201.000000	87764.638694	17755.309374	187500.000000	187500.000000	86897.994506	102844.198387	113210.870410	134194.174015	-0.084000	0.772000	0.574000	192.000000	0.000000	0.000000	0.000000	0.000000	0.000000	0.000000	0.000000	0.000000	0.000000	1733433196.829489	0.000000
202.000000	87764.258714	17778.577540	187500.000000	187500.000000	86893.904137	102825.981715	113200.678015	134187.557898	-0.078000	0.768000	0.574000	192.000000	253.000000	144.000000	24.000000	0.000000	17.000000	240.000000	0.000000	0.000000	0.000000	1733433196.834353	0.000000
203.000000	87758.000226	17744.960516	187500.000000	187500.000000	86890.484320	102827.032247	113202.577913	134200.723076	-0.078000	0.768000	0.574000	192.000000	0.000000	0.000000	0.000000	0.000000	0.000000	0.000000	0.000000	0.000000	0.000000	1733433196.838340	0.000000
204.000000	87748.657197	17722.787586	187500.000000	187500.000000	86885.119901	102818.337419	113198.286378	134196.967983	-0.078000	0.768000	0.574000	192.000000	0.000000	0.000000	0.000000	0.000000	0.000000	0.000000	0.000000	0.000000	0.000000	1733433196.842373	0.000000
205.000000	87750.780612	17732.734112	187500.000000	187500.000000	86890.037285	102812.682427	113199.515724	134202.332402	-0.078000	0.768000	0.574000	192.000000	0.000000	0.000000	0.000000	0.000000	0.000000	0.000000	0.000000	0.000000	0.000000	1733433196.848574	0.000000
206.000000	87748.724252	17731.594173	187500.000000	187500.000000	86884.069369	102824.305335	113186.842285	134197.280907	-0.078000	0.768000	0.574000	192.000000	0.000000	0.000000	0.000000	0.000000	0.000000	0.000000	0.000000	0.000000	0.000000	1733433196.849440	0.000000
207.000000	87749.148935	17725.358036	187500.000000	187500.000000	86891.914832	102838.163416	113190.060936	134187.155567	-0.078000	0.768000	0.574000	192.000000	0.000000	0.000000	0.000000	0.000000	0.000000	0.000000	0.000000	0.000000	0.000000	1733433196.853556	0.000000
208.000000	87761.643560	17749.252051	187500.000000	187500.000000	86908.656288	102846.835893	113191.960834	134178.594849	-0.078000	0.768000	0.574000	192.000000	0.000000	0.000000	0.000000	0.000000	0.000000	0.000000	0.000000	0.000000	0.000000	1733433196.857650	0.000000
209.000000	87765.488060	17753.700048	187500.000000	187500.000000	86902.017820	102814.649381	113192.094945	134215.855207	-0.078000	0.768000	0.574000	192.000000	0.000000	0.000000	0.000000	0.000000	0.000000	0.000000	0.000000	0.000000	0.000000	1733433196.862604	0.000000
210.000000	87752.859325	17741.965382	187500.000000	187500.000000	86886.259840	102817.041018	113197.861695	134182.305239	-0.078000	0.768000	0.574000	192.000000	0.000000	0.000000	0.000000	0.000000	0.000000	0.000000	0.000000	0.000000	0.000000	1733433196.866491	0.000000
211.000000	87754.938037	17757.164569	187500.000000	187500.000000	86897.301602	102830.407361	113208.814050	134163.440366	-0.078000	0.768000	0.574000	192.000000	0.000000	0.000000	0.000000	0.000000	0.000000	0.000000	0.000000	0.000000	0.000000	1733433196.870461	0.000000
212.000000	87747.651368	17728.420225	187500.000000	187500.000000	86896.184015	102804.635799	113206.556524	134173.923334	-0.078000	0.770000	0.568000	192.000000	253.000000	144.000000	24.000000	16.000000	17.000000	192.000000	0.000000	0.000000	0.000000	1733433196.874420	0.000000
213.000000	87745.036214	17700.771117	187500.000000	187500.000000	86897.569823	102827.613393	113213.597323	134191.134178	-0.078000	0.770000	0.568000	192.000000	0.000000	0.000000	0.000000	0.000000	0.000000	0.000000	0.000000	0.000000	0.000000	1733433196.877459	0.000000
214.000000	87741.415231	17718.384292	187500.000000	187500.000000	86894.328820	102841.247957	113219.676998	134192.095303	-0.078000	0.770000	0.568000	192.000000	0.000000	0.000000	0.000000	0.000000	0.000000	0.000000	0.000000	0.000000	0.000000	1733433196.881841	0.000000
215.000000	87738.598912	17716.752615	187500.000000	187500.000000	86880.940125	102811.676599	113216.301884	134206.646288	-0.078000	0.770000	0.568000	192.000000	0.000000	0.000000	0.000000	0.000000	0.000000	0.000000	0.000000	0.000000	0.000000	1733433196.885449	0.000000
216.000000	87740.677624	17727.123824	187500.000000	187500.000000	86876.000390	102784.563933	113202.421451	134214.379992	-0.078000	0.770000	0.568000	192.000000	0.000000	0.000000	0.000000	0.000000	0.000000	0.000000	0.000000	0.000000	0.000000	1733433196.890602	0.000000
217.000000	87734.776763	17756.337554	187500.000000	187500.000000	86874.279305	102800.679541	113202.086175	134181.165300	-0.078000	0.770000	0.568000	192.000000	0.000000	0.000000	0.000000	0.000000	0.000000	0.000000	0.000000	0.000000	0.000000	1733433196.894486	0.000000
218.000000	87750.199467	17751.934260	187500.000000	187500.000000	86888.405608	102825.691143	113218.984094	134169.967076	-0.078000	0.770000	0.568000	192.000000	0.000000	0.000000	0.000000	0.000000	0.000000	0.000000	0.000000	0.000000	0.000000	1733433196.898646	0.000000
219.000000	87748.500734	17723.771062	187500.000000	187500.000000	86893.322992	102834.765951	113218.715873	134176.247916	-0.078000	0.770000	0.568000	192.000000	0.000000	0.000000	0.000000	0.000000	0.000000	0.000000	0.000000	0.000000	0.000000	1733433196.902630	0.000000
220.000000	87751.071185	17716.216173	187500.000000	187500.000000	86901.973117	102843.505483	113223.566201	134183.735750	-0.078000	0.770000	0.568000	192.000000	0.000000	0.000000	0.000000	0.000000	0.000000	0.000000	0.000000	0.000000	0.000000	1733433196.905706	0.000000
221.000000	87758.469612	17746.748656	187500.000000	187500.000000	86902.353096	102840.532701	113223.096815	134187.535547	-0.078000	0.770000	0.568000	192.000000	0.000000	0.000000	0.000000	0.000000	0.000000	0.000000	0.000000	0.000000	0.000000	1733433196.909462	0.000000
222.000000	87762.627037	17764.160665	187500.000000	187500.000000	86917.686393	102859.397573	113251.170606	134190.754198	-0.080000	0.768000	0.576000	192.000000	253.000000	128.000000	24.000000	0.000000	18.000000	0.000000	0.000000	0.000000	0.000000	1733433196.913469	0.000000
223.000000	87766.404482	17748.313278	187500.000000	187500.000000	86917.887559	102858.570559	113249.002486	134192.967021	-0.080000	0.768000	0.576000	192.000000	0.000000	0.000000	0.000000	0.000000	0.000000	0.000000	0.000000	0.000000	0.000000	1733433196.918435	0.000000
224.000000	87758.737833	17741.138368	187500.000000	187500.000000	86899.514425	102835.257689	113238.586573	134189.547204	-0.080000	0.768000	0.576000	192.000000	0.000000	0.000000	0.000000	0.000000	0.000000	0.000000	0.000000	0.000000	0.000000	1733433196.922471	0.000000
225.000000	87764.102252	17760.450275	187500.000000	187500.000000	86898.955631	102827.814558	113237.089007	134203.271175	-0.080000	0.768000	0.576000	192.000000	0.000000	0.000000	0.000000	0.000000	0.000000	0.000000	0.000000	0.000000	0.000000	1733433196.926467	0.000000
226.000000	87762.470575	17768.139275	187500.000000	187500.000000	86892.495977	102808.815576	113237.245469	134213.463570	-0.080000	0.768000	0.576000	192.000000	0.000000	0.000000	0.000000	0.000000	0.000000	0.000000	0.000000	0.000000	0.000000	1733433196.929779	0.000000
227.000000	87751.741737	17745.519310	187500.000000	187500.000000	86874.145195	102803.719378	113223.230925	134192.341172	-0.080000	0.768000	0.576000	192.000000	0.000000	0.000000	0.000000	0.000000	0.000000	0.000000	0.000000	0.000000	0.000000	1733433196.933657	0.000000
228.000000	87751.875848	17749.296755	187500.000000	187500.000000	86880.940125	102813.464739	113235.010294	134179.377160	-0.080000	0.768000	0.576000	192.000000	0.000000	0.000000	0.000000	0.000000	0.000000	0.000000	0.000000	0.000000	0.000000	1733433196.937666	0.000000
229.000000	87752.501697	17737.249164	187500.000000	187500.000000	86882.437692	102815.252878	113236.709027	134191.089474	-0.080000	0.768000	0.576000	192.000000	0.000000	0.000000	0.000000	0.000000	0.000000	0.000000	0.000000	0.000000	0.000000	1733433196.941776	0.000000
230.000000	87749.394804	17715.456213	187500.000000	187500.000000	86889.076160	102849.026364	113238.653629	134183.154605	-0.080000	0.768000	0.576000	192.000000	0.000000	0.000000	0.000000	0.000000	0.000000	0.000000	0.000000	0.000000	0.000000	1733433196.946559	0.000000
231.000000	87740.342348	17714.740958	187500.000000	187500.000000	86884.874032	102848.333460	113232.573954	134195.135140	-0.080000	0.768000	0.576000	192.000000	0.000000	0.000000	0.000000	0.000000	0.000000	0.000000	0.000000	0.000000	0.000000	1733433196.950611	0.000000
232.000000	87745.170324	17748.335630	187500.000000	187500.000000	86870.837137	102818.918564	113226.181355	134188.206099	-0.078000	0.770000	0.572000	192.000000	253.000000	144.000000	24.000000	16.000000	17.000000	224.000000	0.000000	0.000000	0.000000	1733433196.954518	0.000000
233.000000	87764.214011	17792.368566	187500.000000	187500.000000	86892.943012	102826.205233	113251.572937	134205.014611	-0.078000	0.770000	0.572000	192.000000	0.000000	0.000000	0.000000	0.000000	0.000000	0.000000	0.000000	0.000000	0.000000	1733433196.957563	0.000000
234.000000	87751.071185	17715.947952	187500.000000	187500.000000	86891.199576	102812.436558	113249.002486	134175.733826	-0.078000	0.770000	0.572000	192.000000	0.000000	0.000000	0.000000	0.000000	0.000000	0.000000	0.000000	0.000000	0.000000	1733433196.961557	0.000000
235.000000	87744.544476	17715.635027	187500.000000	187500.000000	86892.205404	102820.125558	113247.415512	134175.711474	-0.078000	0.770000	0.572000	192.000000	0.000000	0.000000	0.000000	0.000000	0.000000	0.000000	0.000000	0.000000	0.000000	1733433196.965596	0.000000
236.000000	87740.074127	17738.836138	187500.000000	187500.000000	86883.443520	102807.340361	113233.177451	134183.132253	-0.078000	0.770000	0.572000	192.000000	0.000000	0.000000	0.000000	0.000000	0.000000	0.000000	0.000000	0.000000	0.000000	1733433196.969842	0.000000
237.000000	87739.336519	17739.216118	187500.000000	187500.000000	86891.311335	102829.267422	113235.256164	134190.508329	-0.078000	0.770000	0.572000	192.000000	0.000000	0.000000	0.000000	0.000000	0.000000	0.000000	0.000000	0.000000	0.000000	1733433196.974697	0.000000
238.000000	87738.285987	17749.274403	187500.000000	187500.000000	86885.209308	102825.981715	113236.194937	134194.822215	-0.078000	0.770000	0.572000	192.000000	0.000000	0.000000	0.000000	0.000000	0.000000	0.000000	0.000000	0.000000	0.000000	1733433196.978667	0.000000
239.000000	87741.728156	17741.943031	187500.000000	187500.000000	86883.778797	102793.705796	113222.940352	134170.347055	-0.078000	0.770000	0.572000	192.000000	0.000000	0.000000	0.000000	0.000000	0.000000	0.000000	0.000000	0.000000	0.000000	1733433196.982856	0.000000
240.000000	87748.254865	17750.615507	187500.000000	187500.000000	86887.936221	102807.653285	113230.316428	134172.872802	-0.078000	0.770000	0.572000	192.000000	0.000000	0.000000	0.000000	0.000000	0.000000	0.000000	0.000000	0.000000	0.000000	1733433196.985564	0.000000
241.000000	87743.382185	17762.216063	187500.000000	187500.000000	86889.925526	102823.299506	113247.862547	134154.656131	-0.078000	0.770000	0.572000	192.000000	0.000000	0.000000	0.000000	0.000000	0.000000	0.000000	0.000000	0.000000	0.000000	1733433196.989566	0.000000
242.000000	87744.432717	17770.039173	187500.000000	187500.000000	86878.012047	102798.623180	113234.786777	134155.147869	-0.078000	0.772000	0.570000	192.000000	253.000000	144.000000	24.000000	32.000000	17.000000	208.000000	0.000000	0.000000	0.000000	1733433196.993593	0.000000
243.000000	87746.444374	17718.853679	187500.000000	187500.000000	86880.537794	102799.159622	113235.010294	134192.341172	-0.078000	0.772000	0.570000	192.000000	0.000000	0.000000	0.000000	0.000000	0.000000	0.000000	0.000000	0.000000	0.000000	1733433196.997577	0.000000
244.000000	87748.277217	17717.579629	187500.000000	187500.000000	86883.063541	102789.906000	113240.285306	134196.766817	-0.078000	0.772000	0.570000	192.000000	0.000000	0.000000	0.000000	0.000000	0.000000	0.000000	0.000000	0.000000	0.000000	1733433197.001866	0.000000
245.000000	87749.394804	17726.117996	187500.000000	187500.000000	86888.852643	102791.112994	113238.251297	134189.793073	-0.078000	0.772000	0.570000	192.000000	0.000000	0.000000	0.000000	0.000000	0.000000	0.000000	0.000000	0.000000	0.000000	1733433197.006775	0.000000
246.000000	87748.031348	17728.464929	187500.000000	187500.000000	86894.842910	102795.292770	113246.119111	134194.866919	-0.078000	0.772000	0.570000	192.000000	0.000000	0.000000	0.000000	0.000000	0.000000	0.000000	0.000000	0.000000	0.000000	1733433197.010872	0.000000
247.000000	87748.992473	17741.540699	187500.000000	187500.000000	86908.611585	102842.186730	113257.227928	134199.896061	-0.078000	0.772000	0.570000	192.000000	0.000000	0.000000	0.000000	0.000000	0.000000	0.000000	0.000000	0.000000	0.000000	1733433197.013738	0.000000
248.000000	87750.221819	17756.695182	187500.000000	187500.000000	86916.278233	102839.884500	113252.064675	134204.768742	-0.078000	0.772000	0.570000	192.000000	0.000000	0.000000	0.000000	0.000000	0.000000	0.000000	0.000000	0.000000	0.000000	1733433197.017917	0.000000
249.000000	87750.735909	17774.017784	187500.000000	187500.000000	86910.131503	102805.708683	113267.397972	134175.085625	-0.078000	0.772000	0.570000	192.000000	0.000000	0.000000	0.000000	0.000000	0.000000	0.000000	0.000000	0.000000	0.000000	1733433197.021613	0.000000
250.000000	87744.119792	17718.339588	187500.000000	187500.000000	86908.879806	102813.285925	113270.057830	134164.356788	-0.078000	0.772000	0.570000	192.000000	0.000000	0.000000	0.000000	0.000000	0.000000	0.000000	0.000000	0.000000	0.000000	1733433197.025659	0.000000
251.000000	87741.325824	17704.079175	187500.000000	187500.000000	86913.640727	102817.420997	113270.057830	134174.951515	-0.078000	0.772000	0.570000	192.000000	0.000000	0.000000	0.000000	0.000000	0.000000	0.000000	0.000000	0.000000	0.000000	1733433197.030618	0.000000
252.000000	87743.628054	17719.881859	187500.000000	187500.000000	86907.717515	102810.983695	113253.405780	134176.694951	-0.072000	0.766000	0.570000	192.000000	253.000000	192.000000	23.000000	240.000000	17.000000	208.000000	0.000000	0.000000	0.000000	1733433197.034680	0.000000
253.000000	87744.924455	17726.967362	187500.000000	187500.000000	86919.988623	102819.276192	113257.183225	134196.789169	-0.072000	0.766000	0.570000	192.000000	0.000000	0.000000	0.000000	0.000000	0.000000	0.000000	0.000000	0.000000	0.000000	1733433197.038752	0.000000
254.000000	87743.024557	17741.786568	187500.000000	187500.000000	86911.472608	102811.475433	113260.625393	134192.050599	-0.072000	0.766000	0.570000	192.000000	0.000000	0.000000	0.000000	0.000000	0.000000	0.000000	0.000000	0.000000	0.000000	1733433197.041955	0.000000
255.000000	87741.102307	17751.934260	187500.000000	187500.000000	86904.722381	102816.124596	113244.107454	134166.033169	-0.072000	0.766000	0.570000	192.000000	0.000000	0.000000	0.000000	0.000000	0.000000	0.000000	0.000000	0.000000	0.000000	1733433197.045834	0.000000
0.000000	87748.634845	17767.960461	187500.000000	187500.000000	86910.802056	102822.383085	113242.319315	134173.252782	-0.072000	0.766000	0.570000	192.000000	0.000000	0.000000	0.000000	0.000000	0.000000	0.000000	0.000000	0.000000	0.000000	1733433197.049844	0.000000
1.000000	87744.075089	17756.024630	187500.000000	187500.000000	86914.311280	102832.039038	113246.074408	134184.115730	-0.072000	0.766000	0.570000	192.000000	0.000000	0.000000	0.000000	0.000000	0.000000	0.000000	0.000000	0.000000	0.000000	1733433197.053955	0.000000
2.000000	87748.008996	17728.174356	187500.000000	187500.000000	86917.395820	102792.610561	113241.492300	134181.098244	-0.072000	0.766000	0.570000	192.000000	0.000000	0.000000	0.000000	0.000000	0.000000	0.000000	0.000000	0.000000	0.000000	1733433197.057672	0.000000
3.000000	87747.561961	17710.963513	187500.000000	187500.000000	86912.746657	102803.294695	113241.559355	134178.371331	-0.072000	0.766000	0.570000	192.000000	0.000000	0.000000	0.000000	0.000000	0.000000	0.000000	0.000000	0.000000	0.000000	1733433197.062671	0.000000
4.000000	87741.728156	17713.556315	187500.000000	187500.000000	86907.449294	102792.498802	113233.311562	134204.880500	-0.072000	0.766000	0.570000	192.000000	0.000000	0.000000	0.000000	0.000000	0.000000	0.000000	0.000000	0.000000	0.000000	1733433197.065893	0.000000
5.000000	87745.595008	17724.598077	187500.000000	187500.000000	86911.852588	102807.139195	113241.402893	134214.581158	-0.072000	0.766000	0.570000	192.000000	0.000000	0.000000	0.000000	0.000000	0.000000	0.000000	0.000000	0.000000	0.000000	1733433197.069727	0.000000
6.000000	87746.556133	17732.644705	187500.000000	187500.000000	86926.828256	102846.031230	113255.305678	134194.263422	-0.070000	0.770000	0.578000	192.000000	253.000000	208.000000	24.000000	16.000000	18.000000	16.000000	0.000000	0.000000	0.000000	1733433197.073714	0.000000
7.000000	87738.263635	17741.719513	187500.000000	187500.000000	86922.313204	102821.041980	113241.782873	134180.181823	-0.070000	0.770000	0.578000	192.000000	0.000000	0.000000	0.000000	0.000000	0.000000	0.000000	0.000000	0.000000	0.000000	1733433197.077838	0.000000
8.000000	87737.414269	17734.566955	187500.000000	187500.000000	86919.496884	102805.351055	113228.818861	134194.375181	-0.070000	0.770000	0.578000	192.000000	0.000000	0.000000	0.000000	0.000000	0.000000	0.000000	0.000000	0.000000	0.000000	1733433197.081973	0.000000
9.000000	87736.386089	17712.237562	187500.000000	187500.000000	86915.182998	102801.797128	113219.609942	134188.451968	-0.070000	0.770000	0.578000	192.000000	0.000000	0.000000	0.000000	0.000000	0.000000	0.000000	0.000000	0.000000	0.000000	1733433197.085712	0.000000
10.000000	87731.558112	17718.741920	187500.000000	187500.000000	86903.761256	102782.798145	113208.188201	134178.818366	-0.070000	0.770000	0.578000	192.000000	0.000000	0.000000	0.000000	0.000000	0.000000	0.000000	0.000000	0.000000	0.000000	1733433197.090981	0.000000
11.000000	87737.481324	17715.411510	187500.000000	187500.000000	86908.566881	102804.546393	113241.335838	134173.856279	-0.070000	0.770000	0.578000	192.000000	0.000000	0.000000	0.000000	0.000000	0.000000	0.000000	0.000000	0.000000	0.000000	1733433197.093745	0.000000
12.000000	87739.694147	17731.035379	187500.000000	187500.000000	86909.371544	102806.289829	113250.164777	134167.508384	-0.070000	0.770000	0.578000	192.000000	0.000000	0.000000	0.000000	0.000000	0.000000	0.000000	0.000000	0.000000	0.000000	1733433197.097934	0.000000
13.000000	87742.286949	17739.752560	187500.000000	187500.000000	86900.453198	102792.744671	113238.027780	134156.734843	-0.070000	0.770000	0.578000	192.000000	0.000000	0.000000	0.000000	0.000000	0.000000	0.000000	0.000000	0.000000	0.000000	1733433197.101751	0.000000
14.000000	87738.397746	17724.620429	187500.000000	187500.000000	86896.832215	102807.899154	113236.507861	134176.426730	-0.070000	0.770000	0.578000	192.000000	0.000000	0.000000	0.000000	0.000000	0.000000	0.000000	0.000000	0.000000	0.000000	1733433197.105748	0.000000
15.000000	87742.510467	17719.971266	187500.000000	187500.000000	86902.688372	102815.208175	113249.829501	134203.874672	-0.070000	0.770000	0.578000	192.000000	0.000000	0.000000	0.000000	0.000000	0.000000	0.000000	0.000000	0.000000	0.000000	1733433197.109911	0.000000
16.000000	87741.549342	17713.221039	187500.000000	187500.000000	86905.035306	102806.982733	113245.649725	134194.710457	-0.072000	0.776000	0.578000	192.000000	253.000000	192.000000	24.000000	64.000000	18.000000	16.000000	0.000000	0.000000	0.000000	1733433197.113859	0.000000
17.000000	87731.692223	17708.370710	187500.000000	187500.000000	86893.613564	102802.042997	113230.718759	134182.640515	-0.072000	0.776000	0.578000	192.000000	0.000000	0.000000	0.000000	0.000000	0.000000	0.000000	0.000000	0.000000	0.000000	1733433197.119111	0.000000
18.000000	87734.508542	17704.481507	187500.000000	187500.000000	86891.333686	102790.554200	113233.177451	134164.960285	-0.072000	0.776000	0.578000	192.000000	0.000000	0.000000	0.000000	0.000000	0.000000	0.000000	0.000000	0.000000	0.000000	1733433197.121857	0.000000
19.000000	87743.985682	17734.298734	187500.000000	187500.000000	86899.827349	102795.538639	113251.081199	134171.576401	-0.072000	0.776000	0.578000	192.000000	0.000000	0.000000	0.000000	0.000000	0.000000	0.000000	0.000000	0.000000	0.000000	1733433197.124864	0.000000
20.000000	87750.713557	17750.213176	187500.000000	187500.000000	86909.617413	102819.343247	113256.132693	134187.267326	-0.072000	0.776000	0.578000	192.000000	0.000000	0.000000	0.000000	0.000000	0.000000	0.000000	0.000000	0.000000	0.000000	1733433197.129736	0.000000
21.000000	87756.413252	17749.095589	187500.000000	187500.000000	86917.172303	102842.007916	113266.034516	134205.260480	-0.072000	0.776000	0.578000	192.000000	0.000000	0.000000	0.000000	0.000000	0.000000	0.000000	0.000000	0.000000	0.000000	1733433197.133769	0.000000
22.000000	87751.674682	17719.770100	187500.000000	187500.000000	86907.851625	102831.949631	113264.559300	134215.475227	-0.072000	0.776000	0.578000	192.000000	0.000000	0.000000	0.000000	0.000000	0.000000	0.000000	0.000000	0.000000	0.000000	1733433197.137807	0.000000
23.000000	87751.406461	17736.489205	187500.000000	187500.000000	86906.063486	102818.292715	113259.664268	134198.957288	-0.072000	0.776000	0.578000	192.000000	0.000000	0.000000	0.000000	0.000000	0.000000	0.000000	0.000000	0.000000	0.000000	1733433197.142081	0.000000
24.000000	87745.751470	17718.250181	187500.000000	187500.000000	86899.357963	102806.155718	113247.370809	134181.344114	-0.072000	0.776000	0.578000	192.000000	0.000000	0.000000	0.000000	0.000000	0.000000	0.000000	0.000000	0.000000	0.000000	1733433197.146983	0.000000
25.000000	87746.846705	17737.137406	187500.000000	187500.000000	86901.660192	102827.702800	113246.119111	134185.322724	-0.072000	0.776000	0.578000	192.000000	0.000000	0.000000	0.000000	0.000000	0.000000	0.000000	0.000000	0.000000	0.000000	1733433197.150059	0.000000
26.000000	87751.294702	17748.045057	187500.000000	187500.000000	86905.147064	102829.178015	113256.713838	134184.875689	-0.072000	0.772000	0.582000	192.000000	253.000000	192.000000	24.000000	32.000000	18.000000	48.000000	0.000000	0.000000	0.000000	1733433197.153037	0.000000
27.000000	87757.217915	17736.310391	187500.000000	187500.000000	86907.024611	102842.745524	113263.464065	134174.705645	-0.072000	0.772000	0.582000	192.000000	0.000000	0.000000	0.000000	0.000000	0.000000	0.000000	0.000000	0.000000	0.000000	1733433197.157809	0.000000
28.000000	87752.680511	17715.791490	187500.000000	187500.000000	86897.726285	102809.888459	113257.026763	134177.700779	-0.072000	0.772000	0.582000	192.000000	0.000000	0.000000	0.000000	0.000000	0.000000	0.000000	0.000000	0.000000	0.000000	1733433197.161819	0.000000
29.000000	87740.476458	17709.890629	187500.000000	187500.000000	86889.031457	102808.659113	113254.031629	134189.726018	-0.072000	0.772000	0.582000	192.000000	0.000000	0.000000	0.000000	0.000000	0.000000	0.000000	0.000000	0.000000	0.000000	1733433197.165893	0.000000
30.000000	87743.806868	17721.379426	187500.000000	187500.000000	86894.686448	102825.489977	113250.969440	134187.088512	-0.072000	0.772000	0.582000	192.000000	0.000000	0.000000	0.000000	0.000000	0.000000	0.000000	0.000000	0.000000	0.000000	1733433197.169857	0.000000
31.000000	87746.600836	17743.261784	187500.000000	187500.000000	86898.419189	102841.024439	113270.929548	134195.202195	-0.072000	0.772000	0.582000	192.000000	0.000000	0.000000	0.000000	0.000000	0.000000	0.000000	0.000000	0.000000	0.000000	1733433197.174067	0.000000
32.000000	87755.005092	17795.766031	187500.000000	187500.000000	86890.350210	102841.404419	113264.581652	134189.502500	-0.072000	0.772000	0.582000	192.000000	0.000000	0.000000	0.000000	0.000000	0.000000	0.000000	0.000000	0.000000	0.000000	1733433197.177004	0.000000
33.000000	87753.574580	17745.385199	187500.000000	187500.000000	86880.962477	102804.792262	113250.097722	134175.532660	-0.072000	0.772000	0.582000	192.000000	0.000000	0.000000	0.000000	0.000000	0.000000	0.000000	0.000000	0.000000	0.000000	1733433197.181036	0.000000
34.000000	87742.443412	17691.383385	187500.000000	187500.000000	86870.591267	102799.114919	113249.091893	134176.359674	-0.072000	0.772000	0.582000	192.000000	0.000000	0.000000	0.000000	0.000000	0.000000	0.000000	0.000000	0.000000	0.000000	1733433197.185925	0.000000
35.000000	87744.946807	17714.092757	187500.000000	187500.000000	86870.367750	102827.367524	113255.931527	134215.095248	-0.072000	0.772000	0.582000	192.000000	0.000000	0.000000	0.000000	0.000000	0.000000	0.000000	0.000000	0.000000	0.000000	1733433197.189921	0.000000
36.000000	87739.627092	17705.107356	187500.000000	187500.000000	86866.344436	102803.562916	113240.888803	134207.026268	-0.080000	0.770000	0.584000	192.000000	253.000000	128.000000	24.000000	16.000000	18.000000	64.000000	0.000000	0.000000	0.000000	1733433197.193874	0.000000
37.000000	87747.316092	17703.296864	187500.000000	187500.000000	86878.459081	102803.160584	113243.392198	134171.509346	-0.080000	0.770000	0.584000	192.000000	0.000000	0.000000	0.000000	0.000000	0.000000	0.000000	0.000000	0.000000	0.000000	1733433197.198172	0.000000
38.000000	87754.759223	17719.233658	187500.000000	187500.000000	86885.969268	102799.986637	113245.582669	134165.988465	-0.080000	0.770000	0.584000	192.000000	0.000000	0.000000	0.000000	0.000000	0.000000	0.000000	0.000000	0.000000	0.000000	1733433197.200871	0.000000
39.000000	87753.596932	17741.317182	187500.000000	187500.000000	86880.627201	102812.503614	113249.762446	134157.427747	-0.080000	0.770000	0.584000	192.000000	0.000000	0.000000	0.000000	0.000000	0.000000	0.000000	0.000000	0.000000	0.000000	1733433197.204898	0.000000
40.000000	87757.843764	17753.632993	187500.000000	187500.000000	86888.696180	102822.561899	113265.028687	134172.738692	-0.080000	0.770000	0.584000	192.000000	0.000000	0.000000	0.000000	0.000000	0.000000	0.000000	0.000000	0.000000	0.000000	1733433197.209071	0.000000
41.000000	87751.786441	17749.877900	187500.000000	187500.000000	86883.108244	102825.065294	113257.026763	134178.840718	-0.080000	0.770000	0.584000	192.000000	0.000000	0.000000	0.000000	0.000000	0.000000	0.000000	0.000000	0.000000	0.000000	1733433197.213060	0.000000
42.000000	87764.929267	17737.472682	187500.000000	187500.000000	86889.657305	102820.572593	113263.397010	134193.816387	-0.080000	0.770000	0.584000	192.000000	0.000000	0.000000	0.000000	0.000000	0.000000	0.000000	0.000000	0.000000	0.000000	1733433197.218251	0.000000
43.000000	87758.849592	17706.649626	187500.000000	187500.000000	86883.488224	102791.582381	113260.915966	134172.626933	-0.080000	0.770000	0.584000	192.000000	0.000000	0.000000	0.000000	0.000000	0.000000	0.000000	0.000000	0.000000	0.000000	1733433197.222166	0.000000
44.000000	87747.629016	17724.016932	187500.000000	187500.000000	86875.598058	102788.386081	113257.719667	134173.968038	-0.080000	0.770000	0.584000	192.000000	0.000000	0.000000	0.000000	0.000000	0.000000	0.000000	0.000000	0.000000	0.000000	1733433197.226099	0.000000
45.000000	87744.142144	17708.124841	187500.000000	187500.000000	86877.833233	102804.971076	113264.156969	134194.352829	-0.080000	0.770000	0.584000	192.000000	0.000000	0.000000	0.000000	0.000000	0.000000	0.000000	0.000000	0.000000	0.000000	1733433197.228932	0.000000
46.000000	87742.577522	17743.999391	187500.000000	187500.000000	86865.763291	102817.935087	113255.596251	134199.560785	-0.078000	0.772000	0.584000	192.000000	253.000000	144.000000	24.000000	32.000000	18.000000	64.000000	0.000000	0.000000	0.000000	1733433197.233019	0.000000
47.000000	87741.862266	17721.759405	187500.000000	187500.000000	86864.310427	102818.873861	113243.101626	134154.030282	-0.078000	0.772000	0.584000	192.000000	0.000000	0.000000	0.000000	0.000000	0.000000	0.000000	0.000000	0.000000	0.000000	1733433197.236913	0.000000
48.000000	87739.604740	17683.046184	187500.000000	187500.000000	86877.185032	102797.438538	113255.395085	134156.198401	-0.078000	0.772000	0.584000	192.000000	0.000000	0.000000	0.000000	0.000000	0.000000	0.000000	0.000000	0.000000	0.000000	1733433197.241948	0.000000
49.000000	87739.895313	17701.486373	187500.000000	187500.000000	86878.593192	102790.218924	113248.220175	134160.109956	-0.078000	0.772000	0.584000	192.000000	0.000000	0.000000	0.000000	0.000000	0.000000	0.000000	0.000000	0.000000	0.000000	1733433197.245929	0.000000
50.000000	87734.821467	17703.766251	187500.000000	187500.000000	86874.703988	102795.181012	113244.755655	134161.786337	-0.078000	0.772000	0.584000	192.000000	0.000000	0.000000	0.000000	0.000000	0.000000	0.000000	0.000000	0.000000	0.000000	1733433197.249942	0.000000
51.000000	87735.492019	17691.204571	187500.000000	187500.000000	86869.339570	102789.213096	113248.331934	134177.410206	-0.078000	0.772000	0.584000	192.000000	0.000000	0.000000	0.000000	0.000000	0.000000	0.000000	0.000000	0.000000	0.000000	1733433197.254086	0.000000
52.000000	87737.503676	17712.036397	187500.000000	187500.000000	86875.016913	102774.013910	113256.490321	134163.038035	-0.078000	0.772000	0.584000	192.000000	0.000000	0.000000	0.000000	0.000000	0.000000	0.000000	0.000000	0.000000	0.000000	1733433197.257368	0.000000
53.000000	87742.845743	17726.855603	187500.000000	187500.000000	86883.063541	102799.897230	113263.397010	134158.210058	-0.078000	0.772000	0.584000	192.000000	0.000000	0.000000	0.000000	0.000000	0.000000	0.000000	0.000000	0.000000	0.000000	1733433197.261120	0.000000
54.000000	87743.292778	17704.123879	187500.000000	187500.000000	86873.117015	102785.726224	113255.640954	134185.300372	-0.078000	0.772000	0.584000	192.000000	0.000000	0.000000	0.000000	0.000000	0.000000	0.000000	0.000000	0.000000	0.000000	1733433197.264991	0.000000
55.000000	87742.130487	17684.320233	187500.000000	187500.000000	86867.216154	102787.380253	113251.416475	134190.083646	-0.078000	0.772000	0.584000	192.000000	0.000000	0.000000	0.000000	0.000000	0.000000	0.000000	0.000000	0.000000	0.000000	1733433197.269149	0.000000
56.000000	87731.669871	17700.480545	187500.000000	187500.000000	86871.798262	102808.949686	113262.301774	134179.377160	-0.072000	0.772000	0.578000	192.000000	253.000000	192.000000	24.000000	32.000000	18.000000	16.000000	0.000000	0.000000	0.000000	1733433197.273951	0.000000
57.000000	87737.391917	17734.924583	187500.000000	187500.000000	86871.306523	102771.666976	113261.787684	134168.760081	-0.072000	0.772000	0.578000	192.000000	0.000000	0.000000	0.000000	0.000000	0.000000	0.000000	0.000000	0.000000	0.000000	1733433197.277973	0.000000
58.000000	87740.185885	17700.882876	187500.000000	187500.000000	86865.875049	102771.108183	113257.138521	134166.502555	-0.072000	0.772000	0.578000	192.000000	0.000000	0.000000	0.000000	0.000000	0.000000	0.000000	0.000000	0.000000	0.000000	1733433197.282207	0.000000
59.000000	87728.428868	17661.141474	187500.000000	187500.000000	86858.051939	102783.356939	113244.912117	134150.766927	-0.072000	0.772000	0.578000	192.000000	0.000000	0.000000	0.000000	0.000000	0.000000	0.000000	0.000000	0.000000	0.000000	1733433197.284989	0.000000
60.000000	87723.131504	17663.220187	187500.000000	187500.000000	86865.495070	102810.648419	113238.631277	134154.656131	-0.072000	0.772000	0.578000	192.000000	0.000000	0.000000	0.000000	0.000000	0.000000	0.000000	0.000000	0.000000	0.000000	1733433197.288971	0.000000
61.000000	87724.740830	17679.581664	187500.000000	187500.000000	86865.159794	102807.809747	113243.123978	134164.736767	-0.072000	0.772000	0.578000	192.000000	0.000000	0.000000	0.000000	0.000000	0.000000	0.000000	0.000000	0.000000	0.000000	1733433197.293034	0.000000
62.000000	87717.789438	17692.322158	187500.000000	187500.000000	86856.375558	102765.564950	113236.977248	134157.047767	-0.072000	0.772000	0.578000	192.000000	0.000000	0.000000	0.000000	0.000000	0.000000	0.000000	0.000000	0.000000	0.000000	1733433197.297277	0.000000
63.000000	87716.403629	17686.734222	187500.000000	187500.000000	86860.801203	102778.126631	113246.744960	134173.722169	-0.072000	0.772000	0.578000	192.000000	0.000000	0.000000	0.000000	0.000000	0.000000	0.000000	0.000000	0.000000	0.000000	1733433197.301291	0.000000
64.000000	87740.409403	17701.665187	187500.000000	187500.000000	86875.776872	102789.168392	113266.101571	134180.561802	-0.072000	0.772000	0.578000	192.000000	0.000000	0.000000	0.000000	0.000000	0.000000	0.000000	0.000000	0.000000	0.000000	1733433197.306079	0.000000
65.000000	87731.893388	17690.019928	187500.000000	187500.000000	86861.091776	102758.926482	113253.361077	134167.553087	-0.072000	0.772000	0.578000	192.000000	0.000000	0.000000	0.000000	0.000000	0.000000	0.000000	0.000000	0.000000	0.000000	1733433197.309116	0.000000
66.000000	87724.807885	17668.897530	187500.000000	187500.000000	86870.613619	102774.237427	113262.525292	134169.989427	-0.078000	0.772000	0.574000	192.000000	253.000000	144.000000	24.000000	32.000000	17.000000	240.000000	0.000000	0.000000	0.000000	1733433197.313185	0.000000
67.000000	87731.625167	17687.918864	187500.000000	187500.000000	86882.035361	102803.115881	113264.246376	134144.083756	-0.078000	0.772000	0.574000	192.000000	0.000000	0.000000	0.000000	0.000000	0.000000	0.000000	0.000000	0.000000	0.000000	1733433197.317072	0.000000
68.000000	87733.837990	17668.919881	187500.000000	187500.000000	86883.152948	102801.797128	113263.866396	134162.166317	-0.078000	0.772000	0.574000	192.000000	0.000000	0.000000	0.000000	0.000000	0.000000	0.000000	0.000000	0.000000	0.000000	1733433197.321023	0.000000
69.000000	87725.701955	17677.011213	187500.000000	187500.000000	86883.801148	102792.297637	113272.002431	134162.836869	-0.078000	0.772000	0.574000	192.000000	0.000000	0.000000	0.000000	0.000000	0.000000	0.000000	0.000000	0.000000	0.000000	1733433197.325038	0.000000
70.000000	87723.399725	17703.542734	187500.000000	187500.000000	86880.873070	102781.099413	113273.120019	134169.430634	-0.078000	0.772000	0.574000	192.000000	0.000000	0.000000	0.000000	0.000000	0.000000	0.000000	0.000000	0.000000	0.000000	1733433197.329084	0.000000
71.000000	87743.136316	17715.679731	187500.000000	187500.000000	86884.426997	102789.391910	113278.819713	134191.067122	-0.078000	0.772000	0.574000	192.000000	0.000000	0.000000	0.000000	0.000000	0.000000	0.000000	0.000000	0.000000	0.000000	1733433197.334080	0.000000
72.000000	87741.281121	17692.813896	187500.000000	187500.000000	86895.357000	102816.571631	113275.086972	134184.026323	-0.078000	0.772000	0.574000	192.000000	0.000000	0.000000	0.000000	0.000000	0.000000	0.000000	0.000000	0.000000	0.000000	1733433197.337051	0.000000
73.000000	87723.779705	17672.250291	187500.000000	187500.000000	86893.457102	102806.669808	113269.230815	134184.428654	-0.078000	0.772000	0.574000	192.000000	0.000000	0.000000	0.000000	0.000000	0.000000	0.000000	0.000000	0.000000	0.000000	1733433197.341226	0.000000
74.000000	87718.661156	17661.521454	187500.000000	187500.000000	86896.027553	102795.717453	113283.290062	134156.690139	-0.078000	0.772000	0.574000	192.000000	0.000000	0.000000	0.000000	0.000000	0.000000	0.000000	0.000000	0.000000	0.000000	1733433197.345416	0.000000
75.000000	87719.063487	17660.850902	187500.000000	187500.000000	86884.672866	102777.120802	113272.136542	134154.879648	-0.078000	0.772000	0.574000	192.000000	0.000000	0.000000	0.000000	0.000000	0.000000	0.000000	0.000000	0.000000	0.000000	1733433197.349350	0.000000
76.000000	87731.871037	17719.256010	187500.000000	187500.000000	86896.273422	102801.171279	113283.133600	134194.598698	-0.078000	0.774000	0.574000	192.000000	253.000000	144.000000	24.000000	48.000000	17.000000	240.000000	0.000000	0.000000	0.000000	1733433197.353147	0.000000
77.000000	87745.550304	17716.193821	187500.000000	187500.000000	86906.957556	102820.214965	113293.437754	134195.448064	-0.078000	0.774000	0.574000	192.000000	0.000000	0.000000	0.000000	0.000000	0.000000	0.000000	0.000000	0.000000	0.000000	1733433197.357112	0.000000
78.000000	87734.083859	17674.329004	187500.000000	187500.000000	86898.083913	102790.777718	113297.595179	134202.958250	-0.078000	0.774000	0.574000	192.000000	0.000000	0.000000	0.000000	0.000000	0.000000	0.000000	0.000000	0.000000	0.000000	1733433197.362131	0.000000
79.000000	87727.735964	17652.647811	187500.000000	187500.000000	86884.762273	102803.831137	113287.492190	134167.977770	-0.078000	0.774000	0.574000	192.000000	0.000000	0.000000	0.000000	0.000000	0.000000	0.000000	0.000000	0.000000	0.000000	1733433197.365373	0.000000
80.000000	87736.274330	17687.449478	187500.000000	187500.000000	86897.525119	102830.541471	113298.243379	134164.781471	-0.078000	0.774000	0.574000	192.000000	0.000000	0.000000	0.000000	0.000000	0.000000	0.000000	0.000000	0.000000	0.000000	1733433197.369123	0.000000
81.000000	87741.638749	17692.724489	187500.000000	187500.000000	86887.288021	102803.518212	113293.057775	134172.582230	-0.078000	0.774000	0.574000	192.000000	0.000000	0.000000	0.000000	0.000000	0.000000	0.000000	0.000000	0.000000	0.000000	1733433197.373130	0.000000
82.000000	87741.750508	17735.259859	187500.000000	187500.000000	86871.485337	102762.100430	113268.761428	134159.998198	-0.078000	0.774000	0.574000	192.000000	0.000000	0.000000	0.000000	0.000000	0.000000	0.000000	0.000000	0.000000	0.000000	1733433197.377295	0.000000
83.000000	87736.207275	17686.644815	187500.000000	187500.000000	86860.622389	102775.779697	113270.124885	134171.062311	-0.078000	0.774000	0.574000	192.000000	0.000000	0.000000	0.000000	0.000000	0.000000	0.000000	0.000000	0.000000	0.000000	1733433197.381443	0.000000
84.000000	87733.793287	17650.412637	187500.000000	187500.000000	86866.880878	102817.353942	113289.302682	134178.080759	-0.078000	0.774000	0.574000	192.000000	0.000000	0.000000	0.000000	0.000000	0.000000	0.000000	0.000000	0.000000	0.000000	1733433197.386166	0.000000
85.000000	87742.286949	17689.885818	187500.000000	187500.000000	86869.473680	102831.592003	113291.113173	134197.437370	-0.078000	0.774000	0.574000	192.000000	0.000000	0.000000	0.000000	0.000000	0.000000	0.000000	0.000000	0.000000	0.000000	1733433197.390387	0.000000
86.000000	87737.771897	17673.725507	187500.000000	187500.000000	86869.585439	102833.648364	113299.740946	134196.610355	-0.074000	0.768000	0.576000	192.000000	253.000000	176.000000	24.000000	0.000000	18.000000	0.000000	0.000000	0.000000	0.000000	1733433197.393193	0.000000
87.000000	87729.300586	17655.262966	187500.000000	187500.000000	86860.354168	102785.100375	113281.904254	134178.840718	-0.074000	0.768000	0.576000	192.000000	0.000000	0.000000	0.000000	0.000000	0.000000	0.000000	0.000000	0.000000	0.000000	1733433197.397182	0.000000
88.000000	87738.978891	17654.950041	187500.000000	187500.000000	86850.519401	102783.893381	113282.105420	134182.349942	-0.074000	0.768000	0.576000	192.000000	0.000000	0.000000	0.000000	0.000000	0.000000	0.000000	0.000000	0.000000	0.000000	1733433197.401256	0.000000
89.000000	87742.979854	17673.256120	187500.000000	187500.000000	86846.607846	102805.239297	113305.284179	134191.178881	-0.074000	0.768000	0.576000	192.000000	0.000000	0.000000	0.000000	0.000000	0.000000	0.000000	0.000000	0.000000	0.000000	1733433197.405179	0.000000
90.000000	87731.714574	17679.201684	187500.000000	187500.000000	86835.051994	102786.240314	113291.113173	134208.501483	-0.074000	0.768000	0.576000	192.000000	0.000000	0.000000	0.000000	0.000000	0.000000	0.000000	0.000000	0.000000	0.000000	1733433197.409177	0.000000
91.000000	87736.900179	17652.804274	187500.000000	187500.000000	86840.483468	102795.024549	113292.409574	134176.449081	-0.074000	0.768000	0.576000	192.000000	0.000000	0.000000	0.000000	0.000000	0.000000	0.000000	0.000000	0.000000	0.000000	1733433197.413406	0.000000
92.000000	87742.309301	17664.337774	187500.000000	187500.000000	86852.151078	102814.090587	113310.738005	134160.780509	-0.074000	0.768000	0.576000	192.000000	0.000000	0.000000	0.000000	0.000000	0.000000	0.000000	0.000000	0.000000	0.000000	1733433197.418359	0.000000
93.000000	87747.181981	17711.052920	187500.000000	187500.000000	86845.557314	102813.710608	113312.995531	134166.681369	-0.074000	0.768000	0.576000	192.000000	0.000000	0.000000	0.000000	0.000000	0.000000	0.000000	0.000000	0.000000	0.000000	1733433197.421434	0.000000
94.000000	87748.791307	17705.129707	187500.000000	187500.000000	86839.164715	102828.283945	113315.118946	134178.125462	-0.074000	0.768000	0.576000	192.000000	0.000000	0.000000	0.000000	0.000000	0.000000	0.000000	0.000000	0.000000	0.000000	1733433197.424442	0.000000
95.000000	87744.544476	17680.989823	187500.000000	187500.000000	86836.773078	102812.235393	113314.157821	134188.116692	-0.074000	0.768000	0.576000	192.000000	0.000000	0.000000	0.000000	0.000000	0.000000	0.000000	0.000000	0.000000	0.000000	1733433197.429255	0.000000
96.000000	87737.928359	17637.649791	187500.000000	187500.000000	86827.295938	102824.305335	113317.622342	134198.040867	-0.074000	0.766000	0.568000	192.000000	253.000000	176.000000	23.000000	240.000000	17.000000	192.000000	0.000000	0.000000	0.000000	1733433197.433258	0.000000
97.000000	87736.922531	17641.471939	187500.000000	187500.000000	86829.933444	102839.281003	113322.517374	134204.254652	-0.074000	0.766000	0.568000	192.000000	0.000000	0.000000	0.000000	0.000000	0.000000	0.000000	0.000000	0.000000	0.000000	1733433197.437262	0.000000
98.000000	87746.086746	17667.355259	187500.000000	187500.000000	86827.899436	102762.994500	113303.764260	134205.104018	-0.074000	0.766000	0.568000	192.000000	0.000000	0.000000	0.000000	0.000000	0.000000	0.000000	0.000000	0.000000	0.000000	1733433197.441189	0.000000
99.000000	87752.032310	17659.018059	187500.000000	187500.000000	86822.043278	102771.845790	113309.598066	134178.728959	-0.074000	0.766000	0.568000	192.000000	0.000000	0.000000	0.000000	0.000000	0.000000	0.000000	0.000000	0.000000	0.000000	1733433197.444208	0.000000
100.000000	87748.187810	17648.289221	187500.000000	187500.000000	86819.316366	102782.172296	113312.414385	134169.721206	-0.074000	0.766000	0.568000	192.000000	0.000000	0.000000	0.000000	0.000000	0.000000	0.000000	0.000000	0.000000	0.000000	1733433197.448494	0.000000
101.000000	87744.544476	17657.073457	187500.000000	187500.000000	86820.456305	102792.319988	113306.222952	134181.232355	-0.074000	0.766000	0.568000	192.000000	0.000000	0.000000	0.000000	0.000000	0.000000	0.000000	0.000000	0.000000	0.000000	1733433197.452350	0.000000
102.000000	87746.220856	17688.634120	187500.000000	187500.000000	86831.520418	102823.366561	113318.918743	134186.574422	-0.074000	0.766000	0.568000	192.000000	0.000000	0.000000	0.000000	0.000000	0.000000	0.000000	0.000000	0.000000	0.000000	1733433197.457413	0.000000
103.000000	87752.568752	17693.663263	187500.000000	187500.000000	86820.165732	102824.595907	113314.582505	134215.139951	-0.074000	0.766000	0.568000	192.000000	0.000000	0.000000	0.000000	0.000000	0.000000	0.000000	0.000000	0.000000	0.000000	1733433197.461622	0.000000
104.000000	87755.049796	17682.107411	187500.000000	187500.000000	86813.169636	102793.415224	113306.535877	134209.328498	-0.074000	0.766000	0.568000	192.000000	0.000000	0.000000	0.000000	0.000000	0.000000	0.000000	0.000000	0.000000	0.000000	1733433197.465288	0.000000
105.000000	87755.318016	17668.115219	187500.000000	187500.000000	86819.048145	102799.718416	113314.604856	134186.328553	-0.074000	0.766000	0.568000	192.000000	0.000000	0.000000	0.000000	0.000000	0.000000	0.000000	0.000000	0.000000	0.000000	1733433197.469247	0.000000
106.000000	87749.797136	17659.398038	187500.000000	187500.000000	86828.055898	102823.321858	113324.260810	134187.513195	-0.076000	0.772000	0.580000	192.000000	253.000000	160.000000	24.000000	32.000000	18.000000	32.000000	0.000000	0.000000	0.000000	1733433197.472233	0.000000
107.000000	87748.791307	17649.227995	187500.000000	187500.000000	86831.073383	102841.806751	113340.309362	134179.600677	-0.076000	0.772000	0.580000	192.000000	0.000000	0.000000	0.000000	0.000000	0.000000	0.000000	0.000000	0.000000	0.000000	1733433197.476293	0.000000
108.000000	87766.136261	17663.309594	187500.000000	187500.000000	86849.848849	102833.871881	113357.877834	134203.293527	-0.076000	0.772000	0.580000	192.000000	0.000000	0.000000	0.000000	0.000000	0.000000	0.000000	0.000000	0.000000	0.000000	1733433197.480267	0.000000
109.000000	87745.662063	17660.202701	187500.000000	187500.000000	86816.209473	102800.925410	113321.064510	134200.633669	-0.076000	0.772000	0.580000	192.000000	0.000000	0.000000	0.000000	0.000000	0.000000	0.000000	0.000000	0.000000	0.000000	1733433197.485300	0.000000
110.000000	87741.102307	17657.051105	187500.000000	187500.000000	86817.952909	102793.705796	113306.290007	134170.101186	-0.076000	0.772000	0.580000	192.000000	0.000000	0.000000	0.000000	0.000000	0.000000	0.000000	0.000000	0.000000	0.000000	1733433197.489413	0.000000
111.000000	87741.482287	17658.615727	187500.000000	187500.000000	86828.055898	102800.880706	113318.762281	134180.897079	-0.076000	0.772000	0.580000	192.000000	0.000000	0.000000	0.000000	0.000000	0.000000	0.000000	0.000000	0.000000	0.000000	1733433197.493315	0.000000
112.000000	87742.711633	17680.542789	187500.000000	187500.000000	86825.150171	102799.897230	113316.437699	134193.972849	-0.076000	0.772000	0.580000	192.000000	0.000000	0.000000	0.000000	0.000000	0.000000	0.000000	0.000000	0.000000	0.000000	1733433197.497585	0.000000
113.000000	87746.712595	17680.922768	187500.000000	187500.000000	86823.853770	102807.027436	113313.151993	134161.495764	-0.076000	0.772000	0.580000	192.000000	0.000000	0.000000	0.000000	0.000000	0.000000	0.000000	0.000000	0.000000	0.000000	1733433197.501514	0.000000
114.000000	87751.004130	17641.628401	187500.000000	187500.000000	86832.235674	102829.937974	113324.193755	134177.410206	-0.076000	0.772000	0.580000	192.000000	0.000000	0.000000	0.000000	0.000000	0.000000	0.000000	0.000000	0.000000	0.000000	1733433197.504292	0.000000
115.000000	87747.159630	17634.274678	187500.000000	187500.000000	86838.292997	102829.401532	113326.428929	134192.296468	-0.076000	0.772000	0.580000	192.000000	0.000000	0.000000	0.000000	0.000000	0.000000	0.000000	0.000000	0.000000	0.000000	1733433197.509337	0.000000
116.000000	87747.114926	17652.468998	187500.000000	187500.000000	86836.504857	102802.914715	113328.619400	134184.920393	-0.074000	0.770000	0.576000	192.000000	253.000000	176.000000	24.000000	16.000000	18.000000	0.000000	0.000000	0.000000	0.000000	1733433197.513350	0.000000
117.000000	87741.705804	17638.275640	187500.000000	187500.000000	86835.856657	102789.704834	113320.908048	134158.724148	-0.074000	0.770000	0.576000	192.000000	0.000000	0.000000	0.000000	0.000000	0.000000	0.000000	0.000000	0.000000	0.000000	1733433197.517318	0.000000
118.000000	87745.282083	17647.015172	187500.000000	187500.000000	86832.146267	102787.939046	113312.593199	134168.290695	-0.074000	0.770000	0.576000	192.000000	0.000000	0.000000	0.000000	0.000000	0.000000	0.000000	0.000000	0.000000	0.000000	1733433197.521724	0.000000
119.000000	87759.520144	17683.269701	187500.000000	187500.000000	86847.993654	102816.973962	113331.189851	134188.273154	-0.074000	0.770000	0.576000	192.000000	0.000000	0.000000	0.000000	0.000000	0.000000	0.000000	0.000000	0.000000	0.000000	1733433197.525619	0.000000
120.000000	87757.843764	17702.112222	187500.000000	187500.000000	86847.457212	102842.477303	113327.680627	134232.887236	-0.074000	0.770000	0.576000	192.000000	0.000000	0.000000	0.000000	0.000000	0.000000	0.000000	0.000000	0.000000	0.000000	1733433197.528598	0.000000
121.000000	87761.107118	17655.575890	187500.000000	187500.000000	86843.970340	102812.280096	113314.806022	134222.292509	-0.074000	0.770000	0.576000	192.000000	0.000000	0.000000	0.000000	0.000000	0.000000	0.000000	0.000000	0.000000	0.000000	1733433197.532639	0.000000
122.000000	87754.982740	17629.670218	187500.000000	187500.000000	86843.746822	102807.273305	113322.293856	134175.040922	-0.074000	0.770000	0.576000	192.000000	0.000000	0.000000	0.000000	0.000000	0.000000	0.000000	0.000000	0.000000	0.000000	1733433197.536682	0.000000
123.000000	87761.196525	17647.909242	187500.000000	187500.000000	86858.275456	102828.418056	113342.410426	134173.856279	-0.074000	0.770000	0.576000	192.000000	0.000000	0.000000	0.000000	0.000000	0.000000	0.000000	0.000000	0.000000	0.000000	1733433197.540476	0.000000
124.000000	87766.672703	17648.132759	187500.000000	187500.000000	86875.955686	102811.497785	113350.792331	134184.965096	-0.074000	0.770000	0.576000	192.000000	0.000000	0.000000	0.000000	0.000000	0.000000	0.000000	0.000000	0.000000	0.000000	1733433197.545439	0.000000
125.000000	87775.166366	17655.486483	187500.000000	187500.000000	86878.906116	102829.379181	113352.982802	134184.406303	-0.074000	0.770000	0.576000	192.000000	0.000000	0.000000	0.000000	0.000000	0.000000	0.000000	0.000000	0.000000	0.000000	1733433197.549489	0.000000
126.000000	87772.551211	17668.226977	187500.000000	187500.000000	86870.367750	102836.241166	113346.456092	134196.900928	-0.072000	0.774000	0.574000	192.000000	253.000000	192.000000	24.000000	48.000000	17.000000	240.000000	0.000000	0.000000	0.000000	1733433197.553443	0.000000
127.000000	87775.769863	17671.758553	187500.000000	187500.000000	86877.050922	102838.141064	113352.960450	134210.356678	-0.072000	0.774000	0.574000	192.000000	0.000000	0.000000	0.000000	0.000000	0.000000	0.000000	0.000000	0.000000	0.000000	1733433197.556410	0.000000
128.000000	87777.937982	17676.832399	187500.000000	187500.000000	86883.644686	102826.920489	113370.908901	134206.847454	-0.072000	0.774000	0.574000	192.000000	0.000000	0.000000	0.000000	0.000000	0.000000	0.000000	0.000000	0.000000	0.000000	1733433197.560554	0.000000
129.000000	87770.852479	17673.323175	187500.000000	187500.000000	86863.662227	102807.206250	113349.697095	134198.823178	-0.072000	0.774000	0.574000	192.000000	0.000000	0.000000	0.000000	0.000000	0.000000	0.000000	0.000000	0.000000	0.000000	1733433197.564751	0.000000
130.000000	87764.526935	17663.041373	187500.000000	187500.000000	86859.549506	102808.949686	113349.741799	134218.291547	-0.072000	0.774000	0.574000	192.000000	0.000000	0.000000	0.000000	0.000000	0.000000	0.000000	0.000000	0.000000	0.000000	1733433197.568513	0.000000
131.000000	87769.891354	17684.029661	187500.000000	187500.000000	86861.784680	102824.864128	113355.061514	134220.347908	-0.072000	0.774000	0.574000	192.000000	0.000000	0.000000	0.000000	0.000000	0.000000	0.000000	0.000000	0.000000	0.000000	1733433197.573620	0.000000
132.000000	87770.673665	17708.795394	187500.000000	187500.000000	86860.264761	102825.020590	113347.573679	134204.992259	-0.072000	0.774000	0.574000	192.000000	0.000000	0.000000	0.000000	0.000000	0.000000	0.000000	0.000000	0.000000	0.000000	1733433197.577474	0.000000
133.000000	87772.640618	17659.912128	187500.000000	187500.000000	86863.014026	102822.226622	113335.123758	134191.357695	-0.072000	0.774000	0.574000	192.000000	0.000000	0.000000	0.000000	0.000000	0.000000	0.000000	0.000000	0.000000	0.000000	1733433197.580478	0.000000
134.000000	87767.969104	17621.534183	187500.000000	187500.000000	86860.197706	102797.706759	113337.940078	134192.922317	-0.072000	0.774000	0.574000	192.000000	0.000000	0.000000	0.000000	0.000000	0.000000	0.000000	0.000000	0.000000	0.000000	1733433197.584481	0.000000
135.000000	87775.278124	17644.467073	187500.000000	187500.000000	86875.016913	102817.376294	113356.849653	134211.474265	-0.072000	0.774000	0.574000	192.000000	0.000000	0.000000	0.000000	0.000000	0.000000	0.000000	0.000000	0.000000	0.000000	1733433197.588490	0.000000
136.000000	87782.900069	17668.092867	187500.000000	187500.000000	86881.633029	102813.688256	113363.756342	134223.991242	-0.072000	0.774000	0.574000	192.000000	0.000000	0.000000	0.000000	0.000000	0.000000	0.000000	0.000000	0.000000	0.000000	1733433197.592661	0.000000
137.000000	87789.292668	17680.743954	187500.000000	187500.000000	86885.365771	102839.996259	113369.456037	134226.673451	-0.072000	0.770000	0.580000	192.000000	253.000000	192.000000	24.000000	16.000000	18.000000	32.000000	0.000000	0.000000	0.000000	1733433197.596832	0.000000
138.000000	87791.997229	17682.219169	187500.000000	187500.000000	86884.829329	102838.386934	113368.226691	134230.696765	-0.072000	0.770000	0.580000	192.000000	0.000000	0.000000	0.000000	0.000000	0.000000	0.000000	0.000000	0.000000	0.000000	1733433197.601711	0.000000
139.000000	87791.930174	17717.467870	187500.000000	187500.000000	86886.684523	102821.019628	113374.842808	134218.738582	-0.072000	0.770000	0.580000	192.000000	0.000000	0.000000	0.000000	0.000000	0.000000	0.000000	0.000000	0.000000	0.000000	1733433197.605831	0.000000
140.000000	87788.823281	17693.685614	187500.000000	187500.000000	86887.399779	102808.904983	113365.700944	134207.473303	-0.072000	0.770000	0.580000	192.000000	0.000000	0.000000	0.000000	0.000000	0.000000	0.000000	0.000000	0.000000	0.000000	1733433197.608619	0.000000
141.000000	87781.961296	17653.340716	187500.000000	187500.000000	86884.248183	102817.219832	113364.158674	134214.312937	-0.072000	0.770000	0.580000	192.000000	0.000000	0.000000	0.000000	0.000000	0.000000	0.000000	0.000000	0.000000	0.000000	1733433197.612455	0.000000
142.000000	87794.813549	17664.315422	187500.000000	187500.000000	86900.654364	102849.272233	113384.543465	134214.536454	-0.072000	0.770000	0.580000	192.000000	0.000000	0.000000	0.000000	0.000000	0.000000	0.000000	0.000000	0.000000	0.000000	1733433197.616872	0.000000
143.000000	87807.665802	17689.170562	187500.000000	187500.000000	86909.907986	102843.103152	113400.860238	134228.662757	-0.072000	0.770000	0.580000	192.000000	0.000000	0.000000	0.000000	0.000000	0.000000	0.000000	0.000000	0.000000	0.000000	1733433197.620517	0.000000
144.000000	87795.886433	17674.574873	187500.000000	187500.000000	86891.020762	102828.440407	113381.995366	134231.926111	-0.072000	0.770000	0.580000	192.000000	0.000000	0.000000	0.000000	0.000000	0.000000	0.000000	0.000000	0.000000	0.000000	1733433197.624502	0.000000
145.000000	87789.650296	17683.560274	187500.000000	187500.000000	86882.080064	102818.382122	113373.322889	134235.323576	-0.072000	0.770000	0.580000	192.000000	0.000000	0.000000	0.000000	0.000000	0.000000	0.000000	0.000000	0.000000	0.000000	1733433197.629513	0.000000
146.000000	87788.733874	17676.742992	187500.000000	187500.000000	86877.207384	102816.973962	113367.511435	134218.895044	-0.072000	0.770000	0.580000	192.000000	0.000000	0.000000	0.000000	0.000000	0.000000	0.000000	0.000000	0.000000	0.000000	1733433197.633686	0.000000
147.000000	87787.549232	17671.020945	187500.000000	187500.000000	86879.755483	102827.948669	113360.940023	134208.434428	-0.070000	0.768000	0.574000	192.000000	253.000000	208.000000	24.000000	0.000000	17.000000	240.000000	0.000000	0.000000	0.000000	1733433197.636831	0.000000
148.000000	87795.282936	17683.716736	187500.000000	187500.000000	86893.881785	102840.018611	113386.577473	134227.187541	-0.070000	0.768000	0.574000	192.000000	0.000000	0.000000	0.000000	0.000000	0.000000	0.000000	0.000000	0.000000	0.000000	1733433197.640683	0.000000
149.000000	87791.036104	17671.646794	187500.000000	187500.000000	86894.999372	102849.607509	113390.466677	134228.796867	-0.070000	0.768000	0.574000	192.000000	0.000000	0.000000	0.000000	0.000000	0.000000	0.000000	0.000000	0.000000	0.000000	1733433197.644806	0.000000
150.000000	87792.466616	17680.945120	187500.000000	187500.000000	86889.746712	102846.031230	113388.253854	134237.894027	-0.070000	0.768000	0.574000	192.000000	0.000000	0.000000	0.000000	0.000000	0.000000	0.000000	0.000000	0.000000	0.000000	1733433197.648598	0.000000
151.000000	87790.365552	17681.548617	187500.000000	187500.000000	86886.237489	102847.797018	113392.880665	134239.302187	-0.070000	0.768000	0.574000	192.000000	0.000000	0.000000	0.000000	0.000000	0.000000	0.000000	0.000000	0.000000	0.000000	1733433197.652565	0.000000
152.000000	87792.757188	17696.501934	187500.000000	187500.000000	86887.444483	102816.281058	113389.505552	134221.241977	-0.070000	0.768000	0.574000	192.000000	0.000000	0.000000	0.000000	0.000000	0.000000	0.000000	0.000000	0.000000	0.000000	1733433197.656556	0.000000
153.000000	87791.527842	17645.897585	187500.000000	187500.000000	86888.047980	102813.174166	113385.638700	134215.564634	-0.070000	0.768000	0.574000	192.000000	0.000000	0.000000	0.000000	0.000000	0.000000	0.000000	0.000000	0.000000	0.000000	1733433197.661588	0.000000
154.000000	87789.739703	17651.664335	187500.000000	187500.000000	86887.466834	102805.865145	113377.860293	134228.506294	-0.070000	0.768000	0.574000	192.000000	0.000000	0.000000	0.000000	0.000000	0.000000	0.000000	0.000000	0.000000	0.000000	1733433197.664816	0.000000
155.000000	87786.275183	17660.582681	187500.000000	187500.000000	86886.840986	102810.626067	113368.561967	134210.647250	-0.070000	0.768000	0.574000	192.000000	0.000000	0.000000	0.000000	0.000000	0.000000	0.000000	0.000000	0.000000	0.000000	1733433197.668578	0.000000
156.000000	87788.443302	17674.887797	187500.000000	187500.000000	86889.478491	102833.581309	113382.241235	134234.094230	-0.070000	0.768000	0.574000	192.000000	0.000000	0.000000	0.000000	0.000000	0.000000	0.000000	0.000000	0.000000	0.000000	1733433197.672708	0.000000
157.000000	87790.276145	17688.142382	187500.000000	187500.000000	86893.211233	102831.703762	113386.130439	134228.573350	-0.066000	0.770000	0.570000	192.000000	253.000000	240.000000	24.000000	16.000000	17.000000	208.000000	0.000000	0.000000	0.000000	1733433197.676658	0.000000
158.000000	87791.349029	17693.842077	187500.000000	187500.000000	86902.442503	102835.347096	113403.520096	134234.608321	-0.066000	0.770000	0.570000	192.000000	0.000000	0.000000	0.000000	0.000000	0.000000	0.000000	0.000000	0.000000	0.000000	1733433197.680766	0.000000
159.000000	87794.433569	17689.259969	187500.000000	187500.000000	86910.936166	102867.332443	113405.174125	134222.806599	-0.066000	0.770000	0.570000	192.000000	0.000000	0.000000	0.000000	0.000000	0.000000	0.000000	0.000000	0.000000	0.000000	1733433197.685041	0.000000
160.000000	87795.819377	17678.061745	187500.000000	187500.000000	86917.462876	102858.883483	113391.271340	134209.104980	-0.066000	0.770000	0.570000	192.000000	0.000000	0.000000	0.000000	0.000000	0.000000	0.000000	0.000000	0.000000	0.000000	1733433197.689616	0.000000
161.000000	87794.612383	17678.844056	187500.000000	187500.000000	86918.021669	102846.031230	113412.393738	134227.902797	-0.066000	0.770000	0.570000	192.000000	0.000000	0.000000	0.000000	0.000000	0.000000	0.000000	0.000000	0.000000	0.000000	1733433197.692658	0.000000
162.000000	87799.395657	17691.539847	187500.000000	187500.000000	86916.099419	102832.731942	113415.880610	134244.890123	-0.066000	0.770000	0.570000	192.000000	0.000000	0.000000	0.000000	0.000000	0.000000	0.000000	0.000000	0.000000	0.000000	1733433197.696589	0.000000
163.000000	87790.074979	17693.730318	187500.000000	187500.000000	86901.637840	102827.591041	113395.786392	134239.704518	-0.066000	0.770000	0.570000	192.000000	0.000000	0.000000	0.000000	0.000000	0.000000	0.000000	0.000000	0.000000	0.000000	1733433197.700595	0.000000
164.000000	87791.639601	17684.968434	187500.000000	187500.000000	86899.961460	102832.575480	113391.539561	134228.036908	-0.066000	0.770000	0.570000	192.000000	0.000000	0.000000	0.000000	0.000000	0.000000	0.000000	0.000000	0.000000	0.000000	1733433197.704669	0.000000
165.000000	87782.788310	17641.360181	187500.000000	187500.000000	86899.939108	102843.952518	113390.131401	134227.634576	-0.066000	0.770000	0.570000	192.000000	0.000000	0.000000	0.000000	0.000000	0.000000	0.000000	0.000000	0.000000	0.000000	1733433197.708834	0.000000
166.000000	87782.341275	17656.380553	187500.000000	187500.000000	86902.621317	102879.447088	113399.250913	134227.656928	-0.066000	0.770000	0.570000	192.000000	0.000000	0.000000	0.000000	0.000000	0.000000	0.000000	0.000000	0.000000	0.000000	1733433197.712886	0.000000
167.000000	87790.611421	17679.335794	187500.000000	187500.000000	86900.117922	102838.677506	113409.488012	134242.207914	-0.072000	0.774000	0.572000	192.000000	253.000000	192.000000	24.000000	48.000000	17.000000	224.000000	0.000000	0.000000	0.000000	1733433197.718040	0.000000
168.000000	87776.552174	17655.061800	187500.000000	187500.000000	86875.843927	102815.029361	113387.806819	134254.948408	-0.072000	0.774000	0.572000	192.000000	0.000000	0.000000	0.000000	0.000000	0.000000	0.000000	0.000000	0.000000	0.000000	1733433197.720675	0.000000
169.000000	87788.286840	17686.801277	187500.000000	187500.000000	86890.998410	102835.816483	113397.038090	134232.171980	-0.072000	0.774000	0.572000	192.000000	0.000000	0.000000	0.000000	0.000000	0.000000	0.000000	0.000000	0.000000	0.000000	1733433197.724650	0.000000
170.000000	87791.661953	17676.228902	187500.000000	187500.000000	86891.937183	102842.432599	113388.522075	134213.195349	-0.072000	0.774000	0.572000	192.000000	0.000000	0.000000	0.000000	0.000000	0.000000	0.000000	0.000000	0.000000	0.000000	1733433197.728716	0.000000
171.000000	87782.944773	17650.300878	187500.000000	187500.000000	86886.684523	102831.659059	113377.793238	134215.207006	-0.072000	0.774000	0.572000	192.000000	0.000000	0.000000	0.000000	0.000000	0.000000	0.000000	0.000000	0.000000	0.000000	1733433197.732744	0.000000
172.000000	87788.689171	17665.410658	187500.000000	187500.000000	86892.764198	102818.315067	113389.259683	134227.165190	-0.072000	0.774000	0.572000	192.000000	0.000000	0.000000	0.000000	0.000000	0.000000	0.000000	0.000000	0.000000	0.000000	1733433197.736674	0.000000
173.000000	87792.801892	17658.839245	187500.000000	187500.000000	86903.984774	102847.059410	113398.714471	134219.006803	-0.072000	0.774000	0.572000	192.000000	0.000000	0.000000	0.000000	0.000000	0.000000	0.000000	0.000000	0.000000	0.000000	1733433197.740690	0.000000
174.000000	87790.298497	17666.215320	187500.000000	187500.000000	86913.663079	102875.826106	113398.222732	134231.344966	-0.072000	0.774000	0.572000	192.000000	0.000000	0.000000	0.000000	0.000000	0.000000	0.000000	0.000000	0.000000	0.000000	1733433197.744800	0.000000
175.000000	87801.362610	17679.425201	187500.000000	187500.000000	86924.235454	102853.116733	113402.424860	134240.285664	-0.072000	0.774000	0.572000	192.000000	0.000000	0.000000	0.000000	0.000000	0.000000	0.000000	0.000000	0.000000	0.000000	1733433197.747834	0.000000
176.000000	87801.049686	17672.607919	187500.000000	187500.000000	86916.814675	102823.075989	113399.429727	134239.905684	-0.072000	0.774000	0.572000	192.000000	0.000000	0.000000	0.000000	0.000000	0.000000	0.000000	0.000000	0.000000	0.000000	1733433197.752887	0.000000
177.000000	87801.340258	17684.163771	187500.000000	187500.000000	86913.573672	102835.592966	113408.191610	134240.352719	-0.074000	0.776000	0.570000	192.000000	253.000000	176.000000	24.000000	64.000000	17.000000	208.000000	0.000000	0.000000	0.000000	1733433197.756817	0.000000
178.000000	87800.870872	17703.788603	187500.000000	187500.000000	86915.942957	102826.920489	113411.410262	134257.451803	-0.074000	0.776000	0.570000	192.000000	0.000000	0.000000	0.000000	0.000000	0.000000	0.000000	0.000000	0.000000	0.000000	1733433197.760694	0.000000
179.000000	87794.277107	17668.696364	187500.000000	187500.000000	86912.679602	102816.839852	113400.212038	134235.882370	-0.074000	0.776000	0.570000	192.000000	0.000000	0.000000	0.000000	0.000000	0.000000	0.000000	0.000000	0.000000	0.000000	1733433197.764745	0.000000
180.000000	87794.053590	17657.028753	187500.000000	187500.000000	86908.142198	102813.531794	113406.001139	134224.661794	-0.074000	0.776000	0.570000	192.000000	0.000000	0.000000	0.000000	0.000000	0.000000	0.000000	0.000000	0.000000	0.000000	1733433197.769734	0.000000
181.000000	87789.560889	17648.624497	187500.000000	187500.000000	86909.036268	102829.937974	113413.064291	134227.723983	-0.074000	0.776000	0.570000	192.000000	0.000000	0.000000	0.000000	0.000000	0.000000	0.000000	0.000000	0.000000	0.000000	1733433197.772732	0.000000
182.000000	87784.196470	17643.036561	187500.000000	187500.000000	86907.248128	102826.138178	113404.503573	134222.091344	-0.074000	0.776000	0.570000	192.000000	0.000000	0.000000	0.000000	0.000000	0.000000	0.000000	0.000000	0.000000	0.000000	1733433197.775715	0.000000
183.000000	87790.298497	17659.889777	187500.000000	187500.000000	86912.724306	102824.193576	113406.805802	134227.992204	-0.074000	0.776000	0.570000	192.000000	0.000000	0.000000	0.000000	0.000000	0.000000	0.000000	0.000000	0.000000	0.000000	1733433197.779900	0.000000
184.000000	87788.622116	17674.105486	187500.000000	187500.000000	86901.213157	102815.990486	113412.706663	134223.879483	-0.074000	0.776000	0.570000	192.000000	0.000000	0.000000	0.000000	0.000000	0.000000	0.000000	0.000000	0.000000	0.000000	1733433197.785051	0.000000
185.000000	87797.562813	17688.701175	187500.000000	187500.000000	86911.830236	102826.048771	113419.702759	134222.471323	-0.074000	0.776000	0.570000	192.000000	0.000000	0.000000	0.000000	0.000000	0.000000	0.000000	0.000000	0.000000	0.000000	1733433197.789031	0.000000
186.000000	87802.211976	17696.501934	187500.000000	187500.000000	86923.699012	102841.180902	113416.126480	134232.641367	-0.074000	0.776000	0.570000	192.000000	0.000000	0.000000	0.000000	0.000000	0.000000	0.000000	0.000000	0.000000	0.000000	1733433197.793064	0.000000
187.000000	87788.286840	17670.037469	187500.000000	187500.000000	86914.087762	102835.190634	113411.209096	134238.005786	-0.078000	0.776000	0.578000	192.000000	253.000000	144.000000	24.000000	64.000000	18.000000	16.000000	0.000000	0.000000	0.000000	1733433197.796751	0.000000
188.000000	87790.387903	17670.819780	187500.000000	187500.000000	86909.684468	102834.609489	113413.310160	134252.579123	-0.078000	0.776000	0.578000	192.000000	0.000000	0.000000	0.000000	0.000000	0.000000	0.000000	0.000000	0.000000	0.000000	1733433197.800786	0.000000
189.000000	87797.249889	17693.640911	187500.000000	187500.000000	86917.798152	102840.487998	113417.646398	134230.361489	-0.078000	0.776000	0.578000	192.000000	0.000000	0.000000	0.000000	0.000000	0.000000	0.000000	0.000000	0.000000	0.000000	1733433197.803771	0.000000
190.000000	87786.990438	17656.827588	187500.000000	187500.000000	86914.311280	102823.970058	113418.205192	134235.122411	-0.078000	0.776000	0.578000	192.000000	0.000000	0.000000	0.000000	0.000000	0.000000	0.000000	0.000000	0.000000	0.000000	1733433197.808781	0.000000
191.000000	87785.112892	17649.183291	187500.000000	187500.000000	86914.378335	102843.706649	113422.988465	134246.722966	-0.078000	0.776000	0.578000	192.000000	0.000000	0.000000	0.000000	0.000000	0.000000	0.000000	0.000000	0.000000	0.000000	1733433197.812808	0.000000
192.000000	87787.191604	17653.698343	187500.000000	187500.000000	86913.372506	102828.172186	113423.211983	134241.135030	-0.078000	0.776000	0.578000	192.000000	0.000000	0.000000	0.000000	0.000000	0.000000	0.000000	0.000000	0.000000	0.000000	1733433197.816919	0.000000
193.000000	87783.257697	17646.009343	187500.000000	187500.000000	86909.259785	102799.450195	113411.276151	134233.602492	-0.078000	0.776000	0.578000	192.000000	0.000000	0.000000	0.000000	0.000000	0.000000	0.000000	0.000000	0.000000	0.000000	1733433197.821008	0.000000
194.000000	87800.513244	17677.905283	187500.000000	187500.000000	86930.695108	102828.216890	113426.408282	134233.803658	-0.078000	0.776000	0.578000	192.000000	0.000000	0.000000	0.000000	0.000000	0.000000	0.000000	0.000000	0.000000	0.000000	1733433197.824080	0.000000
195.000000	87814.773657	17706.850792	187500.000000	187500.000000	86934.338443	102843.572538	113432.264439	134252.065033	-0.078000	0.776000	0.578000	192.000000	0.000000	0.000000	0.000000	0.000000	0.000000	0.000000	0.000000	0.000000	0.000000	1733433197.828071	0.000000
196.000000	87806.347049	17702.022815	187500.000000	187500.000000	86916.881730	102834.095399	113423.010817	134233.244864	-0.078000	0.776000	0.578000	192.000000	0.000000	0.000000	0.000000	0.000000	0.000000	0.000000	0.000000	0.000000	0.000000	1733433197.831997	0.000000
197.000000	87803.664840	17656.849939	187500.000000	187500.000000	86917.440524	102831.010858	113440.691047	134256.289513	-0.074000	0.770000	0.574000	192.000000	253.000000	176.000000	24.000000	16.000000	17.000000	240.000000	0.000000	0.000000	0.000000	1733433197.835776	0.000000
198.000000	87805.542386	17670.193931	187500.000000	187500.000000	86917.619338	102839.839797	113433.538489	134245.001882	-0.074000	0.770000	0.574000	192.000000	0.000000	0.000000	0.000000	0.000000	0.000000	0.000000	0.000000	0.000000	0.000000	1733433197.840819	0.000000
199.000000	87805.140055	17680.811010	187500.000000	187500.000000	86926.917663	102855.620129	113428.330532	134231.479076	-0.074000	0.770000	0.574000	192.000000	0.000000	0.000000	0.000000	0.000000	0.000000	0.000000	0.000000	0.000000	0.000000	1733433197.844828	0.000000
200.000000	87814.304270	17717.400815	187500.000000	187500.000000	86940.328710	102885.929094	113443.708532	134252.109736	-0.074000	0.770000	0.574000	192.000000	0.000000	0.000000	0.000000	0.000000	0.000000	0.000000	0.000000	0.000000	0.000000	1733433197.848992	0.000000
201.000000	87818.752267	17680.475733	187500.000000	187500.000000	86941.267483	102856.894178	113454.884405	134268.135937	-0.074000	0.770000	0.574000	192.000000	0.000000	0.000000	0.000000	0.000000	0.000000	0.000000	0.000000	0.000000	0.000000	1733433197.852934	0.000000
202.000000	87808.470465	17656.849939	187500.000000	187500.000000	86935.120754	102830.675582	113447.933012	134264.313789	-0.074000	0.770000	0.574000	192.000000	0.000000	0.000000	0.000000	0.000000	0.000000	0.000000	0.000000	0.000000	0.000000	1733433197.856009	0.000000
203.000000	87799.239194	17652.536053	187500.000000	187500.000000	86926.805905	102816.996314	113431.951515	134253.428489	-0.074000	0.770000	0.574000	192.000000	0.000000	0.000000	0.000000	0.000000	0.000000	0.000000	0.000000	0.000000	0.000000	1733433197.860154	0.000000
204.000000	87802.703715	17668.584605	187500.000000	187500.000000	86922.179094	102826.249936	113431.102148	134254.546077	-0.074000	0.770000	0.574000	192.000000	0.000000	0.000000	0.000000	0.000000	0.000000	0.000000	0.000000	0.000000	0.000000	1733433197.864116	0.000000
205.000000	87815.734782	17696.948969	187500.000000	187500.000000	86936.685376	102854.636652	113434.723131	134264.716120	-0.074000	0.770000	0.574000	192.000000	0.000000	0.000000	0.000000	0.000000	0.000000	0.000000	0.000000	0.000000	0.000000	1733433197.868871	0.000000
206.000000	87819.869854	17717.847850	187500.000000	187500.000000	86939.412289	102866.751297	113428.509346	134266.012522	-0.074000	0.770000	0.574000	192.000000	0.000000	0.000000	0.000000	0.000000	0.000000	0.000000	0.000000	0.000000	0.000000	1733433197.872884	0.000000
207.000000	87813.432552	17696.792507	187500.000000	187500.000000	86943.033271	102862.526818	113441.652172	134257.988245	-0.072000	0.768000	0.576000	192.000000	253.000000	192.000000	24.000000	0.000000	18.000000	0.000000	0.000000	0.000000	0.000000	1733433197.876891	0.000000
208.000000	87809.118665	17658.168692	187500.000000	187500.000000	86941.848629	102846.053582	113442.725056	134277.501318	-0.072000	0.768000	0.576000	192.000000	0.000000	0.000000	0.000000	0.000000	0.000000	0.000000	0.000000	0.000000	0.000000	1733433197.879888	0.000000
209.000000	87803.731895	17657.609899	187500.000000	187500.000000	86937.512390	102836.755256	113443.864995	134275.646123	-0.072000	0.768000	0.576000	192.000000	0.000000	0.000000	0.000000	0.000000	0.000000	0.000000	0.000000	0.000000	0.000000	1733433197.883876	0.000000
210.000000	87815.578319	17671.244463	187500.000000	187500.000000	86953.784460	102866.550132	113461.344059	134270.214649	-0.072000	0.768000	0.576000	192.000000	0.000000	0.000000	0.000000	0.000000	0.000000	0.000000	0.000000	0.000000	0.000000	1733433197.888064	0.000000
211.000000	87830.241064	17674.798390	187500.000000	187500.000000	86965.362664	102880.542324	113481.259463	134297.662592	-0.072000	0.768000	0.576000	192.000000	0.000000	0.000000	0.000000	0.000000	0.000000	0.000000	0.000000	0.000000	0.000000	1733433197.892177	0.000000
212.000000	87822.261491	17706.113184	187500.000000	187500.000000	86949.649388	102862.638576	113472.296413	134275.668475	-0.072000	0.768000	0.576000	192.000000	0.000000	0.000000	0.000000	0.000000	0.000000	0.000000	0.000000	0.000000	0.000000	1733433197.897109	0.000000
213.000000	87806.034125	17694.534981	187500.000000	187500.000000	86941.312187	102842.544358	113472.117600	134289.727722	-0.072000	0.768000	0.576000	192.000000	0.000000	0.000000	0.000000	0.000000	0.000000	0.000000	0.000000	0.000000	0.000000	1733433197.901090	0.000000
214.000000	87819.646337	17690.042280	187500.000000	187500.000000	86953.091556	102873.926207	113481.751201	134287.112568	-0.072000	0.768000	0.576000	192.000000	0.000000	0.000000	0.000000	0.000000	0.000000	0.000000	0.000000	0.000000	0.000000	1733433197.904916	0.000000
215.000000	87827.804724	17686.756574	187500.000000	187500.000000	86960.221763	102878.731832	113483.651100	134269.767615	-0.072000	0.768000	0.576000	192.000000	0.000000	0.000000	0.000000	0.000000	0.000000	0.000000	0.000000	0.000000	0.000000	1733433197.907928	0.000000
216.000000	87826.508323	17661.297937	187500.000000	187500.000000	86956.511373	102865.700765	113484.858094	134281.479929	-0.072000	0.768000	0.576000	192.000000	0.000000	0.000000	0.000000	0.000000	0.000000	0.000000	0.000000	0.000000	0.000000	1733433197.911986	0.000000
217.000000	87830.799857	17678.173504	187500.000000	187500.000000	86956.399614	102870.305225	113483.807562	134300.456560	-0.076000	0.762000	0.574000	192.000000	253.000000	160.000000	23.000000	208.000000	17.000000	240.000000	0.000000	0.000000	0.000000	1733433197.916028	0.000000
218.000000	87828.967014	17684.096716	187500.000000	187500.000000	86954.723234	102871.579274	113482.622919	134277.680132	-0.076000	0.762000	0.574000	192.000000	0.000000	0.000000	0.000000	0.000000	0.000000	0.000000	0.000000	0.000000	0.000000	1733433197.920132	0.000000
219.000000	87822.864988	17681.392155	187500.000000	187500.000000	86953.650350	102863.309129	113475.291547	134267.845365	-0.076000	0.762000	0.574000	192.000000	0.000000	0.000000	0.000000	0.000000	0.000000	0.000000	0.000000	0.000000	0.000000	1733433197.924045	0.000000
220.000000	87818.662860	17674.038431	187500.000000	187500.000000	86947.950655	102860.135181	113477.236149	134285.458539	-0.076000	0.762000	0.574000	192.000000	0.000000	0.000000	0.000000	0.000000	0.000000	0.000000	0.000000	0.000000	0.000000	1733433197.929192	0.000000
221.000000	87812.873758	17695.898437	187500.000000	187500.000000	86932.237379	102842.298489	113469.256576	134273.433301	-0.076000	0.762000	0.574000	192.000000	0.000000	0.000000	0.000000	0.000000	0.000000	0.000000	0.000000	0.000000	0.000000	1733433197.933060	0.000000
222.000000	87810.906805	17683.537922	187500.000000	187500.000000	86922.871998	102838.744562	113473.905739	134260.111661	-0.076000	0.762000	0.574000	192.000000	0.000000	0.000000	0.000000	0.000000	0.000000	0.000000	0.000000	0.000000	0.000000	1733433197.936268	0.000000
223.000000	87814.840712	17689.528190	187500.000000	187500.000000	86939.702861	102862.415059	113487.920283	134273.545059	-0.076000	0.762000	0.574000	192.000000	0.000000	0.000000	0.000000	0.000000	0.000000	0.000000	0.000000	0.000000	0.000000	1733433197.939911	0.000000
224.000000	87823.580244	17689.237617	187500.000000	187500.000000	86946.855419	102861.520989	113486.892103	134299.875414	-0.076000	0.762000	0.574000	192.000000	0.000000	0.000000	0.000000	0.000000	0.000000	0.000000	0.000000	0.000000	0.000000	1733433197.943964	0.000000
225.000000	87827.804724	17673.032602	187500.000000	187500.000000	86942.943864	102850.456876	113484.969853	134305.396295	-0.076000	0.762000	0.574000	192.000000	0.000000	0.000000	0.000000	0.000000	0.000000	0.000000	0.000000	0.000000	0.000000	1733433197.948268	0.000000
226.000000	87824.653128	17671.847960	187500.000000	187500.000000	86944.441431	102868.047699	113491.965949	134286.464368	-0.076000	0.762000	0.574000	192.000000	0.000000	0.000000	0.000000	0.000000	0.000000	0.000000	0.000000	0.000000	0.000000	1733433197.952972	0.000000
227.000000	87814.505436	17668.182274	187500.000000	187500.000000	86938.518219	102865.544303	113491.675376	134283.424530	-0.070000	0.768000	0.576000	192.000000	253.000000	208.000000	24.000000	0.000000	18.000000	0.000000	0.000000	0.000000	0.000000	1733433197.957108	0.000000
228.000000	87811.085619	17669.344565	187500.000000	187500.000000	86936.819486	102854.435486	113484.813390	134267.241867	-0.070000	0.768000	0.576000	192.000000	0.000000	0.000000	0.000000	0.000000	0.000000	0.000000	0.000000	0.000000	0.000000	1733433197.960259	0.000000
229.000000	87813.968994	17680.699251	187500.000000	187500.000000	86930.605701	102849.629861	113484.120486	134259.999902	-0.070000	0.768000	0.576000	192.000000	0.000000	0.000000	0.000000	0.000000	0.000000	0.000000	0.000000	0.000000	0.000000	1733433197.964279	0.000000
230.000000	87824.876645	17694.870257	187500.000000	187500.000000	86942.586236	102864.918454	113489.328443	134265.118452	-0.070000	0.768000	0.576000	192.000000	0.000000	0.000000	0.000000	0.000000	0.000000	0.000000	0.000000	0.000000	0.000000	1733433197.968229	0.000000
231.000000	87830.486933	17717.601981	187500.000000	187500.000000	86945.849591	102857.855303	113489.730774	134275.690827	-0.070000	0.768000	0.576000	192.000000	0.000000	0.000000	0.000000	0.000000	0.000000	0.000000	0.000000	0.000000	0.000000	1733433197.972021	0.000000
232.000000	87823.155561	17707.610751	187500.000000	187500.000000	86945.469611	102860.291643	113490.960120	134298.757827	-0.070000	0.768000	0.576000	192.000000	0.000000	0.000000	0.000000	0.000000	0.000000	0.000000	0.000000	0.000000	0.000000	1733433197.976000	0.000000
233.000000	87820.272186	17676.430068	187500.000000	187500.000000	86947.078937	102879.312978	113499.945521	134308.100856	-0.070000	0.768000	0.576000	192.000000	0.000000	0.000000	0.000000	0.000000	0.000000	0.000000	0.000000	0.000000	0.000000	1733433197.980000	0.000000
234.000000	87815.891244	17646.031695	187500.000000	187500.000000	86946.855419	102857.452972	113501.644254	134317.510941	-0.070000	0.768000	0.576000	192.000000	0.000000	0.000000	0.000000	0.000000	0.000000	0.000000	0.000000	0.000000	0.000000	1733433197.985022	0.000000
235.000000	87818.461695	17660.023887	187500.000000	187500.000000	86942.519181	102845.315974	113494.469344	134292.544042	-0.070000	0.768000	0.576000	192.000000	0.000000	0.000000	0.000000	0.000000	0.000000	0.000000	0.000000	0.000000	0.000000	1733433197.988019	0.000000
236.000000	87814.103104	17679.179332	187500.000000	187500.000000	86930.337480	102860.984547	113482.019422	134253.473193	-0.070000	0.768000	0.576000	192.000000	0.000000	0.000000	0.000000	0.000000	0.000000	0.000000	0.000000	0.000000	0.000000	1733433197.992151	0.000000
237.000000	87821.769753	17694.624388	187500.000000	187500.000000	86921.977928	102855.530722	113491.183638	134268.962952	-0.072000	0.766000	0.576000	192.000000	253.000000	192.000000	23.000000	240.000000	18.000000	0.000000	0.000000	0.000000	0.000000	1733433197.996248	0.000000
238.000000	87818.796971	17681.012175	187500.000000	187500.000000	86915.428867	102851.172131	113489.641367	134279.848251	-0.072000	0.766000	0.576000	192.000000	0.000000	0.000000	0.000000	0.000000	0.000000	0.000000	0.000000	0.000000	0.000000	1733433198.000424	0.000000
239.000000	87823.759058	17657.229919	187500.000000	187500.000000	86923.475495	102870.595797	113505.734623	134311.744191	-0.072000	0.766000	0.576000	192.000000	0.000000	0.000000	0.000000	0.000000	0.000000	0.000000	0.000000	0.000000	0.000000	1733433198.004188	0.000000
240.000000	87827.938834	17666.125913	187500.000000	187500.000000	86930.538646	102874.887332	113513.222458	134308.682002	-0.072000	0.766000	0.576000	192.000000	0.000000	0.000000	0.000000	0.000000	0.000000	0.000000	0.000000	0.000000	0.000000	1733433198.008062	0.000000
241.000000	87821.903863	17673.010251	187500.000000	187500.000000	86920.949748	102839.929204	113505.309940	134267.733606	-0.072000	0.766000	0.576000	192.000000	0.000000	0.000000	0.000000	0.000000	0.000000	0.000000	0.000000	0.000000	0.000000	1733433198.013164	0.000000
242.000000	87831.381003	17670.529207	187500.000000	187500.000000	86928.705803	102869.366451	113512.306036	134292.275821	-0.072000	0.766000	0.576000	192.000000	0.000000	0.000000	0.000000	0.000000	0.000000	0.000000	0.000000	0.000000	0.000000	1733433198.016332	0.000000
243.000000	87821.345070	17658.571024	187500.000000	187500.000000	86920.726230	102870.439335	113507.366301	134300.031877	-0.072000	0.766000	0.576000	192.000000	0.000000	0.000000	0.000000	0.000000	0.000000	0.000000	0.000000	0.000000	0.000000	1733433198.020066	0.000000
244.000000	87812.069096	17663.667222	187500.000000	187500.000000	86921.776762	102864.113791	113505.041719	134277.769539	-0.072000	0.766000	0.576000	192.000000	0.000000	0.000000	0.000000	0.000000	0.000000	0.000000	0.000000	0.000000	0.000000	1733433198.024103	0.000000
245.000000	87816.494741	17675.915977	187500.000000	187500.000000	86922.760239	102847.685259	113503.342987	134283.335123	-0.072000	0.766000	0.576000	192.000000	0.000000	0.000000	0.000000	0.000000	0.000000	0.000000	0.000000	0.000000	0.000000	1733433198.028080	0.000000
246.000000	87824.362555	17678.866408	187500.000000	187500.000000	86926.202408	102856.089515	113515.859963	134275.824937	-0.072000	0.766000	0.576000	192.000000	0.000000	0.000000	0.000000	0.000000	0.000000	0.000000	0.000000	0.000000	0.000000	1733433198.032335	0.000000
247.000000	87829.190532	17692.143344	187500.000000	187500.000000	86923.989585	102838.185768	113511.322559	134279.714141	-0.078000	0.768000	0.578000	192.000000	253.000000	144.000000	24.000000	0.000000	18.000000	16.000000	0.000000	0.000000	0.000000	1733433198.036317	0.000000
248.000000	87819.378116	17660.515626	187500.000000	187500.000000	86927.409402	102847.126466	113514.608266	134300.210691	-0.078000	0.768000	0.578000	192.000000	0.000000	0.000000	0.000000	0.000000	0.000000	0.000000	0.000000	0.000000	0.000000	1733433198.041348	0.000000
249.000000	87815.578319	17662.035544	187500.000000	187500.000000	86930.672757	102857.765896	113511.054338	134297.796702	-0.078000	0.768000	0.578000	192.000000	0.000000	0.000000	0.000000	0.000000	0.000000	0.000000	0.000000	0.000000	0.000000	1733433198.044387	0.000000
250.000000	87821.300366	17661.119123	187500.000000	187500.000000	86934.517257	102859.241111	113515.256466	134304.189301	-0.078000	0.768000	0.578000	192.000000	0.000000	0.000000	0.000000	0.000000	0.000000	0.000000	0.000000	0.000000	0.000000	1733433198.047116	0.000000
251.000000	87822.194436	17665.276547	187500.000000	187500.000000	86941.580408	102873.635635	113533.339028	134289.213632	-0.078000	0.768000	0.578000	192.000000	0.000000	0.000000	0.000000	0.000000	0.000000	0.000000	0.000000	0.000000	0.000000	1733433198.052150	0.000000
252.000000	87822.887340	17696.189010	187500.000000	187500.000000	86932.125620	102857.341213	113524.197164	134314.091124	-0.078000	0.768000	0.578000	192.000000	0.000000	0.000000	0.000000	0.000000	0.000000	0.000000	0.000000	0.000000	0.000000	1733433198.056185	0.000000
253.000000	87816.047706	17693.931483	187500.000000	187500.000000	86931.835047	102865.499600	113521.246734	134293.683981	-0.078000	0.768000	0.578000	192.000000	0.000000	0.000000	0.000000	0.000000	0.000000	0.000000	0.000000	0.000000	0.000000	1733433198.060185	0.000000
254.000000	87817.165293	17647.305745	187500.000000	187500.000000	86933.511428	102871.243998	113516.485812	134279.423568	-0.078000	0.768000	0.578000	192.000000	0.000000	0.000000	0.000000	0.000000	0.000000	0.000000	0.000000	0.000000	0.000000	1733433198.064162	0.000000
255.000000	87827.335337	17637.292163	187500.000000	187500.000000	86934.807829	102848.489922	113530.410949	134313.152351	-0.078000	0.768000	0.578000	192.000000	0.000000	0.000000	0.000000	0.000000	0.000000	0.000000	0.000000	0.000000	0.000000	1733433198.068250	0.000000
0.000000	87843.115669	17669.903358	187500.000000	187500.000000	86945.581370	102863.599701	113540.536289	134323.568263	-0.078000	0.768000	0.578000	192.000000	0.000000	0.000000	0.000000	0.000000	0.000000	0.000000	0.000000	0.000000	0.000000	1733433198.072313	0.000000
1.000000	87836.857180	17674.239597	187500.000000	187500.000000	86932.997338	102868.561789	113533.741359	134309.844292	-0.072000	0.778000	0.570000	192.000000	253.000000	192.000000	24.000000	80.000000	17.000000	208.000000	0.000000	0.000000	0.000000	1733433198.075488	0.000000
2.000000	87835.404317	17696.859562	187500.000000	187500.000000	86923.073163	102880.318806	113531.595591	134278.171870	-0.072000	0.778000	0.570000	192.000000	0.000000	0.000000	0.000000	0.000000	0.000000	0.000000	0.000000	0.000000	0.000000	1733433198.080249	0.000000
3.000000	87845.328491	17733.516423	187500.000000	187500.000000	86930.695108	102881.972835	113530.634466	134281.032894	-0.072000	0.778000	0.570000	192.000000	0.000000	0.000000	0.000000	0.000000	0.000000	0.000000	0.000000	0.000000	0.000000	1733433198.084276	0.000000
4.000000	87841.796916	17700.748766	187500.000000	187500.000000	86927.342347	102885.280893	113530.232135	134290.420626	-0.072000	0.778000	0.570000	192.000000	0.000000	0.000000	0.000000	0.000000	0.000000	0.000000	0.000000	0.000000	0.000000	1733433198.088188	0.000000
5.000000	87843.316834	17678.687594	187500.000000	187500.000000	86939.747565	102890.958237	113544.470196	134317.667403	-0.072000	0.778000	0.570000	192.000000	0.000000	0.000000	0.000000	0.000000	0.000000	0.000000	0.000000	0.000000	0.000000	1733433198.092187	0.000000
6.000000	87841.640454	17692.210399	187500.000000	187500.000000	86938.361757	102881.615207	113538.681094	134299.182510	-0.072000	0.778000	0.570000	192.000000	0.000000	0.000000	0.000000	0.000000	0.000000	0.000000	0.000000	0.000000	0.000000	1733433198.095178	0.000000
7.000000	87842.109840	17680.654547	187500.000000	187500.000000	86928.482286	102861.923321	113531.215612	134324.350575	-0.072000	0.778000	0.570000	192.000000	0.000000	0.000000	0.000000	0.000000	0.000000	0.000000	0.000000	0.000000	0.000000	1733433198.099185	0.000000
8.000000	87841.752212	17685.482524	187500.000000	187500.000000	86924.682489	102865.656062	113532.959048	134331.771354	-0.072000	0.778000	0.570000	192.000000	0.000000	0.000000	0.000000	0.000000	0.000000	0.000000	0.000000	0.000000	0.000000	1733433198.103368	0.000000
9.000000	87837.170105	17677.480600	187500.000000	187500.000000	86922.670832	102875.088498	113544.514900	134311.945356	-0.072000	0.778000	0.570000	192.000000	0.000000	0.000000	0.000000	0.000000	0.000000	0.000000	0.000000	0.000000	0.000000	1733433198.108443	0.000000
10.000000	87825.144866	17657.565195	187500.000000	187500.000000	86922.737887	102866.997167	113538.368170	134283.424530	-0.072000	0.778000	0.570000	192.000000	0.000000	0.000000	0.000000	0.000000	0.000000	0.000000	0.000000	0.000000	0.000000	1733433198.112340	0.000000
11.000000	87823.826113	17671.088001	187500.000000	187500.000000	86919.340422	102840.286832	113518.229248	134283.983324	-0.072000	0.780000	0.570000	192.000000	253.000000	192.000000	24.000000	96.000000	17.000000	208.000000	0.000000	0.000000	0.000000	1733433198.116390	0.000000
12.000000	87825.994232	17690.869295	187500.000000	187500.000000	86916.255881	102838.208120	113523.481908	134300.367153	-0.072000	0.780000	0.570000	192.000000	0.000000	0.000000	0.000000	0.000000	0.000000	0.000000	0.000000	0.000000	0.000000	1733433198.120267	0.000000
13.000000	87828.095296	17685.236655	187500.000000	187500.000000	86917.820503	102881.704614	113533.987228	134300.076580	-0.072000	0.780000	0.570000	192.000000	0.000000	0.000000	0.000000	0.000000	0.000000	0.000000	0.000000	0.000000	0.000000	1733433198.124256	0.000000
14.000000	87832.275073	17671.937367	187500.000000	187500.000000	86926.582387	102892.053472	113544.224327	134311.543025	-0.072000	0.780000	0.570000	192.000000	0.000000	0.000000	0.000000	0.000000	0.000000	0.000000	0.000000	0.000000	0.000000	1733433198.127251	0.000000
15.000000	87827.067116	17654.950041	187500.000000	187500.000000	86911.830236	102833.536605	113534.322504	134322.785952	-0.072000	0.780000	0.570000	192.000000	0.000000	0.000000	0.000000	0.000000	0.000000	0.000000	0.000000	0.000000	0.000000	1733433198.131554	0.000000
16.000000	87830.576340	17685.057841	187500.000000	187500.000000	86912.254919	102842.969041	113534.590725	134304.524577	-0.072000	0.780000	0.570000	192.000000	0.000000	0.000000	0.000000	0.000000	0.000000	0.000000	0.000000	0.000000	0.000000	1733433198.135252	0.000000
17.000000	87840.545218	17680.632196	187500.000000	187500.000000	86932.192675	102861.900969	113542.525595	134312.481798	-0.072000	0.780000	0.570000	192.000000	0.000000	0.000000	0.000000	0.000000	0.000000	0.000000	0.000000	0.000000	0.000000	1733433198.140509	0.000000
18.000000	87847.921294	17679.961643	187500.000000	187500.000000	86943.994396	102876.094327	113548.962897	134305.195130	-0.072000	0.780000	0.570000	192.000000	0.000000	0.000000	0.000000	0.000000	0.000000	0.000000	0.000000	0.000000	0.000000	1733433198.144526	0.000000
19.000000	87840.634625	17671.244463	187500.000000	187500.000000	86935.836009	102879.737661	113546.683019	134288.408969	-0.072000	0.780000	0.570000	192.000000	0.000000	0.000000	0.000000	0.000000	0.000000	0.000000	0.000000	0.000000	0.000000	1733433198.149097	0.000000
20.000000	87846.781355	17687.538885	187500.000000	187500.000000	86941.982739	102846.858245	113553.768522	134312.437095	-0.072000	0.780000	0.570000	192.000000	0.000000	0.000000	0.000000	0.000000	0.000000	0.000000	0.000000	0.000000	0.000000	1733433198.151573	0.000000
21.000000	87842.221599	17697.597170	187500.000000	187500.000000	86940.015786	102846.545320	113555.534310	134339.572113	-0.072000	0.778000	0.568000	192.000000	253.000000	192.000000	24.000000	80.000000	17.000000	192.000000	0.000000	0.000000	0.000000	1733433198.155259	0.000000
22.000000	87843.607407	17696.881914	187500.000000	187500.000000	86938.629978	102852.043849	113547.174757	134334.006528	-0.072000	0.778000	0.568000	192.000000	0.000000	0.000000	0.000000	0.000000	0.000000	0.000000	0.000000	0.000000	0.000000	1733433198.159276	0.000000
23.000000	87849.620026	17686.577760	187500.000000	187500.000000	86951.035196	102881.414042	113548.269993	134324.462333	-0.072000	0.778000	0.568000	192.000000	0.000000	0.000000	0.000000	0.000000	0.000000	0.000000	0.000000	0.000000	0.000000	1733433198.164489	0.000000
24.000000	87846.915465	17699.809992	187500.000000	187500.000000	86947.369510	102851.730925	113546.526557	134311.297156	-0.072000	0.778000	0.568000	192.000000	0.000000	0.000000	0.000000	0.000000	0.000000	0.000000	0.000000	0.000000	0.000000	1733433198.168264	0.000000
25.000000	87844.166201	17683.448515	187500.000000	187500.000000	86946.676606	102831.748466	113558.551795	134310.134865	-0.072000	0.778000	0.568000	192.000000	0.000000	0.000000	0.000000	0.000000	0.000000	0.000000	0.000000	0.000000	0.000000	1733433198.172565	0.000000
26.000000	87845.037919	17688.030623	187500.000000	187500.000000	86943.502658	102838.498692	113557.881243	134317.846217	-0.072000	0.778000	0.568000	192.000000	0.000000	0.000000	0.000000	0.000000	0.000000	0.000000	0.000000	0.000000	0.000000	1733433198.176446	0.000000
27.000000	87851.989311	17705.464984	187500.000000	187500.000000	86948.598856	102845.919471	113561.055191	134308.011449	-0.072000	0.778000	0.568000	192.000000	0.000000	0.000000	0.000000	0.000000	0.000000	0.000000	0.000000	0.000000	0.000000	1733433198.179491	0.000000
28.000000	87848.301273	17677.234730	187500.000000	187500.000000	86946.855419	102834.207157	113560.854025	134307.497359	-0.072000	0.778000	0.568000	192.000000	0.000000	0.000000	0.000000	0.000000	0.000000	0.000000	0.000000	0.000000	0.000000	1733433198.183484	0.000000
29.000000	87845.909637	17676.452419	187500.000000	187500.000000	86944.687300	102835.436503	113554.595537	134312.213577	-0.072000	0.778000	0.568000	192.000000	0.000000	0.000000	0.000000	0.000000	0.000000	0.000000	0.000000	0.000000	0.000000	1733433198.187596	0.000000
30.000000	87849.597675	17693.864428	187500.000000	187500.000000	86948.509449	102853.899044	113568.900653	134325.691679	-0.072000	0.778000	0.568000	192.000000	0.000000	0.000000	0.000000	0.000000	0.000000	0.000000	0.000000	0.000000	0.000000	1733433198.191344	0.000000
31.000000	87853.397471	17696.792507	187500.000000	187500.000000	86953.292722	102889.058338	113576.969633	134322.137752	-0.074000	0.778000	0.576000	192.000000	253.000000	176.000000	24.000000	80.000000	18.000000	0.000000	0.000000	0.000000	0.000000	1733433198.196357	0.000000
32.000000	87850.983483	17706.873144	187500.000000	187500.000000	86943.480306	102841.672640	113552.382714	134333.671252	-0.074000	0.778000	0.576000	192.000000	0.000000	0.000000	0.000000	0.000000	0.000000	0.000000	0.000000	0.000000	0.000000	1733433198.200391	0.000000
33.000000	87845.395547	17713.511612	187500.000000	187500.000000	86933.153800	102797.952628	113535.618905	134314.605214	-0.074000	0.778000	0.576000	192.000000	0.000000	0.000000	0.000000	0.000000	0.000000	0.000000	0.000000	0.000000	0.000000	1733433198.204514	0.000000
34.000000	87845.529657	17695.227885	187500.000000	187500.000000	86940.462821	102817.197480	113547.822958	134310.537196	-0.074000	0.778000	0.576000	192.000000	0.000000	0.000000	0.000000	0.000000	0.000000	0.000000	0.000000	0.000000	0.000000	1733433198.207333	0.000000
35.000000	87828.587035	17672.026774	187500.000000	187500.000000	86936.171286	102827.836910	113554.416723	134288.699542	-0.074000	0.778000	0.576000	192.000000	0.000000	0.000000	0.000000	0.000000	0.000000	0.000000	0.000000	0.000000	0.000000	1733433198.211424	0.000000
36.000000	87838.757078	17690.422260	187500.000000	187500.000000	86936.707728	102829.647402	113552.963859	134302.758789	-0.074000	0.778000	0.576000	192.000000	0.000000	0.000000	0.000000	0.000000	0.000000	0.000000	0.000000	0.000000	0.000000	1733433198.215496	0.000000
37.000000	87841.640454	17688.097678	187500.000000	187500.000000	86935.724251	102801.931238	113550.125188	134314.135827	-0.074000	0.778000	0.576000	192.000000	0.000000	0.000000	0.000000	0.000000	0.000000	0.000000	0.000000	0.000000	0.000000	1733433198.219679	0.000000
38.000000	87839.092355	17692.590379	187500.000000	187500.000000	86948.755318	102808.279134	113567.403086	134330.698470	-0.074000	0.778000	0.576000	192.000000	0.000000	0.000000	0.000000	0.000000	0.000000	0.000000	0.000000	0.000000	0.000000	1733433198.224613	0.000000
39.000000	87838.578265	17699.072385	187500.000000	187500.000000	86957.852478	102822.696009	113572.946319	134322.003641	-0.074000	0.778000	0.576000	192.000000	0.000000	0.000000	0.000000	0.000000	0.000000	0.000000	0.000000	0.000000	0.000000	1733433198.228423	0.000000
40.000000	87846.513134	17742.904156	187500.000000	187500.000000	86955.840821	102819.879689	113566.263147	134302.714086	-0.074000	0.778000	0.576000	192.000000	0.000000	0.000000	0.000000	0.000000	0.000000	0.000000	0.000000	0.000000	0.000000	1733433198.231816	0.000000
41.000000	87849.642378	17740.668981	187500.000000	187500.000000	86953.672702	102854.390783	113574.533293	134294.287478	-0.076000	0.778000	0.576000	192.000000	253.000000	160.000000	24.000000	80.000000	18.000000	0.000000	0.000000	0.000000	0.000000	1733433198.235427	0.000000
42.000000	87827.894131	17659.085114	187500.000000	187500.000000	86935.970120	102835.034172	113562.262185	134285.883222	-0.076000	0.778000	0.576000	192.000000	0.000000	0.000000	0.000000	0.000000	0.000000	0.000000	0.000000	0.000000	0.000000	1733433198.239496	0.000000
43.000000	87824.228445	17652.804274	187500.000000	187500.000000	86937.870018	102810.871936	113549.432284	134291.247641	-0.076000	0.778000	0.576000	192.000000	0.000000	0.000000	0.000000	0.000000	0.000000	0.000000	0.000000	0.000000	0.000000	1733433198.243441	0.000000
44.000000	87844.456773	17689.327024	187500.000000	187500.000000	86951.146954	102828.552166	113570.577034	134339.370947	-0.076000	0.778000	0.576000	192.000000	0.000000	0.000000	0.000000	0.000000	0.000000	0.000000	0.000000	0.000000	0.000000	1733433198.247508	0.000000
45.000000	87838.421802	17687.181257	187500.000000	187500.000000	86936.730079	102808.726169	113547.375923	134334.677080	-0.076000	0.778000	0.576000	192.000000	0.000000	0.000000	0.000000	0.000000	0.000000	0.000000	0.000000	0.000000	0.000000	1733433198.252434	0.000000
46.000000	87834.197323	17696.837210	187500.000000	187500.000000	86933.153800	102807.139195	113553.701467	134319.991984	-0.076000	0.778000	0.576000	192.000000	0.000000	0.000000	0.000000	0.000000	0.000000	0.000000	0.000000	0.000000	0.000000	1733433198.256738	0.000000
47.000000	87829.682270	17698.804164	187500.000000	187500.000000	86932.527951	102832.508425	113566.397258	134313.286461	-0.076000	0.778000	0.576000	192.000000	0.000000	0.000000	0.000000	0.000000	0.000000	0.000000	0.000000	0.000000	0.000000	1733433198.259668	0.000000
48.000000	87829.145828	17709.398891	187500.000000	187500.000000	86937.199466	102820.103207	113560.585804	134280.585859	-0.076000	0.778000	0.576000	192.000000	0.000000	0.000000	0.000000	0.000000	0.000000	0.000000	0.000000	0.000000	0.000000	1733433198.263446	0.000000
49.000000	87835.158448	17711.142327	187500.000000	187500.000000	86937.959425	102804.099358	113556.204862	134275.936696	-0.076000	0.778000	0.576000	192.000000	0.000000	0.000000	0.000000	0.000000	0.000000	0.000000	0.000000	0.000000	0.000000	1733433198.267565	0.000000
50.000000	87846.222561	17720.552411	187500.000000	187500.000000	86945.000225	102806.558050	113565.883167	134301.082409	-0.076000	0.778000	0.576000	192.000000	0.000000	0.000000	0.000000	0.000000	0.000000	0.000000	0.000000	0.000000	0.000000	1733433198.271495	0.000000
51.000000	87835.672538	17686.242483	187500.000000	187500.000000	86945.693129	102821.645477	113568.073638	134320.774295	-0.072000	0.774000	0.572000	192.000000	253.000000	192.000000	24.000000	48.000000	17.000000	224.000000	0.000000	0.000000	0.000000	1733433198.275484	0.000000
52.000000	87829.302291	17674.016079	187500.000000	187500.000000	86951.258713	102822.114864	113571.895787	134322.651842	-0.072000	0.774000	0.572000	192.000000	0.000000	0.000000	0.000000	0.000000	0.000000	0.000000	0.000000	0.000000	0.000000	1733433198.279480	0.000000
53.000000	87826.105991	17657.051105	187500.000000	187500.000000	86941.982739	102797.103262	113552.785045	134306.737400	-0.072000	0.774000	0.572000	192.000000	0.000000	0.000000	0.000000	0.000000	0.000000	0.000000	0.000000	0.000000	0.000000	1733433198.284518	0.000000
54.000000	87834.912578	17672.071477	187500.000000	187500.000000	86949.425870	102809.240259	113574.153313	134313.152351	-0.072000	0.774000	0.572000	192.000000	0.000000	0.000000	0.000000	0.000000	0.000000	0.000000	0.000000	0.000000	0.000000	1733433198.287682	0.000000
55.000000	87839.539390	17705.085004	187500.000000	187500.000000	86955.036158	102825.892308	113577.439019	134295.449769	-0.072000	0.774000	0.572000	192.000000	0.000000	0.000000	0.000000	0.000000	0.000000	0.000000	0.000000	0.000000	0.000000	1733433198.291716	0.000000
56.000000	87845.328491	17733.449368	187500.000000	187500.000000	86963.395710	102831.524948	113584.770392	134298.914289	-0.072000	0.774000	0.572000	192.000000	0.000000	0.000000	0.000000	0.000000	0.000000	0.000000	0.000000	0.000000	0.000000	1733433198.295637	0.000000
57.000000	87831.872741	17693.998539	187500.000000	187500.000000	86952.063376	102818.337419	113574.890921	134301.529443	-0.072000	0.774000	0.572000	192.000000	0.000000	0.000000	0.000000	0.000000	0.000000	0.000000	0.000000	0.000000	0.000000	1733433198.299875	0.000000
58.000000	87822.283843	17672.205588	187500.000000	187500.000000	86940.082841	102812.123634	113571.918138	134302.445865	-0.072000	0.774000	0.572000	192.000000	0.000000	0.000000	0.000000	0.000000	0.000000	0.000000	0.000000	0.000000	0.000000	1733433198.303696	0.000000
59.000000	87830.330471	17664.382477	187500.000000	187500.000000	86950.655216	102829.066256	113577.774296	134322.495380	-0.072000	0.774000	0.572000	192.000000	0.000000	0.000000	0.000000	0.000000	0.000000	0.000000	0.000000	0.000000	0.000000	1733433198.307507	0.000000
60.000000	87837.751250	17681.883893	187500.000000	187500.000000	86953.896219	102832.642535	113573.818037	134353.564305	-0.072000	0.774000	0.572000	192.000000	0.000000	0.000000	0.000000	0.000000	0.000000	0.000000	0.000000	0.000000	0.000000	1733433198.312499	0.000000
61.000000	87832.990328	17667.623480	187500.000000	187500.000000	86950.789327	102812.615372	113561.189301	134325.423458	-0.070000	0.770000	0.578000	192.000000	253.000000	208.000000	24.000000	16.000000	18.000000	16.000000	0.000000	0.000000	0.000000	1733433198.315678	0.000000
62.000000	87837.684195	17680.319271	187500.000000	187500.000000	86957.673664	102831.592003	113580.568264	134320.818999	-0.070000	0.770000	0.578000	192.000000	0.000000	0.000000	0.000000	0.000000	0.000000	0.000000	0.000000	0.000000	0.000000	1733433198.319549	0.000000
63.000000	87839.762907	17690.623425	187500.000000	187500.000000	86956.891353	102834.028343	113592.660557	134323.992947	-0.070000	0.770000	0.578000	192.000000	0.000000	0.000000	0.000000	0.000000	0.000000	0.000000	0.000000	0.000000	0.000000	1733433198.323572	0.000000
64.000000	87847.496611	17705.241466	187500.000000	187500.000000	86966.904934	102833.156625	113595.990967	134313.219406	-0.070000	0.770000	0.578000	192.000000	0.000000	0.000000	0.000000	0.000000	0.000000	0.000000	0.000000	0.000000	0.000000	1733433198.327548	0.000000
65.000000	87835.337262	17680.341623	187500.000000	187500.000000	86961.652274	102833.447198	113594.828677	134301.484740	-0.070000	0.770000	0.578000	192.000000	0.000000	0.000000	0.000000	0.000000	0.000000	0.000000	0.000000	0.000000	0.000000	1733433198.331665	0.000000
66.000000	87834.979634	17690.869295	187500.000000	187500.000000	86957.472498	102814.761140	113580.009470	134315.029897	-0.070000	0.770000	0.578000	192.000000	0.000000	0.000000	0.000000	0.000000	0.000000	0.000000	0.000000	0.000000	0.000000	1733433198.335859	0.000000
67.000000	87839.070003	17701.396966	187500.000000	187500.000000	86972.045836	102845.181864	113594.806325	134319.544949	-0.070000	0.770000	0.578000	192.000000	0.000000	0.000000	0.000000	0.000000	0.000000	0.000000	0.000000	0.000000	0.000000	1733433198.340686	0.000000
68.000000	87836.723070	17693.171524	187500.000000	187500.000000	86973.766920	102824.685314	113591.408860	134319.030859	-0.070000	0.770000	0.578000	192.000000	0.000000	0.000000	0.000000	0.000000	0.000000	0.000000	0.000000	0.000000	0.000000	1733433198.343822	0.000000
69.000000	87838.779430	17685.057841	187500.000000	187500.000000	86968.380149	102811.296619	113584.345708	134314.292290	-0.070000	0.770000	0.578000	192.000000	0.000000	0.000000	0.000000	0.000000	0.000000	0.000000	0.000000	0.000000	0.000000	1733433198.347594	0.000000
70.000000	87837.863009	17667.288204	187500.000000	187500.000000	86971.621152	102829.602698	113597.332072	134307.720877	-0.070000	0.770000	0.578000	192.000000	0.000000	0.000000	0.000000	0.000000	0.000000	0.000000	0.000000	0.000000	0.000000	1733433198.351627	0.000000
71.000000	87830.799857	17664.762457	187500.000000	187500.000000	86969.140109	102827.971021	113598.360252	134320.103743	-0.066000	0.764000	0.572000	192.000000	253.000000	240.000000	23.000000	224.000000	17.000000	224.000000	0.000000	0.000000	0.000000	1733433198.355567	0.000000
72.000000	87837.572436	17694.177353	187500.000000	187500.000000	86979.332504	102850.255710	113596.885037	134334.565322	-0.066000	0.764000	0.572000	192.000000	0.000000	0.000000	0.000000	0.000000	0.000000	0.000000	0.000000	0.000000	0.000000	1733433198.359593	0.000000
73.000000	87847.697776	17715.523269	187500.000000	187500.000000	86987.826167	102847.662908	113604.417575	134327.368060	-0.066000	0.764000	0.572000	192.000000	0.000000	0.000000	0.000000	0.000000	0.000000	0.000000	0.000000	0.000000	0.000000	1733433198.363609	0.000000
74.000000	87841.953378	17705.017949	187500.000000	187500.000000	86971.196469	102824.975887	113601.534200	134310.470141	-0.066000	0.764000	0.572000	192.000000	0.000000	0.000000	0.000000	0.000000	0.000000	0.000000	0.000000	0.000000	0.000000	1733433198.367635	0.000000
75.000000	87834.219674	17669.031640	187500.000000	187500.000000	86964.021559	102800.880706	113582.937549	134302.624679	-0.066000	0.764000	0.572000	192.000000	0.000000	0.000000	0.000000	0.000000	0.000000	0.000000	0.000000	0.000000	0.000000	1733433198.370606	0.000000
76.000000	87836.141924	17674.708983	187500.000000	187500.000000	86969.810661	102810.760177	113591.185342	134311.252452	-0.066000	0.764000	0.572000	192.000000	0.000000	0.000000	0.000000	0.000000	0.000000	0.000000	0.000000	0.000000	0.000000	1733433198.374747	0.000000
77.000000	87832.386831	17662.750800	187500.000000	187500.000000	86961.786385	102825.534681	113587.296139	134305.083371	-0.066000	0.764000	0.572000	192.000000	0.000000	0.000000	0.000000	0.000000	0.000000	0.000000	0.000000	0.000000	0.000000	1733433198.379901	0.000000
78.000000	87821.210959	17638.812082	187500.000000	187500.000000	86946.631902	102786.843811	113566.017278	134291.940545	-0.066000	0.764000	0.572000	192.000000	0.000000	0.000000	0.000000	0.000000	0.000000	0.000000	0.000000	0.000000	0.000000	1733433198.384035	0.000000
79.000000	87825.793067	17653.966564	187500.000000	187500.000000	86952.465707	102789.101337	113582.691679	134296.857929	-0.066000	0.764000	0.572000	192.000000	0.000000	0.000000	0.000000	0.000000	0.000000	0.000000	0.000000	0.000000	0.000000	1733433198.388067	0.000000
80.000000	87829.861084	17674.038431	187500.000000	187500.000000	86967.173155	102811.900116	113599.142563	134315.521635	-0.066000	0.764000	0.572000	192.000000	0.000000	0.000000	0.000000	0.000000	0.000000	0.000000	0.000000	0.000000	0.000000	1733433198.391674	0.000000
81.000000	87840.344052	17703.319216	187500.000000	187500.000000	86970.190641	102794.979846	113599.120211	134339.013319	-0.064000	0.766000	0.568000	192.000000	254.000000	0.000000	23.000000	240.000000	17.000000	192.000000	0.000000	0.000000	0.000000	1733433198.395672	0.000000
82.000000	87835.449020	17686.041318	187500.000000	187500.000000	86971.174117	102797.684407	113590.872418	134335.705261	-0.064000	0.766000	0.568000	192.000000	0.000000	0.000000	0.000000	0.000000	0.000000	0.000000	0.000000	0.000000	0.000000	1733433198.398823	0.000000
83.000000	87835.136096	17676.877102	187500.000000	187500.000000	86973.051664	102816.504576	113588.167857	134345.852953	-0.064000	0.766000	0.568000	192.000000	0.000000	0.000000	0.000000	0.000000	0.000000	0.000000	0.000000	0.000000	0.000000	1733433198.402680	0.000000
84.000000	87831.291596	17681.146286	187500.000000	187500.000000	86963.239248	102807.094491	113587.407897	134307.117380	-0.064000	0.766000	0.568000	192.000000	0.000000	0.000000	0.000000	0.000000	0.000000	0.000000	0.000000	0.000000	0.000000	1733433198.407637	0.000000
85.000000	87836.320738	17719.725397	187500.000000	187500.000000	86961.786385	102790.665959	113590.626549	134303.205824	-0.064000	0.766000	0.568000	192.000000	0.000000	0.000000	0.000000	0.000000	0.000000	0.000000	0.000000	0.000000	0.000000	1733433198.411666	0.000000
86.000000	87842.042785	17716.015007	187500.000000	187500.000000	86968.089577	102801.730073	113594.046366	134293.907499	-0.064000	0.766000	0.568000	192.000000	0.000000	0.000000	0.000000	0.000000	0.000000	0.000000	0.000000	0.000000	0.000000	1733433198.415758	0.000000
87.000000	87833.929102	17643.483596	187500.000000	187500.000000	86983.780501	102821.846643	113620.399072	134301.171816	-0.064000	0.766000	0.568000	192.000000	0.000000	0.000000	0.000000	0.000000	0.000000	0.000000	0.000000	0.000000	0.000000	1733433198.419768	0.000000
88.000000	87832.811514	17641.248422	187500.000000	187500.000000	86993.548214	102825.154701	113623.014226	134315.007545	-0.064000	0.766000	0.568000	192.000000	0.000000	0.000000	0.000000	0.000000	0.000000	0.000000	0.000000	0.000000	0.000000	1733433198.423911	0.000000
89.000000	87833.169142	17667.221149	187500.000000	187500.000000	86990.329562	102811.408378	113614.229991	134310.961880	-0.064000	0.766000	0.568000	192.000000	0.000000	0.000000	0.000000	0.000000	0.000000	0.000000	0.000000	0.000000	0.000000	1733433198.426975	0.000000
90.000000	87826.485971	17674.619576	187500.000000	187500.000000	86984.182833	102802.490032	113608.552648	134333.850066	-0.064000	0.766000	0.568000	192.000000	0.000000	0.000000	0.000000	0.000000	0.000000	0.000000	0.000000	0.000000	0.000000	1733433198.430678	0.000000
91.000000	87810.035087	17656.939346	187500.000000	187500.000000	86971.442338	102799.941933	113598.136735	134338.968615	-0.066000	0.770000	0.570000	192.000000	253.000000	240.000000	24.000000	16.000000	17.000000	208.000000	0.000000	0.000000	0.000000	1733433198.435731	0.000000
92.000000	87809.923328	17661.655565	187500.000000	187500.000000	86986.127435	102824.193576	113608.172668	134311.699487	-0.066000	0.770000	0.570000	192.000000	0.000000	0.000000	0.000000	0.000000	0.000000	0.000000	0.000000	0.000000	0.000000	1733433198.439725	0.000000
93.000000	87816.248872	17661.588509	187500.000000	187500.000000	86981.433568	102807.921506	113597.175610	134309.374906	-0.066000	0.770000	0.570000	192.000000	0.000000	0.000000	0.000000	0.000000	0.000000	0.000000	0.000000	0.000000	0.000000	1733433198.443741	0.000000
94.000000	87819.825151	17683.850847	187500.000000	187500.000000	86980.315981	102814.694084	113588.793706	134284.273897	-0.066000	0.770000	0.570000	192.000000	0.000000	0.000000	0.000000	0.000000	0.000000	0.000000	0.000000	0.000000	0.000000	1733433198.447882	0.000000
95.000000	87822.596767	17726.341513	187500.000000	187500.000000	86978.371379	102809.262611	113603.769374	134294.242775	-0.066000	0.770000	0.570000	192.000000	0.000000	0.000000	0.000000	0.000000	0.000000	0.000000	0.000000	0.000000	0.000000	1733433198.451874	0.000000
96.000000	87816.047706	17675.312480	187500.000000	187500.000000	86971.375283	102800.232506	113594.314586	134292.275821	-0.066000	0.770000	0.570000	192.000000	0.000000	0.000000	0.000000	0.000000	0.000000	0.000000	0.000000	0.000000	0.000000	1733433198.454867	0.000000
97.000000	87811.778523	17631.011323	187500.000000	187500.000000	86985.635696	102815.208175	113608.932627	134316.125133	-0.066000	0.770000	0.570000	192.000000	0.000000	0.000000	0.000000	0.000000	0.000000	0.000000	0.000000	0.000000	0.000000	1733433198.458930	0.000000
98.000000	87811.934985	17643.997686	187500.000000	187500.000000	86981.679437	102800.411320	113601.310682	134303.943432	-0.066000	0.770000	0.570000	192.000000	0.000000	0.000000	0.000000	0.000000	0.000000	0.000000	0.000000	0.000000	0.000000	1733433198.463748	0.000000
99.000000	87810.817398	17657.900471	187500.000000	187500.000000	86975.689170	102780.182991	113587.631415	134276.115510	-0.066000	0.770000	0.570000	192.000000	0.000000	0.000000	0.000000	0.000000	0.000000	0.000000	0.000000	0.000000	0.000000	1733433198.467821	0.000000
100.000000	87808.157540	17671.579739	187500.000000	187500.000000	86970.928248	102791.515325	113583.786915	134273.388597	-0.066000	0.770000	0.570000	192.000000	0.000000	0.000000	0.000000	0.000000	0.000000	0.000000	0.000000	0.000000	0.000000	1733433198.471764	0.000000
101.000000	87808.135189	17678.799353	187500.000000	187500.000000	86976.449129	102806.714512	113578.377793	134295.919156	-0.066000	0.770000	0.570000	192.000000	0.000000	0.000000	0.000000	0.000000	0.000000	0.000000	0.000000	0.000000	0.000000	1733433198.475787	0.000000
102.000000	87807.598747	17690.623425	187500.000000	187500.000000	86976.694998	102803.562916	113588.324319	134289.526557	-0.068000	0.770000	0.564000	192.000000	253.000000	224.000000	24.000000	16.000000	17.000000	160.000000	0.000000	0.000000	0.000000	1733433198.479796	0.000000
103.000000	87803.150750	17659.688611	187500.000000	187500.000000	86968.044873	102791.381215	113592.593502	134278.797719	-0.068000	0.770000	0.564000	192.000000	0.000000	0.000000	0.000000	0.000000	0.000000	0.000000	0.000000	0.000000	0.000000	1733433198.483087	0.000000
104.000000	87798.836863	17638.655619	187500.000000	187500.000000	86964.356835	102785.972093	113586.625586	134291.717028	-0.068000	0.770000	0.564000	192.000000	0.000000	0.000000	0.000000	0.000000	0.000000	0.000000	0.000000	0.000000	0.000000	1733433198.487057	0.000000
105.000000	87809.900976	17676.161847	187500.000000	187500.000000	86964.312132	102777.590189	113592.146467	134307.385600	-0.068000	0.770000	0.564000	192.000000	0.000000	0.000000	0.000000	0.000000	0.000000	0.000000	0.000000	0.000000	0.000000	1733433198.490960	0.000000
106.000000	87811.867930	17690.355204	187500.000000	187500.000000	86975.219783	102787.313198	113602.584732	134319.232025	-0.068000	0.770000	0.564000	192.000000	0.000000	0.000000	0.000000	0.000000	0.000000	0.000000	0.000000	0.000000	0.000000	1733433198.496090	0.000000
107.000000	87804.916537	17663.935442	187500.000000	187500.000000	86965.943809	102777.076099	113580.881188	134300.948298	-0.068000	0.770000	0.564000	192.000000	0.000000	0.000000	0.000000	0.000000	0.000000	0.000000	0.000000	0.000000	0.000000	1733433198.499863	0.000000
108.000000	87798.054552	17638.923840	187500.000000	187500.000000	86959.573562	102766.861351	113578.824828	134311.230101	-0.068000	0.770000	0.564000	192.000000	0.000000	0.000000	0.000000	0.000000	0.000000	0.000000	0.000000	0.000000	0.000000	1733433198.502780	0.000000
109.000000	87799.596822	17637.225108	187500.000000	187500.000000	86961.272295	102790.442442	113589.598368	134313.733496	-0.068000	0.770000	0.564000	192.000000	0.000000	0.000000	0.000000	0.000000	0.000000	0.000000	0.000000	0.000000	0.000000	1733433198.506783	0.000000
110.000000	87795.439398	17641.181367	187500.000000	187500.000000	86957.271332	102792.632913	113593.196999	134302.892900	-0.068000	0.770000	0.564000	192.000000	0.000000	0.000000	0.000000	0.000000	0.000000	0.000000	0.000000	0.000000	0.000000	1733433198.510840	0.000000
111.000000	87802.033162	17655.866463	187500.000000	187500.000000	86968.491908	102791.649436	113593.644034	134292.432283	-0.068000	0.770000	0.564000	192.000000	0.000000	0.000000	0.000000	0.000000	0.000000	0.000000	0.000000	0.000000	0.000000	1733433198.514840	0.000000
112.000000	87811.398543	17688.075326	187500.000000	187500.000000	86969.207164	102814.559974	113588.994871	134299.204862	-0.074000	0.768000	0.570000	192.000000	253.000000	176.000000	24.000000	0.000000	17.000000	208.000000	0.000000	0.000000	0.000000	1733433198.518967	0.000000
113.000000	87803.240157	17676.854751	187500.000000	187500.000000	86959.327693	102793.079948	113595.454525	134284.743283	-0.074000	0.768000	0.570000	192.000000	0.000000	0.000000	0.000000	0.000000	0.000000	0.000000	0.000000	0.000000	0.000000	1733433198.524124	0.000000
114.000000	87801.139093	17672.473809	187500.000000	187500.000000	86967.195507	102793.594038	113598.673177	134287.425493	-0.074000	0.768000	0.570000	192.000000	0.000000	0.000000	0.000000	0.000000	0.000000	0.000000	0.000000	0.000000	0.000000	1733433198.528147	0.000000
115.000000	87804.469503	17666.908224	187500.000000	187500.000000	86966.524955	102781.948779	113594.493400	134286.173795	-0.074000	0.768000	0.570000	192.000000	0.000000	0.000000	0.000000	0.000000	0.000000	0.000000	0.000000	0.000000	0.000000	1733433198.530826	0.000000
116.000000	87797.696924	17644.422370	187500.000000	187500.000000	86957.785423	102769.610616	113590.872418	134280.719969	-0.074000	0.768000	0.570000	192.000000	0.000000	0.000000	0.000000	0.000000	0.000000	0.000000	0.000000	0.000000	0.000000	1733433198.534848	0.000000
117.000000	87804.536558	17670.931538	187500.000000	187500.000000	86955.080861	102775.466773	113608.306778	134298.199034	-0.074000	0.768000	0.570000	192.000000	0.000000	0.000000	0.000000	0.000000	0.000000	0.000000	0.000000	0.000000	0.000000	1733433198.538863	0.000000
118.000000	87796.378171	17637.783901	187500.000000	187500.000000	86939.144068	102778.372500	113605.825735	134299.920118	-0.074000	0.768000	0.570000	192.000000	0.000000	0.000000	0.000000	0.000000	0.000000	0.000000	0.000000	0.000000	0.000000	1733433198.542845	0.000000
119.000000	87787.258659	17643.550651	187500.000000	187500.000000	86926.470629	102782.284055	113606.496287	134325.669327	-0.074000	0.768000	0.570000	192.000000	0.000000	0.000000	0.000000	0.000000	0.000000	0.000000	0.000000	0.000000	0.000000	1733433198.546995	0.000000
120.000000	87791.639601	17666.081210	187500.000000	187500.000000	86924.838951	102797.595000	113600.483668	134315.521635	-0.074000	0.768000	0.570000	192.000000	0.000000	0.000000	0.000000	0.000000	0.000000	0.000000	0.000000	0.000000	0.000000	1733433198.552047	0.000000
121.000000	87794.142997	17647.462207	187500.000000	187500.000000	86934.740774	102804.233468	113606.362177	134273.478004	-0.074000	0.768000	0.570000	192.000000	0.000000	0.000000	0.000000	0.000000	0.000000	0.000000	0.000000	0.000000	0.000000	1733433198.556246	0.000000
122.000000	87779.860232	17635.369913	187500.000000	187500.000000	86925.643614	102791.828250	113598.896694	134278.976533	-0.074000	0.770000	0.568000	192.000000	253.000000	176.000000	24.000000	16.000000	17.000000	192.000000	0.000000	0.000000	0.000000	1733433198.559131	0.000000
123.000000	87778.899107	17637.739198	187500.000000	187500.000000	86916.568806	102773.857447	113597.063851	134286.173795	-0.074000	0.770000	0.568000	192.000000	0.000000	0.000000	0.000000	0.000000	0.000000	0.000000	0.000000	0.000000	0.000000	1733433198.563028	0.000000
124.000000	87779.390845	17643.237727	187500.000000	187500.000000	86917.172303	102772.315177	113590.604197	134286.844347	-0.074000	0.770000	0.568000	192.000000	0.000000	0.000000	0.000000	0.000000	0.000000	0.000000	0.000000	0.000000	0.000000	1733433198.566886	0.000000
125.000000	87785.470520	17650.457341	187500.000000	187500.000000	86910.600890	102799.517250	113576.589653	134293.371057	-0.074000	0.770000	0.568000	192.000000	0.000000	0.000000	0.000000	0.000000	0.000000	0.000000	0.000000	0.000000	0.000000	1733433198.570878	0.000000
126.000000	87790.142034	17646.501082	187500.000000	187500.000000	86908.700992	102788.631950	113579.853008	134293.616926	-0.074000	0.770000	0.568000	192.000000	0.000000	0.000000	0.000000	0.000000	0.000000	0.000000	0.000000	0.000000	0.000000	1733433198.574897	0.000000
127.000000	87799.462712	17675.044259	187500.000000	187500.000000	86904.118884	102772.493991	113594.605159	134309.799589	-0.074000	0.770000	0.568000	192.000000	0.000000	0.000000	0.000000	0.000000	0.000000	0.000000	0.000000	0.000000	0.000000	1733433198.579944	0.000000
128.000000	87793.628906	17674.753687	187500.000000	187500.000000	86894.820558	102762.122782	113597.890866	134313.420571	-0.074000	0.770000	0.568000	192.000000	0.000000	0.000000	0.000000	0.000000	0.000000	0.000000	0.000000	0.000000	0.000000	1733433198.584143	0.000000
129.000000	87784.375284	17647.775131	187500.000000	187500.000000	86890.372561	102776.025567	113596.281540	134286.844347	-0.074000	0.770000	0.568000	192.000000	0.000000	0.000000	0.000000	0.000000	0.000000	0.000000	0.000000	0.000000	0.000000	1733433198.587132	0.000000
130.000000	87783.816491	17654.726524	187500.000000	187500.000000	86887.779759	102799.114919	113604.708148	134303.541100	-0.074000	0.770000	0.568000	192.000000	0.000000	0.000000	0.000000	0.000000	0.000000	0.000000	0.000000	0.000000	0.000000	1733433198.591154	0.000000
131.000000	87791.483139	17669.255158	187500.000000	187500.000000	86888.360904	102817.912736	113610.564305	134297.729647	-0.074000	0.770000	0.568000	192.000000	0.000000	0.000000	0.000000	0.000000	0.000000	0.000000	0.000000	0.000000	0.000000	1733433198.595263	0.000000
132.000000	87782.073055	17627.993837	187500.000000	187500.000000	86889.590250	102790.330683	113596.750927	134288.230155	-0.070000	0.768000	0.574000	192.000000	253.000000	208.000000	24.000000	0.000000	17.000000	240.000000	0.000000	0.000000	0.000000	1733433198.598988	0.000000
133.000000	87777.222726	17624.976352	187500.000000	187500.000000	86882.772968	102772.538694	113598.673177	134299.830711	-0.070000	0.768000	0.574000	192.000000	0.000000	0.000000	0.000000	0.000000	0.000000	0.000000	0.000000	0.000000	0.000000	1733433198.602920	0.000000
134.000000	87779.256735	17634.922878	187500.000000	187500.000000	86884.896384	102784.608636	113602.920008	134292.767560	-0.070000	0.768000	0.574000	192.000000	0.000000	0.000000	0.000000	0.000000	0.000000	0.000000	0.000000	0.000000	0.000000	1733433198.607965	0.000000
135.000000	87771.031293	17625.781015	187500.000000	187500.000000	86885.119901	102796.097433	113601.154220	134291.493510	-0.070000	0.768000	0.574000	192.000000	0.000000	0.000000	0.000000	0.000000	0.000000	0.000000	0.000000	0.000000	0.000000	1733433198.610971	0.000000
136.000000	87781.849537	17638.633268	187500.000000	187500.000000	86893.054771	102815.923430	113608.105613	134300.747132	-0.070000	0.768000	0.574000	192.000000	0.000000	0.000000	0.000000	0.000000	0.000000	0.000000	0.000000	0.000000	0.000000	1733433198.613968	0.000000
137.000000	87785.604630	17664.024849	187500.000000	187500.000000	86880.023704	102808.525003	113591.565322	134287.514900	-0.070000	0.768000	0.574000	192.000000	0.000000	0.000000	0.000000	0.000000	0.000000	0.000000	0.000000	0.000000	0.000000	1733433198.618952	0.000000
138.000000	87785.090540	17621.243611	187500.000000	187500.000000	86882.638858	102801.841831	113598.047328	134308.905519	-0.070000	0.768000	0.574000	192.000000	0.000000	0.000000	0.000000	0.000000	0.000000	0.000000	0.000000	0.000000	0.000000	1733433198.623065	0.000000
139.000000	87789.136206	17617.756738	187500.000000	187500.000000	86886.505709	102814.403512	113600.818944	134322.674194	-0.070000	0.768000	0.574000	192.000000	0.000000	0.000000	0.000000	0.000000	0.000000	0.000000	0.000000	0.000000	0.000000	1733433198.627226	0.000000
140.000000	87783.212994	17624.484613	187500.000000	187500.000000	86877.050922	102794.979846	113597.510886	134326.362232	-0.070000	0.768000	0.574000	192.000000	0.000000	0.000000	0.000000	0.000000	0.000000	0.000000	0.000000	0.000000	0.000000	1733433198.631294	0.000000
141.000000	87792.086636	17628.105596	187500.000000	187500.000000	86878.906116	102801.998294	113619.437947	134318.270900	-0.070000	0.768000	0.574000	192.000000	0.000000	0.000000	0.000000	0.000000	0.000000	0.000000	0.000000	0.000000	0.000000	1733433198.635037	0.000000
142.000000	87788.286840	17621.020093	187500.000000	187500.000000	86877.453253	102811.296619	113623.193040	134288.900708	-0.074000	0.762000	0.578000	192.000000	253.000000	176.000000	23.000000	208.000000	18.000000	16.000000	0.000000	0.000000	0.000000	1733433198.638987	0.000000
143.000000	87788.577412	17637.694494	187500.000000	187500.000000	86875.106320	102780.719433	113610.899581	134282.977496	-0.074000	0.762000	0.578000	192.000000	0.000000	0.000000	0.000000	0.000000	0.000000	0.000000	0.000000	0.000000	0.000000	1733433198.641989	0.000000
144.000000	87783.592973	17636.711018	187500.000000	187500.000000	86873.675808	102765.028508	113602.227104	134281.614039	-0.074000	0.762000	0.578000	192.000000	0.000000	0.000000	0.000000	0.000000	0.000000	0.000000	0.000000	0.000000	0.000000	1733433198.647023	0.000000
145.000000	87765.465708	17618.717863	187500.000000	187500.000000	86867.886706	102774.840924	113591.118287	134271.622809	-0.074000	0.762000	0.578000	192.000000	0.000000	0.000000	0.000000	0.000000	0.000000	0.000000	0.000000	0.000000	0.000000	1733433198.651011	0.000000
146.000000	87768.438490	17630.519584	187500.000000	187500.000000	86871.932372	102793.526982	113595.633339	134291.292344	-0.074000	0.762000	0.578000	192.000000	0.000000	0.000000	0.000000	0.000000	0.000000	0.000000	0.000000	0.000000	0.000000	1733433198.655015	0.000000
147.000000	87779.390845	17644.936460	187500.000000	187500.000000	86885.209308	102780.428860	113593.152296	134307.340897	-0.074000	0.762000	0.578000	192.000000	0.000000	0.000000	0.000000	0.000000	0.000000	0.000000	0.000000	0.000000	0.000000	1733433198.659218	0.000000
148.000000	87782.184813	17649.607974	187500.000000	187500.000000	86880.895422	102774.751517	113596.281540	134270.371112	-0.074000	0.762000	0.578000	192.000000	0.000000	0.000000	0.000000	0.000000	0.000000	0.000000	0.000000	0.000000	0.000000	1733433198.663224	0.000000
149.000000	87781.402502	17635.638134	187500.000000	187500.000000	86882.772968	102767.308386	113588.436078	134264.514955	-0.074000	0.762000	0.578000	192.000000	0.000000	0.000000	0.000000	0.000000	0.000000	0.000000	0.000000	0.000000	0.000000	1733433198.667294	0.000000
150.000000	87769.332560	17615.432157	187500.000000	187500.000000	86877.006218	102774.192724	113587.586711	134273.366245	-0.074000	0.762000	0.578000	192.000000	0.000000	0.000000	0.000000	0.000000	0.000000	0.000000	0.000000	0.000000	0.000000	1733433198.670325	0.000000
151.000000	87777.401540	17616.370930	187500.000000	187500.000000	86890.461968	102760.289938	113601.355386	134309.039630	-0.074000	0.762000	0.578000	192.000000	0.000000	0.000000	0.000000	0.000000	0.000000	0.000000	0.000000	0.000000	0.000000	1733433198.675090	0.000000
152.000000	87783.548270	17622.472956	187500.000000	187500.000000	86895.066428	102771.398755	113603.903485	134301.127112	-0.068000	0.768000	0.582000	192.000000	253.000000	224.000000	24.000000	0.000000	18.000000	48.000000	0.000000	0.000000	0.000000	1733433198.679042	0.000000
153.000000	87775.702807	17641.047256	187500.000000	187500.000000	86885.946916	102773.522171	113595.499229	134278.931830	-0.068000	0.768000	0.582000	192.000000	0.000000	0.000000	0.000000	0.000000	0.000000	0.000000	0.000000	0.000000	0.000000	1733433198.683351	0.000000
154.000000	87782.296572	17632.665352	187500.000000	187500.000000	86899.290907	102806.401587	113609.916104	134288.677190	-0.068000	0.768000	0.582000	192.000000	0.000000	0.000000	0.000000	0.000000	0.000000	0.000000	0.000000	0.000000	0.000000	1733433198.687090	0.000000
155.000000	87788.666819	17635.056989	187500.000000	187500.000000	86912.612547	102812.682427	113612.151279	134295.449769	-0.068000	0.768000	0.582000	192.000000	0.000000	0.000000	0.000000	0.000000	0.000000	0.000000	0.000000	0.000000	0.000000	1733433198.691094	0.000000
156.000000	87783.436511	17648.445684	187500.000000	187500.000000	86901.526082	102804.658151	113605.333996	134307.139731	-0.068000	0.768000	0.582000	192.000000	0.000000	0.000000	0.000000	0.000000	0.000000	0.000000	0.000000	0.000000	0.000000	1733433198.695410	0.000000
157.000000	87778.787348	17634.431140	187500.000000	187500.000000	86892.205404	102786.799107	113592.817020	134295.181548	-0.068000	0.768000	0.582000	192.000000	0.000000	0.000000	0.000000	0.000000	0.000000	0.000000	0.000000	0.000000	0.000000	1733433198.698294	0.000000
158.000000	87776.552174	17641.248422	187500.000000	187500.000000	86881.588326	102758.054764	113572.007545	134277.501318	-0.068000	0.768000	0.582000	192.000000	0.000000	0.000000	0.000000	0.000000	0.000000	0.000000	0.000000	0.000000	0.000000	1733433198.703297	0.000000
159.000000	87764.236362	17607.005549	187500.000000	187500.000000	86878.973172	102758.635909	113571.426400	134293.661629	-0.068000	0.768000	0.582000	192.000000	0.000000	0.000000	0.000000	0.000000	0.000000	0.000000	0.000000	0.000000	0.000000	1733433198.707309	0.000000
160.000000	87768.952581	17630.363122	187500.000000	187500.000000	86878.995523	102760.379345	113564.072676	134265.207859	-0.068000	0.768000	0.582000	192.000000	0.000000	0.000000	0.000000	0.000000	0.000000	0.000000	0.000000	0.000000	0.000000	1733433198.711311	0.000000
161.000000	87775.054607	17603.183401	187500.000000	187500.000000	86878.213212	102752.198607	113576.321432	134264.626713	-0.068000	0.768000	0.582000	192.000000	0.000000	0.000000	0.000000	0.000000	0.000000	0.000000	0.000000	0.000000	0.000000	1733433198.715383	0.000000
162.000000	87780.173156	17600.635302	187500.000000	187500.000000	86889.903175	102774.528000	113597.108554	134272.159251	-0.072000	0.768000	0.578000	192.000000	253.000000	192.000000	24.000000	0.000000	18.000000	16.000000	0.000000	0.000000	0.000000	1733433198.719124	0.000000
163.000000	87789.002095	17630.720750	187500.000000	187500.000000	86893.725323	102774.505648	113606.004549	134283.156310	-0.072000	0.768000	0.578000	192.000000	0.000000	0.000000	0.000000	0.000000	0.000000	0.000000	0.000000	0.000000	0.000000	1733433198.723135	0.000000
164.000000	87787.303363	17624.842241	187500.000000	187500.000000	86898.150968	102773.052785	113604.506982	134308.391429	-0.072000	0.768000	0.578000	192.000000	0.000000	0.000000	0.000000	0.000000	0.000000	0.000000	0.000000	0.000000	0.000000	1733433198.726111	0.000000
165.000000	87777.446243	17611.967637	187500.000000	187500.000000	86896.519291	102773.186895	113594.985139	134278.171870	-0.072000	0.768000	0.578000	192.000000	0.000000	0.000000	0.000000	0.000000	0.000000	0.000000	0.000000	0.000000	0.000000	1733433198.731143	0.000000
166.000000	87772.260639	17612.369968	187500.000000	187500.000000	86885.455177	102748.175293	113587.229083	134249.807507	-0.072000	0.768000	0.578000	192.000000	0.000000	0.000000	0.000000	0.000000	0.000000	0.000000	0.000000	0.000000	0.000000	1733433198.735434	0.000000
167.000000	87769.734892	17623.434081	187500.000000	187500.000000	86887.310372	102748.242348	113581.864665	134259.932847	-0.072000	0.768000	0.578000	192.000000	0.000000	0.000000	0.000000	0.000000	0.000000	0.000000	0.000000	0.000000	0.000000	1733433198.739401	0.000000
168.000000	87765.555115	17634.431140	187500.000000	187500.000000	86891.937183	102760.446401	113572.722801	134265.163155	-0.072000	0.768000	0.578000	192.000000	0.000000	0.000000	0.000000	0.000000	0.000000	0.000000	0.000000	0.000000	0.000000	1733433198.743339	0.000000
169.000000	87774.652275	17614.426328	187500.000000	187500.000000	86894.977021	102763.262720	113570.666441	134271.131071	-0.072000	0.768000	0.578000	192.000000	0.000000	0.000000	0.000000	0.000000	0.000000	0.000000	0.000000	0.000000	0.000000	1733433198.746224	0.000000
170.000000	87776.686284	17584.966729	187500.000000	187500.000000	86898.329782	102766.459020	113577.908406	134261.162193	-0.072000	0.768000	0.578000	192.000000	0.000000	0.000000	0.000000	0.000000	0.000000	0.000000	0.000000	0.000000	0.000000	1733433198.750341	0.000000
171.000000	87770.450147	17585.212598	187500.000000	187500.000000	86896.072256	102779.713604	113577.863703	134257.608266	-0.072000	0.768000	0.578000	192.000000	0.000000	0.000000	0.000000	0.000000	0.000000	0.000000	0.000000	0.000000	0.000000	1733433198.754153	0.000000
172.000000	87770.025464	17598.355424	187500.000000	187500.000000	86891.333686	102757.898302	113584.591578	134266.325446	-0.074000	0.768000	0.572000	192.000000	253.000000	176.000000	24.000000	0.000000	17.000000	224.000000	0.000000	0.000000	0.000000	1733433198.759179	0.000000
173.000000	87779.234383	17626.272753	187500.000000	187500.000000	86898.061561	102763.016851	113590.023052	134277.031932	-0.074000	0.768000	0.572000	192.000000	0.000000	0.000000	0.000000	0.000000	0.000000	0.000000	0.000000	0.000000	0.000000	1733433198.762200	0.000000
174.000000	87785.068188	17638.834433	187500.000000	187500.000000	86899.536776	102749.829322	113580.009470	134274.595591	-0.074000	0.768000	0.572000	192.000000	0.000000	0.000000	0.000000	0.000000	0.000000	0.000000	0.000000	0.000000	0.000000	1733433198.766225	0.000000
175.000000	87777.602706	17605.709148	187500.000000	187500.000000	86909.528006	102756.400735	113594.091069	134265.096100	-0.074000	0.768000	0.572000	192.000000	0.000000	0.000000	0.000000	0.000000	0.000000	0.000000	0.000000	0.000000	0.000000	1733433198.770386	0.000000
176.000000	87778.519127	17600.724709	187500.000000	187500.000000	86919.206312	102771.845790	113602.607084	134277.098987	-0.074000	0.768000	0.572000	192.000000	0.000000	0.000000	0.000000	0.000000	0.000000	0.000000	0.000000	0.000000	0.000000	1733433198.775383	0.000000
177.000000	87778.027389	17608.570171	187500.000000	187500.000000	86920.748582	102785.949741	113602.472973	134298.735475	-0.074000	0.768000	0.572000	192.000000	0.000000	0.000000	0.000000	0.000000	0.000000	0.000000	0.000000	0.000000	0.000000	1733433198.779433	0.000000
178.000000	87779.971991	17614.649846	187500.000000	187500.000000	86917.865207	102773.745689	113599.410784	134297.461426	-0.074000	0.768000	0.572000	192.000000	0.000000	0.000000	0.000000	0.000000	0.000000	0.000000	0.000000	0.000000	0.000000	1733433198.783221	0.000000
179.000000	87778.429720	17612.079395	187500.000000	187500.000000	86917.284062	102771.063479	113585.530351	134266.839536	-0.074000	0.768000	0.572000	192.000000	0.000000	0.000000	0.000000	0.000000	0.000000	0.000000	0.000000	0.000000	0.000000	1733433198.787216	0.000000
180.000000	87781.961296	17599.137735	187500.000000	187500.000000	86921.396783	102758.300633	113595.968616	134283.201013	-0.074000	0.768000	0.572000	192.000000	0.000000	0.000000	0.000000	0.000000	0.000000	0.000000	0.000000	0.000000	0.000000	1733433198.790219	0.000000
181.000000	87777.647409	17595.762622	187500.000000	187500.000000	86923.296681	102789.056634	113605.713976	134291.068827	-0.074000	0.768000	0.572000	192.000000	0.000000	0.000000	0.000000	0.000000	0.000000	0.000000	0.000000	0.000000	0.000000	1733433198.794249	0.000000
182.000000	87772.864136	17611.632360	187500.000000	187500.000000	86912.992527	102771.532866	113579.070697	134285.458539	-0.078000	0.772000	0.568000	192.000000	253.000000	144.000000	24.000000	32.000000	17.000000	192.000000	0.000000	0.000000	0.000000	1733433198.798460	0.000000
183.000000	87774.428758	17606.424404	187500.000000	187500.000000	86903.291870	102757.920654	113568.185397	134268.582972	-0.078000	0.772000	0.568000	192.000000	0.000000	0.000000	0.000000	0.000000	0.000000	0.000000	0.000000	0.000000	0.000000	1733433198.802252	0.000000
184.000000	87774.316999	17608.994855	187500.000000	187500.000000	86903.113056	102773.075136	113581.909368	134269.655856	-0.078000	0.772000	0.568000	192.000000	0.000000	0.000000	0.000000	0.000000	0.000000	0.000000	0.000000	0.000000	0.000000	1733433198.807393	0.000000
185.000000	87781.871889	17599.629474	187500.000000	187500.000000	86912.701954	102769.610616	113589.799534	134286.464368	-0.078000	0.772000	0.568000	192.000000	0.000000	0.000000	0.000000	0.000000	0.000000	0.000000	0.000000	0.000000	0.000000	1733433198.811594	0.000000
186.000000	87777.669761	17593.348633	187500.000000	187500.000000	86918.580463	102758.658261	113602.897656	134276.249620	-0.078000	0.772000	0.568000	192.000000	0.000000	0.000000	0.000000	0.000000	0.000000	0.000000	0.000000	0.000000	0.000000	1733433198.814782	0.000000
187.000000	87772.662970	17599.629474	187500.000000	187500.000000	86925.107172	102766.302558	113605.289293	134288.677190	-0.078000	0.772000	0.568000	192.000000	0.000000	0.000000	0.000000	0.000000	0.000000	0.000000	0.000000	0.000000	0.000000	1733433198.818434	0.000000
188.000000	87771.187755	17602.199924	187500.000000	187500.000000	86924.503675	102783.558104	113603.478802	134290.152406	-0.078000	0.772000	0.568000	192.000000	0.000000	0.000000	0.000000	0.000000	0.000000	0.000000	0.000000	0.000000	0.000000	1733433198.822268	0.000000
189.000000	87775.032255	17583.267997	187500.000000	187500.000000	86930.069259	102794.868087	113599.164915	134295.941507	-0.078000	0.772000	0.568000	192.000000	0.000000	0.000000	0.000000	0.000000	0.000000	0.000000	0.000000	0.000000	0.000000	1733433198.826245	0.000000
190.000000	87767.611476	17591.113459	187500.000000	187500.000000	86923.274329	102788.877820	113590.090107	134273.254487	-0.078000	0.772000	0.568000	192.000000	0.000000	0.000000	0.000000	0.000000	0.000000	0.000000	0.000000	0.000000	0.000000	1733433198.830310	0.000000
191.000000	87768.192621	17603.250456	187500.000000	187500.000000	86925.017765	102794.309294	113591.967653	134256.915362	-0.078000	0.772000	0.568000	192.000000	0.000000	0.000000	0.000000	0.000000	0.000000	0.000000	0.000000	0.000000	0.000000	1733433198.835294	0.000000
192.000000	87772.595915	17619.835451	187500.000000	187500.000000	86927.208236	102783.446346	113592.593502	134260.625751	-0.074000	0.770000	0.568000	192.000000	253.000000	176.000000	24.000000	16.000000	17.000000	192.000000	0.000000	0.000000	0.000000	1733433198.839339	0.000000
193.000000	87768.192621	17569.991060	187500.000000	187500.000000	86924.101344	102786.866163	113583.697508	134263.017388	-0.074000	0.770000	0.568000	192.000000	0.000000	0.000000	0.000000	0.000000	0.000000	0.000000	0.000000	0.000000	0.000000	1733433198.842315	0.000000
194.000000	87757.396729	17564.403124	187500.000000	187500.000000	86914.177169	102768.381270	113578.802476	134267.152460	-0.074000	0.770000	0.568000	192.000000	0.000000	0.000000	0.000000	0.000000	0.000000	0.000000	0.000000	0.000000	0.000000	1733433198.846550	0.000000
195.000000	87762.917610	17576.875398	187500.000000	187500.000000	86902.241338	102756.467790	113587.296139	134285.637353	-0.074000	0.770000	0.568000	192.000000	0.000000	0.000000	0.000000	0.000000	0.000000	0.000000	0.000000	0.000000	0.000000	1733433198.850428	0.000000
196.000000	87767.387958	17601.261151	187500.000000	187500.000000	86910.377373	102776.137325	113598.226142	134273.343894	-0.074000	0.770000	0.568000	192.000000	0.000000	0.000000	0.000000	0.000000	0.000000	0.000000	0.000000	0.000000	0.000000	1733433198.854611	0.000000
197.000000	87767.119738	17593.348633	187500.000000	187500.000000	86911.606718	102763.083907	113593.375813	134283.826862	-0.074000	0.770000	0.568000	192.000000	0.000000	0.000000	0.000000	0.000000	0.000000	0.000000	0.000000	0.000000	0.000000	1733433198.858584	0.000000
198.000000	87769.176098	17604.636264	187500.000000	187500.000000	86913.260748	102778.417203	113593.062889	134278.596554	-0.074000	0.770000	0.568000	192.000000	0.000000	0.000000	0.000000	0.000000	0.000000	0.000000	0.000000	0.000000	0.000000	1733433198.863344	0.000000
199.000000	87765.152784	17571.555683	187500.000000	187500.000000	86909.259785	102782.865200	113595.767450	134264.961990	-0.074000	0.770000	0.568000	192.000000	0.000000	0.000000	0.000000	0.000000	0.000000	0.000000	0.000000	0.000000	0.000000	1733433198.867419	0.000000
200.000000	87759.967179	17560.804494	187500.000000	187500.000000	86904.610622	102792.498802	113600.349557	134275.042626	-0.074000	0.770000	0.568000	192.000000	0.000000	0.000000	0.000000	0.000000	0.000000	0.000000	0.000000	0.000000	0.000000	1733433198.870395	0.000000
201.000000	87769.891354	17596.053195	187500.000000	187500.000000	86910.332669	102793.169355	113609.983159	134316.125133	-0.074000	0.770000	0.568000	192.000000	0.000000	0.000000	0.000000	0.000000	0.000000	0.000000	0.000000	0.000000	0.000000	1733433198.874346	0.000000
202.000000	87772.819432	17587.313662	187500.000000	187500.000000	86899.089742	102770.102354	113594.158124	134288.163100	-0.078000	0.770000	0.566000	192.000000	253.000000	144.000000	24.000000	16.000000	17.000000	176.000000	0.000000	0.000000	0.000000	1733433198.878350	0.000000
203.000000	87758.089633	17578.283558	187500.000000	187500.000000	86895.155835	102759.395869	113579.227159	134240.196257	-0.078000	0.770000	0.566000	192.000000	0.000000	0.000000	0.000000	0.000000	0.000000	0.000000	0.000000	0.000000	0.000000	1733433198.882643	0.000000
204.000000	87755.630941	17597.103727	187500.000000	187500.000000	86896.742808	102762.659223	113577.059040	134227.098134	-0.078000	0.770000	0.566000	192.000000	0.000000	0.000000	0.000000	0.000000	0.000000	0.000000	0.000000	0.000000	0.000000	1733433198.886345	0.000000
205.000000	87760.593028	17595.203828	187500.000000	187500.000000	86899.626183	102787.581418	113582.714031	134245.918303	-0.078000	0.770000	0.566000	192.000000	0.000000	0.000000	0.000000	0.000000	0.000000	0.000000	0.000000	0.000000	0.000000	1733433198.890539	0.000000
206.000000	87758.402557	17565.967746	187500.000000	187500.000000	86902.151931	102765.922578	113587.050269	134271.488699	-0.078000	0.770000	0.566000	192.000000	0.000000	0.000000	0.000000	0.000000	0.000000	0.000000	0.000000	0.000000	0.000000	1733433198.895555	0.000000
207.000000	87764.862211	17554.255432	187500.000000	187500.000000	86915.540626	102770.415279	113596.817982	134266.548963	-0.078000	0.770000	0.566000	192.000000	0.000000	0.000000	0.000000	0.000000	0.000000	0.000000	0.000000	0.000000	0.000000	1733433198.898836	0.000000
208.000000	87754.647464	17564.023145	187500.000000	187500.000000	86909.192730	102757.741840	113585.664461	134250.008672	-0.078000	0.770000	0.566000	192.000000	0.000000	0.000000	0.000000	0.000000	0.000000	0.000000	0.000000	0.000000	0.000000	1733433198.902557	0.000000
209.000000	87758.916647	17575.199017	187500.000000	187500.000000	86909.863282	102774.885628	113596.706223	134283.782158	-0.078000	0.770000	0.566000	192.000000	0.000000	0.000000	0.000000	0.000000	0.000000	0.000000	0.000000	0.000000	0.000000	1733433198.906511	0.000000
210.000000	87759.698958	17592.923950	187500.000000	187500.000000	86911.629070	102788.699006	113593.375813	134298.511958	-0.078000	0.770000	0.566000	192.000000	0.000000	0.000000	0.000000	0.000000	0.000000	0.000000	0.000000	0.000000	0.000000	1733433198.910411	0.000000
211.000000	87754.379243	17582.753907	187500.000000	187500.000000	86915.071239	102781.211171	113583.719860	134245.538324	-0.078000	0.770000	0.566000	192.000000	0.000000	0.000000	0.000000	0.000000	0.000000	0.000000	0.000000	0.000000	0.000000	1733433198.914672	0.000000
212.000000	87755.318016	17575.176665	187500.000000	187500.000000	86916.501751	102750.186950	113586.983214	134238.497524	-0.078000	0.768000	0.568000	192.000000	253.000000	144.000000	24.000000	0.000000	17.000000	192.000000	0.000000	0.000000	0.000000	1733433198.918415	0.000000
213.000000	87755.608589	17567.554720	187500.000000	187500.000000	86915.585329	102740.642755	113587.117325	134242.632597	-0.078000	0.768000	0.568000	192.000000	0.000000	0.000000	0.000000	0.000000	0.000000	0.000000	0.000000	0.000000	0.000000	1733433198.922408	0.000000
214.000000	87754.133374	17545.314735	187500.000000	187500.000000	86927.387050	102758.188875	113594.985139	134245.314806	-0.078000	0.768000	0.568000	192.000000	0.000000	0.000000	0.000000	0.000000	0.000000	0.000000	0.000000	0.000000	0.000000	1733433198.925436	0.000000
215.000000	87749.953598	17545.359438	187500.000000	187500.000000	86924.950710	102772.225770	113590.984177	134253.070861	-0.078000	0.768000	0.568000	192.000000	0.000000	0.000000	0.000000	0.000000	0.000000	0.000000	0.000000	0.000000	0.000000	1733433198.930465	0.000000
216.000000	87744.410365	17551.372057	187500.000000	187500.000000	86921.441486	102781.658206	113586.223255	134258.144707	-0.078000	0.768000	0.568000	192.000000	0.000000	0.000000	0.000000	0.000000	0.000000	0.000000	0.000000	0.000000	0.000000	1733433198.934676	0.000000
217.000000	87755.295665	17586.777221	187500.000000	187500.000000	86933.109097	102779.624197	113588.301967	134268.068882	-0.078000	0.768000	0.568000	192.000000	0.000000	0.000000	0.000000	0.000000	0.000000	0.000000	0.000000	0.000000	0.000000	1733433198.938646	0.000000
218.000000	87761.531801	17602.624607	187500.000000	187500.000000	86938.138239	102784.720395	113587.318490	134268.113585	-0.078000	0.768000	0.568000	192.000000	0.000000	0.000000	0.000000	0.000000	0.000000	0.000000	0.000000	0.000000	0.000000	1733433198.942684	0.000000
219.000000	87765.868040	17610.246552	187500.000000	187500.000000	86946.564847	102771.286997	113594.672214	134280.339990	-0.078000	0.768000	0.568000	192.000000	0.000000	0.000000	0.000000	0.000000	0.000000	0.000000	0.000000	0.000000	0.000000	1733433198.946527	0.000000
220.000000	87760.280104	17582.686851	187500.000000	187500.000000	86939.322882	102782.060538	113600.796592	134270.147594	-0.078000	0.768000	0.568000	192.000000	0.000000	0.000000	0.000000	0.000000	0.000000	0.000000	0.000000	0.000000	0.000000	1733433198.950651	0.000000
221.000000	87749.506563	17552.579052	187500.000000	187500.000000	86936.327748	102799.271381	113594.001662	134251.036853	-0.078000	0.768000	0.568000	192.000000	0.000000	0.000000	0.000000	0.000000	0.000000	0.000000	0.000000	0.000000	0.000000	1733433198.953467	0.000000
222.000000	87749.372452	17571.801552	187500.000000	187500.000000	86939.859323	102758.457095	113579.137752	134261.408062	-0.080000	0.768000	0.570000	192.000000	253.000000	128.000000	24.000000	0.000000	17.000000	208.000000	0.000000	0.000000	0.000000	1733433198.958480	0.000000
223.000000	87749.193638	17563.643165	187500.000000	187500.000000	86934.830181	102741.335659	113582.535217	134294.890975	-0.080000	0.768000	0.570000	192.000000	0.000000	0.000000	0.000000	0.000000	0.000000	0.000000	0.000000	0.000000	0.000000	1733433198.962501	0.000000
224.000000	87760.704787	17595.427346	187500.000000	187500.000000	86946.743661	102772.046956	113601.489496	134301.998830	-0.080000	0.768000	0.570000	192.000000	0.000000	0.000000	0.000000	0.000000	0.000000	0.000000	0.000000	0.000000	0.000000	1733433198.966504	0.000000
225.000000	87754.245133	17571.242758	187500.000000	187500.000000	86943.636768	102767.464848	113593.822848	134276.786062	-0.080000	0.768000	0.570000	192.000000	0.000000	0.000000	0.000000	0.000000	0.000000	0.000000	0.000000	0.000000	0.000000	1733433198.970475	0.000000
226.000000	87739.627092	17543.280726	187500.000000	187500.000000	86935.210161	102756.579549	113582.803438	134241.626768	-0.080000	0.768000	0.570000	192.000000	0.000000	0.000000	0.000000	0.000000	0.000000	0.000000	0.000000	0.000000	0.000000	1733433198.974698	0.000000
227.000000	87737.794249	17544.510072	187500.000000	187500.000000	86930.158666	102749.337584	113578.221330	134235.278873	-0.080000	0.768000	0.570000	192.000000	0.000000	0.000000	0.000000	0.000000	0.000000	0.000000	0.000000	0.000000	0.000000	1733433198.978698	0.000000
228.000000	87745.215028	17551.886147	187500.000000	187500.000000	86935.746603	102762.435706	113573.080429	134255.149574	-0.080000	0.768000	0.570000	192.000000	0.000000	0.000000	0.000000	0.000000	0.000000	0.000000	0.000000	0.000000	0.000000	1733433198.981626	0.000000
229.000000	87740.141182	17560.871549	187500.000000	187500.000000	86930.270425	102750.790447	113572.745153	134251.215667	-0.080000	0.768000	0.570000	192.000000	0.000000	0.000000	0.000000	0.000000	0.000000	0.000000	0.000000	0.000000	0.000000	1733433198.985863	0.000000
230.000000	87744.879752	17593.996834	187500.000000	187500.000000	86930.650405	102780.719433	113590.179514	134258.345873	-0.080000	0.768000	0.570000	192.000000	0.000000	0.000000	0.000000	0.000000	0.000000	0.000000	0.000000	0.000000	0.000000	1733433198.990538	0.000000
231.000000	87738.151877	17558.368153	187500.000000	187500.000000	86930.717460	102752.243310	113591.230046	134244.197219	-0.080000	0.768000	0.570000	192.000000	0.000000	0.000000	0.000000	0.000000	0.000000	0.000000	0.000000	0.000000	0.000000	1733433198.994542	0.000000
232.000000	87730.753449	17554.523653	187500.000000	187500.000000	86913.260748	102726.896432	113570.040592	134245.873600	-0.076000	0.768000	0.574000	192.000000	253.000000	160.000000	24.000000	0.000000	17.000000	240.000000	0.000000	0.000000	0.000000	1733433198.998826	0.000000
233.000000	87728.875903	17556.378848	187500.000000	187500.000000	86913.730134	102738.631098	113573.505112	134250.522763	-0.076000	0.768000	0.574000	192.000000	0.000000	0.000000	0.000000	0.000000	0.000000	0.000000	0.000000	0.000000	0.000000	1733433199.002552	0.000000
234.000000	87744.142144	17547.169929	187500.000000	187500.000000	86937.870018	102777.456078	113604.775203	134283.759807	-0.076000	0.768000	0.574000	192.000000	0.000000	0.000000	0.000000	0.000000	0.000000	0.000000	0.000000	0.000000	0.000000	1733433199.005589	0.000000
235.000000	87734.955577	17547.371095	187500.000000	187500.000000	86921.665003	102737.200586	113589.128982	134297.416722	-0.076000	0.768000	0.574000	192.000000	0.000000	0.000000	0.000000	0.000000	0.000000	0.000000	0.000000	0.000000	0.000000	1733433199.009520	0.000000
236.000000	87740.677624	17575.377831	187500.000000	187500.000000	86920.279195	102744.554310	113586.379717	134282.798682	-0.076000	0.768000	0.574000	192.000000	0.000000	0.000000	0.000000	0.000000	0.000000	0.000000	0.000000	0.000000	0.000000	1733433199.014690	0.000000
237.000000	87744.432717	17571.555683	187500.000000	187500.000000	86926.470629	102760.535808	113588.324319	134238.095193	-0.076000	0.768000	0.574000	192.000000	0.000000	0.000000	0.000000	0.000000	0.000000	0.000000	0.000000	0.000000	0.000000	1733433199.018586	0.000000
238.000000	87734.955577	17550.500339	187500.000000	187500.000000	86909.326841	102750.544578	113577.506075	134224.818256	-0.076000	0.768000	0.574000	192.000000	0.000000	0.000000	0.000000	0.000000	0.000000	0.000000	0.000000	0.000000	0.000000	1733433199.022840	0.000000
239.000000	87729.032365	17540.442054	187500.000000	187500.000000	86911.941995	102774.103317	113580.948243	134223.655966	-0.076000	0.768000	0.574000	192.000000	0.000000	0.000000	0.000000	0.000000	0.000000	0.000000	0.000000	0.000000	0.000000	1733433199.026781	0.000000
240.000000	87723.533836	17553.070790	187500.000000	187500.000000	86907.628108	102770.169410	113573.125133	134235.077707	-0.076000	0.768000	0.574000	192.000000	0.000000	0.000000	0.000000	0.000000	0.000000	0.000000	0.000000	0.000000	0.000000	1733433199.030569	0.000000
241.000000	87724.696127	17533.490662	187500.000000	187500.000000	86894.462930	102717.553403	113544.492548	134261.676283	-0.076000	0.768000	0.574000	192.000000	0.000000	0.000000	0.000000	0.000000	0.000000	0.000000	0.000000	0.000000	0.000000	1733433199.033551	0.000000
242.000000	87723.198560	17551.126188	187500.000000	187500.000000	86903.671849	102699.537897	113536.557679	134235.725908	-0.070000	0.766000	0.574000	192.000000	253.000000	208.000000	23.000000	240.000000	17.000000	240.000000	0.000000	0.000000	0.000000	1733433199.037632	0.000000
243.000000	87722.192731	17541.291421	187500.000000	187500.000000	86915.227701	102727.634040	113556.808359	134237.804620	-0.070000	0.766000	0.574000	192.000000	0.000000	0.000000	0.000000	0.000000	0.000000	0.000000	0.000000	0.000000	0.000000	1733433199.042606	0.000000
244.000000	87715.464856	17510.490717	187500.000000	187500.000000	86904.521216	102736.060647	113566.441961	134243.951350	-0.070000	0.766000	0.574000	192.000000	0.000000	0.000000	0.000000	0.000000	0.000000	0.000000	0.000000	0.000000	0.000000	1733433199.046865	0.000000
245.000000	87732.854513	17536.575203	187500.000000	187500.000000	86913.394858	102727.209357	113568.341859	134242.006748	-0.070000	0.766000	0.574000	192.000000	0.000000	0.000000	0.000000	0.000000	0.000000	0.000000	0.000000	0.000000	0.000000	1733433199.050738	0.000000
246.000000	87727.937129	17543.347781	187500.000000	187500.000000	86913.707782	102748.175293	113581.305871	134242.364376	-0.070000	0.766000	0.574000	192.000000	0.000000	0.000000	0.000000	0.000000	0.000000	0.000000	0.000000	0.000000	0.000000	1733433199.054742	0.000000
247.000000	87723.399725	17556.714124	187500.000000	187500.000000	86907.784570	102748.935252	113580.188284	134237.715213	-0.070000	0.766000	0.574000	192.000000	0.000000	0.000000	0.000000	0.000000	0.000000	0.000000	0.000000	0.000000	0.000000	1733433199.057908	0.000000
248.000000	87729.188827	17568.828770	187500.000000	187500.000000	86904.387105	102726.583508	113578.087220	134240.240960	-0.070000	0.766000	0.574000	192.000000	0.000000	0.000000	0.000000	0.000000	0.000000	0.000000	0.000000	0.000000	0.000000	1733433199.061893	0.000000
249.000000	87732.742755	17568.135866	187500.000000	187500.000000	86899.693239	102728.483406	113577.506075	134246.387690	-0.070000	0.766000	0.574000	192.000000	0.000000	0.000000	0.000000	0.000000	0.000000	0.000000	0.000000	0.000000	0.000000	1733433199.065793	0.000000
250.000000	87733.726231	17566.079505	187500.000000	187500.000000	86909.416248	102742.967337	113579.294214	134246.521800	-0.070000	0.766000	0.574000	192.000000	0.000000	0.000000	0.000000	0.000000	0.000000	0.000000	0.000000	0.000000	0.000000	1733433199.069592	0.000000
251.000000	87718.504693	17550.187415	187500.000000	187500.000000	86909.192730	102736.865310	113561.837502	134246.566504	-0.070000	0.766000	0.574000	192.000000	0.000000	0.000000	0.000000	0.000000	0.000000	0.000000	0.000000	0.000000	0.000000	1733433199.074646	0.000000
252.000000	87719.242301	17531.233136	187500.000000	187500.000000	86902.554262	102724.571851	113559.937603	134259.955199	-0.068000	0.768000	0.574000	192.000000	253.000000	224.000000	24.000000	0.000000	17.000000	240.000000	0.000000	0.000000	0.000000	1733433199.078655	0.000000
253.000000	87723.086801	17529.713217	187500.000000	187500.000000	86906.287003	102736.753552	113576.097915	134262.995036	-0.068000	0.768000	0.574000	192.000000	0.000000	0.000000	0.000000	0.000000	0.000000	0.000000	0.000000	0.000000	0.000000	1733433199.082737	0.000000
254.000000	87726.886598	17548.265165	187500.000000	187500.000000	86905.102361	102756.132514	113581.663499	134254.814298	-0.068000	0.768000	0.574000	192.000000	0.000000	0.000000	0.000000	0.000000	0.000000	0.000000	0.000000	0.000000	0.000000	1733433199.085657	0.000000
255.000000	87719.845798	17558.099932	187500.000000	187500.000000	86902.442503	102732.149092	113564.050324	134229.690937	-0.068000	0.768000	0.574000	192.000000	0.000000	0.000000	0.000000	0.000000	0.000000	0.000000	0.000000	0.000000	0.000000	1733433199.089831	0.000000
0.000000	87722.192731	17569.856950	187500.000000	187500.000000	86910.667945	102757.875950	113575.405011	134252.467364	-0.068000	0.768000	0.574000	192.000000	0.000000	0.000000	0.000000	0.000000	0.000000	0.000000	0.000000	0.000000	0.000000	1733433199.093854	0.000000
1.000000	87720.628109	17564.850159	187500.000000	187500.000000	86908.321012	102717.955734	113570.487627	134243.146687	-0.068000	0.768000	0.574000	192.000000	0.000000	0.000000	0.000000	0.000000	0.000000	0.000000	0.000000	0.000000	0.000000	1733433199.097978	0.000000
2.000000	87717.700031	17547.482854	187500.000000	187500.000000	86907.628108	102712.971295	113566.888996	134220.526722	-0.068000	0.768000	0.574000	192.000000	0.000000	0.000000	0.000000	0.000000	0.000000	0.000000	0.000000	0.000000	0.000000	1733433199.102856	0.000000
3.000000	87715.576615	17541.112607	187500.000000	187500.000000	86911.114980	102718.827453	113573.348650	134246.767670	-0.068000	0.768000	0.574000	192.000000	0.000000	0.000000	0.000000	0.000000	0.000000	0.000000	0.000000	0.000000	0.000000	1733433199.106698	0.000000
4.000000	87702.724362	17528.215650	187500.000000	187500.000000	86901.839006	102714.379455	113555.646069	134264.447899	-0.068000	0.768000	0.574000	192.000000	0.000000	0.000000	0.000000	0.000000	0.000000	0.000000	0.000000	0.000000	0.000000	1733433199.110701	0.000000
5.000000	87716.180112	17550.053304	187500.000000	187500.000000	86902.174282	102695.380473	113559.244699	134248.287588	-0.068000	0.768000	0.574000	192.000000	0.000000	0.000000	0.000000	0.000000	0.000000	0.000000	0.000000	0.000000	0.000000	1733433199.113709	0.000000
6.000000	87717.163589	17533.781234	187500.000000	187500.000000	86904.275346	102715.385284	113575.561473	134238.542228	-0.068000	0.770000	0.576000	192.000000	253.000000	224.000000	24.000000	16.000000	18.000000	0.000000	0.000000	0.000000	0.000000	1733433199.117725	0.000000
7.000000	87714.414324	17518.716159	187500.000000	187500.000000	86915.965309	102720.213261	113587.653767	134253.830821	-0.068000	0.770000	0.576000	192.000000	0.000000	0.000000	0.000000	0.000000	0.000000	0.000000	0.000000	0.000000	0.000000	1733433199.121986	0.000000
8.000000	87721.678641	17542.945450	187500.000000	187500.000000	86920.569768	102723.990705	113586.066793	134246.611207	-0.068000	0.770000	0.576000	192.000000	0.000000	0.000000	0.000000	0.000000	0.000000	0.000000	0.000000	0.000000	0.000000	1733433199.126055	0.000000
9.000000	87724.539664	17553.227252	187500.000000	187500.000000	86925.397745	102715.966429	113588.190208	134252.713234	-0.068000	0.770000	0.576000	192.000000	0.000000	0.000000	0.000000	0.000000	0.000000	0.000000	0.000000	0.000000	0.000000	1733433199.130908	0.000000
10.000000	87722.796228	17555.954165	187500.000000	187500.000000	86922.492018	102710.803176	113579.920063	134264.202030	-0.068000	0.770000	0.576000	192.000000	0.000000	0.000000	0.000000	0.000000	0.000000	0.000000	0.000000	0.000000	0.000000	1733433199.134934	0.000000
11.000000	87720.672813	17562.704392	187500.000000	187500.000000	86911.584367	102729.019848	113580.054173	134260.290475	-0.068000	0.770000	0.576000	192.000000	0.000000	0.000000	0.000000	0.000000	0.000000	0.000000	0.000000	0.000000	0.000000	1733433199.138721	0.000000
12.000000	87716.470685	17529.646162	187500.000000	187500.000000	86903.962422	102731.009153	113582.602272	134224.237111	-0.068000	0.770000	0.576000	192.000000	0.000000	0.000000	0.000000	0.000000	0.000000	0.000000	0.000000	0.000000	0.000000	1733433199.141733	0.000000
13.000000	87716.358926	17526.963952	187500.000000	187500.000000	86891.467797	102704.902316	113568.073638	134238.296358	-0.068000	0.770000	0.576000	192.000000	0.000000	0.000000	0.000000	0.000000	0.000000	0.000000	0.000000	0.000000	0.000000	1733433199.145730	0.000000
14.000000	87706.322993	17531.344894	187500.000000	187500.000000	86877.185032	102691.692435	113557.769484	134249.159306	-0.068000	0.770000	0.576000	192.000000	0.000000	0.000000	0.000000	0.000000	0.000000	0.000000	0.000000	0.000000	0.000000	1733433199.149783	0.000000
15.000000	87710.368658	17553.294307	187500.000000	187500.000000	86869.138404	102709.529127	113549.007600	134228.662757	-0.068000	0.770000	0.576000	192.000000	0.000000	0.000000	0.000000	0.000000	0.000000	0.000000	0.000000	0.000000	0.000000	1733433199.153772	0.000000
16.000000	87710.592176	17539.995019	187500.000000	187500.000000	86875.218079	102684.718690	113563.066848	134230.294434	-0.068000	0.768000	0.572000	192.000000	253.000000	224.000000	24.000000	0.000000	17.000000	224.000000	0.000000	0.000000	0.000000	1733433199.157865	0.000000
17.000000	87699.349248	17523.477080	187500.000000	187500.000000	86868.646666	102658.947129	113561.748095	134213.888253	-0.068000	0.768000	0.572000	192.000000	0.000000	0.000000	0.000000	0.000000	0.000000	0.000000	0.000000	0.000000	0.000000	1733433199.163093	0.000000
18.000000	87702.299679	17531.903688	187500.000000	187500.000000	86874.771044	102683.087013	113564.743229	134216.481056	-0.068000	0.768000	0.572000	192.000000	0.000000	0.000000	0.000000	0.000000	0.000000	0.000000	0.000000	0.000000	0.000000	1733433199.167179	0.000000
19.000000	87715.867187	17543.750113	187500.000000	187500.000000	86882.996486	102710.311438	113571.091124	134229.601530	-0.068000	0.768000	0.572000	192.000000	0.000000	0.000000	0.000000	0.000000	0.000000	0.000000	0.000000	0.000000	0.000000	1733433199.169804	0.000000
20.000000	87705.294812	17518.805566	187500.000000	187500.000000	86876.134500	102693.480574	113565.167912	134265.386673	-0.068000	0.768000	0.572000	192.000000	0.000000	0.000000	0.000000	0.000000	0.000000	0.000000	0.000000	0.000000	0.000000	1733433199.173798	0.000000
21.000000	87705.495978	17517.531516	187500.000000	187500.000000	86866.098567	102701.437795	113566.218444	134253.540248	-0.068000	0.768000	0.572000	192.000000	0.000000	0.000000	0.000000	0.000000	0.000000	0.000000	0.000000	0.000000	0.000000	1733433199.177799	0.000000
22.000000	87712.223853	17537.692790	187500.000000	187500.000000	86874.167547	102723.498967	113580.367098	134215.430524	-0.068000	0.768000	0.572000	192.000000	0.000000	0.000000	0.000000	0.000000	0.000000	0.000000	0.000000	0.000000	0.000000	1733433199.182017	0.000000
23.000000	87701.495016	17525.779310	187500.000000	187500.000000	86862.924619	102707.182194	113568.900653	134220.191445	-0.068000	0.768000	0.572000	192.000000	0.000000	0.000000	0.000000	0.000000	0.000000	0.000000	0.000000	0.000000	0.000000	1733433199.185837	0.000000
24.000000	87694.387161	17538.095121	187500.000000	187500.000000	86865.137442	102705.282295	113562.418647	134231.389669	-0.068000	0.768000	0.572000	192.000000	0.000000	0.000000	0.000000	0.000000	0.000000	0.000000	0.000000	0.000000	0.000000	1733433199.190990	0.000000
25.000000	87698.142254	17550.209767	187500.000000	187500.000000	86867.238506	102713.775958	113567.268976	134215.475227	-0.068000	0.768000	0.572000	192.000000	0.000000	0.000000	0.000000	0.000000	0.000000	0.000000	0.000000	0.000000	0.000000	1733433199.194049	0.000000
26.000000	87702.523196	17557.272918	187500.000000	187500.000000	86862.991674	102691.223048	113568.297156	134220.683184	-0.072000	0.768000	0.572000	192.000000	253.000000	192.000000	24.000000	0.000000	17.000000	224.000000	0.000000	0.000000	0.000000	1733433199.198033	0.000000
27.000000	87707.529987	17553.786046	187500.000000	187500.000000	86879.084930	102702.555383	113584.055136	134245.381861	-0.072000	0.768000	0.572000	192.000000	0.000000	0.000000	0.000000	0.000000	0.000000	0.000000	0.000000	0.000000	0.000000	1733433199.202018	0.000000
28.000000	87690.430902	17519.543173	187500.000000	187500.000000	86866.344436	102690.351330	113568.453618	134257.585914	-0.072000	0.768000	0.572000	192.000000	0.000000	0.000000	0.000000	0.000000	0.000000	0.000000	0.000000	0.000000	0.000000	1733433199.205811	0.000000
29.000000	87688.039266	17524.684074	187500.000000	187500.000000	86868.400796	102693.860554	113574.957976	134244.063108	-0.072000	0.768000	0.572000	192.000000	0.000000	0.000000	0.000000	0.000000	0.000000	0.000000	0.000000	0.000000	0.000000	1733433199.209863	0.000000
30.000000	87692.174338	17548.488682	187500.000000	187500.000000	86878.280268	102699.314380	113572.745153	134215.609338	-0.072000	0.768000	0.572000	192.000000	0.000000	0.000000	0.000000	0.000000	0.000000	0.000000	0.000000	0.000000	0.000000	1733433199.214116	0.000000
31.000000	87690.319144	17533.557717	187500.000000	187500.000000	86866.702064	102704.097653	113559.177644	134200.723076	-0.072000	0.768000	0.572000	192.000000	0.000000	0.000000	0.000000	0.000000	0.000000	0.000000	0.000000	0.000000	0.000000	1733433199.218840	0.000000
32.000000	87694.230699	17533.177737	187500.000000	187500.000000	86874.994561	102712.434854	113563.849159	134205.506349	-0.072000	0.768000	0.572000	192.000000	0.000000	0.000000	0.000000	0.000000	0.000000	0.000000	0.000000	0.000000	0.000000	1733433199.221879	0.000000
33.000000	87696.197652	17531.948391	187500.000000	187500.000000	86872.468814	102692.340635	113573.683926	134231.344966	-0.072000	0.768000	0.572000	192.000000	0.000000	0.000000	0.000000	0.000000	0.000000	0.000000	0.000000	0.000000	0.000000	1733433199.226033	0.000000
34.000000	87698.768103	17559.284575	187500.000000	187500.000000	86876.358017	102700.275505	113586.737345	134235.167114	-0.072000	0.768000	0.572000	192.000000	0.000000	0.000000	0.000000	0.000000	0.000000	0.000000	0.000000	0.000000	0.000000	1733433199.230033	0.000000
35.000000	87705.853606	17580.094049	187500.000000	187500.000000	86885.008143	102724.124816	113592.817020	134252.288550	-0.072000	0.768000	0.572000	192.000000	0.000000	0.000000	0.000000	0.000000	0.000000	0.000000	0.000000	0.000000	0.000000	1733433199.233984	0.000000
36.000000	87693.180167	17543.884223	187500.000000	187500.000000	86865.517421	102692.966484	113578.489551	134257.675321	-0.072000	0.768000	0.570000	192.000000	253.000000	192.000000	24.000000	0.000000	17.000000	208.000000	0.000000	0.000000	0.000000	1733433199.238136	0.000000
37.000000	87686.429940	17526.695731	187500.000000	187500.000000	86872.535869	102687.691472	113572.275766	134230.048565	-0.072000	0.768000	0.570000	192.000000	0.000000	0.000000	0.000000	0.000000	0.000000	0.000000	0.000000	0.000000	0.000000	1733433199.242157	0.000000
38.000000	87689.894460	17523.834708	187500.000000	187500.000000	86889.277326	102690.932475	113583.988081	134211.362506	-0.072000	0.768000	0.570000	192.000000	0.000000	0.000000	0.000000	0.000000	0.000000	0.000000	0.000000	0.000000	0.000000	1733433199.245867	0.000000
39.000000	87693.537795	17526.695731	187500.000000	187500.000000	86886.259840	102698.532069	113590.805363	134212.591852	-0.072000	0.768000	0.570000	192.000000	0.000000	0.000000	0.000000	0.000000	0.000000	0.000000	0.000000	0.000000	0.000000	1733433199.249936	0.000000
40.000000	87693.291926	17535.882298	187500.000000	187500.000000	86883.801148	102693.502926	113588.994871	134232.574312	-0.072000	0.768000	0.570000	192.000000	0.000000	0.000000	0.000000	0.000000	0.000000	0.000000	0.000000	0.000000	0.000000	1733433199.252896	0.000000
41.000000	87694.945955	17536.351685	187500.000000	187500.000000	86889.567898	102715.742912	113586.446772	134238.296358	-0.072000	0.768000	0.570000	192.000000	0.000000	0.000000	0.000000	0.000000	0.000000	0.000000	0.000000	0.000000	0.000000	1733433199.257918	0.000000
42.000000	87697.829330	17542.409008	187500.000000	187500.000000	86886.125730	102713.485386	113583.764563	134230.897931	-0.072000	0.768000	0.570000	192.000000	0.000000	0.000000	0.000000	0.000000	0.000000	0.000000	0.000000	0.000000	0.000000	1733433199.261933	0.000000
43.000000	87692.710780	17537.066941	187500.000000	187500.000000	86882.594154	102715.005304	113583.004604	134228.305129	-0.072000	0.768000	0.570000	192.000000	0.000000	0.000000	0.000000	0.000000	0.000000	0.000000	0.000000	0.000000	0.000000	1733433199.266062	0.000000
44.000000	87694.521272	17542.453711	187500.000000	187500.000000	86880.806015	102699.426138	113587.854932	134232.909588	-0.072000	0.768000	0.570000	192.000000	0.000000	0.000000	0.000000	0.000000	0.000000	0.000000	0.000000	0.000000	0.000000	1733433199.270168	0.000000
45.000000	87685.021780	17546.588784	187500.000000	187500.000000	86864.556296	102688.339673	113573.147484	134213.307108	-0.072000	0.768000	0.570000	192.000000	0.000000	0.000000	0.000000	0.000000	0.000000	0.000000	0.000000	0.000000	0.000000	1733433199.275269	0.000000
46.000000	87684.284173	17554.478950	187500.000000	187500.000000	86855.190915	102698.308551	113568.565377	134220.258501	-0.068000	0.774000	0.578000	192.000000	253.000000	224.000000	24.000000	48.000000	18.000000	16.000000	0.000000	0.000000	0.000000	1733433199.278171	0.000000
47.000000	87692.084931	17533.490662	187500.000000	187500.000000	86852.352244	102716.927554	113584.166894	134248.689920	-0.068000	0.774000	0.578000	192.000000	0.000000	0.000000	0.000000	0.000000	0.000000	0.000000	0.000000	0.000000	0.000000	1733433199.281010	0.000000
48.000000	87691.950821	17522.605362	187500.000000	187500.000000	86852.553410	102722.381380	113589.531313	134236.910550	-0.068000	0.774000	0.578000	192.000000	0.000000	0.000000	0.000000	0.000000	0.000000	0.000000	0.000000	0.000000	0.000000	1733433199.285945	0.000000
49.000000	87690.274440	17537.022237	187500.000000	187500.000000	86845.467907	102711.026694	113587.117325	134215.542283	-0.068000	0.774000	0.578000	192.000000	0.000000	0.000000	0.000000	0.000000	0.000000	0.000000	0.000000	0.000000	0.000000	1733433199.289953	0.000000
50.000000	87689.670943	17524.237040	187500.000000	187500.000000	86850.765270	102710.579659	113585.396240	134211.004878	-0.068000	0.774000	0.578000	192.000000	0.000000	0.000000	0.000000	0.000000	0.000000	0.000000	0.000000	0.000000	0.000000	1733433199.293976	0.000000
51.000000	87687.972210	17516.860964	187500.000000	187500.000000	86841.779869	102703.605915	113606.563342	134225.645271	-0.068000	0.774000	0.578000	192.000000	0.000000	0.000000	0.000000	0.000000	0.000000	0.000000	0.000000	0.000000	0.000000	1733433199.297973	0.000000
52.000000	87686.653457	17523.164156	187500.000000	187500.000000	86837.220113	102689.814888	113601.936531	134228.439239	-0.068000	0.774000	0.578000	192.000000	0.000000	0.000000	0.000000	0.000000	0.000000	0.000000	0.000000	0.000000	0.000000	1733433199.301960	0.000000
53.000000	87680.842004	17529.422644	187500.000000	187500.000000	86827.273587	102668.960711	113583.094011	134223.432448	-0.068000	0.774000	0.578000	192.000000	0.000000	0.000000	0.000000	0.000000	0.000000	0.000000	0.000000	0.000000	0.000000	1733433199.306140	0.000000
54.000000	87676.371655	17508.859039	187500.000000	187500.000000	86813.996650	102669.743022	113579.115400	134215.408172	-0.068000	0.774000	0.578000	192.000000	0.000000	0.000000	0.000000	0.000000	0.000000	0.000000	0.000000	0.000000	0.000000	1733433199.309175	0.000000
55.000000	87683.233641	17511.831821	187500.000000	187500.000000	86817.438819	102683.556400	113577.908406	134227.969852	-0.068000	0.774000	0.578000	192.000000	0.000000	0.000000	0.000000	0.000000	0.000000	0.000000	0.000000	0.000000	0.000000	1733433199.314302	0.000000
56.000000	87672.795376	17503.382862	187500.000000	187500.000000	86810.353316	102710.356141	113576.947281	134230.272082	-0.068000	0.774000	0.578000	192.000000	0.000000	0.000000	0.000000	0.000000	0.000000	0.000000	0.000000	0.000000	0.000000	1733433199.318202	0.000000
57.000000	87668.235620	17498.823106	187500.000000	187500.000000	86810.956813	102703.941191	113572.991022	134224.393573	-0.070000	0.772000	0.568000	192.000000	253.000000	208.000000	24.000000	32.000000	17.000000	192.000000	0.000000	0.000000	0.000000	1733433199.321992	0.000000
58.000000	87678.539774	17508.523763	187500.000000	187500.000000	86796.606993	102690.373682	113551.689810	134221.510198	-0.070000	0.772000	0.568000	192.000000	0.000000	0.000000	0.000000	0.000000	0.000000	0.000000	0.000000	0.000000	0.000000	1733433199.326010	0.000000
59.000000	87680.998466	17502.175868	187500.000000	187500.000000	86789.700304	102673.967501	113555.713124	134214.245881	-0.070000	0.772000	0.568000	192.000000	0.000000	0.000000	0.000000	0.000000	0.000000	0.000000	0.000000	0.000000	0.000000	1733433199.329053	0.000000
60.000000	87683.300696	17500.275970	187500.000000	187500.000000	86802.463150	102679.153106	113580.300043	134207.719172	-0.070000	0.772000	0.568000	192.000000	0.000000	0.000000	0.000000	0.000000	0.000000	0.000000	0.000000	0.000000	0.000000	1733433199.333022	0.000000
61.000000	87682.227812	17501.102984	187500.000000	187500.000000	86806.978203	102679.734251	113575.673232	134212.323631	-0.070000	0.772000	0.568000	192.000000	0.000000	0.000000	0.000000	0.000000	0.000000	0.000000	0.000000	0.000000	0.000000	1733433199.337061	0.000000
62.000000	87671.901306	17480.584083	187500.000000	187500.000000	86796.137607	102661.875208	113575.874397	134226.651100	-0.070000	0.772000	0.568000	192.000000	0.000000	0.000000	0.000000	0.000000	0.000000	0.000000	0.000000	0.000000	0.000000	1733433199.341060	0.000000
63.000000	87677.444539	17500.678301	187500.000000	187500.000000	86792.404865	102684.271656	113586.759697	134235.681204	-0.070000	0.772000	0.568000	192.000000	0.000000	0.000000	0.000000	0.000000	0.000000	0.000000	0.000000	0.000000	0.000000	1733433199.346231	0.000000
64.000000	87677.891574	17506.288589	187500.000000	187500.000000	86801.569081	102697.034502	113590.425383	134215.765800	-0.070000	0.772000	0.568000	192.000000	0.000000	0.000000	0.000000	0.000000	0.000000	0.000000	0.000000	0.000000	0.000000	1733433199.350360	0.000000
65.000000	87665.553411	17510.088385	187500.000000	187500.000000	86805.771208	102680.002472	113570.465275	134195.425713	-0.070000	0.772000	0.568000	192.000000	0.000000	0.000000	0.000000	0.000000	0.000000	0.000000	0.000000	0.000000	0.000000	1733433199.354264	0.000000
66.000000	87663.072367	17486.015557	187500.000000	187500.000000	86801.993764	102692.273580	113561.435170	134212.524797	-0.070000	0.772000	0.568000	192.000000	0.000000	0.000000	0.000000	0.000000	0.000000	0.000000	0.000000	0.000000	0.000000	1733433199.357276	0.000000
67.000000	87665.911039	17475.890216	187500.000000	187500.000000	86802.418447	102685.992740	113560.474045	134234.205989	-0.072000	0.766000	0.570000	192.000000	253.000000	192.000000	23.000000	240.000000	17.000000	208.000000	0.000000	0.000000	0.000000	1733433199.361058	0.000000
68.000000	87668.928524	17486.172019	187500.000000	187500.000000	86816.835322	102683.869324	113555.064923	134225.131181	-0.072000	0.766000	0.570000	192.000000	0.000000	0.000000	0.000000	0.000000	0.000000	0.000000	0.000000	0.000000	0.000000	1733433199.365567	0.000000
69.000000	87665.665169	17463.619109	187500.000000	187500.000000	86814.130761	102678.728423	113552.539176	134186.306201	-0.072000	0.766000	0.570000	192.000000	0.000000	0.000000	0.000000	0.000000	0.000000	0.000000	0.000000	0.000000	0.000000	1733433199.369046	0.000000
70.000000	87664.324065	17457.047696	187500.000000	187500.000000	86811.113275	102645.916062	113534.993057	134170.168241	-0.072000	0.766000	0.570000	192.000000	0.000000	0.000000	0.000000	0.000000	0.000000	0.000000	0.000000	0.000000	0.000000	1733433199.374051	0.000000
71.000000	87661.954780	17466.524835	187500.000000	187500.000000	86795.802330	102631.230966	113539.061074	134175.130329	-0.072000	0.766000	0.570000	192.000000	0.000000	0.000000	0.000000	0.000000	0.000000	0.000000	0.000000	0.000000	0.000000	1733433199.378101	0.000000
72.000000	87668.190917	17471.553978	187500.000000	187500.000000	86804.810083	102664.088030	113560.406990	134204.344059	-0.072000	0.766000	0.570000	192.000000	0.000000	0.000000	0.000000	0.000000	0.000000	0.000000	0.000000	0.000000	0.000000	1733433199.382238	0.000000
73.000000	87665.620466	17481.120525	187500.000000	187500.000000	86818.355241	102687.177382	113577.953109	134220.370259	-0.072000	0.766000	0.570000	192.000000	0.000000	0.000000	0.000000	0.000000	0.000000	0.000000	0.000000	0.000000	0.000000	1733433199.385317	0.000000
74.000000	87676.058731	17529.936734	187500.000000	187500.000000	86823.294976	102685.501002	113577.103743	134243.996053	-0.072000	0.766000	0.570000	192.000000	0.000000	0.000000	0.000000	0.000000	0.000000	0.000000	0.000000	0.000000	0.000000	1733433199.389359	0.000000
75.000000	87677.086911	17492.899894	187500.000000	187500.000000	86804.251290	102650.319356	113537.809376	134223.164227	-0.072000	0.766000	0.570000	192.000000	0.000000	0.000000	0.000000	0.000000	0.000000	0.000000	0.000000	0.000000	0.000000	1733433199.393341	0.000000
76.000000	87668.772062	17444.128387	187500.000000	187500.000000	86806.374706	102647.167760	113546.124225	134202.801788	-0.072000	0.766000	0.570000	192.000000	0.000000	0.000000	0.000000	0.000000	0.000000	0.000000	0.000000	0.000000	0.000000	1733433199.397140	0.000000
77.000000	87674.359998	17465.966042	187500.000000	187500.000000	86820.858636	102675.152144	113569.079467	134210.289623	-0.076000	0.768000	0.572000	192.000000	253.000000	160.000000	24.000000	0.000000	17.000000	224.000000	0.000000	0.000000	0.000000	1733433199.402122	0.000000
78.000000	87680.931411	17488.474248	187500.000000	187500.000000	86823.920825	102706.042255	113580.747078	134219.275024	-0.076000	0.768000	0.572000	192.000000	0.000000	0.000000	0.000000	0.000000	0.000000	0.000000	0.000000	0.000000	0.000000	1733433199.406150	0.000000
79.000000	87678.182146	17496.118545	187500.000000	187500.000000	86829.017023	102679.354272	113578.578958	134221.800771	-0.076000	0.768000	0.572000	192.000000	0.000000	0.000000	0.000000	0.000000	0.000000	0.000000	0.000000	0.000000	0.000000	1733433199.410159	0.000000
80.000000	87672.951838	17491.469382	187500.000000	187500.000000	86821.573892	102658.455391	113564.117380	134221.130219	-0.076000	0.768000	0.572000	192.000000	0.000000	0.000000	0.000000	0.000000	0.000000	0.000000	0.000000	0.000000	0.000000	1733433199.413140	0.000000
81.000000	87666.648646	17503.159345	187500.000000	187500.000000	86823.250273	102677.119097	113554.215557	134217.129256	-0.076000	0.768000	0.572000	192.000000	0.000000	0.000000	0.000000	0.000000	0.000000	0.000000	0.000000	0.000000	0.000000	1733433199.417199	0.000000
82.000000	87651.002425	17500.097156	187500.000000	187500.000000	86800.183272	102654.722649	113510.540248	134212.860073	-0.076000	0.768000	0.572000	192.000000	0.000000	0.000000	0.000000	0.000000	0.000000	0.000000	0.000000	0.000000	0.000000	1733433199.421328	0.000000
83.000000	87666.782757	17479.935882	187500.000000	187500.000000	86797.054028	102631.856815	113506.628693	134201.952422	-0.076000	0.768000	0.572000	192.000000	0.000000	0.000000	0.000000	0.000000	0.000000	0.000000	0.000000	0.000000	0.000000	1733433199.425338	0.000000
84.000000	87674.449405	17470.145818	187500.000000	187500.000000	86821.193912	102646.363097	113545.721894	134193.749332	-0.076000	0.768000	0.572000	192.000000	0.000000	0.000000	0.000000	0.000000	0.000000	0.000000	0.000000	0.000000	0.000000	1733433199.430154	0.000000
85.000000	87659.585495	17464.446123	187500.000000	187500.000000	86821.708002	102646.005469	113546.325391	134192.967021	-0.076000	0.768000	0.572000	192.000000	0.000000	0.000000	0.000000	0.000000	0.000000	0.000000	0.000000	0.000000	0.000000	1733433199.434246	0.000000
86.000000	87661.060710	17476.381955	187500.000000	187500.000000	86822.400906	102658.589501	113553.276784	134197.616183	-0.076000	0.768000	0.572000	192.000000	0.000000	0.000000	0.000000	0.000000	0.000000	0.000000	0.000000	0.000000	0.000000	1733433199.438170	0.000000
87.000000	87672.527155	17497.616112	187500.000000	187500.000000	86847.993654	102691.893600	113575.248548	134243.928998	-0.072000	0.760000	0.568000	192.000000	253.000000	192.000000	23.000000	192.000000	17.000000	192.000000	0.000000	0.000000	0.000000	1733433199.441210	0.000000
88.000000	87680.551431	17509.194316	187500.000000	187500.000000	86854.475660	102675.487420	113579.405973	134227.254597	-0.072000	0.760000	0.568000	192.000000	0.000000	0.000000	0.000000	0.000000	0.000000	0.000000	0.000000	0.000000	0.000000	1733433199.445162	0.000000
89.000000	87661.395986	17448.352867	187500.000000	187500.000000	86828.279415	102651.056963	113554.215557	134188.094340	-0.072000	0.760000	0.568000	192.000000	0.000000	0.000000	0.000000	0.000000	0.000000	0.000000	0.000000	0.000000	0.000000	1733433199.449505	0.000000
90.000000	87664.301713	17476.203141	187500.000000	187500.000000	86828.927616	102679.846010	113561.345763	134198.063218	-0.072000	0.760000	0.568000	192.000000	0.000000	0.000000	0.000000	0.000000	0.000000	0.000000	0.000000	0.000000	0.000000	1733433199.453392	0.000000
91.000000	87675.119957	17506.042720	187500.000000	187500.000000	86834.292034	102713.194813	113561.234005	134223.074820	-0.072000	0.760000	0.568000	192.000000	0.000000	0.000000	0.000000	0.000000	0.000000	0.000000	0.000000	0.000000	0.000000	1733433199.458433	0.000000
92.000000	87681.154928	17499.560714	187500.000000	187500.000000	86842.428069	102699.783766	113571.448752	134229.601530	-0.072000	0.760000	0.568000	192.000000	0.000000	0.000000	0.000000	0.000000	0.000000	0.000000	0.000000	0.000000	0.000000	1733433199.462380	0.000000
93.000000	87679.322085	17490.888237	187500.000000	187500.000000	86836.817782	102687.110327	113549.432284	134215.721096	-0.072000	0.760000	0.568000	192.000000	0.000000	0.000000	0.000000	0.000000	0.000000	0.000000	0.000000	0.000000	0.000000	1733433199.465260	0.000000
94.000000	87672.549507	17459.953423	187500.000000	187500.000000	86843.031567	102692.497098	113562.709220	134212.569501	-0.072000	0.760000	0.568000	192.000000	0.000000	0.000000	0.000000	0.000000	0.000000	0.000000	0.000000	0.000000	0.000000	1733433199.469200	0.000000
95.000000	87657.640893	17458.433504	187500.000000	187500.000000	86836.840133	102676.537952	113559.356458	134198.286736	-0.072000	0.760000	0.568000	192.000000	0.000000	0.000000	0.000000	0.000000	0.000000	0.000000	0.000000	0.000000	0.000000	1733433199.473215	0.000000
96.000000	87656.165678	17476.225493	187500.000000	187500.000000	86838.114183	102654.499132	113549.678153	134196.208024	-0.072000	0.760000	0.568000	192.000000	0.000000	0.000000	0.000000	0.000000	0.000000	0.000000	0.000000	0.000000	0.000000	1733433199.477253	0.000000
97.000000	87677.489242	17507.987321	187500.000000	187500.000000	86837.354223	102649.581748	113552.114493	134194.486939	-0.078000	0.766000	0.564000	192.000000	253.000000	144.000000	23.000000	240.000000	17.000000	160.000000	0.000000	0.000000	0.000000	1733433199.481448	0.000000
98.000000	87669.532021	17452.733809	187500.000000	187500.000000	86825.977185	102640.797513	113551.510996	134218.783285	-0.078000	0.766000	0.564000	192.000000	0.000000	0.000000	0.000000	0.000000	0.000000	0.000000	0.000000	0.000000	0.000000	1733433199.486467	0.000000
99.000000	87659.652550	17439.367466	187500.000000	187500.000000	86822.825590	102650.140542	113537.116472	134189.301335	-0.078000	0.766000	0.564000	192.000000	0.000000	0.000000	0.000000	0.000000	0.000000	0.000000	0.000000	0.000000	0.000000	1733433199.490414	0.000000
100.000000	87663.385292	17467.776533	187500.000000	187500.000000	86824.904302	102660.489399	113537.474100	134173.878631	-0.078000	0.766000	0.564000	192.000000	0.000000	0.000000	0.000000	0.000000	0.000000	0.000000	0.000000	0.000000	0.000000	1733433199.493501	0.000000
101.000000	87665.128728	17466.815408	187500.000000	187500.000000	86832.794468	102661.227007	113544.939583	134177.477262	-0.078000	0.766000	0.564000	192.000000	0.000000	0.000000	0.000000	0.000000	0.000000	0.000000	0.000000	0.000000	0.000000	1733433199.498583	0.000000
102.000000	87670.247277	17465.854283	187500.000000	187500.000000	86848.977131	102674.526295	113586.290310	134211.697782	-0.078000	0.766000	0.564000	192.000000	0.000000	0.000000	0.000000	0.000000	0.000000	0.000000	0.000000	0.000000	0.000000	1733433199.501416	0.000000
103.000000	87668.325027	17482.394574	187500.000000	187500.000000	86857.046110	102695.447528	113595.745098	134247.058242	-0.078000	0.766000	0.564000	192.000000	0.000000	0.000000	0.000000	0.000000	0.000000	0.000000	0.000000	0.000000	0.000000	1733433199.505265	0.000000
104.000000	87665.866335	17471.643385	187500.000000	187500.000000	86859.393043	102706.489290	113584.591578	134233.826009	-0.078000	0.766000	0.564000	192.000000	0.000000	0.000000	0.000000	0.000000	0.000000	0.000000	0.000000	0.000000	0.000000	1733433199.509306	0.000000
105.000000	87662.960608	17437.668733	187500.000000	187500.000000	86868.065520	102682.259999	113565.950223	134213.195349	-0.078000	0.766000	0.564000	192.000000	0.000000	0.000000	0.000000	0.000000	0.000000	0.000000	0.000000	0.000000	0.000000	1733433199.513325	0.000000
106.000000	87656.120975	17417.395701	187500.000000	187500.000000	86870.680674	102672.872266	113565.436133	134205.551053	-0.078000	0.766000	0.564000	192.000000	0.000000	0.000000	0.000000	0.000000	0.000000	0.000000	0.000000	0.000000	0.000000	1733433199.518377	0.000000
107.000000	87654.399890	17430.605582	187500.000000	187500.000000	86865.606828	102662.702222	113564.117380	134203.807617	-0.070000	0.750000	0.560000	192.000000	253.000000	208.000000	23.000000	112.000000	17.000000	128.000000	0.000000	0.000000	0.000000	1733433199.521422	0.000000
108.000000	87650.063652	17440.954440	187500.000000	187500.000000	86861.359997	102662.545760	113556.361324	134196.945631	-0.070000	0.750000	0.560000	192.000000	0.000000	0.000000	0.000000	0.000000	0.000000	0.000000	0.000000	0.000000	0.000000	1733433199.525440	0.000000
109.000000	87651.427108	17426.045826	187500.000000	187500.000000	86862.477584	102665.563245	113550.192243	134218.895044	-0.070000	0.750000	0.560000	192.000000	0.000000	0.000000	0.000000	0.000000	0.000000	0.000000	0.000000	0.000000	0.000000	1733433199.529714	0.000000
110.000000	87662.915905	17444.933050	187500.000000	187500.000000	86868.557259	102663.439830	113557.635374	134209.842588	-0.070000	0.750000	0.560000	192.000000	0.000000	0.000000	0.000000	0.000000	0.000000	0.000000	0.000000	0.000000	0.000000	1733433199.533554	0.000000
111.000000	87668.101510	17456.041867	187500.000000	187500.000000	86873.765215	102692.519449	113562.038667	134197.638535	-0.070000	0.750000	0.560000	192.000000	0.000000	0.000000	0.000000	0.000000	0.000000	0.000000	0.000000	0.000000	0.000000	1733433199.537313	0.000000
112.000000	87664.793451	17444.955402	187500.000000	187500.000000	86875.173375	102693.502926	113559.579976	134195.828044	-0.070000	0.750000	0.560000	192.000000	0.000000	0.000000	0.000000	0.000000	0.000000	0.000000	0.000000	0.000000	0.000000	1733433199.541316	0.000000
113.000000	87651.896495	17411.293675	187500.000000	187500.000000	86870.144233	102676.403842	113535.663609	134209.663774	-0.070000	0.750000	0.560000	192.000000	0.000000	0.000000	0.000000	0.000000	0.000000	0.000000	0.000000	0.000000	0.000000	1733433199.546368	0.000000
114.000000	87638.284282	17392.808782	187500.000000	187500.000000	86848.999482	102668.245455	113502.851248	134207.227434	-0.070000	0.750000	0.560000	192.000000	0.000000	0.000000	0.000000	0.000000	0.000000	0.000000	0.000000	0.000000	0.000000	1733433199.549369	0.000000
115.000000	87650.220114	17426.179937	187500.000000	187500.000000	86860.465927	102661.472876	113532.690827	134171.732863	-0.070000	0.750000	0.560000	192.000000	0.000000	0.000000	0.000000	0.000000	0.000000	0.000000	0.000000	0.000000	0.000000	1733433199.552456	0.000000
116.000000	87662.357111	17424.056521	187500.000000	187500.000000	86865.562125	102647.994774	113562.351592	134153.493840	-0.070000	0.750000	0.560000	192.000000	0.000000	0.000000	0.000000	0.000000	0.000000	0.000000	0.000000	0.000000	0.000000	1733433199.557609	0.000000
117.000000	87656.679768	17422.871878	187500.000000	187500.000000	86853.715700	102638.718800	113547.062999	134156.533677	-0.070000	0.776000	0.562000	192.000000	253.000000	208.000000	24.000000	64.000000	17.000000	144.000000	0.000000	0.000000	0.000000	1733433199.561684	0.000000
118.000000	87646.487373	17391.355919	187500.000000	187500.000000	86838.248293	102626.715914	113526.812318	134158.612389	-0.070000	0.776000	0.562000	192.000000	0.000000	0.000000	0.000000	0.000000	0.000000	0.000000	0.000000	0.000000	0.000000	1733433199.565658	0.000000
119.000000	87639.066594	17375.329718	187500.000000	187500.000000	86832.347433	102634.829597	113519.548001	134156.913657	-0.070000	0.776000	0.562000	192.000000	0.000000	0.000000	0.000000	0.000000	0.000000	0.000000	0.000000	0.000000	0.000000	1733433199.569715	0.000000
120.000000	87639.133649	17389.232503	187500.000000	187500.000000	86825.284281	102627.073542	113516.754033	134156.265456	-0.070000	0.776000	0.562000	192.000000	0.000000	0.000000	0.000000	0.000000	0.000000	0.000000	0.000000	0.000000	0.000000	1733433199.573443	0.000000
121.000000	87640.944140	17386.013852	187500.000000	187500.000000	86831.475715	102653.090972	113527.706388	134155.594904	-0.070000	0.776000	0.562000	192.000000	0.000000	0.000000	0.000000	0.000000	0.000000	0.000000	0.000000	0.000000	0.000000	1733433199.576438	0.000000
122.000000	87632.316367	17390.908884	187500.000000	187500.000000	86828.212360	102676.046214	113520.464423	134136.618273	-0.070000	0.776000	0.562000	192.000000	0.000000	0.000000	0.000000	0.000000	0.000000	0.000000	0.000000	0.000000	0.000000	1733433199.582461	0.000000
123.000000	87640.430050	17390.618311	187500.000000	187500.000000	86840.215247	102659.729440	113520.553830	134164.580305	-0.070000	0.776000	0.562000	192.000000	0.000000	0.000000	0.000000	0.000000	0.000000	0.000000	0.000000	0.000000	0.000000	1733433199.585450	0.000000
124.000000	87656.903286	17429.085663	187500.000000	187500.000000	86849.893552	102661.584635	113548.515862	134218.649175	-0.070000	0.776000	0.562000	192.000000	0.000000	0.000000	0.000000	0.000000	0.000000	0.000000	0.000000	0.000000	0.000000	1733433199.589675	0.000000
125.000000	87641.502934	17393.032300	187500.000000	187500.000000	86859.527154	102668.513676	113567.939528	134183.646343	-0.070000	0.776000	0.562000	192.000000	0.000000	0.000000	0.000000	0.000000	0.000000	0.000000	0.000000	0.000000	0.000000	1733433199.593585	0.000000
126.000000	87633.679823	17368.914767	187500.000000	187500.000000	86844.104450	102641.535120	113548.560566	134191.000067	-0.070000	0.776000	0.562000	192.000000	0.000000	0.000000	0.000000	0.000000	0.000000	0.000000	0.000000	0.000000	0.000000	1733433199.597898	0.000000
127.000000	87629.723564	17367.908939	187500.000000	187500.000000	86829.732279	102644.463199	113540.558641	134173.073968	-0.066000	0.770000	0.550000	192.000000	253.000000	240.000000	24.000000	16.000000	17.000000	48.000000	0.000000	0.000000	0.000000	1733433199.602670	0.000000
128.000000	87628.807143	17373.161599	187500.000000	187500.000000	86831.274549	102642.250376	113541.050379	134168.581267	-0.066000	0.770000	0.550000	192.000000	0.000000	0.000000	0.000000	0.000000	0.000000	0.000000	0.000000	0.000000	0.000000	1733433199.605546	0.000000
129.000000	87624.962643	17365.047916	187500.000000	187500.000000	86820.836284	102630.247489	113523.414853	134164.669712	-0.066000	0.770000	0.550000	192.000000	0.000000	0.000000	0.000000	0.000000	0.000000	0.000000	0.000000	0.000000	0.000000	1733433199.608410	0.000000
130.000000	87620.157018	17347.434741	187500.000000	187500.000000	86806.642927	102620.949164	113515.949370	134169.989427	-0.066000	0.770000	0.550000	192.000000	0.000000	0.000000	0.000000	0.000000	0.000000	0.000000	0.000000	0.000000	0.000000	1733433199.613417	0.000000
131.000000	87616.916015	17343.143206	187500.000000	187500.000000	86792.851900	102615.942373	113506.606341	134136.685328	-0.066000	0.770000	0.550000	192.000000	0.000000	0.000000	0.000000	0.000000	0.000000	0.000000	0.000000	0.000000	0.000000	1733433199.617502	0.000000
132.000000	87618.905320	17346.585375	187500.000000	187500.000000	86784.022961	102616.747036	113495.922207	134133.466677	-0.066000	0.770000	0.550000	192.000000	0.000000	0.000000	0.000000	0.000000	0.000000	0.000000	0.000000	0.000000	0.000000	1733433199.621478	0.000000
133.000000	87617.318346	17324.680665	187500.000000	187500.000000	86780.625496	102628.101722	113498.336196	134125.241235	-0.066000	0.770000	0.550000	192.000000	0.000000	0.000000	0.000000	0.000000	0.000000	0.000000	0.000000	0.000000	0.000000	1733433199.625493	0.000000
134.000000	87608.064724	17341.399770	187500.000000	187500.000000	86761.201830	102633.309678	113487.048565	134104.297650	-0.066000	0.770000	0.550000	192.000000	0.000000	0.000000	0.000000	0.000000	0.000000	0.000000	0.000000	0.000000	0.000000	1733433199.628601	0.000000
135.000000	87607.349468	17337.711732	187500.000000	187500.000000	86751.389414	102621.999696	113491.854190	134141.200380	-0.066000	0.770000	0.550000	192.000000	0.000000	0.000000	0.000000	0.000000	0.000000	0.000000	0.000000	0.000000	0.000000	1733433199.632628	0.000000
136.000000	87599.928689	17316.231706	187500.000000	187500.000000	86743.365138	102597.613942	113478.085515	134117.194607	-0.066000	0.770000	0.550000	192.000000	0.000000	0.000000	0.000000	0.000000	0.000000	0.000000	0.000000	0.000000	0.000000	1733433199.636801	0.000000
137.000000	87596.888852	17335.543613	187500.000000	187500.000000	86735.497324	102585.253428	113465.054448	134122.134342	-0.074000	0.778000	0.534000	192.000000	253.000000	176.000000	24.000000	80.000000	16.000000	176.000000	0.000000	0.000000	0.000000	1733433199.641872	0.000000
138.000000	87593.580794	17337.823491	187500.000000	187500.000000	86719.359364	102574.077555	113448.044771	134101.436627	-0.074000	0.778000	0.534000	192.000000	0.000000	0.000000	0.000000	0.000000	0.000000	0.000000	0.000000	0.000000	0.000000	1733433199.645460	0.000000
139.000000	87592.552613	17323.741892	187500.000000	187500.000000	86711.268033	102579.263160	113438.969962	134105.303479	-0.074000	0.778000	0.534000	192.000000	0.000000	0.000000	0.000000	0.000000	0.000000	0.000000	0.000000	0.000000	0.000000	1733433199.649711	0.000000
140.000000	87584.617744	17264.666231	187500.000000	187500.000000	86719.158199	102574.636349	113454.459721	134111.718430	-0.074000	0.778000	0.534000	192.000000	0.000000	0.000000	0.000000	0.000000	0.000000	0.000000	0.000000	0.000000	0.000000	1733433199.653530	0.000000
141.000000	87584.617744	17258.206577	187500.000000	187500.000000	86711.335088	102578.771422	113452.224547	134100.274336	-0.074000	0.778000	0.534000	192.000000	0.000000	0.000000	0.000000	0.000000	0.000000	0.000000	0.000000	0.000000	0.000000	1733433199.656532	0.000000
142.000000	87580.706189	17276.847932	187500.000000	187500.000000	86708.742286	102585.566352	113454.504425	134087.355028	-0.074000	0.778000	0.534000	192.000000	0.000000	0.000000	0.000000	0.000000	0.000000	0.000000	0.000000	0.000000	0.000000	1733433199.660498	0.000000
143.000000	87578.091035	17289.275502	187500.000000	187500.000000	86716.475989	102601.503146	113476.990280	134126.917616	-0.074000	0.778000	0.534000	192.000000	0.000000	0.000000	0.000000	0.000000	0.000000	0.000000	0.000000	0.000000	0.000000	1733433199.664694	0.000000
144.000000	87579.163918	17282.346461	187500.000000	187500.000000	86715.961899	102624.860719	113494.290530	134133.354918	-0.074000	0.778000	0.534000	192.000000	0.000000	0.000000	0.000000	0.000000	0.000000	0.000000	0.000000	0.000000	0.000000	1733433199.669796	0.000000
145.000000	87573.151299	17309.928514	187500.000000	187500.000000	86704.115475	102651.124019	113475.984451	134122.491970	-0.074000	0.778000	0.534000	192.000000	0.000000	0.000000	0.000000	0.000000	0.000000	0.000000	0.000000	0.000000	0.000000	1733433199.673798	0.000000
146.000000	87562.042482	17290.370737	187500.000000	187500.000000	86690.659725	102551.390535	113450.324649	134102.107179	-0.074000	0.778000	0.534000	192.000000	0.000000	0.000000	0.000000	0.000000	0.000000	0.000000	0.000000	0.000000	0.000000	1733433199.677662	0.000000
147.000000	87549.927837	17202.371919	187500.000000	187500.000000	86680.355570	102502.149642	113436.623029	134083.331714	-0.072000	0.790000	0.520000	192.000000	253.000000	192.000000	24.000000	176.000000	16.000000	64.000000	0.000000	0.000000	0.000000	1733433199.681859	0.000000
148.000000	87545.613950	17195.822858	187500.000000	187500.000000	86674.164137	102518.198194	113431.191555	134095.468711	-0.072000	0.790000	0.520000	192.000000	0.000000	0.000000	0.000000	0.000000	0.000000	0.000000	0.000000	0.000000	0.000000	1733433199.684590	0.000000
149.000000	87538.774316	17202.036643	187500.000000	187500.000000	86665.670474	102522.467377	113429.314009	134094.820511	-0.072000	0.790000	0.520000	192.000000	0.000000	0.000000	0.000000	0.000000	0.000000	0.000000	0.000000	0.000000	0.000000	1733433199.688552	0.000000
150.000000	87528.648976	17195.576989	187500.000000	187500.000000	86662.608285	102533.039753	113421.937933	134061.628170	-0.072000	0.790000	0.520000	192.000000	0.000000	0.000000	0.000000	0.000000	0.000000	0.000000	0.000000	0.000000	0.000000	1733433199.692550	0.000000
151.000000	87537.813191	17243.253260	187500.000000	187500.000000	86670.654913	102552.329308	113423.457852	134072.982856	-0.072000	0.790000	0.520000	192.000000	0.000000	0.000000	0.000000	0.000000	0.000000	0.000000	0.000000	0.000000	0.000000	1733433199.696565	0.000000
152.000000	87539.981310	17242.828577	187500.000000	187500.000000	86646.135050	102522.266212	113402.447212	134039.611702	-0.072000	0.790000	0.520000	192.000000	0.000000	0.000000	0.000000	0.000000	0.000000	0.000000	0.000000	0.000000	0.000000	1733433199.701813	0.000000
153.000000	87524.871531	17200.628483	187500.000000	187500.000000	86629.728869	102543.232148	113403.721261	134021.462085	-0.072000	0.790000	0.520000	192.000000	0.000000	0.000000	0.000000	0.000000	0.000000	0.000000	0.000000	0.000000	0.000000	1733433199.705845	0.000000
154.000000	87518.344822	17183.775268	187500.000000	187500.000000	86638.736622	102508.855165	113398.356843	134039.678757	-0.072000	0.790000	0.520000	192.000000	0.000000	0.000000	0.000000	0.000000	0.000000	0.000000	0.000000	0.000000	0.000000	1733433199.708851	0.000000
155.000000	87514.969708	17168.844303	187500.000000	187500.000000	86622.576311	102489.990293	113373.367592	134057.940132	-0.072000	0.790000	0.520000	192.000000	0.000000	0.000000	0.000000	0.000000	0.000000	0.000000	0.000000	0.000000	0.000000	1733433199.712679	0.000000
156.000000	87513.248624	17133.439140	187500.000000	187500.000000	86624.520913	102493.991255	113403.430689	134067.461976	-0.072000	0.790000	0.520000	192.000000	0.000000	0.000000	0.000000	0.000000	0.000000	0.000000	0.000000	0.000000	0.000000	1733433199.716796	0.000000
157.000000	87515.506150	17173.918149	187500.000000	187500.000000	86609.277023	102489.342092	113400.524962	134038.471763	-0.098000	0.804000	0.492000	192.000000	252.000000	240.000000	25.000000	32.000000	15.000000	96.000000	0.000000	0.000000	0.000000	1733433199.720616	0.000000
158.000000	87514.589729	17167.972585	187500.000000	187500.000000	86576.218793	102460.016603	113363.488121	134007.648707	-0.098000	0.804000	0.492000	192.000000	0.000000	0.000000	0.000000	0.000000	0.000000	0.000000	0.000000	0.000000	0.000000	1733433199.724634	0.000000
159.000000	87510.789932	17135.584907	187500.000000	187500.000000	86591.395627	102484.648226	113372.294709	134021.462085	-0.098000	0.804000	0.492000	192.000000	0.000000	0.000000	0.000000	0.000000	0.000000	0.000000	0.000000	0.000000	0.000000	1733433199.729606	0.000000
160.000000	87507.034839	17119.044616	187500.000000	187500.000000	86588.422845	102502.708435	113370.238348	134009.526254	-0.098000	0.804000	0.492000	192.000000	0.000000	0.000000	0.000000	0.000000	0.000000	0.000000	0.000000	0.000000	0.000000	1733433199.733742	0.000000
161.000000	87498.675287	17151.119369	187500.000000	187500.000000	86579.169223	102483.709453	113369.299575	134023.876074	-0.098000	0.804000	0.492000	192.000000	0.000000	0.000000	0.000000	0.000000	0.000000	0.000000	0.000000	0.000000	0.000000	1733433199.736747	0.000000
162.000000	87488.102911	17135.674314	187500.000000	187500.000000	86572.597810	102536.526625	113371.847674	134051.212257	-0.098000	0.804000	0.492000	192.000000	0.000000	0.000000	0.000000	0.000000	0.000000	0.000000	0.000000	0.000000	0.000000	1733433199.740852	0.000000
163.000000	87483.274935	17101.833773	187500.000000	187500.000000	86539.807801	102406.573582	113349.138302	134045.713728	-0.098000	0.804000	0.492000	192.000000	0.000000	0.000000	0.000000	0.000000	0.000000	0.000000	0.000000	0.000000	0.000000	1733433199.744792	0.000000
164.000000	87491.679191	17115.043654	187500.000000	187500.000000	86528.162542	102389.407443	113344.377380	134048.395937	-0.098000	0.804000	0.492000	192.000000	0.000000	0.000000	0.000000	0.000000	0.000000	0.000000	0.000000	0.000000	0.000000	1733433199.748975	0.000000
165.000000	87472.970780	17007.397653	187500.000000	187500.000000	86523.893359	102417.078902	113342.119854	134023.093763	-0.098000	0.804000	0.492000	192.000000	0.000000	0.000000	0.000000	0.000000	0.000000	0.000000	0.000000	0.000000	0.000000	1733433199.752662	0.000000
166.000000	87475.518879	16987.102269	187500.000000	187500.000000	86539.047842	102419.872870	113352.938098	134027.206484	-0.098000	0.804000	0.492000	192.000000	0.000000	0.000000	0.000000	0.000000	0.000000	0.000000	0.000000	0.000000	0.000000	1733433199.757668	0.000000
167.000000	87471.361455	17001.876772	187500.000000	187500.000000	86525.078002	102414.374341	113346.053761	134029.642824	-0.128000	0.840000	0.452000	192.000000	252.000000	0.000000	26.000000	64.000000	14.000000	32.000000	0.000000	0.000000	0.000000	1733433199.761676	0.000000
168.000000	87452.071899	17003.731966	187500.000000	187500.000000	86492.466806	102382.768975	113315.275409	133965.158041	-0.128000	0.840000	0.452000	192.000000	0.000000	0.000000	0.000000	0.000000	0.000000	0.000000	0.000000	0.000000	0.000000	1733433199.764849	0.000000
169.000000	87431.061260	17008.671702	187500.000000	187500.000000	86476.798234	102394.928324	113284.273539	133936.301939	-0.128000	0.840000	0.452000	192.000000	0.000000	0.000000	0.000000	0.000000	0.000000	0.000000	0.000000	0.000000	0.000000	1733433199.768783	0.000000
170.000000	87432.290606	16996.221780	187500.000000	187500.000000	86468.885716	102390.368568	113268.739077	133949.310654	-0.128000	0.840000	0.452000	192.000000	0.000000	0.000000	0.000000	0.000000	0.000000	0.000000	0.000000	0.000000	0.000000	1733433199.772888	0.000000
171.000000	87438.951425	16991.080879	187500.000000	187500.000000	86447.249227	102316.317238	113244.353324	133955.815012	-0.128000	0.840000	0.452000	192.000000	0.000000	0.000000	0.000000	0.000000	0.000000	0.000000	0.000000	0.000000	0.000000	1733433199.776971	0.000000
172.000000	87430.390707	16968.282100	187500.000000	187500.000000	86440.677815	102314.506747	113237.580745	133935.921959	-0.128000	0.840000	0.452000	192.000000	0.000000	0.000000	0.000000	0.000000	0.000000	0.000000	0.000000	0.000000	0.000000	1733433199.780899	0.000000
173.000000	87420.243015	16890.922712	187500.000000	187500.000000	86439.895504	102299.665189	113232.775120	133884.445892	-0.128000	0.840000	0.452000	192.000000	0.000000	0.000000	0.000000	0.000000	0.000000	0.000000	0.000000	0.000000	0.000000	1733433199.784667	0.000000
174.000000	87421.964100	16929.412416	187500.000000	187500.000000	86441.929512	102318.753579	113228.595344	133876.533374	-0.128000	0.840000	0.452000	192.000000	0.000000	0.000000	0.000000	0.000000	0.000000	0.000000	0.000000	0.000000	0.000000	1733433199.789724	0.000000
175.000000	87431.776515	16996.422946	187500.000000	187500.000000	86436.207466	102362.630053	113230.986980	133870.252534	-0.128000	0.840000	0.452000	192.000000	0.000000	0.000000	0.000000	0.000000	0.000000	0.000000	0.000000	0.000000	0.000000	1733433199.792723	0.000000
176.000000	87421.092382	16857.529206	187500.000000	187500.000000	86437.816791	102345.799189	113225.287285	133880.288467	-0.128000	0.840000	0.452000	192.000000	0.000000	0.000000	0.000000	0.000000	0.000000	0.000000	0.000000	0.000000	0.000000	1733433199.796727	0.000000
177.000000	87410.587062	16829.433063	187500.000000	187500.000000	86438.085012	102294.010197	113240.844100	133921.996823	-0.128000	0.854000	0.404000	192.000000	252.000000	0.000000	26.000000	176.000000	12.000000	160.000000	0.000000	0.000000	0.000000	1733433199.800725	0.000000
178.000000	87413.001050	16821.609953	187500.000000	187500.000000	86426.596216	102266.405793	113222.672131	133914.151360	-0.128000	0.854000	0.404000	192.000000	0.000000	0.000000	0.000000	0.000000	0.000000	0.000000	0.000000	0.000000	0.000000	1733433199.804747	0.000000
179.000000	87406.116713	16812.848069	187500.000000	187500.000000	86430.373660	102287.014101	113216.771271	133904.853035	-0.128000	0.854000	0.404000	192.000000	0.000000	0.000000	0.000000	0.000000	0.000000	0.000000	0.000000	0.000000	0.000000	1733433199.808912	0.000000
180.000000	87399.053562	16792.507981	187500.000000	187500.000000	86445.595198	102315.601983	113254.366905	133945.488506	-0.128000	0.854000	0.404000	192.000000	0.000000	0.000000	0.000000	0.000000	0.000000	0.000000	0.000000	0.000000	0.000000	1733433199.813947	0.000000
181.000000	87401.758123	16785.936568	187500.000000	187500.000000	86431.625358	102289.025758	113237.133710	133917.370011	-0.128000	0.854000	0.404000	192.000000	0.000000	0.000000	0.000000	0.000000	0.000000	0.000000	0.000000	0.000000	0.000000	1733433199.817998	0.000000
182.000000	87391.923355	16772.167894	187500.000000	187500.000000	86420.561245	102292.602038	113224.795547	133920.543959	-0.128000	0.854000	0.404000	192.000000	0.000000	0.000000	0.000000	0.000000	0.000000	0.000000	0.000000	0.000000	0.000000	1733433199.821070	0.000000
183.000000	87385.955439	16789.110516	187500.000000	187500.000000	86415.643861	102292.356168	113227.365998	133920.566311	-0.128000	0.854000	0.404000	192.000000	0.000000	0.000000	0.000000	0.000000	0.000000	0.000000	0.000000	0.000000	0.000000	1733433199.824780	0.000000
184.000000	87393.286812	16833.456377	187500.000000	187500.000000	86421.812942	102319.804111	113226.494280	133912.944366	-0.128000	0.854000	0.404000	192.000000	0.000000	0.000000	0.000000	0.000000	0.000000	0.000000	0.000000	0.000000	0.000000	1733433199.828763	0.000000
185.000000	87387.475358	16750.374943	187500.000000	187500.000000	86408.580710	102334.533910	113213.843192	133881.048427	-0.128000	0.854000	0.404000	192.000000	0.000000	0.000000	0.000000	0.000000	0.000000	0.000000	0.000000	0.000000	0.000000	1733433199.832783	0.000000
186.000000	87375.897154	16651.893157	187500.000000	187500.000000	86394.432055	102284.845982	113187.736355	133868.240877	-0.128000	0.854000	0.404000	192.000000	0.000000	0.000000	0.000000	0.000000	0.000000	0.000000	0.000000	0.000000	0.000000	1733433199.836742	0.000000
187.000000	87361.681445	16642.393666	187500.000000	187500.000000	86388.330029	102241.103618	113175.644061	133872.711226	-0.128000	0.884000	0.362000	192.000000	252.000000	0.000000	27.000000	160.000000	11.000000	80.000000	0.000000	0.000000	0.000000	1733433199.841878	0.000000
188.000000	87358.596904	16631.307200	187500.000000	187500.000000	86380.238698	102220.718827	113160.690744	133858.204944	-0.128000	0.884000	0.362000	192.000000	0.000000	0.000000	0.000000	0.000000	0.000000	0.000000	0.000000	0.000000	0.000000	1733433199.844993	0.000000
189.000000	87352.494878	16629.675523	187500.000000	187500.000000	86370.225116	102218.014266	113137.087302	133834.959130	-0.128000	0.884000	0.362000	192.000000	0.000000	0.000000	0.000000	0.000000	0.000000	0.000000	0.000000	0.000000	0.000000	1733433199.848071	0.000000
190.000000	87356.473488	16650.216776	187500.000000	187500.000000	86375.276610	102238.622575	113137.288468	133834.892074	-0.128000	0.884000	0.362000	192.000000	0.000000	0.000000	0.000000	0.000000	0.000000	0.000000	0.000000	0.000000	0.000000	1733433199.852770	0.000000
191.000000	87363.268419	16667.181750	187500.000000	187500.000000	86382.585631	102258.046241	113146.072703	133826.465467	-0.128000	0.884000	0.362000	192.000000	0.000000	0.000000	0.000000	0.000000	0.000000	0.000000	0.000000	0.000000	0.000000	1733433199.856819	0.000000
192.000000	87353.903038	16642.572480	187500.000000	187500.000000	86376.193032	102234.979240	113121.105805	133823.224464	-0.128000	0.884000	0.362000	192.000000	0.000000	0.000000	0.000000	0.000000	0.000000	0.000000	0.000000	0.000000	0.000000	1733433199.860798	0.000000
193.000000	87335.686366	16544.358914	187500.000000	187500.000000	86353.595418	102191.080414	113090.841543	133798.726952	-0.128000	0.884000	0.362000	192.000000	0.000000	0.000000	0.000000	0.000000	0.000000	0.000000	0.000000	0.000000	0.000000	1733433199.864916	0.000000
194.000000	87330.724279	16513.446452	187500.000000	187500.000000	86348.834497	102207.777167	113090.193342	133776.911649	-0.128000	0.884000	0.362000	192.000000	0.000000	0.000000	0.000000	0.000000	0.000000	0.000000	0.000000	0.000000	0.000000	1733433199.868797	0.000000
195.000000	87334.881703	16532.288972	187500.000000	187500.000000	86351.069671	102204.044426	113115.339055	133799.196339	-0.128000	0.884000	0.362000	192.000000	0.000000	0.000000	0.000000	0.000000	0.000000	0.000000	0.000000	0.000000	0.000000	1733433199.872825	0.000000
196.000000	87326.276282	16543.844824	187500.000000	187500.000000	86326.505104	102181.983254	113085.924159	133786.657010	-0.128000	0.884000	0.362000	192.000000	0.000000	0.000000	0.000000	0.000000	0.000000	0.000000	0.000000	0.000000	0.000000	1733433199.876822	0.000000
197.000000	87315.949776	16501.309455	187500.000000	187500.000000	86304.600394	102175.747117	113053.804702	133778.051588	-0.124000	0.898000	0.336000	192.000000	252.000000	32.000000	28.000000	16.000000	10.000000	128.000000	0.000000	0.000000	0.000000	1733433199.881044	0.000000
198.000000	87300.012982	16474.241492	187500.000000	187500.000000	86285.914336	102162.961920	113032.347027	133746.848553	-0.124000	0.898000	0.336000	192.000000	0.000000	0.000000	0.000000	0.000000	0.000000	0.000000	0.000000	0.000000	0.000000	1733433199.885064	0.000000
199.000000	87300.370610	16452.135617	187500.000000	187500.000000	86295.771455	102189.314626	113062.521882	133767.903896	-0.124000	0.898000	0.336000	192.000000	0.000000	0.000000	0.000000	0.000000	0.000000	0.000000	0.000000	0.000000	0.000000	1733433199.889203	0.000000
200.000000	87292.793368	16425.581744	187500.000000	187500.000000	86288.328324	102171.790859	113057.716257	133784.332428	-0.124000	0.898000	0.336000	192.000000	0.000000	0.000000	0.000000	0.000000	0.000000	0.000000	0.000000	0.000000	0.000000	1733433199.893054	0.000000
201.000000	87285.305534	16401.374805	187500.000000	187500.000000	86278.426502	102160.302062	113041.421836	133766.272219	-0.124000	0.898000	0.336000	192.000000	0.000000	0.000000	0.000000	0.000000	0.000000	0.000000	0.000000	0.000000	0.000000	1733433199.896890	0.000000
202.000000	87283.964429	16384.678052	187500.000000	187500.000000	86257.058234	102153.462428	113025.127414	133724.496809	-0.124000	0.898000	0.336000	192.000000	0.000000	0.000000	0.000000	0.000000	0.000000	0.000000	0.000000	0.000000	0.000000	1733433199.900861	0.000000
203.000000	87274.464938	16385.370956	187500.000000	187500.000000	86236.181705	102113.519861	112985.006033	133722.283986	-0.124000	0.898000	0.336000	192.000000	0.000000	0.000000	0.000000	0.000000	0.000000	0.000000	0.000000	0.000000	0.000000	1733433199.903896	0.000000
204.000000	87268.541726	16388.276683	187500.000000	187500.000000	86225.721088	102082.629750	112975.864169	133683.838985	-0.124000	0.898000	0.336000	192.000000	0.000000	0.000000	0.000000	0.000000	0.000000	0.000000	0.000000	0.000000	0.000000	1733433199.908881	0.000000
205.000000	87255.443603	16339.862804	187500.000000	187500.000000	86211.393620	102072.727927	112970.812675	133693.673753	-0.124000	0.898000	0.336000	192.000000	0.000000	0.000000	0.000000	0.000000	0.000000	0.000000	0.000000	0.000000	0.000000	1733433199.912875	0.000000
206.000000	87230.141429	16260.245891	187500.000000	187500.000000	86198.586070	102067.296453	112949.422055	133673.244259	-0.124000	0.898000	0.336000	192.000000	0.000000	0.000000	0.000000	0.000000	0.000000	0.000000	0.000000	0.000000	0.000000	1733433199.916989	0.000000
207.000000	87226.431039	16231.322733	187500.000000	187500.000000	86199.904823	102064.524837	112935.563974	133624.182179	-0.126000	0.916000	0.306000	192.000000	252.000000	16.000000	28.000000	160.000000	9.000000	144.000000	0.000000	0.000000	0.000000	1733433199.921095	0.000000
208.000000	87220.038440	16248.734742	187500.000000	187500.000000	86188.863062	102036.898081	112913.458099	133612.447514	-0.126000	0.916000	0.306000	192.000000	0.000000	0.000000	0.000000	0.000000	0.000000	0.000000	0.000000	0.000000	0.000000	1733433199.925136	0.000000
209.000000	87215.992774	16255.999059	187500.000000	187500.000000	86189.868890	102106.791986	112928.545526	133654.625255	-0.126000	0.916000	0.306000	192.000000	0.000000	0.000000	0.000000	0.000000	0.000000	0.000000	0.000000	0.000000	0.000000	1733433199.929126	0.000000
210.000000	87210.538949	16238.788216	187500.000000	187500.000000	86183.588050	102048.632747	112933.686427	133707.330669	-0.126000	0.916000	0.306000	192.000000	0.000000	0.000000	0.000000	0.000000	0.000000	0.000000	0.000000	0.000000	0.000000	1733433199.932026	0.000000
211.000000	87196.725571	16214.983608	187500.000000	187500.000000	86167.941829	102000.084758	112905.903209	133670.942029	-0.126000	0.916000	0.306000	192.000000	0.000000	0.000000	0.000000	0.000000	0.000000	0.000000	0.000000	0.000000	0.000000	1733433199.936889	0.000000
212.000000	87187.583707	16142.005162	187500.000000	187500.000000	86170.959314	102013.808729	112918.084910	133671.210250	-0.126000	0.916000	0.306000	192.000000	0.000000	0.000000	0.000000	0.000000	0.000000	0.000000	0.000000	0.000000	0.000000	1733433199.940888	0.000000
213.000000	87170.194050	16102.152002	187500.000000	187500.000000	86168.567678	102023.218813	112914.553334	133676.082930	-0.126000	0.916000	0.306000	192.000000	0.000000	0.000000	0.000000	0.000000	0.000000	0.000000	0.000000	0.000000	0.000000	1733433199.944890	0.000000
214.000000	87164.002617	16106.063557	187500.000000	187500.000000	86145.835953	101987.724243	112887.351261	133645.058709	-0.126000	0.916000	0.306000	192.000000	0.000000	0.000000	0.000000	0.000000	0.000000	0.000000	0.000000	0.000000	0.000000	1733433199.948933	0.000000
215.000000	87166.707178	16101.459098	187500.000000	187500.000000	86132.424907	101996.664941	112863.077267	133626.752630	-0.126000	0.916000	0.306000	192.000000	0.000000	0.000000	0.000000	0.000000	0.000000	0.000000	0.000000	0.000000	0.000000	1733433199.952973	0.000000
216.000000	87148.244637	16047.256118	187500.000000	187500.000000	86129.005090	101977.129516	112862.294956	133643.628197	-0.126000	0.916000	0.306000	192.000000	0.000000	0.000000	0.000000	0.000000	0.000000	0.000000	0.000000	0.000000	0.000000	1733433199.956946	0.000000
217.000000	87137.694614	16025.105539	187500.000000	187500.000000	86118.745639	101952.587301	112845.329981	133638.934331	-0.148000	0.920000	0.280000	192.000000	251.000000	96.000000	28.000000	192.000000	8.000000	192.000000	0.000000	0.000000	0.000000	1733433199.960136	0.000000
218.000000	87119.924977	16004.474879	187500.000000	187500.000000	86096.840930	101952.095562	112817.814984	133587.122987	-0.148000	0.920000	0.280000	192.000000	0.000000	0.000000	0.000000	0.000000	0.000000	0.000000	0.000000	0.000000	0.000000	1733433199.964181	0.000000
219.000000	87114.605262	15991.488515	187500.000000	187500.000000	86091.387104	101921.764245	112806.147373	133551.404900	-0.148000	0.920000	0.280000	192.000000	0.000000	0.000000	0.000000	0.000000	0.000000	0.000000	0.000000	0.000000	0.000000	1733433199.969199	0.000000
220.000000	87105.977488	15984.648882	187500.000000	187500.000000	86079.518328	101908.040274	112791.238760	133531.601254	-0.148000	0.920000	0.280000	192.000000	0.000000	0.000000	0.000000	0.000000	0.000000	0.000000	0.000000	0.000000	0.000000	1733433199.973086	0.000000
221.000000	87103.496445	15987.286387	187500.000000	187500.000000	86075.584421	101914.879908	112766.361268	133527.421478	-0.148000	0.920000	0.280000	192.000000	0.000000	0.000000	0.000000	0.000000	0.000000	0.000000	0.000000	0.000000	0.000000	1733433199.976978	0.000000
222.000000	87079.133043	15895.018386	187500.000000	187500.000000	86054.126746	101890.002416	112748.256355	133535.401050	-0.148000	0.920000	0.280000	192.000000	0.000000	0.000000	0.000000	0.000000	0.000000	0.000000	0.000000	0.000000	0.000000	1733433199.979986	0.000000
223.000000	87070.415863	15873.627767	187500.000000	187500.000000	86057.032473	101899.524260	112745.484739	133544.967597	-0.148000	0.920000	0.280000	192.000000	0.000000	0.000000	0.000000	0.000000	0.000000	0.000000	0.000000	0.000000	0.000000	1733433199.983991	0.000000
224.000000	87063.017435	15894.347834	187500.000000	187500.000000	86044.515496	101890.270637	112748.681038	133529.768411	-0.148000	0.920000	0.280000	192.000000	0.000000	0.000000	0.000000	0.000000	0.000000	0.000000	0.000000	0.000000	0.000000	1733433199.987995	0.000000
225.000000	87052.579171	15836.970906	187500.000000	187500.000000	86042.347377	101868.030652	112743.160158	133522.258225	-0.148000	0.920000	0.280000	192.000000	0.000000	0.000000	0.000000	0.000000	0.000000	0.000000	0.000000	0.000000	0.000000	1733433199.992031	0.000000
226.000000	87048.332339	15819.402435	187500.000000	187500.000000	86041.788583	101852.384430	112733.861832	133486.093102	-0.148000	0.920000	0.280000	192.000000	0.000000	0.000000	0.000000	0.000000	0.000000	0.000000	0.000000	0.000000	0.000000	1733433199.997385	0.000000
227.000000	87034.094278	15804.560876	187500.000000	187500.000000	86032.937292	101859.000547	112712.471212	133469.038721	-0.144000	0.918000	0.252000	192.000000	251.000000	128.000000	28.000000	176.000000	7.000000	224.000000	0.000000	0.000000	0.000000	1733433200.001284	0.000000
228.000000	87019.453885	15795.217847	187500.000000	187500.000000	86019.749763	101847.422343	112690.678262	133466.781195	-0.144000	0.918000	0.252000	192.000000	0.000000	0.000000	0.000000	0.000000	0.000000	0.000000	0.000000	0.000000	0.000000	1733433200.005219	0.000000
229.000000	87008.479179	15767.635795	187500.000000	187500.000000	86000.639021	101834.503035	112672.238072	133459.293361	-0.144000	0.918000	0.252000	192.000000	0.000000	0.000000	0.000000	0.000000	0.000000	0.000000	0.000000	0.000000	0.000000	1733433200.008318	0.000000
230.000000	87001.773656	15736.835091	187500.000000	187500.000000	85988.345562	101817.850985	112644.432502	133440.204971	-0.144000	0.918000	0.252000	192.000000	0.000000	0.000000	0.000000	0.000000	0.000000	0.000000	0.000000	0.000000	0.000000	1733433200.012297	0.000000
231.000000	86995.202243	15756.772847	187500.000000	187500.000000	85997.755646	101822.343686	112655.004877	133441.657834	-0.144000	0.918000	0.252000	192.000000	0.000000	0.000000	0.000000	0.000000	0.000000	0.000000	0.000000	0.000000	0.000000	1733433200.016186	0.000000
232.000000	86974.549231	15697.272503	187500.000000	187500.000000	86005.846978	101843.890768	112682.899855	133493.491530	-0.144000	0.918000	0.252000	192.000000	0.000000	0.000000	0.000000	0.000000	0.000000	0.000000	0.000000	0.000000	0.000000	1733433200.020025	0.000000
233.000000	86944.888466	15608.580781	187500.000000	187500.000000	85986.110388	101812.777139	112677.982471	133483.388541	-0.144000	0.918000	0.252000	192.000000	0.000000	0.000000	0.000000	0.000000	0.000000	0.000000	0.000000	0.000000	0.000000	1733433200.025009	0.000000
234.000000	86933.354966	15601.182354	187500.000000	187500.000000	85974.196908	101781.752918	112657.240052	133461.774404	-0.144000	0.918000	0.252000	192.000000	0.000000	0.000000	0.000000	0.000000	0.000000	0.000000	0.000000	0.000000	0.000000	1733433200.029070	0.000000
235.000000	86928.929320	15608.692540	187500.000000	187500.000000	85969.234821	101798.874354	112643.091398	133450.062090	-0.144000	0.918000	0.252000	192.000000	0.000000	0.000000	0.000000	0.000000	0.000000	0.000000	0.000000	0.000000	0.000000	1733433200.033080	0.000000
236.000000	86910.399724	15560.926862	187500.000000	187500.000000	85947.128945	101782.155249	112626.841679	133434.706442	-0.144000	0.918000	0.252000	192.000000	0.000000	0.000000	0.000000	0.000000	0.000000	0.000000	0.000000	0.000000	0.000000	1733433200.036076	0.000000
237.000000	86905.482341	15544.766551	187500.000000	187500.000000	85940.691643	101771.292302	112611.754252	133418.188503	-0.146000	0.920000	0.212000	192.000000	251.000000	112.000000	28.000000	192.000000	6.000000	160.000000	0.000000	0.000000	0.000000	1733433200.040123	0.000000
238.000000	86899.804997	15516.983332	187500.000000	187500.000000	85931.818000	101750.706345	112590.587150	133382.828043	-0.146000	0.920000	0.212000	192.000000	0.000000	0.000000	0.000000	0.000000	0.000000	0.000000	0.000000	0.000000	0.000000	1733433200.044255	0.000000
239.000000	86899.357963	15546.621745	187500.000000	187500.000000	85917.557587	101771.001729	112572.392830	133379.721150	-0.146000	0.920000	0.212000	192.000000	0.000000	0.000000	0.000000	0.000000	0.000000	0.000000	0.000000	0.000000	0.000000	1733433200.048437	0.000000
240.000000	86882.415340	15479.253588	187500.000000	187500.000000	85895.228195	101746.057182	112563.139208	133368.366464	-0.146000	0.920000	0.212000	192.000000	0.000000	0.000000	0.000000	0.000000	0.000000	0.000000	0.000000	0.000000	0.000000	1733433200.052397	0.000000
241.000000	86860.868259	15427.241078	187500.000000	187500.000000	85899.989116	101726.275888	112561.373420	133353.480202	-0.146000	0.920000	0.212000	192.000000	0.000000	0.000000	0.000000	0.000000	0.000000	0.000000	0.000000	0.000000	0.000000	1733433200.057208	0.000000
242.000000	86861.583514	15436.584107	187500.000000	187500.000000	85895.541119	101702.918315	112546.062475	133350.842697	-0.146000	0.920000	0.212000	192.000000	0.000000	0.000000	0.000000	0.000000	0.000000	0.000000	0.000000	0.000000	0.000000	1733433200.061090	0.000000
243.000000	86857.403738	15457.550044	187500.000000	187500.000000	85883.962915	101714.116539	112548.275298	133349.054557	-0.146000	0.920000	0.212000	192.000000	0.000000	0.000000	0.000000	0.000000	0.000000	0.000000	0.000000	0.000000	0.000000	1733433200.064406	0.000000
244.000000	86850.586456	15435.511224	187500.000000	187500.000000	85875.469253	101710.070874	112543.402617	133330.592016	-0.146000	0.920000	0.212000	192.000000	0.000000	0.000000	0.000000	0.000000	0.000000	0.000000	0.000000	0.000000	0.000000	1733433200.068121	0.000000
245.000000	86837.354223	15374.893293	187500.000000	187500.000000	85878.062055	101732.132045	112532.003228	133341.007929	-0.146000	0.920000	0.212000	192.000000	0.000000	0.000000	0.000000	0.000000	0.000000	0.000000	0.000000	0.000000	0.000000	1733433200.072121	0.000000
246.000000	86831.520418	15324.668923	187500.000000	187500.000000	85878.531442	101722.274926	112523.621324	133353.413147	-0.146000	0.920000	0.212000	192.000000	0.000000	0.000000	0.000000	0.000000	0.000000	0.000000	0.000000	0.000000	0.000000	1733433200.076125	0.000000
247.000000	86813.147284	15296.706891	187500.000000	187500.000000	85871.736511	101685.148678	112519.486251	133322.701850	-0.176000	0.934000	0.178000	192.000000	250.000000	128.000000	29.000000	48.000000	5.000000	144.000000	0.000000	0.000000	0.000000	1733433200.080180	0.000000
248.000000	86782.860670	15269.795390	187500.000000	187500.000000	85827.345947	101662.260492	112493.178248	133278.311286	-0.176000	0.934000	0.178000	192.000000	0.000000	0.000000	0.000000	0.000000	0.000000	0.000000	0.000000	0.000000	0.000000	1733433200.085347	0.000000
249.000000	86776.959810	15251.779884	187500.000000	187500.000000	85808.972813	101632.353858	112475.498018	133271.203431	-0.176000	0.934000	0.178000	192.000000	0.000000	0.000000	0.000000	0.000000	0.000000	0.000000	0.000000	0.000000	0.000000	1733433200.089249	0.000000
250.000000	86787.442778	15281.395946	187500.000000	187500.000000	85819.724002	101651.732820	112482.225893	133281.641696	-0.176000	0.934000	0.178000	192.000000	0.000000	0.000000	0.000000	0.000000	0.000000	0.000000	0.000000	0.000000	0.000000	1733433200.092384	0.000000
251.000000	86781.497214	15281.083021	187500.000000	187500.000000	85808.861054	101672.385832	112468.904253	133271.739873	-0.176000	0.934000	0.178000	192.000000	0.000000	0.000000	0.000000	0.000000	0.000000	0.000000	0.000000	0.000000	0.000000	1733433200.096168	0.000000
252.000000	86743.163972	15210.853840	187500.000000	187500.000000	85769.164356	101605.241192	112440.651648	133234.457163	-0.176000	0.934000	0.178000	192.000000	0.000000	0.000000	0.000000	0.000000	0.000000	0.000000	0.000000	0.000000	0.000000	1733433200.100148	0.000000
253.000000	86730.646995	15163.959880	187500.000000	187500.000000	85761.832984	101603.408349	112428.402892	133235.328881	-0.176000	0.934000	0.178000	192.000000	0.000000	0.000000	0.000000	0.000000	0.000000	0.000000	0.000000	0.000000	0.000000	1733433200.104143	0.000000
254.000000	86734.223274	15180.880151	187500.000000	187500.000000	85762.861164	101607.141090	112425.944200	133245.498925	-0.176000	0.934000	0.178000	192.000000	0.000000	0.000000	0.000000	0.000000	0.000000	0.000000	0.000000	0.000000	0.000000	1733433200.108202	0.000000
255.000000	86724.567321	15150.995869	187500.000000	187500.000000	85754.836888	101599.429738	112408.174563	133238.011091	-0.176000	0.934000	0.178000	192.000000	0.000000	0.000000	0.000000	0.000000	0.000000	0.000000	0.000000	0.000000	0.000000	1733433200.113163	0.000000
0.000000	86704.227233	15108.393444	187500.000000	187500.000000	85737.737803	101576.988587	112393.087136	133244.090765	-0.176000	0.934000	0.178000	192.000000	0.000000	0.000000	0.000000	0.000000	0.000000	0.000000	0.000000	0.000000	0.000000	1733433200.116201	0.000000
1.000000	86692.649030	15095.541191	187500.000000	187500.000000	85741.202324	101646.368402	112371.405944	133214.474704	-0.186000	0.924000	0.156000	192.000000	250.000000	48.000000	28.000000	224.000000	4.000000	224.000000	0.000000	0.000000	0.000000	1733433200.120260	0.000000
2.000000	86693.006658	15099.385691	187500.000000	187500.000000	85737.626044	101581.682453	112351.959926	133196.392142	-0.186000	0.924000	0.156000	192.000000	0.000000	0.000000	0.000000	0.000000	0.000000	0.000000	0.000000	0.000000	0.000000	1733433200.124388	0.000000
3.000000	86675.192317	15045.160359	187500.000000	187500.000000	85708.412314	101499.338627	112382.850037	133183.562241	-0.186000	0.924000	0.156000	192.000000	0.000000	0.000000	0.000000	0.000000	0.000000	0.000000	0.000000	0.000000	0.000000	1733433200.128403	0.000000
4.000000	86666.832765	15013.622047	187500.000000	187500.000000	85701.483274	101504.166604	112380.793676	133170.866450	-0.186000	0.924000	0.156000	192.000000	0.000000	0.000000	0.000000	0.000000	0.000000	0.000000	0.000000	0.000000	0.000000	1733433200.132202	0.000000
5.000000	86656.618018	15008.995236	187500.000000	187500.000000	85694.487178	101515.655400	112361.168845	133171.335837	-0.186000	0.924000	0.156000	192.000000	0.000000	0.000000	0.000000	0.000000	0.000000	0.000000	0.000000	0.000000	0.000000	1733433200.136190	0.000000
6.000000	86637.909608	14970.259663	187500.000000	187500.000000	85686.328791	101525.803092	112341.856938	133169.391235	-0.186000	0.924000	0.156000	192.000000	0.000000	0.000000	0.000000	0.000000	0.000000	0.000000	0.000000	0.000000	0.000000	1733433200.141226	0.000000
7.000000	86637.440221	14957.139189	187500.000000	187500.000000	85692.520224	101556.559093	112340.426426	133150.302845	-0.186000	0.924000	0.156000	192.000000	0.000000	0.000000	0.000000	0.000000	0.000000	0.000000	0.000000	0.000000	0.000000	1733433200.144185	0.000000
8.000000	86625.102058	14943.459921	187500.000000	187500.000000	85678.326866	101491.381406	112308.642245	133135.438935	-0.186000	0.924000	0.156000	192.000000	0.000000	0.000000	0.000000	0.000000	0.000000	0.000000	0.000000	0.000000	0.000000	1733433200.147526	0.000000
9.000000	86614.037945	14930.518261	187500.000000	187500.000000	85663.194735	101479.020891	112310.408033	133138.814049	-0.186000	0.924000	0.156000	192.000000	0.000000	0.000000	0.000000	0.000000	0.000000	0.000000	0.000000	0.000000	0.000000	1733433200.152250	0.000000
10.000000	86609.031154	14920.214107	187500.000000	187500.000000	85660.512526	101475.332853	112315.168955	133137.584703	-0.186000	0.924000	0.156000	192.000000	0.000000	0.000000	0.000000	0.000000	0.000000	0.000000	0.000000	0.000000	0.000000	1733433200.156535	0.000000
11.000000	86600.291622	14915.743758	187500.000000	187500.000000	85657.539744	101488.028644	112315.481879	133134.678976	-0.188000	0.936000	0.134000	192.000000	250.000000	32.000000	29.000000	64.000000	4.000000	48.000000	0.000000	0.000000	0.000000	1733433200.160436	0.000000
12.000000	86586.634706	14877.343461	187500.000000	187500.000000	85634.249226	101477.679786	112307.412899	133114.651813	-0.188000	0.936000	0.134000	192.000000	0.000000	0.000000	0.000000	0.000000	0.000000	0.000000	0.000000	0.000000	0.000000	1733433200.164428	0.000000
13.000000	86579.973886	14843.413513	187500.000000	187500.000000	85621.352270	101491.761385	112294.225370	133098.580909	-0.188000	0.936000	0.134000	192.000000	0.000000	0.000000	0.000000	0.000000	0.000000	0.000000	0.000000	0.000000	0.000000	1733433200.168571	0.000000
14.000000	86563.858278	14837.557356	187500.000000	187500.000000	85608.410610	101476.048109	112270.912501	133096.323382	-0.188000	0.936000	0.134000	192.000000	0.000000	0.000000	0.000000	0.000000	0.000000	0.000000	0.000000	0.000000	0.000000	1733433200.172573	0.000000
15.000000	86556.459851	14824.638048	187500.000000	187500.000000	85602.777970	101419.274678	112247.621983	133077.234993	-0.188000	0.936000	0.134000	192.000000	0.000000	0.000000	0.000000	0.000000	0.000000	0.000000	0.000000	0.000000	0.000000	1733433200.176237	0.000000
16.000000	86539.941912	14785.254274	187500.000000	187500.000000	85590.931546	101443.973356	112234.903840	133057.833678	-0.188000	0.936000	0.134000	192.000000	0.000000	0.000000	0.000000	0.000000	0.000000	0.000000	0.000000	0.000000	0.000000	1733433200.180257	0.000000
17.000000	86527.044955	14751.234919	187500.000000	187500.000000	85574.681827	101391.513812	112237.139015	133070.149490	-0.188000	0.936000	0.134000	192.000000	0.000000	0.000000	0.000000	0.000000	0.000000	0.000000	0.000000	0.000000	0.000000	1733433200.184308	0.000000
18.000000	86520.987632	14739.969640	187500.000000	187500.000000	85564.109452	101385.076509	112230.254678	133044.936722	-0.188000	0.936000	0.134000	192.000000	0.000000	0.000000	0.000000	0.000000	0.000000	0.000000	0.000000	0.000000	0.000000	1733433200.188314	0.000000
19.000000	86510.482312	14758.946271	187500.000000	187500.000000	85560.488470	101392.541992	112220.755186	133030.631605	-0.188000	0.936000	0.134000	192.000000	0.000000	0.000000	0.000000	0.000000	0.000000	0.000000	0.000000	0.000000	0.000000	1733433200.192310	0.000000
20.000000	86510.459961	14743.612974	187500.000000	187500.000000	85560.264952	101403.337884	112217.469480	133050.099975	-0.188000	0.936000	0.134000	192.000000	0.000000	0.000000	0.000000	0.000000	0.000000	0.000000	0.000000	0.000000	0.000000	1733433200.197374	0.000000
21.000000	86499.082923	14700.429404	187500.000000	187500.000000	85558.029778	101415.586640	112211.658026	133036.577169	-0.188000	0.936000	0.134000	192.000000	0.000000	0.000000	0.000000	0.000000	0.000000	0.000000	0.000000	0.000000	0.000000	1733433200.200323	0.000000
22.000000	86497.205376	14695.467317	187500.000000	187500.000000	85554.699368	101412.502100	112213.826145	133032.799725	-0.192000	0.942000	0.130000	192.000000	250.000000	0.000000	29.000000	112.000000	4.000000	16.000000	0.000000	0.000000	0.000000	1733433200.203449	0.000000
23.000000	86482.475577	14677.362404	187500.000000	187500.000000	85547.747975	101368.983253	112188.389860	133009.039820	-0.192000	0.942000	0.130000	192.000000	0.000000	0.000000	0.000000	0.000000	0.000000	0.000000	0.000000	0.000000	0.000000	1733433200.207791	0.000000
24.000000	86468.572792	14673.182627	187500.000000	187500.000000	85536.683862	101329.800645	112167.289813	132996.724009	-0.192000	0.942000	0.130000	192.000000	0.000000	0.000000	0.000000	0.000000	0.000000	0.000000	0.000000	0.000000	0.000000	1733433200.212341	0.000000
25.000000	86465.242382	14676.691851	187500.000000	187500.000000	85513.482751	101307.672418	112156.896252	133009.039820	-0.192000	0.942000	0.130000	192.000000	0.000000	0.000000	0.000000	0.000000	0.000000	0.000000	0.000000	0.000000	0.000000	1733433200.216459	0.000000
26.000000	86467.209335	14676.378927	187500.000000	187500.000000	85516.902568	101346.475046	112166.060467	133004.860044	-0.192000	0.942000	0.130000	192.000000	0.000000	0.000000	0.000000	0.000000	0.000000	0.000000	0.000000	0.000000	0.000000	1733433200.220367	0.000000
27.000000	86453.105384	14633.597688	187500.000000	187500.000000	85517.483713	101329.510072	112162.730058	132965.386863	-0.192000	0.942000	0.130000	192.000000	0.000000	0.000000	0.000000	0.000000	0.000000	0.000000	0.000000	0.000000	0.000000	1733433200.223365	0.000000
28.000000	86428.585521	14556.081838	187500.000000	187500.000000	85503.759742	101310.868718	112160.874863	132960.447128	-0.192000	0.942000	0.130000	192.000000	0.000000	0.000000	0.000000	0.000000	0.000000	0.000000	0.000000	0.000000	0.000000	1733433200.227357	0.000000
29.000000	86404.937375	14515.491070	187500.000000	187500.000000	85477.339980	101296.898877	112139.640706	132956.826145	-0.192000	0.942000	0.130000	192.000000	0.000000	0.000000	0.000000	0.000000	0.000000	0.000000	0.000000	0.000000	0.000000	1733433200.232409	0.000000
30.000000	86398.790645	14529.304448	187500.000000	187500.000000	85469.248649	101292.048549	112124.307409	132946.074956	-0.192000	0.942000	0.130000	192.000000	0.000000	0.000000	0.000000	0.000000	0.000000	0.000000	0.000000	0.000000	0.000000	1733433200.236626	0.000000
31.000000	86401.003468	14544.347172	187500.000000	187500.000000	85471.953210	101338.383715	112115.143194	132947.505468	-0.192000	0.942000	0.130000	192.000000	0.000000	0.000000	0.000000	0.000000	0.000000	0.000000	0.000000	0.000000	0.000000	1733433200.240549	0.000000
32.000000	86398.365962	14550.516254	187500.000000	187500.000000	85460.173841	101282.392595	112083.180199	132931.434564	-0.196000	0.930000	0.116000	192.000000	249.000000	224.000000	29.000000	16.000000	3.000000	160.000000	0.000000	0.000000	0.000000	1733433200.244675	0.000000
33.000000	86391.191052	14520.766082	187500.000000	187500.000000	85451.143736	101237.554996	112074.418315	132905.014802	-0.196000	0.930000	0.116000	192.000000	0.000000	0.000000	0.000000	0.000000	0.000000	0.000000	0.000000	0.000000	0.000000	1733433200.248462	0.000000
34.000000	86378.092930	14478.677747	187500.000000	187500.000000	85445.220524	101236.079781	112087.471734	132895.761179	-0.196000	0.930000	0.116000	192.000000	0.000000	0.000000	0.000000	0.000000	0.000000	0.000000	0.000000	0.000000	0.000000	1733433200.251420	0.000000
35.000000	86366.291209	14489.697157	187500.000000	187500.000000	85433.195285	101235.588042	112075.379440	132881.053732	-0.196000	0.930000	0.116000	192.000000	0.000000	0.000000	0.000000	0.000000	0.000000	0.000000	0.000000	0.000000	0.000000	1733433200.255424	0.000000
36.000000	86349.505049	14446.133607	187500.000000	187500.000000	85427.205017	101250.742525	112066.796370	132873.610601	-0.196000	0.930000	0.116000	192.000000	0.000000	0.000000	0.000000	0.000000	0.000000	0.000000	0.000000	0.000000	0.000000	1733433200.259433	0.000000
37.000000	86336.585741	14398.591447	187500.000000	187500.000000	85421.237102	101245.489865	112061.946042	132867.955609	-0.196000	0.930000	0.116000	192.000000	0.000000	0.000000	0.000000	0.000000	0.000000	0.000000	0.000000	0.000000	0.000000	1733433200.263467	0.000000
38.000000	86326.952139	14398.479688	187500.000000	187500.000000	85411.000003	101223.316935	112046.344524	132866.100415	-0.196000	0.930000	0.116000	192.000000	0.000000	0.000000	0.000000	0.000000	0.000000	0.000000	0.000000	0.000000	0.000000	1733433200.268437	0.000000
39.000000	86320.336022	14431.470863	187500.000000	187500.000000	85403.668631	101254.676432	112038.163786	132870.436653	-0.196000	0.930000	0.116000	192.000000	0.000000	0.000000	0.000000	0.000000	0.000000	0.000000	0.000000	0.000000	0.000000	1733433200.272604	0.000000
40.000000	86313.496389	14371.143505	187500.000000	187500.000000	85396.493721	101252.150685	112030.921821	132843.078118	-0.196000	0.930000	0.116000	192.000000	0.000000	0.000000	0.000000	0.000000	0.000000	0.000000	0.000000	0.000000	0.000000	1733433200.276710	0.000000
41.000000	86299.481845	14324.026027	187500.000000	187500.000000	85383.105026	101145.510512	111997.215390	132818.446495	-0.196000	0.930000	0.116000	192.000000	0.000000	0.000000	0.000000	0.000000	0.000000	0.000000	0.000000	0.000000	0.000000	1733433200.279632	0.000000
42.000000	86297.045505	14354.580862	187500.000000	187500.000000	85355.031235	101128.545538	111972.092029	132796.698248	-0.224000	0.930000	0.112000	192.000000	249.000000	0.000000	29.000000	16.000000	3.000000	128.000000	0.000000	0.000000	0.000000	1733433200.283736	0.000000
43.000000	86285.512005	14333.972553	187500.000000	187500.000000	85329.393784	101170.991501	111975.958881	132818.491199	-0.224000	0.930000	0.112000	192.000000	0.000000	0.000000	0.000000	0.000000	0.000000	0.000000	0.000000	0.000000	0.000000	1733433200.287466	0.000000
44.000000	86270.938667	14283.234094	187500.000000	187500.000000	85340.547304	101160.754402	111985.726593	132859.663112	-0.224000	0.930000	0.112000	192.000000	0.000000	0.000000	0.000000	0.000000	0.000000	0.000000	0.000000	0.000000	0.000000	1733433200.291476	0.000000
45.000000	86259.114594	14247.113675	187500.000000	187500.000000	85340.815525	101148.192721	111981.032727	132831.902246	-0.224000	0.930000	0.112000	192.000000	0.000000	0.000000	0.000000	0.000000	0.000000	0.000000	0.000000	0.000000	0.000000	1733433200.296428	0.000000
46.000000	86252.520830	14262.491675	187500.000000	187500.000000	85329.393784	101139.587300	111972.024974	132788.897489	-0.224000	0.930000	0.112000	192.000000	0.000000	0.000000	0.000000	0.000000	0.000000	0.000000	0.000000	0.000000	0.000000	1733433200.300473	0.000000
47.000000	86249.413937	14285.290454	187500.000000	187500.000000	85336.814563	101157.714565	111978.417573	132788.808082	-0.224000	0.930000	0.112000	192.000000	0.000000	0.000000	0.000000	0.000000	0.000000	0.000000	0.000000	0.000000	0.000000	1733433200.304477	0.000000
48.000000	86224.402335	14199.482107	187500.000000	187500.000000	85326.488057	101151.992518	111961.385544	132771.440777	-0.224000	0.930000	0.112000	192.000000	0.000000	0.000000	0.000000	0.000000	0.000000	0.000000	0.000000	0.000000	0.000000	1733433200.307454	0.000000
49.000000	86214.522864	14174.604616	187500.000000	187500.000000	85320.430734	101167.325815	111954.076523	132772.111329	-0.224000	0.930000	0.112000	192.000000	0.000000	0.000000	0.000000	0.000000	0.000000	0.000000	0.000000	0.000000	0.000000	1733433200.311554	0.000000
50.000000	86210.991289	14173.442325	187500.000000	187500.000000	85300.023592	101111.602916	111930.160157	132777.051065	-0.224000	0.930000	0.112000	192.000000	0.000000	0.000000	0.000000	0.000000	0.000000	0.000000	0.000000	0.000000	0.000000	1733433200.315852	0.000000
51.000000	86205.492759	14171.408316	187500.000000	187500.000000	85273.268553	101067.860552	111915.720930	132751.994759	-0.224000	0.930000	0.112000	192.000000	0.000000	0.000000	0.000000	0.000000	0.000000	0.000000	0.000000	0.000000	0.000000	1733433200.319685	0.000000
52.000000	86199.860120	14189.177953	187500.000000	187500.000000	85265.400739	101084.959636	111914.424528	132744.618683	-0.238000	0.920000	0.114000	192.000000	248.000000	144.000000	28.000000	192.000000	3.000000	144.000000	0.000000	0.000000	0.000000	1733433200.324650	0.000000
53.000000	86191.187643	14142.731028	187500.000000	187500.000000	85262.405606	101072.152087	111910.892953	132736.460297	-0.238000	0.920000	0.114000	192.000000	0.000000	0.000000	0.000000	0.000000	0.000000	0.000000	0.000000	0.000000	0.000000	1733433200.328467	0.000000
54.000000	86188.237213	14143.692153	187500.000000	187500.000000	85258.024664	101080.198715	111909.685959	132748.373776	-0.238000	0.920000	0.114000	192.000000	0.000000	0.000000	0.000000	0.000000	0.000000	0.000000	0.000000	0.000000	0.000000	1733433200.332561	0.000000
55.000000	86183.476291	14106.029464	187500.000000	187500.000000	85250.849754	101111.692323	111905.036796	132752.620608	-0.238000	0.920000	0.114000	192.000000	0.000000	0.000000	0.000000	0.000000	0.000000	0.000000	0.000000	0.000000	0.000000	1733433200.335517	0.000000
56.000000	86172.635695	14066.533931	187500.000000	187500.000000	85244.367748	101081.361005	111881.768630	132752.218277	-0.238000	0.920000	0.114000	192.000000	0.000000	0.000000	0.000000	0.000000	0.000000	0.000000	0.000000	0.000000	0.000000	1733433200.339497	0.000000
57.000000	86164.834936	14079.341481	187500.000000	187500.000000	85232.946006	101029.281441	111868.223473	132719.629433	-0.238000	0.920000	0.114000	192.000000	0.000000	0.000000	0.000000	0.000000	0.000000	0.000000	0.000000	0.000000	0.000000	1733433200.343486	0.000000
58.000000	86153.592009	14100.106251	187500.000000	187500.000000	85223.312405	101057.064659	111882.729755	132693.790817	-0.238000	0.920000	0.114000	192.000000	0.000000	0.000000	0.000000	0.000000	0.000000	0.000000	0.000000	0.000000	0.000000	1733433200.347744	0.000000
59.000000	86141.253846	14043.735152	187500.000000	187500.000000	85213.812913	101019.781949	111867.217644	132693.723761	-0.238000	0.920000	0.114000	192.000000	0.000000	0.000000	0.000000	0.000000	0.000000	0.000000	0.000000	0.000000	0.000000	1733433200.351555	0.000000
60.000000	86144.159573	14039.376562	187500.000000	187500.000000	85217.299785	101025.101665	111879.220531	132700.831616	-0.238000	0.920000	0.114000	192.000000	0.000000	0.000000	0.000000	0.000000	0.000000	0.000000	0.000000	0.000000	0.000000	1733433200.356547	0.000000
61.000000	86136.336462	14054.553396	187500.000000	187500.000000	85213.745858	101065.938302	111874.526665	132705.234910	-0.238000	0.920000	0.114000	192.000000	0.000000	0.000000	0.000000	0.000000	0.000000	0.000000	0.000000	0.000000	0.000000	1733433200.359940	0.000000
62.000000	86130.122677	14015.169622	187500.000000	187500.000000	85209.230806	101041.418438	111851.057333	132668.399235	-0.238000	0.924000	0.122000	192.000000	248.000000	144.000000	28.000000	224.000000	3.000000	208.000000	0.000000	0.000000	0.000000	1733433200.363642	0.000000
63.000000	86133.676604	14017.002465	187500.000000	187500.000000	85209.074343	101037.730400	111841.513138	132668.399235	-0.238000	0.924000	0.122000	192.000000	0.000000	0.000000	0.000000	0.000000	0.000000	0.000000	0.000000	0.000000	0.000000	1733433200.367780	0.000000
64.000000	86117.628052	14003.010273	187500.000000	187500.000000	85196.713829	101018.440845	111827.275077	132663.280685	-0.238000	0.924000	0.122000	192.000000	0.000000	0.000000	0.000000	0.000000	0.000000	0.000000	0.000000	0.000000	0.000000	1733433200.371729	0.000000
65.000000	86102.250052	13935.508005	187500.000000	187500.000000	85187.706076	100995.999693	111844.776493	132656.418700	-0.238000	0.924000	0.122000	192.000000	0.000000	0.000000	0.000000	0.000000	0.000000	0.000000	0.000000	0.000000	0.000000	1733433200.375736	0.000000
66.000000	86089.174281	13936.737351	187500.000000	187500.000000	85171.143433	100987.327217	111835.925202	132639.878409	-0.238000	0.924000	0.122000	192.000000	0.000000	0.000000	0.000000	0.000000	0.000000	0.000000	0.000000	0.000000	0.000000	1733433200.380603	0.000000
67.000000	86088.682543	13958.619709	187500.000000	187500.000000	85164.974352	101017.747941	111828.884402	132650.763708	-0.238000	0.924000	0.122000	192.000000	0.000000	0.000000	0.000000	0.000000	0.000000	0.000000	0.000000	0.000000	0.000000	1733433200.384566	0.000000
68.000000	86077.104339	13931.305877	187500.000000	187500.000000	85159.520526	100996.983170	111819.586077	132644.773441	-0.238000	0.924000	0.122000	192.000000	0.000000	0.000000	0.000000	0.000000	0.000000	0.000000	0.000000	0.000000	0.000000	1733433200.387554	0.000000
69.000000	86064.319141	13922.476938	187500.000000	187500.000000	85139.828639	100955.252463	111803.783393	132621.907606	-0.238000	0.924000	0.122000	192.000000	0.000000	0.000000	0.000000	0.000000	0.000000	0.000000	0.000000	0.000000	0.000000	1733433200.391561	0.000000
70.000000	86051.980978	13898.046481	187500.000000	187500.000000	85121.209636	100930.844358	111787.846600	132617.526664	-0.238000	0.924000	0.122000	192.000000	0.000000	0.000000	0.000000	0.000000	0.000000	0.000000	0.000000	0.000000	0.000000	1733433200.395550	0.000000
71.000000	86045.118993	13882.869647	187500.000000	187500.000000	85105.026973	100938.578062	111770.434591	132609.971775	-0.238000	0.924000	0.122000	192.000000	0.000000	0.000000	0.000000	0.000000	0.000000	0.000000	0.000000	0.000000	0.000000	1733433200.399585	0.000000
72.000000	86032.713775	13865.010603	187500.000000	187500.000000	85098.857891	100951.497370	111765.964242	132580.892155	-0.234000	0.928000	0.122000	192.000000	248.000000	176.000000	29.000000	0.000000	3.000000	208.000000	0.000000	0.000000	0.000000	1733433200.403626	0.000000
73.000000	86025.807086	13873.124286	187500.000000	187500.000000	85108.603252	100951.095039	111773.832056	132573.069045	-0.234000	0.928000	0.122000	192.000000	0.000000	0.000000	0.000000	0.000000	0.000000	0.000000	0.000000	0.000000	0.000000	1733433200.407826	0.000000
74.000000	86021.560254	13871.291443	187500.000000	187500.000000	85100.131941	100931.291393	111744.215994	132561.244972	-0.234000	0.928000	0.122000	192.000000	0.000000	0.000000	0.000000	0.000000	0.000000	0.000000	0.000000	0.000000	0.000000	1733433200.412674	0.000000
75.000000	86000.594318	13799.095309	187500.000000	187500.000000	85096.488607	100922.283640	111748.641640	132577.986428	-0.234000	0.928000	0.122000	192.000000	0.000000	0.000000	0.000000	0.000000	0.000000	0.000000	0.000000	0.000000	0.000000	1733433200.415950	0.000000
76.000000	85997.330963	13809.220649	187500.000000	187500.000000	85090.051304	100865.152581	111761.873873	132587.910603	-0.234000	0.928000	0.122000	192.000000	0.000000	0.000000	0.000000	0.000000	0.000000	0.000000	0.000000	0.000000	0.000000	1733433200.419858	0.000000
77.000000	85993.598222	13812.551059	187500.000000	187500.000000	85077.936659	100883.436308	111760.756285	132579.774568	-0.234000	0.928000	0.122000	192.000000	0.000000	0.000000	0.000000	0.000000	0.000000	0.000000	0.000000	0.000000	0.000000	1733433200.423651	0.000000
78.000000	85986.557422	13842.167120	187500.000000	187500.000000	85075.299153	100908.827890	111724.591163	132565.178879	-0.234000	0.928000	0.122000	192.000000	0.000000	0.000000	0.000000	0.000000	0.000000	0.000000	0.000000	0.000000	0.000000	1733433200.427626	0.000000
79.000000	85973.794576	13775.648329	187500.000000	187500.000000	85062.491603	100915.287544	111739.969163	132569.537469	-0.234000	0.928000	0.122000	192.000000	0.000000	0.000000	0.000000	0.000000	0.000000	0.000000	0.000000	0.000000	0.000000	1733433200.431784	0.000000
80.000000	85964.384492	13743.595927	187500.000000	187500.000000	85047.962969	100867.767735	111727.474538	132561.155565	-0.234000	0.928000	0.122000	192.000000	0.000000	0.000000	0.000000	0.000000	0.000000	0.000000	0.000000	0.000000	0.000000	1733433200.435636	0.000000
81.000000	85966.686722	13762.661965	187500.000000	187500.000000	85051.695711	100897.182631	111725.172308	132537.641530	-0.234000	0.928000	0.122000	192.000000	0.000000	0.000000	0.000000	0.000000	0.000000	0.000000	0.000000	0.000000	0.000000	1733433200.440629	0.000000
82.000000	85960.316474	13753.721267	187500.000000	187500.000000	85047.784155	100847.271186	111709.459032	132515.803875	-0.234000	0.924000	0.126000	192.000000	248.000000	176.000000	28.000000	224.000000	3.000000	240.000000	0.000000	0.000000	0.000000	1733433200.443629	0.000000
83.000000	85955.197925	13726.653305	187500.000000	187500.000000	85043.045586	100839.403372	111722.065416	132528.320852	-0.234000	0.924000	0.126000	192.000000	0.000000	0.000000	0.000000	0.000000	0.000000	0.000000	0.000000	0.000000	0.000000	1733433200.447647	0.000000
84.000000	85949.520582	13746.144026	187500.000000	187500.000000	85033.054356	100842.376154	111716.276314	132529.058460	-0.234000	0.924000	0.126000	192.000000	0.000000	0.000000	0.000000	0.000000	0.000000	0.000000	0.000000	0.000000	0.000000	1733433200.451807	0.000000
85.000000	85939.015262	13734.454064	187500.000000	187500.000000	85028.382841	100858.961148	111705.502773	132502.795160	-0.234000	0.924000	0.126000	192.000000	0.000000	0.000000	0.000000	0.000000	0.000000	0.000000	0.000000	0.000000	0.000000	1733433200.455887	0.000000
86.000000	85932.399146	13738.745599	187500.000000	187500.000000	85025.164190	100846.287709	111695.645654	132510.998250	-0.234000	0.924000	0.126000	192.000000	0.000000	0.000000	0.000000	0.000000	0.000000	0.000000	0.000000	0.000000	0.000000	1733433200.459965	0.000000
87.000000	85920.977404	13707.944895	187500.000000	187500.000000	85015.597643	100818.929174	111682.279310	132521.548274	-0.234000	0.924000	0.126000	192.000000	0.000000	0.000000	0.000000	0.000000	0.000000	0.000000	0.000000	0.000000	0.000000	1733433200.463691	0.000000
88.000000	85910.025049	13669.343432	187500.000000	187500.000000	85008.109809	100814.816453	111666.878959	132470.251020	-0.234000	0.924000	0.126000	192.000000	0.000000	0.000000	0.000000	0.000000	0.000000	0.000000	0.000000	0.000000	0.000000	1733433200.468699	0.000000
89.000000	85906.739343	13666.214188	187500.000000	187500.000000	85003.482998	100799.796081	111651.612717	132451.162630	-0.234000	0.924000	0.126000	192.000000	0.000000	0.000000	0.000000	0.000000	0.000000	0.000000	0.000000	0.000000	0.000000	1733433200.471675	0.000000
90.000000	85900.234985	13665.588339	187500.000000	187500.000000	84990.139006	100793.917572	111665.716668	132461.355026	-0.234000	0.924000	0.126000	192.000000	0.000000	0.000000	0.000000	0.000000	0.000000	0.000000	0.000000	0.000000	0.000000	1733433200.474673	0.000000
91.000000	85898.491549	13648.556310	187500.000000	187500.000000	84985.936878	100770.671758	111672.332784	132457.175250	-0.234000	0.924000	0.126000	192.000000	0.000000	0.000000	0.000000	0.000000	0.000000	0.000000	0.000000	0.000000	0.000000	1733433200.479740	0.000000
92.000000	85904.593576	13638.453321	187500.000000	187500.000000	85005.338193	100815.554060	111671.170494	132463.836070	-0.236000	0.926000	0.126000	192.000000	248.000000	160.000000	28.000000	240.000000	3.000000	240.000000	0.000000	0.000000	0.000000	1733433200.483712	0.000000
93.000000	85881.973610	13640.733199	187500.000000	187500.000000	84992.485940	100798.834956	111648.349362	132468.932267	-0.236000	0.926000	0.126000	192.000000	0.000000	0.000000	0.000000	0.000000	0.000000	0.000000	0.000000	0.000000	0.000000	1733433200.487931	0.000000
94.000000	85876.206860	13639.906185	187500.000000	187500.000000	84983.657001	100801.964200	111646.114188	132459.969218	-0.236000	0.926000	0.126000	192.000000	0.000000	0.000000	0.000000	0.000000	0.000000	0.000000	0.000000	0.000000	0.000000	1733433200.491838	0.000000
95.000000	85872.854098	13620.437815	187500.000000	187500.000000	84988.082646	100796.443319	111663.794418	132457.778747	-0.236000	0.926000	0.126000	192.000000	0.000000	0.000000	0.000000	0.000000	0.000000	0.000000	0.000000	0.000000	0.000000	1733433200.496185	0.000000
96.000000	85848.825973	13574.393222	187500.000000	187500.000000	84967.899021	100767.989548	111653.758485	132445.328825	-0.236000	0.926000	0.126000	192.000000	0.000000	0.000000	0.000000	0.000000	0.000000	0.000000	0.000000	0.000000	0.000000	1733433200.499032	0.000000
97.000000	85870.283648	13608.412577	187500.000000	187500.000000	84992.575347	100811.418988	111663.302679	132448.860401	-0.236000	0.926000	0.126000	192.000000	0.000000	0.000000	0.000000	0.000000	0.000000	0.000000	0.000000	0.000000	0.000000	1733433200.503151	0.000000
98.000000	85875.513956	13649.964470	187500.000000	187500.000000	84984.662829	100785.714482	111657.647688	132437.662177	-0.236000	0.926000	0.126000	192.000000	0.000000	0.000000	0.000000	0.000000	0.000000	0.000000	0.000000	0.000000	0.000000	1733433200.507736	0.000000
99.000000	85857.766671	13572.269806	187500.000000	187500.000000	84977.443216	100744.631975	111658.050020	132444.479459	-0.236000	0.926000	0.126000	192.000000	0.000000	0.000000	0.000000	0.000000	0.000000	0.000000	0.000000	0.000000	0.000000	1733433200.511798	0.000000
100.000000	85846.210819	13540.351515	187500.000000	187500.000000	84974.179861	100761.149914	111641.286211	132440.210276	-0.236000	0.926000	0.126000	192.000000	0.000000	0.000000	0.000000	0.000000	0.000000	0.000000	0.000000	0.000000	0.000000	1733433200.515786	0.000000
101.000000	85803.228414	13524.705294	187500.000000	187500.000000	84926.481238	100725.498882	111592.827629	132410.527159	-0.236000	0.926000	0.126000	192.000000	0.000000	0.000000	0.000000	0.000000	0.000000	0.000000	0.000000	0.000000	0.000000	1733433200.519818	0.000000
102.000000	85842.791002	13574.952015	187500.000000	187500.000000	84964.658018	100765.530856	111634.647743	132447.921628	-0.236000	0.912000	0.116000	192.000000	248.000000	160.000000	28.000000	128.000000	3.000000	160.000000	0.000000	0.000000	0.000000	1733433200.522804	0.000000
103.000000	85867.892011	13572.023937	187500.000000	187500.000000	84975.342152	100780.171249	111654.920775	132458.181078	-0.236000	0.912000	0.116000	192.000000	0.000000	0.000000	0.000000	0.000000	0.000000	0.000000	0.000000	0.000000	0.000000	1733433200.526783	0.000000
104.000000	85851.441127	13563.329108	187500.000000	187500.000000	84967.317875	100793.604647	111646.762389	132425.771049	-0.236000	0.912000	0.116000	192.000000	0.000000	0.000000	0.000000	0.000000	0.000000	0.000000	0.000000	0.000000	0.000000	1733433200.530895	0.000000
105.000000	85809.039868	13527.521614	187500.000000	187500.000000	84934.952549	100720.067408	111603.869391	132386.923717	-0.236000	0.912000	0.116000	192.000000	0.000000	0.000000	0.000000	0.000000	0.000000	0.000000	0.000000	0.000000	0.000000	1733433200.535760	0.000000
106.000000	85794.868862	13491.356491	187500.000000	187500.000000	84925.855389	100694.184088	111590.771269	132371.366903	-0.236000	0.912000	0.116000	192.000000	0.000000	0.000000	0.000000	0.000000	0.000000	0.000000	0.000000	0.000000	0.000000	1733433200.540064	0.000000
107.000000	85808.458723	13507.405044	187500.000000	187500.000000	84903.861273	100682.360015	111593.654644	132373.691484	-0.236000	0.912000	0.116000	192.000000	0.000000	0.000000	0.000000	0.000000	0.000000	0.000000	0.000000	0.000000	0.000000	1733433200.544196	0.000000
108.000000	85830.318729	13518.960895	187500.000000	187500.000000	84923.731974	100709.383274	111601.567161	132390.634106	-0.236000	0.912000	0.116000	192.000000	0.000000	0.000000	0.000000	0.000000	0.000000	0.000000	0.000000	0.000000	0.000000	1733433200.548034	0.000000
109.000000	85808.995165	13519.922020	187500.000000	187500.000000	84901.648450	100708.779777	111582.612882	132386.744903	-0.236000	0.912000	0.116000	192.000000	0.000000	0.000000	0.000000	0.000000	0.000000	0.000000	0.000000	0.000000	0.000000	1733433200.551813	0.000000
110.000000	85788.409208	13471.955177	187500.000000	187500.000000	84887.566851	100686.428033	111569.760629	132364.303752	-0.236000	0.912000	0.116000	192.000000	0.000000	0.000000	0.000000	0.000000	0.000000	0.000000	0.000000	0.000000	0.000000	1733433200.554806	0.000000
111.000000	85791.381990	13440.930956	187500.000000	187500.000000	84905.761171	100720.916774	111591.173600	132370.763406	-0.236000	0.912000	0.116000	192.000000	0.000000	0.000000	0.000000	0.000000	0.000000	0.000000	0.000000	0.000000	0.000000	1733433200.558917	0.000000
112.000000	85778.574440	13475.978491	187500.000000	187500.000000	84878.179118	100693.804108	111573.582777	132346.534115	-0.236000	0.930000	0.108000	192.000000	248.000000	160.000000	29.000000	16.000000	3.000000	96.000000	0.000000	0.000000	0.000000	1733433200.563823	0.000000
113.000000	85781.368408	13505.058110	187500.000000	187500.000000	84867.807909	100692.440652	111570.922920	132346.087080	-0.236000	0.930000	0.108000	192.000000	0.000000	0.000000	0.000000	0.000000	0.000000	0.000000	0.000000	0.000000	0.000000	1733433200.567995	0.000000
114.000000	85765.230449	13407.738615	187500.000000	187500.000000	84860.498889	100652.945119	111561.602242	132339.381556	-0.236000	0.930000	0.108000	192.000000	0.000000	0.000000	0.000000	0.000000	0.000000	0.000000	0.000000	0.000000	0.000000	1733433200.572037	0.000000
115.000000	85757.295580	13396.182763	187500.000000	187500.000000	84853.793365	100621.339753	111545.777207	132336.140553	-0.236000	0.930000	0.108000	192.000000	0.000000	0.000000	0.000000	0.000000	0.000000	0.000000	0.000000	0.000000	0.000000	1733433200.576058	0.000000
116.000000	85758.234353	13417.036941	187500.000000	187500.000000	84848.808926	100636.091904	111536.009495	132332.251350	-0.236000	0.930000	0.108000	192.000000	0.000000	0.000000	0.000000	0.000000	0.000000	0.000000	0.000000	0.000000	0.000000	1733433200.578887	0.000000
117.000000	85752.981693	13433.778397	187500.000000	187500.000000	84829.921702	100638.349430	111526.062969	132325.948158	-0.236000	0.930000	0.108000	192.000000	0.000000	0.000000	0.000000	0.000000	0.000000	0.000000	0.000000	0.000000	0.000000	1733433200.583138	0.000000
118.000000	85749.181896	13411.940743	187500.000000	187500.000000	84820.243397	100659.360070	111510.595561	132312.671222	-0.236000	0.930000	0.108000	192.000000	0.000000	0.000000	0.000000	0.000000	0.000000	0.000000	0.000000	0.000000	0.000000	1733433200.586862	0.000000
119.000000	85747.773736	13392.360615	187500.000000	187500.000000	84817.471780	100633.230881	111529.482785	132338.666301	-0.236000	0.930000	0.108000	192.000000	0.000000	0.000000	0.000000	0.000000	0.000000	0.000000	0.000000	0.000000	0.000000	1733433200.591876	0.000000
120.000000	85737.290768	13392.181801	187500.000000	187500.000000	84798.673963	100588.639151	111509.254457	132338.129859	-0.236000	0.930000	0.108000	192.000000	0.000000	0.000000	0.000000	0.000000	0.000000	0.000000	0.000000	0.000000	0.000000	1733433200.595936	0.000000
121.000000	85734.317986	13374.926254	187500.000000	187500.000000	84785.329972	100603.123081	111515.490593	132326.104620	-0.236000	0.930000	0.108000	192.000000	0.000000	0.000000	0.000000	0.000000	0.000000	0.000000	0.000000	0.000000	0.000000	1733433200.599869	0.000000
122.000000	85725.332585	13407.403339	187500.000000	187500.000000	84779.742036	100603.011322	111512.651922	132302.881158	-0.232000	0.926000	0.106000	192.000000	248.000000	192.000000	28.000000	240.000000	3.000000	80.000000	0.000000	0.000000	0.000000	1733433200.603921	0.000000
123.000000	85712.435628	13376.133248	187500.000000	187500.000000	84775.249335	100628.224090	111501.923084	132311.039544	-0.232000	0.926000	0.106000	192.000000	0.000000	0.000000	0.000000	0.000000	0.000000	0.000000	0.000000	0.000000	0.000000	1733433200.607934	0.000000
124.000000	85714.201416	13351.032239	187500.000000	187500.000000	84773.662361	100641.791599	111503.979445	132300.288355	-0.232000	0.926000	0.106000	192.000000	0.000000	0.000000	0.000000	0.000000	0.000000	0.000000	0.000000	0.000000	0.000000	1733433200.610904	0.000000
125.000000	85705.886567	13332.972030	187500.000000	187500.000000	84765.056940	100562.129982	111487.327395	132278.428349	-0.232000	0.926000	0.106000	192.000000	0.000000	0.000000	0.000000	0.000000	0.000000	0.000000	0.000000	0.000000	0.000000	1733433200.615108	0.000000
126.000000	85701.952660	13292.649483	187500.000000	187500.000000	84737.519591	100540.024107	111469.937738	132277.646038	-0.232000	0.926000	0.106000	192.000000	0.000000	0.000000	0.000000	0.000000	0.000000	0.000000	0.000000	0.000000	0.000000	1733433200.620056	0.000000
127.000000	85711.988594	13304.406500	187500.000000	187500.000000	84757.814975	100596.886944	111510.863782	132293.113445	-0.232000	0.926000	0.106000	192.000000	0.000000	0.000000	0.000000	0.000000	0.000000	0.000000	0.000000	0.000000	0.000000	1733433200.624236	0.000000
128.000000	85705.014849	13338.358800	187500.000000	187500.000000	84748.181373	100577.396223	111491.976558	132285.916184	-0.232000	0.926000	0.106000	192.000000	0.000000	0.000000	0.000000	0.000000	0.000000	0.000000	0.000000	0.000000	0.000000	1733433200.627952	0.000000
129.000000	85696.834111	13342.270355	187500.000000	187500.000000	84738.100736	100573.663482	111491.127192	132288.374876	-0.232000	0.926000	0.106000	192.000000	0.000000	0.000000	0.000000	0.000000	0.000000	0.000000	0.000000	0.000000	0.000000	1733433200.631126	0.000000
130.000000	85685.233555	13303.959465	187500.000000	187500.000000	84734.144477	100570.087203	111489.137887	132289.805387	-0.232000	0.926000	0.106000	192.000000	0.000000	0.000000	0.000000	0.000000	0.000000	0.000000	0.000000	0.000000	0.000000	1733433200.634944	0.000000
131.000000	85691.313230	13318.197527	187500.000000	187500.000000	84730.881122	100603.212488	111486.925064	132278.808329	-0.232000	0.926000	0.106000	192.000000	0.000000	0.000000	0.000000	0.000000	0.000000	0.000000	0.000000	0.000000	0.000000	1733433200.638958	0.000000
132.000000	85684.160672	13317.415216	187500.000000	187500.000000	84703.567291	100550.641185	111476.285634	132305.608071	-0.236000	0.916000	0.104000	192.000000	248.000000	160.000000	28.000000	160.000000	3.000000	64.000000	0.000000	0.000000	0.000000	1733433200.642944	0.000000
133.000000	85675.778768	13290.660178	187500.000000	187500.000000	84682.780168	100509.111644	111445.417875	132266.559573	-0.236000	0.916000	0.104000	192.000000	0.000000	0.000000	0.000000	0.000000	0.000000	0.000000	0.000000	0.000000	0.000000	1733433200.646966	0.000000
134.000000	85675.801119	13313.928344	187500.000000	187500.000000	84689.642154	100556.676156	111468.797799	132244.051366	-0.236000	0.916000	0.104000	192.000000	0.000000	0.000000	0.000000	0.000000	0.000000	0.000000	0.000000	0.000000	0.000000	1733433200.652106	0.000000
135.000000	85664.871116	13259.010107	187500.000000	187500.000000	84691.318535	100560.252435	111474.117514	132241.950302	-0.236000	0.916000	0.104000	192.000000	0.000000	0.000000	0.000000	0.000000	0.000000	0.000000	0.000000	0.000000	0.000000	1733433200.656085	0.000000
136.000000	85661.183078	13263.860436	187500.000000	187500.000000	84694.671296	100561.504133	111473.379907	132257.663579	-0.236000	0.916000	0.104000	192.000000	0.000000	0.000000	0.000000	0.000000	0.000000	0.000000	0.000000	0.000000	0.000000	1733433200.659228	0.000000
137.000000	85643.681663	13248.303622	187500.000000	187500.000000	84690.580927	100567.606159	111469.714221	132257.305951	-0.236000	0.916000	0.104000	192.000000	0.000000	0.000000	0.000000	0.000000	0.000000	0.000000	0.000000	0.000000	0.000000	1733433200.663020	0.000000
138.000000	85642.787593	13260.910006	187500.000000	187500.000000	84675.806424	100564.588674	111459.566529	132250.019282	-0.236000	0.916000	0.104000	192.000000	0.000000	0.000000	0.000000	0.000000	0.000000	0.000000	0.000000	0.000000	0.000000	1733433200.666991	0.000000
139.000000	85641.893523	13244.503825	187500.000000	187500.000000	84640.915351	100514.990153	111453.509206	132244.297236	-0.236000	0.916000	0.104000	192.000000	0.000000	0.000000	0.000000	0.000000	0.000000	0.000000	0.000000	0.000000	0.000000	1733433200.671030	0.000000
140.000000	85628.951863	13248.750657	187500.000000	187500.000000	84635.997967	100494.381844	111433.191470	132246.934741	-0.236000	0.916000	0.104000	192.000000	0.000000	0.000000	0.000000	0.000000	0.000000	0.000000	0.000000	0.000000	0.000000	1733433200.675024	0.000000
141.000000	85619.206502	13279.372547	187500.000000	187500.000000	84632.846371	100523.975554	111438.399427	132224.806514	-0.236000	0.916000	0.104000	192.000000	0.000000	0.000000	0.000000	0.000000	0.000000	0.000000	0.000000	0.000000	0.000000	1733433200.679996	0.000000
142.000000	85617.865398	13217.279401	187500.000000	187500.000000	84636.869685	100492.213725	111437.974744	132212.714221	-0.232000	0.922000	0.102000	192.000000	248.000000	192.000000	28.000000	208.000000	3.000000	48.000000	0.000000	0.000000	0.000000	1733433200.684044	0.000000
143.000000	85603.515578	13185.137592	187500.000000	187500.000000	84643.619912	100499.008655	111414.259543	132205.248738	-0.232000	0.922000	0.102000	192.000000	0.000000	0.000000	0.000000	0.000000	0.000000	0.000000	0.000000	0.000000	0.000000	1733433200.689634	0.000000
144.000000	85603.180302	13201.499069	187500.000000	187500.000000	84635.305063	100513.984324	111430.442206	132213.384773	-0.232000	0.922000	0.102000	192.000000	0.000000	0.000000	0.000000	0.000000	0.000000	0.000000	0.000000	0.000000	0.000000	1733433200.691342	0.000000
145.000000	85600.363982	13208.025778	187500.000000	187500.000000	84621.067002	100510.609211	111425.860098	132222.012546	-0.232000	0.922000	0.102000	192.000000	0.000000	0.000000	0.000000	0.000000	0.000000	0.000000	0.000000	0.000000	0.000000	1733433200.695199	0.000000
146.000000	85585.008333	13196.581685	187500.000000	187500.000000	84603.654993	100478.892085	111422.507336	132203.482950	-0.232000	0.922000	0.102000	192.000000	0.000000	0.000000	0.000000	0.000000	0.000000	0.000000	0.000000	0.000000	0.000000	1733433200.701788	0.000000
147.000000	85575.799415	13159.656603	187500.000000	187500.000000	84594.356667	100440.782361	111408.649255	132180.460653	-0.232000	0.922000	0.102000	192.000000	0.000000	0.000000	0.000000	0.000000	0.000000	0.000000	0.000000	0.000000	0.000000	1733433200.703188	0.000000
148.000000	85564.221211	13144.770341	187500.000000	187500.000000	84591.629754	100456.987376	111399.865019	132189.311944	-0.232000	0.922000	0.102000	192.000000	0.000000	0.000000	0.000000	0.000000	0.000000	0.000000	0.000000	0.000000	0.000000	1733433200.708071	0.000000
149.000000	85563.908287	13179.102621	187500.000000	187500.000000	84599.363458	100480.367301	111399.932075	132194.095217	-0.232000	0.922000	0.102000	192.000000	0.000000	0.000000	0.000000	0.000000	0.000000	0.000000	0.000000	0.000000	0.000000	1733433200.712032	0.000000
150.000000	85557.962723	13200.247371	187500.000000	187500.000000	84614.897920	100500.461519	111392.779516	132177.264354	-0.232000	0.922000	0.102000	192.000000	0.000000	0.000000	0.000000	0.000000	0.000000	0.000000	0.000000	0.000000	0.000000	1733433200.715037	0.000000
151.000000	85552.508897	13158.449609	187500.000000	187500.000000	84602.671516	100497.555792	111383.034156	132168.502470	-0.232000	0.922000	0.102000	192.000000	0.000000	0.000000	0.000000	0.000000	0.000000	0.000000	0.000000	0.000000	0.000000	1733433200.719028	0.000000
152.000000	85555.191106	13152.057010	187500.000000	187500.000000	84607.790066	100515.481891	111378.496752	132177.063188	-0.236000	0.922000	0.104000	192.000000	248.000000	160.000000	28.000000	208.000000	3.000000	64.000000	0.000000	0.000000	0.000000	1733433200.723064	0.000000
153.000000	85537.130897	13102.905524	187500.000000	187500.000000	84586.019467	100433.518044	111375.881598	132154.577333	-0.236000	0.922000	0.104000	192.000000	0.000000	0.000000	0.000000	0.000000	0.000000	0.000000	0.000000	0.000000	0.000000	1733433200.727103	0.000000
154.000000	85537.443821	13116.428330	187500.000000	187500.000000	84586.622964	100389.775680	111386.565731	132151.805717	-0.236000	0.922000	0.104000	192.000000	0.000000	0.000000	0.000000	0.000000	0.000000	0.000000	0.000000	0.000000	0.000000	1733433200.731279	0.000000
155.000000	85536.281530	13119.222298	187500.000000	187500.000000	84586.667667	100406.807710	111385.895179	132151.537496	-0.236000	0.922000	0.104000	192.000000	0.000000	0.000000	0.000000	0.000000	0.000000	0.000000	0.000000	0.000000	0.000000	1733433200.736460	0.000000
156.000000	85521.551731	13106.392396	187500.000000	187500.000000	84575.156519	100413.468529	111373.579368	132149.235266	-0.236000	0.922000	0.104000	192.000000	0.000000	0.000000	0.000000	0.000000	0.000000	0.000000	0.000000	0.000000	0.000000	1733433200.739112	0.000000
157.000000	85510.129989	13096.982312	187500.000000	187500.000000	84579.001019	100409.914602	111365.488036	132154.577333	-0.236000	0.922000	0.104000	192.000000	0.000000	0.000000	0.000000	0.000000	0.000000	0.000000	0.000000	0.000000	0.000000	1733433200.743283	0.000000
158.000000	85499.848187	13091.215562	187500.000000	187500.000000	84581.415007	100415.971925	111350.646478	132124.268368	-0.236000	0.922000	0.104000	192.000000	0.000000	0.000000	0.000000	0.000000	0.000000	0.000000	0.000000	0.000000	0.000000	1733433200.747164	0.000000
159.000000	85488.717018	13091.796707	187500.000000	187500.000000	84579.738626	100473.080632	111345.930260	132101.223719	-0.236000	0.922000	0.104000	192.000000	0.000000	0.000000	0.000000	0.000000	0.000000	0.000000	0.000000	0.000000	0.000000	1733433200.751117	0.000000
160.000000	85477.205870	13073.222407	187500.000000	187500.000000	84563.757129	100430.612317	111325.098434	132093.020629	-0.236000	0.922000	0.104000	192.000000	0.000000	0.000000	0.000000	0.000000	0.000000	0.000000	0.000000	0.000000	0.000000	1733433200.755256	0.000000
161.000000	85475.373027	13020.472291	187500.000000	187500.000000	84550.591952	100339.774828	111319.510498	132117.093458	-0.236000	0.922000	0.104000	192.000000	0.000000	0.000000	0.000000	0.000000	0.000000	0.000000	0.000000	0.000000	0.000000	1733433200.759107	0.000000
162.000000	85478.457568	13027.267221	187500.000000	187500.000000	84558.482117	100367.803915	111331.781606	132132.851438	-0.230000	0.920000	0.106000	192.000000	248.000000	208.000000	28.000000	192.000000	3.000000	80.000000	0.000000	0.000000	0.000000	1733433200.764293	0.000000
163.000000	85476.512966	13052.703506	187500.000000	187500.000000	84569.881507	100423.303297	111319.644608	132110.410286	-0.230000	0.920000	0.106000	192.000000	0.000000	0.000000	0.000000	0.000000	0.000000	0.000000	0.000000	0.000000	0.000000	1733433200.767169	0.000000
164.000000	85475.820062	13056.927986	187500.000000	187500.000000	84557.476289	100418.140044	111315.196611	132112.243129	-0.230000	0.920000	0.106000	192.000000	0.000000	0.000000	0.000000	0.000000	0.000000	0.000000	0.000000	0.000000	0.000000	1733433200.770285	0.000000
165.000000	85469.136890	13051.205939	187500.000000	187500.000000	84543.126469	100338.389020	111337.078969	132101.022554	-0.230000	0.920000	0.106000	192.000000	0.000000	0.000000	0.000000	0.000000	0.000000	0.000000	0.000000	0.000000	0.000000	1733433200.775331	0.000000
166.000000	85468.354579	13072.283634	187500.000000	187500.000000	84538.812582	100362.260683	111319.868126	132095.121693	-0.230000	0.920000	0.106000	192.000000	0.000000	0.000000	0.000000	0.000000	0.000000	0.000000	0.000000	0.000000	0.000000	1733433200.779392	0.000000
167.000000	85452.909524	12994.834840	187500.000000	187500.000000	84521.288815	100351.822418	111313.140251	132071.808824	-0.230000	0.920000	0.106000	192.000000	0.000000	0.000000	0.000000	0.000000	0.000000	0.000000	0.000000	0.000000	0.000000	1733433200.783376	0.000000
168.000000	85438.760869	12953.953499	187500.000000	187500.000000	84524.820390	100351.956529	111304.177201	132090.494882	-0.230000	0.920000	0.106000	192.000000	0.000000	0.000000	0.000000	0.000000	0.000000	0.000000	0.000000	0.000000	0.000000	1733433200.787160	0.000000
169.000000	85431.809477	12982.630787	187500.000000	187500.000000	84515.209140	100343.261700	111287.323986	132075.206289	-0.230000	0.920000	0.106000	192.000000	0.000000	0.000000	0.000000	0.000000	0.000000	0.000000	0.000000	0.000000	0.000000	1733433200.792171	0.000000
170.000000	85429.931930	12993.717252	187500.000000	187500.000000	84507.497788	100337.494950	111279.612634	132061.795242	-0.230000	0.920000	0.106000	192.000000	0.000000	0.000000	0.000000	0.000000	0.000000	0.000000	0.000000	0.000000	0.000000	1733433200.795153	0.000000
171.000000	85435.966901	13012.470366	187500.000000	187500.000000	84516.080858	100332.331697	111304.110146	132071.250030	-0.230000	0.920000	0.106000	192.000000	0.000000	0.000000	0.000000	0.000000	0.000000	0.000000	0.000000	0.000000	0.000000	1733433200.798372	0.000000
172.000000	85432.703547	13008.983494	187500.000000	187500.000000	84519.299509	100335.438590	111306.188858	132080.078969	-0.244000	0.906000	0.112000	192.000000	248.000000	96.000000	28.000000	80.000000	3.000000	128.000000	0.000000	0.000000	0.000000	1733433200.803185	0.000000
173.000000	85417.705526	12953.081781	187500.000000	187500.000000	84512.370469	100307.163633	111286.251102	132068.143137	-0.244000	0.906000	0.112000	192.000000	0.000000	0.000000	0.000000	0.000000	0.000000	0.000000	0.000000	0.000000	0.000000	1733433200.807390	0.000000
174.000000	85411.961128	12931.869976	187500.000000	187500.000000	84523.702803	100358.438535	111301.986730	132064.231582	-0.244000	0.906000	0.112000	192.000000	0.000000	0.000000	0.000000	0.000000	0.000000	0.000000	0.000000	0.000000	0.000000	1733433200.811396	0.000000
175.000000	85407.848407	12941.145950	187500.000000	187500.000000	84501.038134	100347.732049	111300.287998	132069.707760	-0.244000	0.906000	0.112000	192.000000	0.000000	0.000000	0.000000	0.000000	0.000000	0.000000	0.000000	0.000000	0.000000	1733433200.815424	0.000000
176.000000	85394.392657	12917.564859	187500.000000	187500.000000	84482.352076	100287.874077	111263.072343	132041.276341	-0.244000	0.906000	0.112000	192.000000	0.000000	0.000000	0.000000	0.000000	0.000000	0.000000	0.000000	0.000000	0.000000	1733433200.819376	0.000000
177.000000	85378.768787	12933.725170	187500.000000	187500.000000	84479.178128	100274.038347	111246.554404	132040.829306	-0.244000	0.906000	0.112000	192.000000	0.000000	0.000000	0.000000	0.000000	0.000000	0.000000	0.000000	0.000000	0.000000	1733433200.823177	0.000000
178.000000	85374.656066	12956.546301	187500.000000	187500.000000	84493.595003	100315.769054	111262.290032	132028.044108	-0.244000	0.906000	0.112000	192.000000	0.000000	0.000000	0.000000	0.000000	0.000000	0.000000	0.000000	0.000000	0.000000	1733433200.826208	0.000000
179.000000	85358.987493	12884.998367	187500.000000	187500.000000	84468.851622	100301.933325	111232.226936	132010.252119	-0.244000	0.906000	0.112000	192.000000	0.000000	0.000000	0.000000	0.000000	0.000000	0.000000	0.000000	0.000000	0.000000	1733433200.830489	0.000000
180.000000	85352.281970	12871.632024	187500.000000	187500.000000	84443.482392	100237.426190	111225.901392	132012.442590	-0.244000	0.906000	0.112000	192.000000	0.000000	0.000000	0.000000	0.000000	0.000000	0.000000	0.000000	0.000000	0.000000	1733433200.835241	0.000000
181.000000	85351.678473	12859.495027	187500.000000	187500.000000	84445.851677	100243.774085	111233.635096	132007.771076	-0.244000	0.906000	0.112000	192.000000	0.000000	0.000000	0.000000	0.000000	0.000000	0.000000	0.000000	0.000000	0.000000	1733433200.839381	0.000000
182.000000	85333.037118	12865.440591	187500.000000	187500.000000	84430.116049	100257.676871	111200.778031	131972.432968	-0.252000	0.918000	0.112000	192.000000	248.000000	32.000000	28.000000	176.000000	3.000000	128.000000	0.000000	0.000000	0.000000	1733433200.843258	0.000000
183.000000	85306.840874	12836.383323	187500.000000	187500.000000	84409.194816	100225.758579	111189.937435	131954.998607	-0.252000	0.918000	0.112000	192.000000	0.000000	0.000000	0.000000	0.000000	0.000000	0.000000	0.000000	0.000000	0.000000	1733433200.847673	0.000000
184.000000	85319.357850	12834.237556	187500.000000	187500.000000	84415.498008	100207.653666	111211.886848	131960.318322	-0.252000	0.918000	0.112000	192.000000	0.000000	0.000000	0.000000	0.000000	0.000000	0.000000	0.000000	0.000000	0.000000	1733433200.851483	0.000000
185.000000	85316.630938	12850.241405	187500.000000	187500.000000	84420.817723	100236.800341	111207.304741	131965.012189	-0.252000	0.918000	0.112000	192.000000	0.000000	0.000000	0.000000	0.000000	0.000000	0.000000	0.000000	0.000000	0.000000	1733433200.854579	0.000000
186.000000	85311.713554	12837.657373	187500.000000	187500.000000	84428.551427	100248.535007	111192.977273	131971.762415	-0.252000	0.918000	0.112000	192.000000	0.000000	0.000000	0.000000	0.000000	0.000000	0.000000	0.000000	0.000000	0.000000	1733433200.859295	0.000000
187.000000	85297.251975	12792.395090	187500.000000	187500.000000	84413.039316	100218.941297	111179.745040	131965.503927	-0.252000	0.918000	0.112000	192.000000	0.000000	0.000000	0.000000	0.000000	0.000000	0.000000	0.000000	0.000000	0.000000	1733433200.863282	0.000000
188.000000	85301.767028	12781.576846	187500.000000	187500.000000	84404.746819	100189.973437	111195.480668	131945.789688	-0.252000	0.918000	0.112000	192.000000	0.000000	0.000000	0.000000	0.000000	0.000000	0.000000	0.000000	0.000000	0.000000	1733433200.867269	0.000000
189.000000	85296.871996	12807.594276	187500.000000	187500.000000	84406.534959	100199.808204	111199.928665	131939.352386	-0.252000	0.918000	0.112000	192.000000	0.000000	0.000000	0.000000	0.000000	0.000000	0.000000	0.000000	0.000000	0.000000	1733433200.871261	0.000000
190.000000	85299.822426	12871.676728	187500.000000	187500.000000	84385.993706	100173.522553	111182.024918	131949.701244	-0.252000	0.918000	0.112000	192.000000	0.000000	0.000000	0.000000	0.000000	0.000000	0.000000	0.000000	0.000000	0.000000	1733433200.874467	0.000000
191.000000	85280.309353	12761.639090	187500.000000	187500.000000	84375.175461	100189.928733	111178.515694	131956.183249	-0.252000	0.918000	0.112000	192.000000	0.000000	0.000000	0.000000	0.000000	0.000000	0.000000	0.000000	0.000000	0.000000	1733433200.878433	0.000000
192.000000	85263.657303	12701.915229	187500.000000	187500.000000	84376.561269	100195.114338	111167.518636	131935.954921	-0.252000	0.912000	0.104000	192.000000	248.000000	32.000000	28.000000	128.000000	3.000000	64.000000	0.000000	0.000000	0.000000	1733433200.882507	0.000000
193.000000	85262.539716	12733.811168	187500.000000	187500.000000	84378.707037	100223.232832	111156.052191	131881.349609	-0.252000	0.912000	0.104000	192.000000	0.000000	0.000000	0.000000	0.000000	0.000000	0.000000	0.000000	0.000000	0.000000	1733433200.886620	0.000000
194.000000	85261.377425	12738.482683	187500.000000	187500.000000	84363.619609	100221.847024	111114.790871	131872.900650	-0.252000	0.912000	0.104000	192.000000	0.000000	0.000000	0.000000	0.000000	0.000000	0.000000	0.000000	0.000000	0.000000	1733433200.891336	0.000000
195.000000	85266.115995	12736.940412	187500.000000	187500.000000	84359.864516	100122.448817	111157.527406	131907.858778	-0.252000	0.912000	0.104000	192.000000	0.000000	0.000000	0.000000	0.000000	0.000000	0.000000	0.000000	0.000000	0.000000	1733433200.895306	0.000000
196.000000	85267.322989	12736.225156	187500.000000	187500.000000	84382.953868	100149.561483	111160.433133	131900.907385	-0.252000	0.912000	0.104000	192.000000	0.000000	0.000000	0.000000	0.000000	0.000000	0.000000	0.000000	0.000000	0.000000	1733433200.899440	0.000000
197.000000	85261.489184	12734.258203	187500.000000	187500.000000	84360.915048	100169.745108	111144.473987	131880.924926	-0.252000	0.912000	0.104000	192.000000	0.000000	0.000000	0.000000	0.000000	0.000000	0.000000	0.000000	0.000000	0.000000	1733433200.902312	0.000000
198.000000	85259.186954	12728.826729	187500.000000	187500.000000	84361.473842	100117.486729	111139.154272	131892.391371	-0.252000	0.912000	0.104000	192.000000	0.000000	0.000000	0.000000	0.000000	0.000000	0.000000	0.000000	0.000000	0.000000	1733433200.906359	0.000000
199.000000	85239.226847	12734.325258	187500.000000	187500.000000	84343.592446	100118.649020	111104.330254	131876.141653	-0.252000	0.912000	0.104000	192.000000	0.000000	0.000000	0.000000	0.000000	0.000000	0.000000	0.000000	0.000000	0.000000	1733433200.910335	0.000000
200.000000	85233.661262	12694.516801	187500.000000	187500.000000	84345.782917	100149.293262	111110.767557	131861.076577	-0.252000	0.912000	0.104000	192.000000	0.000000	0.000000	0.000000	0.000000	0.000000	0.000000	0.000000	0.000000	0.000000	1733433200.914356	0.000000
201.000000	85211.242463	12639.576213	187500.000000	187500.000000	84332.103650	100111.429407	111104.553772	131835.059146	-0.252000	0.912000	0.104000	192.000000	0.000000	0.000000	0.000000	0.000000	0.000000	0.000000	0.000000	0.000000	0.000000	1733433200.919356	0.000000
202.000000	85201.430047	12635.575251	187500.000000	187500.000000	84323.677042	100098.063063	111101.379824	131846.078556	-0.242000	0.912000	0.100000	192.000000	248.000000	112.000000	28.000000	128.000000	3.000000	32.000000	0.000000	0.000000	0.000000	1733433200.923630	0.000000
203.000000	85205.162788	12621.739521	187500.000000	187500.000000	84329.846123	100137.960927	111116.936638	131858.975513	-0.242000	0.912000	0.100000	192.000000	0.000000	0.000000	0.000000	0.000000	0.000000	0.000000	0.000000	0.000000	0.000000	1733433200.927617	0.000000
204.000000	85213.812913	12699.344778	187500.000000	187500.000000	84323.431173	100139.525549	111100.932789	131839.864771	-0.242000	0.912000	0.100000	192.000000	0.000000	0.000000	0.000000	0.000000	0.000000	0.000000	0.000000	0.000000	0.000000	1733433200.930659	0.000000
205.000000	85204.872215	12629.473225	187500.000000	187500.000000	84309.103705	100058.612234	111092.707347	131841.675263	-0.242000	0.912000	0.100000	192.000000	0.000000	0.000000	0.000000	0.000000	0.000000	0.000000	0.000000	0.000000	0.000000	1733433200.934670	0.000000
206.000000	85187.124930	12590.827059	187500.000000	187500.000000	84311.718859	100065.317758	111099.614036	131830.968777	-0.242000	0.912000	0.100000	192.000000	0.000000	0.000000	0.000000	0.000000	0.000000	0.000000	0.000000	0.000000	0.000000	1733433200.938465	0.000000
207.000000	85184.465073	12613.111748	187500.000000	187500.000000	84314.535178	100044.307118	111088.684033	131836.690824	-0.242000	0.912000	0.100000	192.000000	0.000000	0.000000	0.000000	0.000000	0.000000	0.000000	0.000000	0.000000	0.000000	1733433200.942417	0.000000
208.000000	85182.498119	12621.091321	187500.000000	187500.000000	84321.374812	100078.728804	111101.625693	131857.902629	-0.242000	0.912000	0.100000	192.000000	0.000000	0.000000	0.000000	0.000000	0.000000	0.000000	0.000000	0.000000	0.000000	1733433200.947619	0.000000
209.000000	85177.379570	12592.659902	187500.000000	187500.000000	84317.172684	100142.878311	111094.696652	131835.014443	-0.242000	0.912000	0.100000	192.000000	0.000000	0.000000	0.000000	0.000000	0.000000	0.000000	0.000000	0.000000	0.000000	1733433200.951413	0.000000
210.000000	85173.982105	12580.165277	187500.000000	187500.000000	84283.578012	100064.155467	111090.919207	131839.820068	-0.242000	0.912000	0.100000	192.000000	0.000000	0.000000	0.000000	0.000000	0.000000	0.000000	0.000000	0.000000	0.000000	1733433200.955452	0.000000
211.000000	85184.912108	12588.346015	187500.000000	187500.000000	84298.754847	100024.145844	111077.016422	131823.056260	-0.242000	0.912000	0.100000	192.000000	0.000000	0.000000	0.000000	0.000000	0.000000	0.000000	0.000000	0.000000	0.000000	1733433200.958452	0.000000
212.000000	85186.677895	12585.060309	187500.000000	187500.000000	84325.509885	100067.955264	111098.988187	131818.429448	-0.246000	0.922000	0.096000	192.000000	248.000000	80.000000	28.000000	208.000000	3.000000	0.000000	0.000000	0.000000	0.000000	1733433200.962662	0.000000
213.000000	85175.211450	12592.458736	187500.000000	187500.000000	84318.290272	100124.192253	111094.964873	131811.232187	-0.246000	0.922000	0.096000	192.000000	0.000000	0.000000	0.000000	0.000000	0.000000	0.000000	0.000000	0.000000	0.000000	1733433200.966536	0.000000
214.000000	85170.048198	12594.559800	187500.000000	187500.000000	84304.834521	100065.541275	111106.520725	131823.413887	-0.246000	0.922000	0.096000	192.000000	0.000000	0.000000	0.000000	0.000000	0.000000	0.000000	0.000000	0.000000	0.000000	1733433200.971147	0.000000
215.000000	85162.515660	12574.487933	187500.000000	187500.000000	84301.705277	100055.438287	111108.062995	131831.728736	-0.246000	0.922000	0.096000	192.000000	0.000000	0.000000	0.000000	0.000000	0.000000	0.000000	0.000000	0.000000	0.000000	1733433200.975689	0.000000
216.000000	85126.171723	12569.972881	187500.000000	187500.000000	84274.972591	100041.289632	111067.293414	131790.668582	-0.246000	0.922000	0.096000	192.000000	0.000000	0.000000	0.000000	0.000000	0.000000	0.000000	0.000000	0.000000	0.000000	1733433200.979470	0.000000
217.000000	85122.550741	12542.815512	187500.000000	187500.000000	84266.635390	100061.383851	111074.445972	131792.836701	-0.246000	0.922000	0.096000	192.000000	0.000000	0.000000	0.000000	0.000000	0.000000	0.000000	0.000000	0.000000	0.000000	1733433200.982489	0.000000
218.000000	85116.694583	12514.741721	187500.000000	187500.000000	84280.046437	100050.431496	111076.770553	131789.863919	-0.246000	0.922000	0.096000	192.000000	0.000000	0.000000	0.000000	0.000000	0.000000	0.000000	0.000000	0.000000	0.000000	1733433200.986436	0.000000
219.000000	85108.647955	12506.337465	187500.000000	187500.000000	84289.702390	100043.100124	111081.375013	131784.387742	-0.246000	0.922000	0.096000	192.000000	0.000000	0.000000	0.000000	0.000000	0.000000	0.000000	0.000000	0.000000	0.000000	1733433200.990457	0.000000
220.000000	85096.265089	12479.448316	187500.000000	187500.000000	84267.708274	100016.076865	111053.100056	131770.373198	-0.246000	0.922000	0.096000	192.000000	0.000000	0.000000	0.000000	0.000000	0.000000	0.000000	0.000000	0.000000	0.000000	1733433200.994479	0.000000
221.000000	85095.572185	12480.230627	187500.000000	187500.000000	84272.871527	100013.193490	111054.508216	131785.862957	-0.246000	0.922000	0.096000	192.000000	0.000000	0.000000	0.000000	0.000000	0.000000	0.000000	0.000000	0.000000	0.000000	1733433200.998502	0.000000
222.000000	85097.405028	12493.351101	187500.000000	187500.000000	84263.595553	100020.457807	111035.352771	131763.846488	-0.236000	0.926000	0.098000	192.000000	248.000000	160.000000	28.000000	240.000000	3.000000	16.000000	0.000000	0.000000	0.000000	1733433201.002743	0.000000
223.000000	85094.141673	12488.612531	187500.000000	187500.000000	84265.204878	100026.693943	111034.391646	131782.420788	-0.236000	0.926000	0.098000	192.000000	0.000000	0.000000	0.000000	0.000000	0.000000	0.000000	0.000000	0.000000	0.000000	1733433201.007741	0.000000
224.000000	85098.589670	12507.231534	187500.000000	187500.000000	84272.178623	100043.144827	111050.753123	131808.147646	-0.236000	0.926000	0.098000	192.000000	0.000000	0.000000	0.000000	0.000000	0.000000	0.000000	0.000000	0.000000	0.000000	1733433201.010616	0.000000
225.000000	85104.468179	12522.363665	187500.000000	187500.000000	84281.968687	100036.372249	111080.927978	131814.674355	-0.236000	0.926000	0.098000	192.000000	0.000000	0.000000	0.000000	0.000000	0.000000	0.000000	0.000000	0.000000	0.000000	1733433201.014704	0.000000
226.000000	85102.948261	12504.661084	187500.000000	187500.000000	84268.222364	100007.806719	111063.046582	131785.930012	-0.236000	0.926000	0.098000	192.000000	0.000000	0.000000	0.000000	0.000000	0.000000	0.000000	0.000000	0.000000	0.000000	1733433201.018726	0.000000
227.000000	85087.570260	12457.118923	187500.000000	187500.000000	84260.734530	100003.492833	111038.459663	131754.414052	-0.236000	0.926000	0.098000	192.000000	0.000000	0.000000	0.000000	0.000000	0.000000	0.000000	0.000000	0.000000	0.000000	1733433201.022497	0.000000
228.000000	85095.527481	12480.834124	187500.000000	187500.000000	84286.327277	100037.042801	111074.602434	131760.873706	-0.236000	0.926000	0.098000	192.000000	0.000000	0.000000	0.000000	0.000000	0.000000	0.000000	0.000000	0.000000	0.000000	1733433201.026479	0.000000
229.000000	85090.878319	12461.589272	187500.000000	187500.000000	84285.164986	100046.721106	111079.586873	131758.683235	-0.236000	0.926000	0.098000	192.000000	0.000000	0.000000	0.000000	0.000000	0.000000	0.000000	0.000000	0.000000	0.000000	1733433201.030965	0.000000
230.000000	85076.550850	12429.536871	187500.000000	187500.000000	84264.556678	99993.166327	111061.191387	131750.636607	-0.236000	0.926000	0.098000	192.000000	0.000000	0.000000	0.000000	0.000000	0.000000	0.000000	0.000000	0.000000	0.000000	1733433201.035547	0.000000
231.000000	85078.517804	12451.285118	187500.000000	187500.000000	84261.606248	99984.605609	111048.853224	131754.905791	-0.236000	0.926000	0.098000	192.000000	0.000000	0.000000	0.000000	0.000000	0.000000	0.000000	0.000000	0.000000	0.000000	1733433201.038516	0.000000
232.000000	85078.137824	12445.540720	187500.000000	187500.000000	84264.087291	100000.162423	111028.222564	131737.337320	-0.230000	0.932000	0.090000	192.000000	248.000000	208.000000	29.000000	32.000000	2.000000	208.000000	0.000000	0.000000	0.000000	1733433201.042514	0.000000
233.000000	85072.236964	12466.596063	187500.000000	187500.000000	84267.618867	100009.773673	111046.953326	131750.480145	-0.230000	0.932000	0.090000	192.000000	0.000000	0.000000	0.000000	0.000000	0.000000	0.000000	0.000000	0.000000	0.000000	1733433201.046620	0.000000
234.000000	85070.538231	12445.071333	187500.000000	187500.000000	84254.252524	99958.476419	111045.813387	131747.619122	-0.230000	0.932000	0.090000	192.000000	0.000000	0.000000	0.000000	0.000000	0.000000	0.000000	0.000000	0.000000	0.000000	1733433201.050850	0.000000
235.000000	85073.399254	12433.135502	187500.000000	187500.000000	84255.146593	99970.680472	111044.114655	131746.680349	-0.230000	0.932000	0.090000	192.000000	0.000000	0.000000	0.000000	0.000000	0.000000	0.000000	0.000000	0.000000	0.000000	1733433201.054748	0.000000
236.000000	85069.890031	12421.669057	187500.000000	187500.000000	84252.509088	99983.868001	111049.635535	131738.857238	-0.230000	0.932000	0.090000	192.000000	0.000000	0.000000	0.000000	0.000000	0.000000	0.000000	0.000000	0.000000	0.000000	1733433201.058839	0.000000
237.000000	85072.058150	12435.705952	187500.000000	187500.000000	84250.117451	99989.210068	111039.823120	131744.087546	-0.230000	0.932000	0.090000	192.000000	0.000000	0.000000	0.000000	0.000000	0.000000	0.000000	0.000000	0.000000	0.000000	1733433201.063578	0.000000
238.000000	85068.258353	12443.819635	187500.000000	187500.000000	84242.629617	100020.211937	111022.232297	131737.203209	-0.230000	0.932000	0.090000	192.000000	0.000000	0.000000	0.000000	0.000000	0.000000	0.000000	0.000000	0.000000	0.000000	1733433201.066570	0.000000
239.000000	85066.447862	12432.129673	187500.000000	187500.000000	84244.864791	100023.564699	111036.358599	131737.493782	-0.230000	0.932000	0.090000	192.000000	0.000000	0.000000	0.000000	0.000000	0.000000	0.000000	0.000000	0.000000	0.000000	1733433201.070592	0.000000
240.000000	85068.817147	12427.167586	187500.000000	187500.000000	84232.012538	99929.955593	111033.810500	131744.623988	-0.230000	0.932000	0.090000	192.000000	0.000000	0.000000	0.000000	0.000000	0.000000	0.000000	0.000000	0.000000	0.000000	1733433201.074607	0.000000
241.000000	85069.666513	12439.997487	187500.000000	187500.000000	84226.089326	99949.245149	111028.289619	131742.254703	-0.230000	0.932000	0.090000	192.000000	0.000000	0.000000	0.000000	0.000000	0.000000	0.000000	0.000000	0.000000	0.000000	1733433201.078602	0.000000
242.000000	85069.375940	12439.103417	187500.000000	187500.000000	84236.639349	99985.723196	111038.034980	131747.641474	-0.230000	0.932000	0.090000	192.000000	0.000000	0.000000	0.000000	0.000000	0.000000	0.000000	0.000000	0.000000	0.000000	1733433201.082874	0.000000
243.000000	85070.649990	12393.952893	187500.000000	187500.000000	84238.315730	99978.391824	111041.745370	131747.753232	-0.246000	0.928000	0.084000	192.000000	248.000000	80.000000	29.000000	0.000000	2.000000	160.000000	0.000000	0.000000	0.000000	1733433201.086760	0.000000
244.000000	85059.965856	12395.875144	187500.000000	187500.000000	84230.179695	99972.937998	111013.984503	131742.657035	-0.246000	0.928000	0.084000	192.000000	0.000000	0.000000	0.000000	0.000000	0.000000	0.000000	0.000000	0.000000	0.000000	1733433201.091852	0.000000
245.000000	85050.756937	12414.024760	187500.000000	187500.000000	84239.075689	99981.699882	111011.749329	131710.157598	-0.246000	0.928000	0.084000	192.000000	0.000000	0.000000	0.000000	0.000000	0.000000	0.000000	0.000000	0.000000	0.000000	1733433201.094827	0.000000
246.000000	85047.560638	12417.086949	187500.000000	187500.000000	84245.714157	100024.257603	111025.786224	131693.550252	-0.246000	0.928000	0.084000	192.000000	0.000000	0.000000	0.000000	0.000000	0.000000	0.000000	0.000000	0.000000	0.000000	1733433201.098832	0.000000
247.000000	85044.900780	12377.859637	187500.000000	187500.000000	84239.992111	99963.930245	111022.075835	131702.021563	-0.246000	0.928000	0.084000	192.000000	0.000000	0.000000	0.000000	0.000000	0.000000	0.000000	0.000000	0.000000	0.000000	1733433201.102596	0.000000
248.000000	85036.384766	12387.157963	187500.000000	187500.000000	84228.168038	99913.772930	111004.909695	131702.803874	-0.246000	0.928000	0.084000	192.000000	0.000000	0.000000	0.000000	0.000000	0.000000	0.000000	0.000000	0.000000	0.000000	1733433201.106633	0.000000
249.000000	85035.736565	12364.381536	187500.000000	187500.000000	84235.231189	99967.238303	111006.340206	131711.699869	-0.246000	0.928000	0.084000	192.000000	0.000000	0.000000	0.000000	0.000000	0.000000	0.000000	0.000000	0.000000	0.000000	1733433201.110625	0.000000
250.000000	85048.767632	12380.497143	187500.000000	187500.000000	84225.552884	99951.122695	111006.273151	131720.171180	-0.246000	0.928000	0.084000	192.000000	0.000000	0.000000	0.000000	0.000000	0.000000	0.000000	0.000000	0.000000	0.000000	1733433201.114703	0.000000
251.000000	85038.463478	12368.293091	187500.000000	187500.000000	84199.781322	99940.997355	110999.232352	131708.570624	-0.246000	0.928000	0.084000	192.000000	0.000000	0.000000	0.000000	0.000000	0.000000	0.000000	0.000000	0.000000	0.000000	1733433201.118654	0.000000
252.000000	85030.461553	12386.688577	187500.000000	187500.000000	84189.432465	99953.648442	111002.898038	131702.379191	-0.246000	0.928000	0.084000	192.000000	0.000000	0.000000	0.000000	0.000000	0.000000	0.000000	0.000000	0.000000	0.000000	1733433201.121748	0.000000
253.000000	85046.912437	12400.546658	187500.000000	187500.000000	84199.647212	99991.489946	111021.315875	131712.973918	-0.260000	0.920000	0.090000	192.000000	247.000000	224.000000	28.000000	192.000000	2.000000	208.000000	0.000000	0.000000	0.000000	1733433201.125748	0.000000
254.000000	85041.145687	12414.360036	187500.000000	187500.000000	84200.273061	99952.821428	111024.959210	131716.773715	-0.260000	0.920000	0.090000	192.000000	0.000000	0.000000	0.000000	0.000000	0.000000	0.000000	0.000000	0.000000	0.000000	1733433201.131063	0.000000
255.000000	85025.074783	12363.040431	187500.000000	187500.000000	84187.465511	99944.730096	111001.288712	131697.953546	-0.260000	0.920000	0.090000	192.000000	0.000000	0.000000	0.000000	0.000000	0.000000	0.000000	0.000000	0.000000	0.000000	1733433201.134737	0.000000
0.000000	84998.342097	12296.923971	187500.000000	187500.000000	84183.509252	99965.293701	110993.242084	131671.287915	-0.260000	0.920000	0.090000	192.000000	0.000000	0.000000	0.000000	0.000000	0.000000	0.000000	0.000000	0.000000	0.000000	1733433201.138672	0.000000
1.000000	85006.411076	12338.632326	187500.000000	187500.000000	84182.950459	99916.298677	111000.238180	131684.162519	-0.260000	0.920000	0.090000	192.000000	0.000000	0.000000	0.000000	0.000000	0.000000	0.000000	0.000000	0.000000	0.000000	1733433201.142686	0.000000
2.000000	85026.013556	12370.148286	187500.000000	187500.000000	84199.222529	99956.129486	111024.892154	131704.949642	-0.260000	0.920000	0.090000	192.000000	0.000000	0.000000	0.000000	0.000000	0.000000	0.000000	0.000000	0.000000	0.000000	1733433201.146693	0.000000
3.000000	85027.354661	12396.389234	187500.000000	187500.000000	84188.359581	99985.790251	111023.528698	131705.106104	-0.260000	0.920000	0.090000	192.000000	0.000000	0.000000	0.000000	0.000000	0.000000	0.000000	0.000000	0.000000	0.000000	1733433201.149681	0.000000
4.000000	85023.241940	12363.733335	187500.000000	187500.000000	84172.892174	99919.807901	110998.628855	131700.009906	-0.260000	0.920000	0.090000	192.000000	0.000000	0.000000	0.000000	0.000000	0.000000	0.000000	0.000000	0.000000	0.000000	1733433201.153679	0.000000
5.000000	84997.380972	12341.649811	187500.000000	187500.000000	84149.422842	99903.155852	110958.932156	131679.088673	-0.260000	0.920000	0.090000	192.000000	0.000000	0.000000	0.000000	0.000000	0.000000	0.000000	0.000000	0.000000	0.000000	1733433201.158777	0.000000
6.000000	84967.608448	12329.579869	187500.000000	187500.000000	84116.118743	99883.866296	110942.078941	131658.390958	-0.260000	0.920000	0.090000	192.000000	0.000000	0.000000	0.000000	0.000000	0.000000	0.000000	0.000000	0.000000	0.000000	1733433201.162700	0.000000
7.000000	84965.753253	12298.779166	187500.000000	187500.000000	84131.049708	99897.456157	110963.447209	131651.774842	-0.252000	0.924000	0.092000	192.000000	248.000000	32.000000	28.000000	224.000000	2.000000	224.000000	0.000000	0.000000	0.000000	1733433201.167181	0.000000
8.000000	84972.235259	12300.232029	187500.000000	187500.000000	84136.078851	99893.678712	110953.299517	131656.356949	-0.252000	0.924000	0.092000	192.000000	0.000000	0.000000	0.000000	0.000000	0.000000	0.000000	0.000000	0.000000	0.000000	1733433201.170955	0.000000
9.000000	84970.581230	12307.630456	187500.000000	187500.000000	84135.922389	99913.616468	110969.213959	131658.122737	-0.252000	0.924000	0.092000	192.000000	0.000000	0.000000	0.000000	0.000000	0.000000	0.000000	0.000000	0.000000	0.000000	1733433201.174961	0.000000
10.000000	84968.547221	12325.511852	187500.000000	187500.000000	84135.341243	99882.994578	110973.460790	131645.225781	-0.252000	0.924000	0.092000	192.000000	0.000000	0.000000	0.000000	0.000000	0.000000	0.000000	0.000000	0.000000	0.000000	1733433201.178324	0.000000
11.000000	84972.302314	12333.983163	187500.000000	187500.000000	84135.453002	99909.347285	110968.968090	131636.933283	-0.252000	0.924000	0.092000	192.000000	0.000000	0.000000	0.000000	0.000000	0.000000	0.000000	0.000000	0.000000	0.000000	1733433201.181794	0.000000
12.000000	84966.915544	12301.148451	187500.000000	187500.000000	84133.888380	99895.489203	110969.504532	131646.276313	-0.252000	0.924000	0.092000	192.000000	0.000000	0.000000	0.000000	0.000000	0.000000	0.000000	0.000000	0.000000	0.000000	1733433201.186761	0.000000
13.000000	84960.701759	12293.861782	187500.000000	187500.000000	84122.399583	99865.381404	110966.710564	131634.809868	-0.252000	0.924000	0.092000	192.000000	0.000000	0.000000	0.000000	0.000000	0.000000	0.000000	0.000000	0.000000	0.000000	1733433201.190761	0.000000
14.000000	84958.399529	12305.171765	187500.000000	187500.000000	84121.863141	99879.731224	110968.275186	131635.681586	-0.252000	0.924000	0.092000	192.000000	0.000000	0.000000	0.000000	0.000000	0.000000	0.000000	0.000000	0.000000	0.000000	1733433201.194740	0.000000
15.000000	84952.699834	12311.474956	187500.000000	187500.000000	84118.622138	99888.537811	110958.216901	131643.616455	-0.252000	0.924000	0.092000	192.000000	0.000000	0.000000	0.000000	0.000000	0.000000	0.000000	0.000000	0.000000	0.000000	1733433201.198747	0.000000
16.000000	84948.832983	12306.401110	187500.000000	187500.000000	84118.756249	99883.709834	110945.141130	131656.155784	-0.252000	0.924000	0.092000	192.000000	0.000000	0.000000	0.000000	0.000000	0.000000	0.000000	0.000000	0.000000	0.000000	1733433201.203784	0.000000
17.000000	84945.837849	12295.314645	187500.000000	187500.000000	84118.577435	99899.177241	110936.066322	131641.582446	-0.240000	0.926000	0.098000	192.000000	248.000000	128.000000	28.000000	240.000000	3.000000	16.000000	0.000000	0.000000	0.000000	1733433201.206785	0.000000
18.000000	84929.945759	12273.432287	187500.000000	187500.000000	84104.831112	99862.408622	110932.557098	131635.078089	-0.240000	0.926000	0.098000	192.000000	0.000000	0.000000	0.000000	0.000000	0.000000	0.000000	0.000000	0.000000	0.000000	1733433201.210796	0.000000
19.000000	84928.358785	12274.505171	187500.000000	187500.000000	84102.037144	99826.221147	110934.077017	131611.496998	-0.240000	0.926000	0.098000	192.000000	0.000000	0.000000	0.000000	0.000000	0.000000	0.000000	0.000000	0.000000	0.000000	1733433201.214060	0.000000
20.000000	84929.766945	12252.846331	187500.000000	187500.000000	84111.000193	99859.748764	110942.011886	131604.813827	-0.240000	0.926000	0.098000	192.000000	0.000000	0.000000	0.000000	0.000000	0.000000	0.000000	0.000000	0.000000	0.000000	1733433201.218003	0.000000
21.000000	84930.683366	12257.316680	187500.000000	187500.000000	84116.521074	99902.150023	110940.939002	131609.708859	-0.240000	0.926000	0.098000	192.000000	0.000000	0.000000	0.000000	0.000000	0.000000	0.000000	0.000000	0.000000	0.000000	1733433201.221882	0.000000
22.000000	84947.603637	12296.231067	187500.000000	187500.000000	84125.439420	99852.149171	110923.079958	131615.810885	-0.240000	0.926000	0.098000	192.000000	0.000000	0.000000	0.000000	0.000000	0.000000	0.000000	0.000000	0.000000	0.000000	1733433201.226056	0.000000
23.000000	84934.572570	12284.004663	187500.000000	187500.000000	84124.232426	99856.775982	110930.053703	131618.448391	-0.240000	0.926000	0.098000	192.000000	0.000000	0.000000	0.000000	0.000000	0.000000	0.000000	0.000000	0.000000	0.000000	1733433201.230846	0.000000
24.000000	84923.396697	12263.061078	187500.000000	187500.000000	84110.374345	99860.016985	110938.770883	131612.055792	-0.240000	0.926000	0.098000	192.000000	0.000000	0.000000	0.000000	0.000000	0.000000	0.000000	0.000000	0.000000	0.000000	1733433201.234976	0.000000
25.000000	84925.743631	12276.427421	187500.000000	187500.000000	84120.119705	99884.581552	110944.649392	131609.060658	-0.240000	0.926000	0.098000	192.000000	0.000000	0.000000	0.000000	0.000000	0.000000	0.000000	0.000000	0.000000	0.000000	1733433201.238847	0.000000
26.000000	84916.467657	12247.437209	187500.000000	187500.000000	84112.475409	99865.984901	110940.000229	131613.955690	-0.240000	0.926000	0.098000	192.000000	0.000000	0.000000	0.000000	0.000000	0.000000	0.000000	0.000000	0.000000	0.000000	1733433201.241802	0.000000
27.000000	84911.103238	12234.294383	187500.000000	187500.000000	84101.299536	99862.699194	110936.982743	131609.328879	-0.230000	0.930000	0.092000	192.000000	248.000000	208.000000	29.000000	16.000000	2.000000	224.000000	0.000000	0.000000	0.000000	1733433201.245823	0.000000
28.000000	84911.416162	12255.550892	187500.000000	187500.000000	84105.926347	99850.785714	110934.859328	131617.889597	-0.230000	0.930000	0.092000	192.000000	0.000000	0.000000	0.000000	0.000000	0.000000	0.000000	0.000000	0.000000	0.000000	1733433201.249812	0.000000
29.000000	84910.723258	12267.754944	187500.000000	187500.000000	84093.945812	99815.805234	110910.428871	131613.955690	-0.230000	0.930000	0.092000	192.000000	0.000000	0.000000	0.000000	0.000000	0.000000	0.000000	0.000000	0.000000	0.000000	1733433201.253850	0.000000
30.000000	84903.838921	12225.420740	187500.000000	187500.000000	84092.492949	99827.428142	110919.213107	131633.535818	-0.230000	0.930000	0.092000	192.000000	0.000000	0.000000	0.000000	0.000000	0.000000	0.000000	0.000000	0.000000	0.000000	1733433201.259000	0.000000
31.000000	84899.145055	12217.307057	187500.000000	187500.000000	84085.206280	99832.926671	110925.404540	131648.667949	-0.230000	0.930000	0.092000	192.000000	0.000000	0.000000	0.000000	0.000000	0.000000	0.000000	0.000000	0.000000	0.000000	1733433201.263297	0.000000
32.000000	84906.431723	12243.637412	187500.000000	187500.000000	84088.849615	99855.837209	110917.715540	131600.052905	-0.230000	0.930000	0.092000	192.000000	0.000000	0.000000	0.000000	0.000000	0.000000	0.000000	0.000000	0.000000	0.000000	1733433201.267281	0.000000
33.000000	84908.823360	12224.839595	187500.000000	187500.000000	84099.399638	99888.582514	110942.145996	131577.768216	-0.230000	0.930000	0.092000	192.000000	0.000000	0.000000	0.000000	0.000000	0.000000	0.000000	0.000000	0.000000	0.000000	1733433201.270165	0.000000
34.000000	84902.140188	12197.414004	187500.000000	187500.000000	84092.090618	99831.742028	110950.438494	131589.972268	-0.230000	0.930000	0.092000	192.000000	0.000000	0.000000	0.000000	0.000000	0.000000	0.000000	0.000000	0.000000	0.000000	1733433201.273860	0.000000
35.000000	84900.553215	12197.369301	187500.000000	187500.000000	84091.554176	99838.648717	110946.973973	131601.014030	-0.230000	0.930000	0.092000	192.000000	0.000000	0.000000	0.000000	0.000000	0.000000	0.000000	0.000000	0.000000	0.000000	1733433201.277872	0.000000
36.000000	84895.367610	12214.535441	187500.000000	187500.000000	84085.496853	99823.941269	110930.165461	131592.654478	-0.230000	0.930000	0.092000	192.000000	0.000000	0.000000	0.000000	0.000000	0.000000	0.000000	0.000000	0.000000	0.000000	1733433201.281896	0.000000
37.000000	84893.914747	12242.408066	187500.000000	187500.000000	84079.908917	99822.644868	110904.192734	131581.858585	-0.226000	0.932000	0.104000	192.000000	248.000000	240.000000	29.000000	32.000000	3.000000	64.000000	0.000000	0.000000	0.000000	1733433201.286858	0.000000
38.000000	84905.090619	12270.772430	187500.000000	187500.000000	84083.194623	99828.881005	110910.428871	131577.030608	-0.226000	0.932000	0.104000	192.000000	0.000000	0.000000	0.000000	0.000000	0.000000	0.000000	0.000000	0.000000	0.000000	1733433201.290870	0.000000
39.000000	84884.951697	12151.838798	187500.000000	187500.000000	84082.322905	99833.932499	110918.699016	131582.551489	-0.226000	0.932000	0.104000	192.000000	0.000000	0.000000	0.000000	0.000000	0.000000	0.000000	0.000000	0.000000	0.000000	1733433201.294907	0.000000
40.000000	84884.661124	12169.854304	187500.000000	187500.000000	84082.211147	99818.778016	110928.779653	131580.584536	-0.226000	0.932000	0.104000	192.000000	0.000000	0.000000	0.000000	0.000000	0.000000	0.000000	0.000000	0.000000	0.000000	1733433201.298182	0.000000
41.000000	84884.839938	12189.523839	187500.000000	187500.000000	84067.615457	99799.130833	110916.709711	131566.838213	-0.226000	0.932000	0.104000	192.000000	0.000000	0.000000	0.000000	0.000000	0.000000	0.000000	0.000000	0.000000	0.000000	1733433201.302179	0.000000
42.000000	84888.662087	12221.129205	187500.000000	187500.000000	84069.291838	99817.906298	110919.034293	131570.325085	-0.226000	0.932000	0.104000	192.000000	0.000000	0.000000	0.000000	0.000000	0.000000	0.000000	0.000000	0.000000	0.000000	1733433201.306139	0.000000
43.000000	84892.797159	12249.381810	187500.000000	187500.000000	84075.215051	99850.338680	110923.728159	131574.393102	-0.226000	0.932000	0.104000	192.000000	0.000000	0.000000	0.000000	0.000000	0.000000	0.000000	0.000000	0.000000	0.000000	1733433201.310091	0.000000
44.000000	84887.186871	12198.263371	187500.000000	187500.000000	84073.762187	99827.204624	110919.391920	131593.235623	-0.226000	0.932000	0.104000	192.000000	0.000000	0.000000	0.000000	0.000000	0.000000	0.000000	0.000000	0.000000	0.000000	1733433201.315113	0.000000
45.000000	84872.390017	12177.878580	187500.000000	187500.000000	84054.584390	99811.960734	110889.038252	131591.268670	-0.226000	0.932000	0.104000	192.000000	0.000000	0.000000	0.000000	0.000000	0.000000	0.000000	0.000000	0.000000	0.000000	1733433201.318928	0.000000
46.000000	84866.444453	12145.647364	187500.000000	187500.000000	84048.527068	99778.924856	110880.142257	131575.644800	-0.226000	0.932000	0.104000	192.000000	0.000000	0.000000	0.000000	0.000000	0.000000	0.000000	0.000000	0.000000	0.000000	1733433201.321900	0.000000
47.000000	84876.010999	12169.474324	187500.000000	187500.000000	84057.065434	99789.519583	110920.710673	131582.171510	-0.224000	0.926000	0.100000	192.000000	249.000000	0.000000	28.000000	240.000000	3.000000	32.000000	0.000000	0.000000	0.000000	1733433201.325914	0.000000
48.000000	84888.840901	12198.330426	187500.000000	187500.000000	84065.246173	99806.573964	110933.741740	131584.339629	-0.224000	0.926000	0.100000	192.000000	0.000000	0.000000	0.000000	0.000000	0.000000	0.000000	0.000000	0.000000	0.000000	1733433201.329957	0.000000
49.000000	84874.625191	12191.401385	187500.000000	187500.000000	84062.161632	99807.088054	110925.695112	131566.480585	-0.224000	0.926000	0.100000	192.000000	0.000000	0.000000	0.000000	0.000000	0.000000	0.000000	0.000000	0.000000	0.000000	1733433201.333943	0.000000
50.000000	84866.377397	12197.123432	187500.000000	187500.000000	84056.461937	99793.185269	110928.042046	131570.123919	-0.224000	0.926000	0.100000	192.000000	0.000000	0.000000	0.000000	0.000000	0.000000	0.000000	0.000000	0.000000	0.000000	1733433201.338006	0.000000
51.000000	84864.857479	12200.096214	187500.000000	187500.000000	84052.483326	99808.160938	110927.058569	131557.875163	-0.224000	0.926000	0.100000	192.000000	0.000000	0.000000	0.000000	0.000000	0.000000	0.000000	0.000000	0.000000	0.000000	1733433201.342008	0.000000
52.000000	84869.841918	12212.970819	187500.000000	187500.000000	84053.355045	99842.537921	110912.731101	131561.607905	-0.224000	0.926000	0.100000	192.000000	0.000000	0.000000	0.000000	0.000000	0.000000	0.000000	0.000000	0.000000	0.000000	1733433201.347265	0.000000
53.000000	84855.894429	12154.006917	187500.000000	187500.000000	84054.874963	99815.604069	110896.302568	131561.630256	-0.224000	0.926000	0.100000	192.000000	0.000000	0.000000	0.000000	0.000000	0.000000	0.000000	0.000000	0.000000	0.000000	1733433201.350022	0.000000
54.000000	84847.847801	12146.340268	187500.000000	187500.000000	84057.713635	99813.078322	110924.197546	131567.575820	-0.224000	0.926000	0.100000	192.000000	0.000000	0.000000	0.000000	0.000000	0.000000	0.000000	0.000000	0.000000	0.000000	1733433201.354220	0.000000
55.000000	84842.550438	12139.746504	187500.000000	187500.000000	84028.254036	99768.911275	110900.862324	131556.019969	-0.224000	0.926000	0.100000	192.000000	0.000000	0.000000	0.000000	0.000000	0.000000	0.000000	0.000000	0.000000	0.000000	1733433201.358194	0.000000
56.000000	84853.122813	12160.667737	187500.000000	187500.000000	84048.236495	99761.289330	110898.873019	131559.216268	-0.224000	0.926000	0.100000	192.000000	0.000000	0.000000	0.000000	0.000000	0.000000	0.000000	0.000000	0.000000	0.000000	1733433201.362008	0.000000
57.000000	84853.346330	12164.042850	187500.000000	187500.000000	84052.013940	99751.342803	110890.871095	131560.356207	-0.248000	0.922000	0.098000	192.000000	248.000000	64.000000	28.000000	208.000000	3.000000	16.000000	0.000000	0.000000	0.000000	1733433201.366001	0.000000
58.000000	84844.897371	12171.463629	187500.000000	187500.000000	84046.493059	99776.801440	110907.009054	131563.328989	-0.248000	0.922000	0.098000	192.000000	0.000000	0.000000	0.000000	0.000000	0.000000	0.000000	0.000000	0.000000	0.000000	1733433201.370009	0.000000
59.000000	84853.301627	12177.476248	187500.000000	187500.000000	84052.215106	99817.369857	110912.015845	131583.333800	-0.248000	0.922000	0.098000	192.000000	0.000000	0.000000	0.000000	0.000000	0.000000	0.000000	0.000000	0.000000	0.000000	1733433201.374997	0.000000
60.000000	84841.723423	12136.997239	187500.000000	187500.000000	84053.980893	99836.502950	110892.323958	131584.451387	-0.248000	0.922000	0.098000	192.000000	0.000000	0.000000	0.000000	0.000000	0.000000	0.000000	0.000000	0.000000	0.000000	1733433201.378000	0.000000
61.000000	84834.593217	12141.221719	187500.000000	187500.000000	84045.755451	99743.162065	110862.394972	131544.620579	-0.248000	0.922000	0.098000	192.000000	0.000000	0.000000	0.000000	0.000000	0.000000	0.000000	0.000000	0.000000	0.000000	1733433201.382003	0.000000
62.000000	84838.370662	12153.559882	187500.000000	187500.000000	84032.836143	99726.688829	110879.136429	131523.967567	-0.248000	0.922000	0.098000	192.000000	0.000000	0.000000	0.000000	0.000000	0.000000	0.000000	0.000000	0.000000	0.000000	1733433201.386155	0.000000
63.000000	84840.717595	12156.175036	187500.000000	187500.000000	84040.435736	99744.078486	110906.964351	131526.672128	-0.248000	0.922000	0.098000	192.000000	0.000000	0.000000	0.000000	0.000000	0.000000	0.000000	0.000000	0.000000	0.000000	1733433201.390189	0.000000
64.000000	84835.017900	12146.004992	187500.000000	187500.000000	84039.586370	99770.162972	110902.382243	131532.036547	-0.248000	0.922000	0.098000	192.000000	0.000000	0.000000	0.000000	0.000000	0.000000	0.000000	0.000000	0.000000	0.000000	1733433201.394219	0.000000
65.000000	84838.638882	12147.927242	187500.000000	187500.000000	84035.875980	99772.487554	110891.429888	131538.093869	-0.248000	0.922000	0.098000	192.000000	0.000000	0.000000	0.000000	0.000000	0.000000	0.000000	0.000000	0.000000	0.000000	1733433201.398225	0.000000
66.000000	84833.319167	12142.451065	187500.000000	187500.000000	84024.901274	99738.602309	110880.343423	131530.181352	-0.248000	0.922000	0.098000	192.000000	0.000000	0.000000	0.000000	0.000000	0.000000	0.000000	0.000000	0.000000	0.000000	1733433201.403050	0.000000
67.000000	84831.687490	12146.519082	187500.000000	187500.000000	84031.182114	99762.831600	110900.951731	131546.341663	-0.246000	0.932000	0.102000	192.000000	248.000000	80.000000	29.000000	32.000000	3.000000	48.000000	0.000000	0.000000	0.000000	1733433201.406036	0.000000
68.000000	84825.898388	12157.069106	187500.000000	187500.000000	84021.727326	99774.566266	110883.115039	131547.571009	-0.246000	0.932000	0.102000	192.000000	0.000000	0.000000	0.000000	0.000000	0.000000	0.000000	0.000000	0.000000	0.000000	1733433201.410029	0.000000
69.000000	84818.634071	12142.227547	187500.000000	187500.000000	84010.171474	99782.009397	110859.422190	131522.872331	-0.246000	0.932000	0.102000	192.000000	0.000000	0.000000	0.000000	0.000000	0.000000	0.000000	0.000000	0.000000	0.000000	1733433201.414336	0.000000
70.000000	84828.401784	12111.985637	187500.000000	187500.000000	84018.598082	99726.510015	110869.525179	131541.446631	-0.246000	0.932000	0.102000	192.000000	0.000000	0.000000	0.000000	0.000000	0.000000	0.000000	0.000000	0.000000	0.000000	1733433201.418056	0.000000
71.000000	84822.947958	12121.395722	187500.000000	187500.000000	84012.764277	99710.193242	110860.338612	131542.452460	-0.246000	0.932000	0.102000	192.000000	0.000000	0.000000	0.000000	0.000000	0.000000	0.000000	0.000000	0.000000	0.000000	1733433201.422293	0.000000
72.000000	84828.357080	12143.948632	187500.000000	187500.000000	84024.230722	99743.564396	110873.436734	131545.246428	-0.246000	0.932000	0.102000	192.000000	0.000000	0.000000	0.000000	0.000000	0.000000	0.000000	0.000000	0.000000	0.000000	1733433201.426340	0.000000
73.000000	84826.971272	12162.902911	187500.000000	187500.000000	84026.331785	99767.123135	110872.207388	131531.611864	-0.246000	0.932000	0.102000	192.000000	0.000000	0.000000	0.000000	0.000000	0.000000	0.000000	0.000000	0.000000	0.000000	1733433201.431398	0.000000
74.000000	84820.735135	12132.705704	187500.000000	187500.000000	84020.967367	99753.399164	110855.667097	131527.856770	-0.246000	0.932000	0.102000	192.000000	0.000000	0.000000	0.000000	0.000000	0.000000	0.000000	0.000000	0.000000	0.000000	1733433201.434261	0.000000
75.000000	84813.761391	12101.525021	187500.000000	187500.000000	84028.142277	99749.755830	110866.731211	131526.672128	-0.246000	0.932000	0.102000	192.000000	0.000000	0.000000	0.000000	0.000000	0.000000	0.000000	0.000000	0.000000	0.000000	1733433201.438143	0.000000
76.000000	84817.337670	12141.154664	187500.000000	187500.000000	84025.571826	99749.644071	110860.517426	131540.194933	-0.246000	0.932000	0.102000	192.000000	0.000000	0.000000	0.000000	0.000000	0.000000	0.000000	0.000000	0.000000	0.000000	1733433201.442080	0.000000
77.000000	84824.937263	12148.463684	187500.000000	187500.000000	84013.233663	99743.318527	110840.020876	131534.830515	-0.232000	0.924000	0.102000	192.000000	248.000000	192.000000	28.000000	224.000000	3.000000	48.000000	0.000000	0.000000	0.000000	1733433201.446092	0.000000
78.000000	84821.450391	12112.298562	187500.000000	187500.000000	84020.118001	99750.985175	110863.981946	131536.909227	-0.232000	0.924000	0.102000	192.000000	0.000000	0.000000	0.000000	0.000000	0.000000	0.000000	0.000000	0.000000	0.000000	1733433201.450119	0.000000
79.000000	84822.545626	12112.142099	187500.000000	187500.000000	84023.381355	99795.800423	110891.273426	131542.407756	-0.232000	0.924000	0.102000	192.000000	0.000000	0.000000	0.000000	0.000000	0.000000	0.000000	0.000000	0.000000	0.000000	1733433201.454160	0.000000
80.000000	84824.937263	12124.413207	187500.000000	187500.000000	84038.155858	99812.698342	110902.382243	131546.609884	-0.232000	0.924000	0.102000	192.000000	0.000000	0.000000	0.000000	0.000000	0.000000	0.000000	0.000000	0.000000	0.000000	1733433201.458119	0.000000
81.000000	84827.842990	12128.190652	187500.000000	187500.000000	84028.566960	99749.264091	110889.932321	131550.275570	-0.232000	0.924000	0.102000	192.000000	0.000000	0.000000	0.000000	0.000000	0.000000	0.000000	0.000000	0.000000	0.000000	1733433201.461181	0.000000
82.000000	84825.451353	12114.176108	187500.000000	187500.000000	84017.592253	99718.195166	110882.444487	131541.983073	-0.232000	0.924000	0.102000	192.000000	0.000000	0.000000	0.000000	0.000000	0.000000	0.000000	0.000000	0.000000	0.000000	1733433201.465311	0.000000
83.000000	84826.703051	12129.352943	187500.000000	187500.000000	84021.883788	99741.686850	110871.894464	131551.460213	-0.232000	0.924000	0.102000	192.000000	0.000000	0.000000	0.000000	0.000000	0.000000	0.000000	0.000000	0.000000	0.000000	1733433201.470374	0.000000
84.000000	84840.047042	12163.998147	187500.000000	187500.000000	84031.226818	99788.849031	110882.802115	131584.071408	-0.232000	0.924000	0.102000	192.000000	0.000000	0.000000	0.000000	0.000000	0.000000	0.000000	0.000000	0.000000	0.000000	1733433201.474236	0.000000
85.000000	84830.860475	12147.703725	187500.000000	187500.000000	84022.062602	99771.213504	110874.062583	131566.860565	-0.232000	0.924000	0.102000	192.000000	0.000000	0.000000	0.000000	0.000000	0.000000	0.000000	0.000000	0.000000	0.000000	1733433201.478126	0.000000
86.000000	84822.724440	12106.129480	187500.000000	187500.000000	84022.487285	99760.171742	110862.506731	131533.779983	-0.232000	0.924000	0.102000	192.000000	0.000000	0.000000	0.000000	0.000000	0.000000	0.000000	0.000000	0.000000	0.000000	1733433201.482185	0.000000
87.000000	84821.673908	12096.428823	187500.000000	187500.000000	84022.554341	99765.424402	110872.073277	131553.181297	-0.224000	0.930000	0.106000	192.000000	249.000000	0.000000	29.000000	16.000000	3.000000	80.000000	0.000000	0.000000	0.000000	1733433201.485199	0.000000
88.000000	84821.048060	12108.051730	187500.000000	187500.000000	84025.348309	99798.683798	110878.756449	131540.776079	-0.224000	0.930000	0.106000	192.000000	0.000000	0.000000	0.000000	0.000000	0.000000	0.000000	0.000000	0.000000	0.000000	1733433201.489212	0.000000
89.000000	84826.457182	12125.642553	187500.000000	187500.000000	84018.598082	99755.857856	110881.148086	131535.746936	-0.224000	0.930000	0.106000	192.000000	0.000000	0.000000	0.000000	0.000000	0.000000	0.000000	0.000000	0.000000	0.000000	1733433201.493481	0.000000
90.000000	84811.168589	12124.994352	187500.000000	187500.000000	83991.485416	99727.828768	110854.348344	131515.563311	-0.224000	0.930000	0.106000	192.000000	0.000000	0.000000	0.000000	0.000000	0.000000	0.000000	0.000000	0.000000	0.000000	1733433201.497486	0.000000
91.000000	84812.643804	12138.248937	187500.000000	187500.000000	84005.857588	99741.061001	110840.825539	131519.184294	-0.224000	0.930000	0.106000	192.000000	0.000000	0.000000	0.000000	0.000000	0.000000	0.000000	0.000000	0.000000	0.000000	1733433201.502409	0.000000
92.000000	84817.449429	12089.924465	187500.000000	187500.000000	84009.724439	99747.431248	110837.316315	131530.695442	-0.224000	0.930000	0.106000	192.000000	0.000000	0.000000	0.000000	0.000000	0.000000	0.000000	0.000000	0.000000	0.000000	1733433201.506429	0.000000
93.000000	84820.310452	12096.048843	187500.000000	187500.000000	84005.410553	99762.138696	110851.152045	131534.092907	-0.224000	0.930000	0.106000	192.000000	0.000000	0.000000	0.000000	0.000000	0.000000	0.000000	0.000000	0.000000	0.000000	1733433201.510289	0.000000
94.000000	84822.791496	12124.569669	187500.000000	187500.000000	84001.946032	99771.012339	110859.533949	131541.558390	-0.224000	0.930000	0.106000	192.000000	0.000000	0.000000	0.000000	0.000000	0.000000	0.000000	0.000000	0.000000	0.000000	1733433201.514489	0.000000
95.000000	84821.919778	12120.702818	187500.000000	187500.000000	84002.504826	99762.608083	110851.420266	131541.893666	-0.224000	0.930000	0.106000	192.000000	0.000000	0.000000	0.000000	0.000000	0.000000	0.000000	0.000000	0.000000	0.000000	1733433201.517248	0.000000
96.000000	84820.913949	12125.664905	187500.000000	187500.000000	83994.525253	99735.875396	110847.732228	131526.649776	-0.224000	0.930000	0.106000	192.000000	0.000000	0.000000	0.000000	0.000000	0.000000	0.000000	0.000000	0.000000	0.000000	1733433201.521219	0.000000
97.000000	84814.342536	12121.954515	187500.000000	187500.000000	83985.226927	99738.535254	110864.384277	131530.024890	-0.238000	0.926000	0.100000	192.000000	248.000000	144.000000	28.000000	240.000000	3.000000	32.000000	0.000000	0.000000	0.000000	1733433201.526220	0.000000
98.000000	84818.678775	12128.592983	187500.000000	187500.000000	83991.910099	99755.008489	110864.496036	131525.912169	-0.238000	0.926000	0.100000	192.000000	0.000000	0.000000	0.000000	0.000000	0.000000	0.000000	0.000000	0.000000	0.000000	1733433201.530482	0.000000
99.000000	84823.417345	12140.014725	187500.000000	187500.000000	83985.495148	99744.547873	110846.860510	131509.595395	-0.238000	0.926000	0.100000	192.000000	0.000000	0.000000	0.000000	0.000000	0.000000	0.000000	0.000000	0.000000	0.000000	1733433201.534264	0.000000
100.000000	84818.097629	12126.246050	187500.000000	187500.000000	83975.548622	99729.818073	110843.105417	131510.154189	-0.238000	0.926000	0.100000	192.000000	0.000000	0.000000	0.000000	0.000000	0.000000	0.000000	0.000000	0.000000	0.000000	1733433201.538359	0.000000
101.000000	84814.878978	12098.060500	187500.000000	187500.000000	83968.910154	99725.548890	110840.311449	131518.647852	-0.238000	0.926000	0.100000	192.000000	0.000000	0.000000	0.000000	0.000000	0.000000	0.000000	0.000000	0.000000	0.000000	1733433201.541431	0.000000
102.000000	84817.807057	12103.715492	187500.000000	187500.000000	83969.826575	99725.504187	110836.064617	131530.360166	-0.238000	0.926000	0.100000	192.000000	0.000000	0.000000	0.000000	0.000000	0.000000	0.000000	0.000000	0.000000	0.000000	1733433201.545561	0.000000
103.000000	84814.834275	12114.600791	187500.000000	187500.000000	83959.857697	99712.271954	110832.823614	131535.746936	-0.238000	0.926000	0.100000	192.000000	0.000000	0.000000	0.000000	0.000000	0.000000	0.000000	0.000000	0.000000	0.000000	1733433201.549573	0.000000
104.000000	84820.131638	12124.949649	187500.000000	187500.000000	83959.477718	99760.909350	110820.798376	131510.198892	-0.238000	0.926000	0.100000	192.000000	0.000000	0.000000	0.000000	0.000000	0.000000	0.000000	0.000000	0.000000	0.000000	1733433201.554277	0.000000
105.000000	84819.483437	12156.085629	187500.000000	187500.000000	83933.415584	99711.780216	110813.779928	131510.489465	-0.238000	0.926000	0.100000	192.000000	0.000000	0.000000	0.000000	0.000000	0.000000	0.000000	0.000000	0.000000	0.000000	1733433201.558275	0.000000
106.000000	84808.955766	12103.089643	187500.000000	187500.000000	83906.928767	99651.654023	110812.662341	131478.884098	-0.238000	0.926000	0.100000	192.000000	0.000000	0.000000	0.000000	0.000000	0.000000	0.000000	0.000000	0.000000	0.000000	1733433201.562320	0.000000
107.000000	84795.030629	12068.690308	187500.000000	187500.000000	83900.938499	99674.430451	110818.853774	131472.178575	-0.236000	0.918000	0.102000	192.000000	248.000000	160.000000	28.000000	176.000000	3.000000	48.000000	0.000000	0.000000	0.000000	1733433201.566274	0.000000
108.000000	84794.315373	12089.142154	187500.000000	187500.000000	83905.386496	99709.545041	110813.824631	131485.835491	-0.236000	0.918000	0.102000	192.000000	0.000000	0.000000	0.000000	0.000000	0.000000	0.000000	0.000000	0.000000	0.000000	1733433201.569264	0.000000
109.000000	84797.846949	12111.806823	187500.000000	187500.000000	83899.977374	99692.848288	110793.261027	131487.109540	-0.236000	0.918000	0.102000	192.000000	0.000000	0.000000	0.000000	0.000000	0.000000	0.000000	0.000000	0.000000	0.000000	1733433201.573298	0.000000
110.000000	84797.735190	12128.369466	187500.000000	187500.000000	83888.175653	99666.719099	110802.089966	131479.465244	-0.236000	0.918000	0.102000	192.000000	0.000000	0.000000	0.000000	0.000000	0.000000	0.000000	0.000000	0.000000	0.000000	1733433201.577343	0.000000
111.000000	84795.432960	12126.961306	187500.000000	187500.000000	83878.564403	99665.221532	110800.882971	131479.554651	-0.236000	0.918000	0.102000	192.000000	0.000000	0.000000	0.000000	0.000000	0.000000	0.000000	0.000000	0.000000	0.000000	1733433201.581485	0.000000
112.000000	84797.466969	12104.721320	187500.000000	187500.000000	83884.889947	99704.113567	110793.037509	131476.850090	-0.236000	0.918000	0.102000	192.000000	0.000000	0.000000	0.000000	0.000000	0.000000	0.000000	0.000000	0.000000	0.000000	1733433201.586312	0.000000
113.000000	84801.132655	12084.336529	187500.000000	187500.000000	83902.033735	99724.252489	110809.555448	131474.011418	-0.236000	0.918000	0.102000	192.000000	0.000000	0.000000	0.000000	0.000000	0.000000	0.000000	0.000000	0.000000	0.000000	1733433201.590335	0.000000
114.000000	84793.153083	12072.758326	187500.000000	187500.000000	83896.177578	99689.987265	110821.871259	131487.333058	-0.236000	0.918000	0.102000	192.000000	0.000000	0.000000	0.000000	0.000000	0.000000	0.000000	0.000000	0.000000	0.000000	1733433201.593380	0.000000
115.000000	84789.867376	12072.177180	187500.000000	187500.000000	83879.257307	99666.495581	110807.297922	131489.076494	-0.236000	0.918000	0.102000	192.000000	0.000000	0.000000	0.000000	0.000000	0.000000	0.000000	0.000000	0.000000	0.000000	1733433201.597941	0.000000
116.000000	84788.056885	12085.320006	187500.000000	187500.000000	83872.864708	99675.391576	110796.256160	131484.650848	-0.236000	0.918000	0.102000	192.000000	0.000000	0.000000	0.000000	0.000000	0.000000	0.000000	0.000000	0.000000	0.000000	1733433201.601498	0.000000
117.000000	84789.688562	12112.946762	187500.000000	187500.000000	83885.515795	99678.766689	110804.034567	131481.029866	-0.224000	0.926000	0.104000	192.000000	249.000000	0.000000	28.000000	240.000000	3.000000	64.000000	0.000000	0.000000	0.000000	1733433201.605710	0.000000
118.000000	84788.101588	12112.857355	187500.000000	187500.000000	83884.040580	99682.879410	110816.730358	131473.340866	-0.224000	0.926000	0.104000	192.000000	0.000000	0.000000	0.000000	0.000000	0.000000	0.000000	0.000000	0.000000	0.000000	1733433201.610187	0.000000
119.000000	84785.955821	12088.404547	187500.000000	187500.000000	83882.543013	99687.550925	110811.991788	131462.567325	-0.224000	0.926000	0.104000	192.000000	0.000000	0.000000	0.000000	0.000000	0.000000	0.000000	0.000000	0.000000	0.000000	1733433201.614680	0.000000
120.000000	84789.129769	12080.156753	187500.000000	187500.000000	83879.726694	99669.580122	110791.852867	131470.926877	-0.224000	0.926000	0.104000	192.000000	0.000000	0.000000	0.000000	0.000000	0.000000	0.000000	0.000000	0.000000	0.000000	1733433201.618432	0.000000
121.000000	84783.094798	12066.835113	187500.000000	187500.000000	83868.282600	99662.248750	110776.385459	131476.693627	-0.224000	0.926000	0.104000	192.000000	0.000000	0.000000	0.000000	0.000000	0.000000	0.000000	0.000000	0.000000	0.000000	1733433201.621342	0.000000
122.000000	84776.657495	12050.250119	187500.000000	187500.000000	83864.974542	99663.455744	110816.126861	131484.829662	-0.224000	0.926000	0.104000	192.000000	0.000000	0.000000	0.000000	0.000000	0.000000	0.000000	0.000000	0.000000	0.000000	1733433201.625420	0.000000
123.000000	84776.948068	12066.499837	187500.000000	187500.000000	83864.169879	99661.757012	110809.600152	131478.906450	-0.224000	0.926000	0.104000	192.000000	0.000000	0.000000	0.000000	0.000000	0.000000	0.000000	0.000000	0.000000	0.000000	1733433201.629453	0.000000
124.000000	84777.216289	12083.420108	187500.000000	187500.000000	83848.925990	99675.212762	110774.194989	131466.389473	-0.224000	0.926000	0.104000	192.000000	0.000000	0.000000	0.000000	0.000000	0.000000	0.000000	0.000000	0.000000	0.000000	1733433201.633700	0.000000
125.000000	84769.773158	12087.443422	187500.000000	187500.000000	83837.347786	99657.599587	110780.475829	131476.425407	-0.224000	0.926000	0.104000	192.000000	0.000000	0.000000	0.000000	0.000000	0.000000	0.000000	0.000000	0.000000	0.000000	1733433201.637426	0.000000
126.000000	84772.522422	12081.363747	187500.000000	187500.000000	83850.714129	99659.499485	110815.232791	131465.830680	-0.224000	0.926000	0.104000	192.000000	0.000000	0.000000	0.000000	0.000000	0.000000	0.000000	0.000000	0.000000	0.000000	1733433201.642426	0.000000
127.000000	84778.132710	12102.955532	187500.000000	187500.000000	83849.194211	99663.232227	110805.509782	131456.152374	-0.212000	0.930000	0.108000	192.000000	249.000000	96.000000	29.000000	16.000000	3.000000	96.000000	0.000000	0.000000	0.000000	1733433201.646452	0.000000
128.000000	84779.764388	12089.745651	187500.000000	187500.000000	83843.159240	99651.341099	110785.080288	131453.939552	-0.212000	0.930000	0.108000	192.000000	0.000000	0.000000	0.000000	0.000000	0.000000	0.000000	0.000000	0.000000	0.000000	1733433201.649413	0.000000
129.000000	84770.086082	12043.432837	187500.000000	187500.000000	83841.415804	99641.126351	110785.728489	131437.376909	-0.212000	0.930000	0.108000	192.000000	0.000000	0.000000	0.000000	0.000000	0.000000	0.000000	0.000000	0.000000	0.000000	1733433201.653454	0.000000
130.000000	84763.469966	12045.198625	187500.000000	187500.000000	83837.236027	99637.058334	110776.385459	131427.318624	-0.212000	0.930000	0.108000	192.000000	0.000000	0.000000	0.000000	0.000000	0.000000	0.000000	0.000000	0.000000	0.000000	1733433201.657506	0.000000
131.000000	84765.481623	12057.626195	187500.000000	187500.000000	83833.235065	99640.567558	110755.508930	131429.643205	-0.212000	0.930000	0.108000	192.000000	0.000000	0.000000	0.000000	0.000000	0.000000	0.000000	0.000000	0.000000	0.000000	1733433201.661742	0.000000
132.000000	84770.957800	12087.644587	187500.000000	187500.000000	83829.636434	99638.779418	110763.264985	131442.942493	-0.212000	0.930000	0.108000	192.000000	0.000000	0.000000	0.000000	0.000000	0.000000	0.000000	0.000000	0.000000	0.000000	1733433201.665579	0.000000
133.000000	84760.608943	12068.958529	187500.000000	187500.000000	83815.353670	99665.825029	110768.316480	131443.635397	-0.212000	0.930000	0.108000	192.000000	0.000000	0.000000	0.000000	0.000000	0.000000	0.000000	0.000000	0.000000	0.000000	1733433201.669717	0.000000
134.000000	84757.189126	12051.501817	187500.000000	187500.000000	83818.147638	99683.594666	110764.695497	131433.577112	-0.212000	0.930000	0.108000	192.000000	0.000000	0.000000	0.000000	0.000000	0.000000	0.000000	0.000000	0.000000	0.000000	1733433201.674483	0.000000
135.000000	84758.776100	12072.221884	187500.000000	187500.000000	83823.377946	99651.855189	110771.244558	131432.995967	-0.212000	0.930000	0.108000	192.000000	0.000000	0.000000	0.000000	0.000000	0.000000	0.000000	0.000000	0.000000	0.000000	1733433201.677461	0.000000
136.000000	84751.288265	12070.858427	187500.000000	187500.000000	83804.356611	99602.033150	110758.772285	131421.283653	-0.212000	0.930000	0.108000	192.000000	0.000000	0.000000	0.000000	0.000000	0.000000	0.000000	0.000000	0.000000	0.000000	1733433201.681640	0.000000
137.000000	84740.626483	12046.047991	187500.000000	187500.000000	83797.405219	99615.265383	110747.104674	131410.465409	-0.206000	0.926000	0.112000	192.000000	249.000000	144.000000	28.000000	240.000000	3.000000	128.000000	0.000000	0.000000	0.000000	1733433201.685529	0.000000
138.000000	84734.032718	12008.944095	187500.000000	187500.000000	83799.796855	99628.810540	110741.293221	131414.488723	-0.206000	0.926000	0.112000	192.000000	0.000000	0.000000	0.000000	0.000000	0.000000	0.000000	0.000000	0.000000	0.000000	1733433201.689519	0.000000
139.000000	84731.775192	12008.318246	187500.000000	187500.000000	83785.715256	99596.758139	110731.391398	131419.562569	-0.206000	0.926000	0.112000	192.000000	0.000000	0.000000	0.000000	0.000000	0.000000	0.000000	0.000000	0.000000	0.000000	1733433201.693480	0.000000
140.000000	84735.396175	12042.851692	187500.000000	187500.000000	83770.225498	99585.694025	110723.456529	131419.182589	-0.206000	0.926000	0.112000	192.000000	0.000000	0.000000	0.000000	0.000000	0.000000	0.000000	0.000000	0.000000	0.000000	1733433201.697717	0.000000
141.000000	84730.948178	12030.669991	187500.000000	187500.000000	83774.204108	99591.661941	110718.159165	131437.488668	-0.206000	0.926000	0.112000	192.000000	0.000000	0.000000	0.000000	0.000000	0.000000	0.000000	0.000000	0.000000	0.000000	1733433201.701474	0.000000
